176982
851584
68057
277327
730323
103292
883001
378655
914051
917732
836410
434458
237454
650008
682726
616494
613510
401044
345972
849353
157883
499229
260338
139728
238829
402822
134462
561592
358684
377311
874222
641925
82044
808251
937040
172317
226373
756381
451403
61640
730598
695935
548260
590471
833753
543358
92253
496845
38418
423589
731959
933726
64785
733844
799193
816131
392151
359692
579337
103911
205301
754266
37398
115346
111935
764382
506264
872639
59552
901688
555727
301147
519495
445518
233513
205789
874559
961723
906144
410684
227229
16279
145151
410962
920978
157471
755780
112523
858400
723073
9313
673609
640298
782599
48477
701272
810659
883037
311384
262729
398569
297920
466027
790189
280746
518149
332077
84272
852484
668804
110675
607311
852843
648159
674223
515191
307523
199410
36185
806908
769486
879577
980267
708018
180287
85976
881893
406764
77357
869483
498929
481039
563107
337451
333250
654801
979476
666650
549654
228947
512108
711627
202650
827225
271169
468593
64172
34146
979816
571458
392635
510568
185317
182983
858186
959734
958010
938691
248468
36897
808288
828925
710346
731620
790228
534124
692792
772700
213960
141055
202949
89116
566906
535046
386713
298350
869666
445888
662553
954343
160261
162690
614477
562598
751527
841536
120739
280425
117853
552187
759821
77515
550912
346951
42245
587358
972414
133112
778352
290145
233098
511720
913056
607198
306932
748392
273140
911523
495123
861185
731098
959386
255262
410853
785909
248263
224730
690615
426969
336926
751022
433716
176755
955199
559058
377916
563078
566287
239910
453825
609936
366260
921247
117899
905163
166892
198812
253413
981455
29643
669782
637800
250069
130767
836470
892193
705110
926433
254273
239778
98833
805227
366894
173410
738156
56528
23705
3217
324274
912141
743632
256765
794043
697322
296009
792410
205481
373788
729334
220593
711822
90554
141425
673000
408107
370970
464594
93546
402836
480840
96928
605170
887215
947682
289572
656313
508443
59155
57689
350330
960493
804586
118847
294366
581653
235798
260815
342602
444511
606464
339464
943105
754965
196421
385320
619702
879171
774351
842870
435570
855123
614991
359164
749022
215190
831640
303187
670126
903651
538523
470486
898090
300698
969915
665784
434842
801922
689356
66674
692942
910352
432749
601940
793863
35273
594943
472829
859909
654142
556801
976614
223534
344502
634442
417624
251672
124010
767778
575230
101427
170666
951805
813269
459094
601053
172372
309119
35428
890149
247329
381559
300251
339169
927288
423904
256441
928908
663421
212022
222411
594115
933190
335397
103955
368163
392846
383544
96341
794449
938898
312298
364094
45075
348427
468761
646450
174171
687689
208984
790513
307812
989033
585315
263268
537461
207091
558510
124490
196867
170194
302102
794106
152820
618992
282937
30548
260029
823470
967393
633608
123692
732093
791963
997954
943938
876060
338406
370481
254648
42798
85447
894579
253090
683063
835705
704863
28913
352051
559810
29742
356563
686099
759841
893830
206261
246997
444196
670629
523304
667198
665430
722150
492065
875831
61652
499635
722715
693057
443521
852488
744599
705047
325327
581919
920067
621279
98366
299518
180217
739660
210146
851097
357662
175187
778076
754276
182315
440903
242091
698
517192
655187
232027
271203
101652
116884
530011
323653
548866
578257
960236
733866
64669
782871
769782
628330
342763
909173
660469
589813
835120
503057
194576
419583
892682
219110
888906
784648
199417
705883
534929
662599
730177
502464
957556
541043
857576
767591
225266
17581
823258
365469
946413
669581
81261
865284
669758
615111
140670
790926
542882
997241
812986
632216
894993
424533
560889
551585
591663
123174
54276
74149
743580
25216
694903
323482
846502
525065
533762
858374
429726
207325
603785
722491
404232
467939
590188
36337
936683
704106
914529
365438
297929
105662
660860
583988
816809
877261
470736
579351
769232
188593
702320
116537
242894
686618
5967
374964
888564
344601
317829
546116
497635
585675
822066
689406
838527
845536
196669
577457
77379
658695
543606
984216
869167
573688
492058
469880
200732
677853
859124
762268
569135
554206
5408
29227
144748
903752
561067
704355
942562
823449
640470
742260
598212
234602
806137
45051
445144
81337
464325
746649
326088
892178
551458
393072
287702
901466
692727
916218
299821
575928
600135
12613
491218
853600
168504
184591
894393
142462
323312
27450
647924
173243
547480
382315
543943
81646
79874
465477
180566
769570
944167
212862
526143
729408
954953
621082
816069
277337
394807
403916
292577
979794
730607
437158
619965
976237
796445
855288
225723
587760
372290
224205
818159
178676
127344
980478
60398
526539
664626
961521
298046
184335
760008
698034
725100
212163
149071
97004
59453
762537
424511
796995
828604
61472
799759
98449
899890
229302
574259
722620
897140
159954
894533
416561
123542
624375
194050
858367
788478
365430
428651
690130
92051
579507
884555
208906
905043
183185
340377
963895
975428
137533
860595
350707
243010
611988
882826
537117
104631
469298
312861
688941
400809
523736
44510
664441
510510
672569
378288
77123
15610
787233
553234
979388
880281
67651
742997
862042
655288
234077
336393
333777
851037
537354
970038
359344
534199
905124
804294
509595
881807
3667
840320
925281
870750
119479
712303
792825
975673
933358
990241
109022
688424
118530
595659
727300
128596
499634
23626
560245
202270
709851
628932
413453
727436
232195
139053
898126
716062
115202
992422
323361
458879
560270
487423
673962
415255
671137
678173
320646
207357
165641
970615
212452
834250
255052
54394
79677
42441
472309
12173
65969
61706
283007
702510
315648
177429
197021
377723
623009
678844
743332
706893
805826
490186
59606
255295
384541
778967
814476
124748
4404
418237
958079
769878
899241
133285
292659
629251
867324
686714
755136
871554
377057
15232
780478
22252
192253
661373
826444
140101
664573
391701
859325
734241
681427
885108
324064
642723
604750
814820
522027
85153
999957
110910
622468
159140
850625
736061
877611
852939
904084
572142
877574
608846
663001
192963
998346
992160
954776
137863
987652
299694
579830
32173
57730
5445
837095
489985
786144
704592
73938
834687
746482
667006
188096
34562
583499
772994
827455
525909
658216
581108
593241
704678
586364
954965
503532
996889
318489
945712
447718
769144
218616
473115
979871
973703
778597
714013
479571
202101
937482
639209
669626
802607
926229
441289
503814
590927
529993
100374
865529
495923
521183
272035
296672
166824
78038
866170
7855
548420
280286
106814
111034
495762
649885
433712
84622
765480
473179
905293
279210
773909
842257
802963
138333
341303
578505
796388
462077
398633
964401
887236
210433
505497
60162
608445
12348
325495
3208
585442
850679
140297
405197
615792
160937
509723
202470
422415
502485
421268
585305
370040
503744
245540
5865
992242
450574
97626
820096
620533
301753
790482
964729
111151
439404
282188
501959
908964
330946
212055
213381
194864
254294
49131
107226
9384
227078
