870092
96288
670022
653374
589179
927865
44349
809847
681547
693717
918429
142547
373711
155022
41579
401838
921272
100460
157385
340950
829369
175538
502940
5418
115577
220117
812895
146205
868852
350600
172228
873434
840367
132402
377410
897666
337302
779457
224832
288272
328948
839768
415388
738782
673677
184612
735960
958017
889371
909836
704801
34382
472996
542151
200126
531392
963636
632711
584402
221810
818876
66003
501901
943814
485383
6898
505973
850856
241237
500419
179596
431789
223958
865706
739551
788949
83076
619941
935147
241903
362845
531900
939436
118684
821116
228951
550211
243243
516819
721257
639811
188068
856263
638858
245144
29536
302568
795427
502612
104149
22348
819074
201879
781616
426311
59790
488347
722715
827080
772564
227930
341214
87443
406399
450140
140129
31382
391143
210144
656336
88747
454720
444262
604247
452521
375283
682199
55052
150247
20361
981522
361069
713935
771844
292052
931198
159898
55112
132739
621077
392301
387062
755735
772785
675024
730138
293926
650116
415239
675130
470922
295441
149647
512207
517873
361776
967990
311120
129536
848175
777495
934121
714661
274387
815537
145419
878008
788156
508580
560669
700428
543718
989255
677456
785176
918475
555240
479568
12605
940774
105697
736022
254132
480595
532627
69146
877462
451603
683714
188582
553606
157547
603853
494470
557502
966827
716872
243419
624885
803148
277496
474575
989866
688179
945386
934243
252880
608722
433520
708837
743062
949742
512825
15933
330386
630651
610956
222053
847305
401571
249249
678201
969309
623269
352988
740900
764500
788058
198631
275322
912449
234515
630890
252068
253137
671711
835882
411190
547700
79209
88379
472669
104485
853885
498083
401012
363736
826347
639117
382389
209664
354564
641063
300492
587002
122370
321752
732167
396441
49796
751969
135274
369102
26998
477199
48096
311540
128591
963290
651916
748854
813556
609630
697660
146526
250426
885427
204671
498106
891080
195691
407117
142572
234907
471463
174693
449871
289444
797526
884916
568450
350028
713227
606961
622610
464599
48890
983878
787208
528230
738448
259752
421579
955351
655788
423687
459956
641479
240317
480481
96749
214839
306361
51185
595524
457420
938935
114374
532434
477552
267561
906158
665986
908055
446266
187281
140160
117404
229568
508185
54848
628873
312094
558351
97640
638901
54265
444673
60827
473288
305621
243039
762083
95834
86987
222118
452410
855546
514537
935668
780341
508747
38246
708601
41742
939592
790976
139854
736076
78887
239348
660576
473041
348316
558745
48389
149824
693108
322650
254063
789961
380770
868942
469438
57618
890711
66806
40175
550595
537674
302418
981554
578606
250391
31904
239962
262298
42691
494002
298158
619819
366366
322219
298524
852015
204801
958422
16653
965767
362167
630882
938708
551344
182968
319550
426943
26605
617041
580749
766032
650771
158751
685446
571334
161136
79225
960811
458644
31897
787246
3748
65779
177039
742756
955192
161107
939341
495071
699815
712300
868593
13858
266278
410164
418692
371248
440503
428457
27240
880747
358245
919565
517661
440222
546841
600754
481392
458646
809564
157995
855296
151786
116778
100898
356334
87004
59439
511048
567264
402328
779425
740903
16754
733849
441337
518995
293499
446507
570255
816063
201079
223115
566673
913323
147734
556202
907743
518267
508000
214416
596550
871523
90307
582110
635672
779647
592827
316652
635109
64255
458204
547025
224024
189184
436223
325824
989935
957429
914887
330895
966744
372356
290703
858132
731173
713581
624114
513256
493612
33701
465142
211021
894718
757505
223061
158828
812866
827342
50026
211894
914477
14077
822709
467565
858143
705915
482826
459259
667933
241247
642972
465024
926503
90685
123298
796713
461942
81495
954980
651131
814676
72243
79652
726448
762263
499144
467563
223224
224187
695890
784047
406240
585947
826693
680990
289104
227596
411614
633161
994094
629591
349204
437424
77793
269776
144238
25254
844912
25175
939950
604577
267912
658859
42603
125728
874780
850854
184124
620665
562983
559193
625424
193406
245965
856516
131227
297035
642399
2610
378859
25775
34814
606511
859929
446005
658071
966183
893914
739150
538060
466781
673333
589468
398835
582404
448591
74461
563703
440126
650658
208626
187036
324846
517516
38347
750753
650492
864644
597938
705342
86052
359655
879984
194125
295099
360816
239263
500869
159104
545991
820814
850784
285403
651120
751050
72351
362037
167716
557327
48868
682419
878333
438155
111228
367888
296394
549515
573952
228437
576770
960517
658064
684920
952598
664961
971584
250319
870751
818724
102543
363311
881271
185946
6482
789029
135331
429791
785264
346704
73198
418155
153990
675673
878161
439032
184043
343249
310669
302385
965901
229797
408347
48568
162618
119616
762363
146452
988987
733246
51178
624054
950619
512264
986863
424230
899141
99024
379091
28303
69579
319915
904752
513635
375235
877382
111074
245804
955852
615622
190363
533873
736878
397376
778259
631873
805279
982033
319132
281886
758946
999516
234771
862793
842507
695006
772018
844775
130973
608815
207171
845325
598548
810712
966447
167725
298494
732235
242101
620124
137283
525315
31862
773759
739462
78329
776492
357714
563428
645888
506683
829588
342938
894398
438688
322707
468035
226375
355782
870799
309566
318935
238583
863950
515246
366188
556975
341883
835547
738942
619213
677564
35701
472796
783459
983695
415929
374308
651820
504159
104237
158559
430301
322729
444421
535927
711764
572101
69928
504917
238701
583892
862732
495899
591156
294405
300349
305339
677940
524611
289469
181682
55150
158847
129862
531045
828005
880213
799659
649878
619670
653149
853212
354371
15366
986321
522248
821019
302771
610070
917149
40606
928108
584809
47467
691088
195453
489319
633510
852697
56322
271417
787978
751676
817564
767194
524569
392946
831554
830726
32512
690082
182959
443456
698328
382080
692921
175552
339144
888831
293442
322936
209031
368372
700295
585602
509311
730633
107030
744360
670029
786010
961308
431375
415205
415151
307676
888448
190675
232022
272764
998932
401628
667229
354874
210748
980355
551913
397691
502443
850599
505206
987140
456032
988489
680492
496130
736531
715692
320026
9795
955003
82197
110865
688135
671290
940338
622368
110769
89894
470615
349159
140184
481461
441251
756826
361915
191172
216897
564116
5905
451140
757771
888021
344061
6146
322504
730330
855456
847825
678038
914072
70537
511509
417827
53140
483463
973871
950357
344802
735200
420096
918346
445240
990170
726620
972217
628141
150774
30285
47223
409876
118268
518017
302678
969967
41266
933073
73448
36690
468582
84590
678689
972630
599019
213546
1434
594742
105056
146080
775858
838921
10667
872962
404815
581660
558213
846269
722818
518507
55343
19019
427145
817276
348163
134741
145646
69529
193701
840898
937676
745064
799256
236448
286577
547112
575597
390318
472735
490698
273942
621635
853677
270826
469336
365407
525131
86888
181855
406029
370979
