383467
58515
869689
322393
929143
457488
393170
773371
788191
831240
266686
846052
643259
10712
583493
721867
25200
415798
508686
18669
553954
961399
191079
527017
266886
33850
66529
583739
414869
264437
589208
14931
184156
170650
553553
931089
152688
145509
978620
201184
986944
356165
806104
69484
990147
466660
382454
702529
750864
592149
909397
146689
817484
174745
341420
410050
234365
507470
573447
183362
204477
301685
156681
576647
237131
772510
744976
386199
537916
216498
126389
283793
87503
501149
470002
841959
752413
602710
51359
765433
100143
687436
200917
508686
229802
656622
869107
909105
345189
712599
372351
10726
617307
253205
293540
176072
508604
786965
673561
816640
803294
554796
462627
302372
406609
853764
603057
345449
93391
932769
377764
937991
78930
166991
526450
714728
310336
350698
715744
870603
360706
509962
961644
670076
431794
125129
786061
11432
503666
118641
148626
746975
278682
768775
64999
356523
191817
180782
594231
375943
809757
866170
340203
36990
930621
233042
208336
954594
726931
191233
157334
997413
68439
728921
410996
815383
552967
777028
135465
12860
946035
18728
410270
870089
898932
90742
596904
472443
461757
887824
984425
163733
379145
85589
602454
322868
245748
114570
928530
119120
248166
116070
831161
691665
253610
121018
19578
826187
720156
406907
355356
705496
851137
764589
820001
112721
870513
680302
211527
775912
707887
160413
463595
114789
632601
989349
16905
748923
852218
863017
495646
52615
657853
288590
690862
22628
468477
643807
440354
471661
677751
128097
165513
407632
119905
396021
812607
866507
47316
942179
91499
399623
3364
84233
237538
443981
440848
841823
493289
769321
580821
75557
253591
390746
896797
303148
311385
299826
46996
365886
953744
624848
845148
386796
421973
858552
74966
53746
105820
93644
430433
829256
307446
611946
522463
544904
513072
343841
221618
602678
360153
29456
942151
738673
658529
594909
68616
566773
122141
65551
433653
120459
338151
579593
515149
282190
459811
246820
484838
989017
138524
434535
991580
578322
926604
523429
467110
747214
771130
430708
362692
300704
575358
811333
547988
417537
464736
473957
189189
795165
310175
78159
790306
231032
759053
868587
35216
498299
475991
570151
948755
724511
348515
837233
973322
431029
695058
400270
403963
455375
543781
759130
465993
799054
429307
197789
378690
180170
529720
967813
865557
37783
815042
649350
884513
632826
222245
69643
451752
654760
472087
977495
482082
820919
129749
254269
611054
402020
231660
457400
524963
74752
240787
179048
991045
941559
999093
540778
991251
285630
391757
418450
136702
849945
961003
168455
706804
484550
176467
407420
686297
818377
916932
991751
749783
213077
661846
83295
848140
385108
599357
905719
220322
487315
283882
163121
301245
123149
840656
779329
893517
57938
205060
37343
276482
641172
213629
235432
402143
594126
647483
598098
272872
499026
544005
34826
82229
798957
320970
904044
792937
888376
486313
864478
189436
375742
225164
493194
11379
306757
719279
832629
22578
622139
192639
925697
693032
876223
410205
660731
544808
498312
456129
973154
914648
708214
228475
996853
237186
598195
93781
442743
496008
590982
764437
109571
831540
588660
434847
998661
254317
366227
127159
6300
742150
858796
842339
807499
19249
164940
310766
557526
563921
741799
484169
525951
248941
952938
384525
75037
715200
999964
56412
251093
109485
528879
75941
621560
657935
641705
576901
55865
379759
6506
322955
473801
9551
24409
620564
217233
940003
819247
41173
686347
545119
875616
56823
622974
431531
488417
827869
107604
50100
194842
176641
194457
628252
102250
444476
551378
951249
743377
621348
753848
826875
297279
772879
123856
94351
786486
461878
531240
504769
455582
824118
957487
797334
556901
889455
670577
380247
309904
420175
210095
38433
728739
959081
523799
431514
711849
750783
920357
60734
924001
291615
141270
657943
78213
982952
679236
819467
924536
259950
355619
111567
293387
183923
767574
148538
982443
118230
831919
386932
436075
851656
390402
427661
208106
250040
436708
275370
184353
847377
705221
330138
656779
499481
303207
200454
232369
765498
567098
615559
184081
68958
241430
329170
531754
308467
879444
588366
390887
378574
411978
774214
611366
499883
982497
125050
578147
819987
91348
380112
375686
472342
755526
694312
196421
182392
519104
252109
831223
962216
995271
385287
189047
986219
370902
70477
258609
597464
168893
123351
316940
451260
194646
567826
554612
779613
124319
283565
585026
301916
76793
190545
628747
867572
547004
908397
246338
62943
54389
8751
925834
954327
9021
180878
245533
581754
505527
571460
568850
655302
947429
495385
77774
87108
284391
631963
273802
536130
374482
973866
294716
743800
565225
263727
180197
97996
251003
962093
990582
457905
327576
973424
882592
858218
41201
822369
654903
9069
839755
623163
215041
19298
602848
80088
331553
752139
710674
369253
378075
544061
503949
184245
926659
582348
175224
58673
617863
206085
123479
191916
421653
976724
998464
719188
495914
795590
410167
714692
728953
277353
698345
158327
852596
946960
332161
615704
933561
100403
791659
302005
488540
918899
975587
472081
547853
747194
33273
140888
868966
452865
824547
865965
967636
171435
399102
985887
743647
398159
605411
703547
438295
590419
204706
189179
850205
840563
741406
275420
995275
367265
842437
283469
580929
830215
500585
779715
81741
637352
709888
288874
879222
426916
926773
179253
931557
108762
114792
630678
574129
484967
226633
548362
508101
945165
596684
936332
407344
181680
472393
373993
44809
974010
191604
623091
492477
382301
250036
647119
988215
744440
804898
597226
698858
305299
870367
205192
811838
24453
227986
625084
630293
876149
743229
434036
630712
247741
160507
406956
393635
782890
179992
966851
939369
183712
444236
710955
876997
443675
790550
941817
349631
180880
760178
448988
645047
335281
688886
545066
369554
703568
712207
611478
841918
928347
136146
648830
962083
107461
328513
164065
207847
385926
667165
181614
977182
255864
667682
687031
258765
709410
27876
403844
856857
854866
419652
550020
158673
664227
632783
744351
576789
73823
586995
153255
856801
690237
98526
784684
931322
311947
780597
28718
424179
60647
723373
409389
696028
201319
660234
576925
18248
967065
456306
904182
717690
452196
398509
218151
97260
710413
14396
694442
795451
524886
92050
675251
569010
197952
700467
620034
235953
914610
258472
424280
680185
113970
153436
97670
871255
264911
822487
923360
25707
340705
932436
936465
818133
646632
134272
734344
976955
496466
81618
284880
353528
826265
785921
319870
838884
586824
677991
459651
633916
388893
965424
751713
613614
152458
58814
984763
134980
714070
46173
916868
853802
189473
623902
756762
453213
731588
681682
144875
167026
974678
949477
753557
449921
385612
49428
624268
859180
663160
637068
222388
470351
74738
613473
857871
491846
752980
858407
582992
409237
936862
591217
571278
761976
853434
162340
789332
696200
702363
189430
863893
647879
831295
142152
