999672
999652
999003
998801
998641
998438
997029
994789
990445
990021
989466
986397
986102
985641
984746
983791
983654
982190
981357
979904
977763
977404
976478
975810
974226
973965
973821
973542
972964
972327
971165
971148
971113
970052
967941
965878
965388
965368
965135
964390
964251
964249
963235
962615
962586
962057
961165
959705
958923
958701
958239
955507
955244
953456
953353
952639
952354
952347
952051
951587
950535
949738
949332
948706
948027
947920
946415
945002
944707
944136
943838
942615
938271
938236
938084
937478
937198
935625
935317
934815
933047
932131
932014
931551
928527
925430
924993
924737
923062
921699
921471
920861
920591
920276
920220
919439
917674
914960
912382
910086
908793
906490
905937
903262
902152
900508
900479
900229
900031
895556
894604
893915
892530
892433
891348
891318
890422
890296
889757
889649
888310
887096
886743
885277
883661
882687
880508
875652
871949
871824
868590
868069
867061
866586
865513
864435
863209
860543
859708
859043
858923
858614
858067
857834
855848
855516
850779
848245
847573
847495
847379
846786
846075
845019
844623
844477
844197
844007
843647
843191
841622
841503
841353
839904
838988
835510
832836
832799
831830
829982
828941
826600
825416
824242
823064
822843
820958
819728
819548
818580
817981
817623
815565
814027
812400
810951
807073
805690
805173
804877
804635
803032
802327
801249
801101
800013
799317
797710
796810
794716
794310
794151
793706
791500
790760
788573
787650
786587
785209
783907
783901
783507
781353
777821
777634
777193
774073
773667
769261
767989
767091
765421
765239
764863
763773
761713
761690
759201
757966
757029
756925
755888
755829
755805
751619
751155
748198
748184
746096
745393
745289
744265
743498
743410
741154
740925
740171
738852
737572
736648
736227
734938
733600
733485
732897
732449
731802
731662
730876
729765
728240
728203
726805
726483
725324
724286
724257
722934
721512
719957
719582
718634
718631
718291
717305
717258
716588
716017
711876
711801
710203
709128
708579
707514
706349
705600
705120
704075
702638
701033
701024
700713
700075
698780
698203
697631
696948
696819
693448
692196
691533
690867
690727
690709
690684
689001
686822
684278
684047
683401
682953
682249
679663
679293
679076
678531
677931
676050
674787
673930
673332
672927
671740
670713
669679
668834
668765
667648
666294
665945
665405
663939
662958
661724
660711
660242
660082
659223
659145
658649
655659
655634
655312
654236
651863
651788
650458
648953
648177
646294
645134
644502
642754
641616
640717
640535
639407
638389
637468
636992
636247
635806
635313
635300
633563
632425
630998
630456
629767
628612
628193
625846
623279
622965
620139
618675
616844
615387
613790
612835
612326
612310
612184
611028
609585
609470
608556
607489
607359
605303
605113
605076
604253
603910
603188
603186
602958
602648
601616
601296
600633
599413
597278
597073
594161
593816
592840
592394
588725
587510
586221
584511
584098
582402
581021
580634
578921
574812
574397
573145
570537
568875
568043
566469
566194
565993
565071
564201
563241
563217
562931
558130
557520
557411
553228
552948
551706
550155
549954
549345
548148
547550
547425
547233
547034
545905
545213
544496
544137
542322
542319
541918
541551
541440
539101
535034
534745
534192
532207
531925
531810
530609
527060
526982
526497
526380
525866
524685
523963
523865
523495
523435
520821
519909
519909
519688
518839
518741
517092
517073
517059
508518
507473
506571
504151
503264
500487
500194
500020
499877
499606
498495
494539
490952
487743
485953
485417
484638
484549
482003
481718
481414
479642
477408
477199
476969
476354
475263
474000
472934
472925
471002
470145
470110
469997
465224
463569
460336
458960
457804
457465
455380
454806
452499
451728
451613
450625
449686
449539
447153
441808
441239
440591
439843
439614
439166
437203
436542
435513
435474
434585
434480
434440
433498
430735
430723
430043
428771
428579
428341
427725
427293
426631
426404
426043
425633
425350
424537
423605
422514
421893
420297
420184
418282
417721
416774
415598
415241
415002
412963
408284
408187
407895
406109
405672
404318
403822
402600
402261
401789
401441
401003
400735
400243
400227
400222
399820
399016
398542
397493
396720
396526
396136
396102
395025
394907
394163
393147
393069
392142
391996
387992
387396
386599
384490
384355
383811
381917
381792
381651
381495
379283
377506
375769
375370
375238
375055
374350
374238
373002
370234
369534
369260
368940
368518
368495
368140
367569
366362
363549
361780
361140
360951
359089
358683
358532
356988
356712
355006
354928
354777
354627
354581
354301
352783
352246
351458
350150
349462
346349
345785
344006
343943
341812
338722
337208
334157
334046
334032
333624
330593
329693
329326
326520
324445
323970
323126
320282
316814
314860
314581
312691
310641
310593
309332
309207
308193
308065
307506
307201
303760
302890
302028
300110
300013
298908
297735
297637
296008
295598
295403
294151
293671
292674
291955
288510
288498
285245
284743
283806
283049
282371
282321
281692
281378
281056
280271
280189
279974
277329
276888
276879
276755
276732
276607
275828
274737
274158
272164
271713
271016
270948
270256
265206
264224
263347
260993
259760
258072
256364
255819
254424
254077
251981
250720
250236
248982
248163
247850
245688
245188
244763
242404
241511
241295
239446
238802
238044
237627
235852
235507
233831
232941
231576
228112
225378
223017
221167
219802
219425
214473
213514
213232
212386
211881
211354
210448
208579
208329
207858
207638
207461
207064
202924
202643
201716
201622
201379
200712
199280
198671
197694
197164
196569
196384
195090
192683
192625
192184
189672
189306
188164
186797
186306
185262
182359
182318
181358
181334
181117
178074
177739
174628
173756
173312
172910
171449
170737
170414
170357
170086
169998
169978
169268
168836
168774
168408
167665
166185
165758
165495
164337
163414
163104
161581
161357
159045
158878
157754
155857
152292
152282
151955
151770
151178
149983
148910
148794
147791
144090
143163
142133
141471
140500
139853
139311
138963
138947
138825
136444
135499
135096
135027
133415
133177
131720
131475
130734
129114
128941
127108
126086
125625
125364
125267
124936
123902
123086
119733
117505
116697
115414
114744
114395
114133
113600
111080
109509
109444
108161
108020
107846
107696
107045
106079
105855
105058
104801
103771
103366
100284
99293
97773
97157
96519
95228
94632
93444
92895
92823
92737
92382
91890
91679
91578
88265
87596
87297
87296
86654
85473
83505
82365
82364
82233
80505
79151
78606
78366
77523
75615
74738
74473
74436
73903
73446
72513
72507
71869
70013
65016
64462
63404
63379
61022
60939
59024
54082
53146
53028
51563
51539
51439
51353
51059
50939
49449
46191
43177
43121
40373
39695
39341
38609
37379
36828
35905
35307
34987
34832
34061
33249
33198
33076
33009
31946
31886
28747
28494
28068
26319
24336
24058
23493
23152
21959
21920
21205
20426
19698
19109
18740
15131
13307
13274
9448
7376
7159
6734
6046
4297
4063
4001
3457
3136
2829
2559
1276
926
305
