999635
998285
997611
997438
995888
995753
994951
993528
993482
993366
992973
990036
987935
986887
985859
985646
980452
980328
977204
974021
970450
969864
969716
969428
968366
967289
965097
964653
962809
962085
957933
957392
956241
955071
954765
954740
954713
954693
954513
953773
952192
950644
945962
945703
943887
943258
942714
942653
942406
940996
940278
940169
940028
939201
937622
934735
934509
934058
933745
932726
932005
930373
929822
929524
927743
927459
927131
926191
925154
924704
923882
923522
923497
923440
922967
921884
921079
920177
917480
916885
915823
915006
913189
912676
912580
912159
911994
909884
908351
908150
907794
907408
906826
906276
904752
904396
903739
903487
901438
901005
900375
900350
899686
899441
897706
897609
896842
896201
894827
894823
893956
893885
891604
888789
888458
887155
886308
884086
881954
881702
880008
879517
878930
878829
876742
874434
872588
872344
870706
870666
869650
869467
869210
867355
867116
866014
865988
865771
865091
864873
864354
863947
863848
863146
862985
862945
862378
862307
862062
861884
858419
857516
857260
856184
854892
853843
852124
851115
850474
850212
848530
846930
846575
845230
843781
843502
841749
840834
839455
835991
835450
834958
833772
833668
833285
832732
831215
831127
829831
828271
827498
826335
826225
825641
823709
822635
822424
822110
821152
821059
820944
820780
819059
816594
816544
816490
815344
815226
814551
814550
814530
814222
813893
813725
813470
810892
810694
810650
810581
810154
809281
806239
806183
805562
804421
802329
801178
799556
799197
799141
798385
798266
798178
798126
797592
797368
796101
796050
795983
795494
794851
794525
792947
792902
792330
788503
787913
786867
786773
785581
784823
783342
777274
775327
772364
772201
770699
769697
768626
768157
764909
764400
761788
759870
758443
758370
757403
755996
755970
753896
752119
750997
750828
749662
748990
748692
748078
747339
745418
745287
744949
743273
742250
741125
739361
738650
738319
736927
734556
732898
732578
732372
730303
727673
725134
724060
723613
722927
719872
719866
717828
717341
716634
716574
716552
716221
715044
714313
711288
710587
707421
707169
706668
706028
705308
704991
703886
703167
701217
700033
696115
695474
694279
693789
692092
691931
686064
684174
682925
682412
680675
679348
677542
676369
675461
674885
674390
672515
671485
671465
670867
669144
666489
665616
664334
663907
663130
662245
662041
658914
656513
656397
656063
651847
650744
650030
649751
645676
642774
642488
641936
641791
640555
639815
639774
639505
638302
637395
637295
636317
635523
634818
634090
633422
633146
632486
631120
630972
630490
630434
626771
625863
623937
623866
623636
623429
623320
623232
623052
622690
621832
619606
619593
618092
617875
617849
616941
616620
616495
616391
616097
615952
615367
613886
613850
612611
612436
612207
609671
609170
606894
606064
605834
605406
605016
604756
602231
599851
599577
597220
596249
594816
594009
591277
589893
588797
587187
587166
586946
584198
583764
582488
579679
578911
578352
578226
576908
575445
575432
572256
572221
570548
570342
569153
567445
567015
566657
565669
564871
563998
562052
560272
559363
557522
555819
555734
554916
554257
553019
552672
552649
552525
546676
546645
542816
542436
541918
541708
540771
540327
539794
539780
539033
536620
536552
534192
529043
528016
527644
526940
526325
525364
525054
523384
520654
514567
514150
513156
512761
511815
511580
510384
510097
509372
508964
508734
508220
507864
505543
505521
501668
500368
500322
500098
499119
498138
495505
493794
493628
493394
492942
489350
489337
489331
487868
487692
486491
486248
483957
482747
481998
479392
478944
478635
477489
475955
474922
474863
474711
472157
472034
471902
470197
469984
468184
466944
466906
466859
466258
465943
464869
464374
462200
461828
460002
458126
457551
452574
452505
450417
450021
449484
449378
447713
444074
443677
442768
440457
438166
435965
435758
435555
435062
432064
431577
428920
427966
427808
427169
426756
425826
418754
418626
417506
415882
415417
414545
414478
414160
413949
412784
411933
410543
410284
410015
409918
409701
409002
408791
408747
408493
408174
406673
404325
401256
400184
399379
399109
396531
396105
395879
395093
394967
391716
388279
386375
386337
381061
380537
379552
379170
378666
377231
376723
376083
375990
375708
375475
374310
373435
372892
371198
370593
370458
370012
369025
368760
367807
365602
363557
363187
362950
362649
361175
358282
356512
355153
354695
352566
352467
351119
350621
348063
347288
344826
344568
344358
343147
342345
339627
339158
338285
337404
335545
333315
333117
332553
331043
330896
327553
327504
327393
323467
320770
320447
320417
320382
320087
318046
317896
316380
315429
314267
312666
312347
311934
311933
310959
310823
310637
307186
306416
306338
306048
306018
305043
303477
303154
302704
302208
301769
301194
300917
300891
299167
299108
299011
298734
298371
297510
297411
297061
296814
295877
295411
294748
294244
293766
292379
292091
289825
289782
289661
289193
285757
283768
283454
282495
280771
279338
279080
275683
275082
275022
274982
274965
272487
271823
270958
270545
268568
268557
268402
267836
265245
264426
263348
263168
262523
261559
260536
260265
259430
258520
257624
257098
254641
253553
252223
252157
250988
250541
249777
247510
246716
246356
246238
245193
244541
244040
243931
241816
241042
240601
240311
240279
239105
238495
237674
237184
236884
235377
234050
233484
232874
231296
230389
228773
227884
224094
223729
223658
221678
221671
221249
219835
215276
212882
212185
210953
210185
209488
207499
206788
204716
204615
203328
202707
200458
199561
198499
197952
196667
196391
196010
193588
192660
192300
190714
190263
187759
186616
186529
184928
183271
183249
182415
181805
178800
178101
177701
177262
177077
176952
176468
175727
174097
173496
173269
172405
170420
169782
167481
166079
164792
164780
162153
161883
161769
160384
159918
158925
157882
157691
157585
156129
151766
151547
150783
150104
149805
149146
148102
147926
147658
147377
146757
146268
145843
145029
143782
143422
143349
141886
141524
139787
139532
137930
136900
136536
136382
134239
133582
132354
131665
130853
130299
127979
125167
124713
121914
119436
117328
117255
116522
114677
114020
113716
113558
112566
111765
111236
110846
110754
109010
108848
108839
108704
108425
106832
105925
104471
103138
100213
100186
99606
98841
97892
96607
96506
96392
95986
95510
94767
94521
93992
93884
93158
93074
92627
92159
91636
90797
87410
84811
84697
84031
81445
81046
79679
79029
77582
77049
77019
76283
71919
71349
68229
67561
65260
65128
64958
62292
62273
61302
61258
59925
59781
56068
53854
53779
53335
51813
51506
51125
50538
49225
48600
48158
47610
45325
44048
43784
42651
42448
41941
40021
39924
38563
37491
37326
36619
35165
33524
32864
31768
31677
31351
29855
28506
28243
26599
26428
26373
25932
25074
24723
24517
23992
23852
23132
22440
22388
21976
21959
18250
17447
16284
14878
14032
14006
13773
13770
13028
8441
7421
4651
4240
3258
2090
