999627
999497
997865
997180
996927
996222
995837
994748
994320
993306
992374
991904
990929
990654
990391
989323
988650
988377
987722
986510
985415
983982
983322
982864
982810
981209
980075
979865
978443
978048
977365
976196
973421
973396
970347
970196
969887
967688
966052
965831
965488
965342
962075
961809
961662
960669
960143
957982
957215
956931
956049
954752
954597
954546
953143
950041
948015
947884
944614
944172
940473
935582
934647
933576
932626
931293
930718
930225
927721
927049
926270
925978
922608
921814
919419
916691
914832
912468
911123
910561
910038
909862
908782
906842
906779
905320
903898
902872
901175
901165
897195
894790
893857
893585
893122
892831
892485
892280
892145
891615
890944
888992
887831
887054
886733
885369
882895
881626
881223
880732
880661
878953
876737
876533
875838
874883
873120
873034
867917
866537
864967
864100
862689
861137
860714
860672
858184
856890
853677
852636
852112
851249
848769
848632
847729
847242
846886
844050
842919
842538
840357
840033
839997
837175
836307
836134
835887
835222
832889
832275
832197
831885
829444
828515
827810
827739
826624
826551
826375
826072
825948
825808
825568
824927
823112
821422
821074
820658
820528
819192
819182
818662
816428
815772
815642
815549
815156
815149
814462
814273
812806
812180
811167
809447
808866
807896
807544
807376
806167
805271
804787
804728
804032
803955
802370
802190
799558
799385
798475
798429
797647
797036
796926
794310
792087
791822
791577
790640
790284
789583
788388
787991
787459
786884
785583
783328
780470
780279
778822
777626
776056
775476
774292
773178
771761
770691
770585
769988
769300
767029
766454
766031
765823
764348
761834
761821
760717
760435
760391
759777
759250
758543
758217
757949
757760
757132
756946
755607
753843
753186
752740
750519
750156
749400
747580
746175
745916
745567
744326
743631
743338
742746
739245
738380
738103
737615
735520
733358
732190
731996
731935
731305
730960
729559
729552
729243
727747
727385
725395
725282
725116
724785
724175
723284
723184
723173
722135
721400
721129
721081
720946
720207
717656
715081
715046
714308
713652
713192
709876
709032
708298
705200
704171
703619
702211
701401
700252
699618
699607
698715
697980
692045
690516
689525
688562
686780
686641
685258
684567
684231
678756
676918
676756
676614
673276
672607
672585
670426
670110
669348
669130
669089
668736
668689
667449
663944
663714
663132
663104
661794
660522
658073
657988
655351
655280
652775
652017
650566
650341
647926
647633
647375
647181
646189
643483
642782
642771
641996
641428
641134
640412
640350
639376
637628
636451
635552
634486
634326
631626
629860
629702
629700
628258
626296
625575
625035
624616
624014
623945
622905
621280
619471
616547
615472
615161
613295
612693
612614
611764
610519
608641
608363
607953
606968
606547
605257
604035
603122
602494
601947
600580
597814
596030
594533
593719
591127
590392
587773
587698
587151
586408
585071
583171
582146
581816
581771
580851
580697
580425
577397
576098
575822
574242
573586
571589
570485
568752
568493
567741
567198
565981
565681
565563
564161
562928
562241
561320
560281
558365
558192
555576
555464
553944
553628
553521
551892
551005
550973
549288
547809
547103
546009
542764
542685
542422
541425
541267
539861
538881
537430
536023
535328
535218
534957
534198
533817
530925
527393
526667
524996
524070
523475
521378
519672
518073
517429
515917
514065
513916
513806
513746
513114
510654
510421
508412
508325
506460
506382
504478
503882
502219
501976
501387
501050
499331
498727
496728
495768
495627
493557
491155
490118
489828
489530
489021
484458
484344
483812
481971
479643
476079
475900
475342
474326
474175
473941
472997
469038
468178
468038
466824
464637
464446
464210
461840
456519
455319
454840
454376
453650
453539
452274
451198
448174
447851
447708
447383
445611
445278
443856
443559
442021
441217
439091
438754
438686
437054
436229
435659
434823
434381
433783
433638
433315
429906
428217
427564
426124
425938
424578
423275
422458
422007
421825
421577
421406
420632
420055
419878
417899
417617
417247
416875
416199
413941
413791
413362
412740
412102
410532
410237
407319
406790
405842
405625
405422
403926
403498
403453
403021
402775
400855
400714
400356
400177
399283
394075
388402
387736
387053
385204
384897
383010
381747
381262
380311
378418
378289
377468
375452
375369
375353
375096
374244
373891
373552
372702
371230
370264
369411
369123
368683
368524
365461
365440
364626
364263
363119
361100
359874
359652
359610
358965
358435
357177
352777
352070
351537
349356
349231
348117
348005
345877
345125
344621
344224
343544
343368
343144
342923
341636
340874
339696
337283
335386
334657
334482
333457
332443
332328
329733
329396
328780
328285
324854
324729
323964
321976
321583
320897
320006
318690
317258
317106
316175
314595
313744
309075
308568
308143
303471
302400
301015
300901
298161
295988
295576
294528
294416
294358
291172
290677
289527
287565
287492
286828
286028
284882
282055
282013
281313
280029
279730
277939
276983
276899
275159
275151
274419
274088
271182
270171
268259
267421
263965
263512
262373
262356
261526
260247
259910
258895
253063
252658
252010
247376
247169
246116
244633
243953
241709
241120
240731
238188
236928
234753
234216
229663
228846
228827
228728
228245
228014
227658
227010
226399
225907
224069
223302
222063
219552
217518
217422
217414
216487
215341
215025
214143
213018
212448
211916
209491
209363
209085
208856
207737
207569
206228
205747
204151
203987
202212
200652
200640
199494
194929
194694
192700
191230
190769
190499
188492
187905
186729
185280
180775
179732
178880
177428
177025
176926
176790
176356
175827
174751
173669
169831
169480
169384
166382
165520
162581
162482
162278
161765
161180
160980
160536
158834
157902
157892
156291
154766
154673
152940
151408
146499
145886
142858
142604
142233
139793
138737
138268
137309
137000
135032
134943
134940
134740
134238
133853
133730
133118
131565
131491
131001
129169
128780
128608
127236
127098
126826
125422
124436
124052
122714
120655
120646
119948
119477
119475
118005
117535
117467
117289
116822
115418
114711
113048
112972
112959
112274
111096
110616
110478
109891
109667
109250
108106
107620
106823
106270
105599
104952
104806
104513
104245
104037
103501
102917
100581
100039
100020
99184
98869
98683
98623
98305
93958
93686
92248
92124
91030
90636
87262
86970
86933
86507
85926
85915
85106
82282
81435
80488
80355
80148
79187
78746
76795
76493
76256
76173
75818
75292
71746
71658
69911
69841
69307
68875
67830
66806
66088
65974
65696
65361
65072
64559
64012
63499
62812
61683
61470
60388
59875
59536
59275
58186
58096
51495
50826
50214
49049
48831
47928
47367
46882
46838
44076
42726
40155
39557
36687
36088
35509
34871
33698
32704
32509
31158
30752
29688
28717
28178
26750
26292
23997
23726
23719
21846
21225
20688
20647
19850
17704
16267
16076
15996
14496
14393
13423
13147
12479
12140
12124
11289
9866
8890
8706
8260
8003
7788
7734
7578
7567
6910
6628
6433
2400
