999628
998645
997099
996820
995908
994972
994443
991529
991285
990072
988665
988323
988107
986817
986393
986358
984608
984531
983056
982467
981183
980899
980361
977942
977752
977213
977201
977144
976627
975725
975354
975266
975131
974874
972155
970944
970704
970465
968213
965971
963985
963577
963492
963387
962193
960650
958397
958110
956819
956770
956678
956352
956118
955637
955314
954798
954153
953691
952900
950309
949082
947864
947424
947192
946968
946576
944768
944466
944337
943606
942843
940840
940441
938385
937429
937329
936676
936222
934547
926376
925730
925550
924771
922237
920662
919930
919008
918228
917224
916940
916777
916502
915498
915069
915001
913617
912720
912195
911312
910502
909773
909704
909657
909497
908029
907788
907290
903767
902504
902202
901474
898295
897953
896515
896490
895986
895173
892778
892004
891634
891583
890819
890409
888397
887870
887739
885292
885056
884128
883854
881512
880606
879881
876377
875161
874667
874554
873068
873048
872190
871169
869887
869749
868698
868204
867689
865011
864069
860740
860212
860103
859086
856235
853250
852827
851439
848852
848632
847547
847184
845342
844614
844539
844206
843051
841194
841099
840952
839801
838301
837684
837101
836945
835957
835408
835038
831808
831088
830309
830272
830256
828844
828689
826371
825757
823659
822840
821734
820675
820370
820004
819453
818883
816202
814790
813035
809236
809093
809063
808774
806625
805725
803211
802652
801961
801880
801557
801085
800114
799831
797455
797138
796910
796723
795979
795588
794810
791400
791206
790848
790119
788376
787879
787827
787058
782537
782238
782160
780946
780678
779692
778521
777895
777260
775665
774993
774422
774241
773019
771728
771010
767481
765641
765398
764871
763866
761966
761847
761622
761207
760999
759578
758291
758085
758076
757632
756988
756695
756591
755526
754804
754222
751283
750688
749355
748607
747049
746900
745556
744269
743821
743012
739809
739425
739142
738495
737567
736577
735642
735087
734208
732129
732104
730979
730772
730561
728883
728807
726302
725520
725002
723514
722482
722377
722091
722007
720586
717013
716764
715756
715417
712942
712016
711290
708650
707788
705548
705254
705190
705166
704253
704165
703459
701491
701378
697584
696962
691879
691519
687810
685406
684280
683050
682042
681974
681890
681171
678776
678236
674625
672681
672260
671228
670708
670135
668839
668620
666590
665887
665181
664064
663475
663384
663296
662779
662698
660925
660017
657986
657852
655922
655263
655071
653379
652360
650587
649347
648099
647371
646848
645993
645912
645886
645298
645061
642996
638131
636209
634705
633662
633171
632001
630160
627461
626949
625736
624371
622231
622135
621999
620843
619860
619008
617730
617393
616871
614477
614101
613755
613630
613183
612864
612442
611157
610996
607252
606495
604776
603565
602505
601974
601790
601542
600065
599917
599599
598766
598631
597444
597360
596931
591721
591547
590973
589022
588018
586033
585276
585245
584308
583365
582597
582205
581776
581243
580547
580161
578899
578626
578327
577232
577217
576844
576228
573748
573422
572783
571639
571275
567011
566365
565928
563774
562244
560556
560047
559512
559487
558852
557539
556890
556072
555695
555065
554548
552073
551915
551197
550879
549724
545319
545093
543856
543258
542630
541184
539149
538880
538574
537083
537078
536878
535892
534468
533531
529636
528705
527373
525825
525672
524519
524228
522356
521420
518757
518524
516544
515735
515118
515090
513267
512417
512043
512020
509310
508764
508548
506689
506247
506177
504716
504381
503804
502574
501727
501702
500534
500064
499737
498799
497888
497557
497261
496720
495348
494887
492066
491836
490594
490205
488708
488683
487256
486118
486055
485687
485309
483934
483505
483044
482364
481540
481226
478430
476804
476802
473319
470833
469941
465843
464121
463932
463396
462112
461909
461129
460454
458775
458196
457477
457188
454310
452843
451383
451026
450169
450131
450082
449098
448707
447690
447655
446951
445787
445695
442888
438876
438626
437818
436424
436413
435454
433840
432872
432569
430492
430259
429989
429513
429412
428695
428318
427623
427527
427468
426840
425884
424250
423864
423805
423639
422224
422057
421087
420612
419314
411919
411411
411135
410880
408115
407590
406988
406798
405828
404243
404102
403291
401439
400832
400251
398492
397248
393798
393723
392022
391162
390580
388328
388292
384681
383319
381484
381061
378981
377782
377412
377397
376742
376704
375871
374467
373671
372693
372164
369205
369149
368898
367893
367796
367506
367358
366803
365937
363860
361851
361772
358952
358031
357207
357035
354799
354703
351661
350597
350527
349354
349265
349161
348642
347956
347759
347736
346189
344635
343891
341724
341377
341363
340643
340133
339219
337824
336811
336624
336360
334249
333318
332847
331826
329578
329480
329454
328532
328347
327952
325615
321306
320556
320503
320190
319681
318691
318382
317508
316693
315718
314803
314303
313500
313455
313189
310081
309186
308882
307793
307234
306073
305068
304419
303048
302613
301972
300745
300203
298319
296511
294540
294509
291799
291696
288864
288096
287006
286988
285735
284680
283792
282732
282248
280557
279865
278128
275660
272161
272097
271502
270048
269520
268296
268009
267604
267396
266657
263690
261183
259103
258854
258720
253086
253036
252104
251494
251355
250346
249826
248096
246382
241073
238685
238445
237988
237367
236964
236837
236815
235889
235387
234594
233898
230809
229521
229034
227710
225246
224610
224264
221710
220577
220122
218279
218113
217777
217466
217415
216138
214579
214164
213151
212085
211364
206188
204016
202107
201468
201439
201075
194814
191804
191330
190841
190618
189586
188689
188196
187833
187555
187391
186920
186571
185772
185206
184842
183800
182991
182917
182705
178754
175794
174790
174624
173590
171847
170859
170028
169293
167709
165961
164667
163444
162383
162144
162050
161811
161513
160325
159047
158892
158507
158050
157935
157890
150664
150655
150201
149358
148145
146977
146521
146509
146378
145605
145078
142144
141570
141246
139726
139705
139099
134907
134213
134132
133384
133167
131668
131366
129012
126119
125621
124583
122654
121950
121574
120039
119954
119566
119484
119148
118076
117583
117061
116180
115758
115069
113383
113296
113208
112677
112273
110879
109302
106940
106782
105891
105552
103500
102404
100594
98349
97564
96528
95526
93330
92104
91631
91565
90901
89713
88816
88681
88663
87849
87330
85734
82630
82601
82498
82169
81770
80851
80669
80101
79481
79465
78410
77499
75856
75533
74437
74134
72982
72402
71827
70625
70601
70579
70352
69404
68677
67224
66899
66738
66673
66346
65295
65029
64695
61729
61519
60527
59719
59587
59028
57858
57646
56380
56111
55785
54296
54270
53362
52889
51453
50934
49857
48065
47850
45975
45633
45451
44738
44188
43822
42542
42290
41254
39633
38293
37350
34895
32050
29608
27921
27188
26490
24800
21609
20388
19942
19799
18306
17608
15346
11531
11442
11093
10913
6236
3396
580
