57230
903370
838471
428174
430787
899373
826895
942561
166348
132365
221427
320383
10131
948235
740533
40916
379081
489933
287489
440406
883192
956079
569810
223870
353204
546440
886196
938916
909040
147476
571300
638454
36844
940099
987155
523732
864268
902365
626953
168971
202308
427280
796071
353453
534704
951768
946565
781514
324800
602953
578874
544077
203665
675132
440057
797492
967318
331796
999320
734445
665205
111596
710509
305802
62638
341343
675921
420193
871030
740403
180486
477251
659874
61922
103733
814999
918271
656455
333391
784466
863038
980962
535254
252308
35468
778759
605428
158690
57536
792105
774281
991036
353582
908735
383042
377691
466136
593297
571876
108489
678340
519585
1833
710300
94249
852664
567361
305872
540035
912908
685241
841728
764422
436299
535993
712961
535279
953286
638119
433180
692341
287165
383082
158949
259679
908483
570633
828860
110639
299150
219569
550880
432444
505245
360533
63531
900573
925062
393648
266990
937473
91419
32678
473833
816220
267768
901512
826535
698236
691564
757623
919540
8250
672962
307616
982396
775819
204715
419749
591042
821814
308041
787100
171577
293792
451354
755184
472195
209027
795007
544101
584899
777661
584936
998778
579553
581701
516447
483879
452505
150712
293549
159814
91136
586001
340140
689614
138389
124216
849131
500665
258688
813169
954871
936648
792554
715637
900492
533213
470584
242974
385176
357189
663205
185787
983144
243033
603898
705155
464882
507449
964461
317479
486334
879225
973524
905984
836657
856664
819908
955304
946935
486123
412874
626212
316300
717849
952581
615103
268520
947455
748574
627250
169541
472180
505446
695934
365134
973734
548042
824540
794469
179363
477621
32140
19921
442676
24707
428491
325891
46628
332253
759392
905539
703966
108981
229012
159356
134644
900384
694913
710496
456764
500171
421123
769529
665685
387739
944588
197774
910919
726501
324116
535278
550088
105030
5613
431515
801371
325473
367668
400022
726356
797235
735331
127172
658422
917140
629444
389882
316733
258445
657600
26026
947063
632912
290710
678249
310028
837208
84519
418076
252383
202718
145645
255807
463949
435189
286924
818257
792723
756227
926785
957792
239628
321500
727223
789100
745495
642812
65080
742651
750039
877281
635776
862200
680084
769283
53230
952713
809726
553009
6804
539500
737426
4617
857837
816268
439574
907540
302
262118
396990
680124
358005
855762
402225
690922
912478
387889
649573
600128
158709
389554
693542
40240
449477
537728
646198
494519
458831
1420
659791
698554
988886
556722
66500
633019
947863
623434
673029
376696
590935
132430
785281
383776
32532
42211
458918
78195
394397
632902
286980
49013
330366
305812
106063
146190
14163
681014
644931
10881
533565
274535
965794
652679
26867
325283
65753
153799
625840
801837
741953
319797
928778
687741
351681
89668
557283
562629
569360
309193
997048
554783
463448
185070
44183
652373
308470
324495
772013
842252
900382
456564
36029
212941
69404
968491
364909
157937
593013
746434
14907
350185
628588
487326
306572
620712
118496
889659
261669
564205
139538
593473
160883
316016
176645
325951
828100
301864
57726
658694
594008
599351
691755
729189
697170
550835
701088
569148
192521
477650
221372
254527
403324
861297
960170
680713
426722
157057
805508
472218
501982
492047
67665
846255
844433
367278
436399
166845
161098
380738
487180
48137
770712
56108
584206
810407
704577
713677
172883
922381
702475
236345
245970
709074
267703
547386
372000
751369
151565
261054
76111
901556
852243
578718
966449
958183
592151
273163
958906
650683
67884
53079
393283
456299
506545
285149
354667
242254
486284
733199
98328
550065
185782
324890
272155
402768
390960
410616
800434
915825
242516
976850
512871
354014
727110
812943
718037
140221
157385
883709
182410
456525
679214
255195
355848
182591
953703
744896
256358
588271
59193
839532
734228
967485
36368
134378
839420
871628
718700
268062
800451
972183
575161
680112
220910
644715
760445
652565
70754
798085
775147
658935
254979
135368
466964
155521
753790
488155
233213
575880
141795
497309
422283
308761
686058
473990
727387
370267
44951
878619
892078
791137
727735
799949
565250
498191
258826
260527
197692
445605
986747
350994
891904
855533
376458
766015
314019
48957
130762
343249
61048
969194
375430
235756
899975
634761
980479
987806
795356
854307
104849
468112
970043
595636
625204
695784
685105
353184
148381
379519
527557
432051
613188
645370
192334
350227
981697
872839
4190
140037
358160
881462
361372
799832
604787
887857
464880
54577
788919
503322
246871
997556
627534
956927
377110
150029
875931
90748
321738
911896
146317
716846
127518
970099
4386
894607
984983
423389
957837
830899
834377
531595
795187
655390
837677
364871
353934
24448
625162
685509
518260
272398
489487
941060
595890
316349
876995
283421
397010
972637
431059
773164
758461
291729
599562
310424
885689
50279
917600
950400
506642
951192
228521
200387
115479
501021
276334
484652
344636
425323
258585
211961
265181
608142
136137
334918
192418
785054
710
126235
926845
886047
828110
627471
819728
249787
217870
307479
651948
379284
51372
265839
171701
151369
22849
792675
163489
170887
95460
545274
901471
917193
429409
53184
375956
765549
366409
170543
914880
225844
886051
552441
657151
474006
658944
457717
947244
24704
968621
351779
571296
276203
715777
951773
543384
757530
622101
628765
575541
59568
240659
485861
823004
683499
766439
597135
82493
59073
743123
284017
240625
615189
473439
505452
827581
597334
861357
941202
526644
326325
218091
951793
674424
896065
820449
37248
997857
956896
506922
887269
267126
410540
777023
792545
402327
722535
758511
980633
80318
573405
389547
559810
908442
472789
825725
923687
573851
577331
101593
729242
555148
827821
620044
85877
103897
87720
398609
481611
179250
734382
899650
187633
332040
870094
311660
371810
593525
228369
160187
419283
280888
594836
818132
158420
618269
293127
673538
98848
313339
16192
987335
26113
566871
966717
906132
458530
508711
49524
574805
742003
483184
139929
461155
483187
193296
38956
759645
332445
549528
218171
798545
534641
538577
54075
21779
928029
217632
949759
600944
404936
547716
191699
756669
496572
316795
961336
46408
271981
219012
220219
280560
820906
930624
457972
564305
385183
231282
116248
162519
326724
953061
918844
359348
682086
355757
238695
765676
905488
534853
683346
391245
688918
366552
513278
374141
956349
612379
973810
358251
287626
335255
55632
910696
914214
363204
576851
598478
699242
180049
246824
144542
251149
817089
79909
286888
504871
340527
582442
559907
583073
84530
898899
692956
934012
40923
134103
521035
423930
1947
972160
887298
919149
440898
491527
243903
826778
28898
71051
432480
39944
968146
542702
741622
342891
365774
980300
81458
259944
929980
175129
381691
552005
387081
612182
166050
617327
95986
977392
960045
955302
414495
804341
736784
615497
418857
645107
820346
766457
652669
705391
228618
494317
778520
4095
384354
897426
999410
746949
128724
886300
415159
833032
660154
591598
193264
803440
79202
823778
342721
664030
859557
839989
688971
873254
185241
275538
22321
398890
936348
676729
283000
233812
578705
396172
134728
852911
351847
734710
339855
563491
573908
492281
362373
824459
330850
586130
420874
387572
740128
505290
872299
109109
459641
547356
800259
540070
301665
436222
32958
190526
775979
111310
590713
136461
474871
280154
173509
863954
732489
221132
359947
59962
531638
487280
74569
352054
349048
338276
316538
379063
24096
561691
689492
601545
697642
132301
680299
710281
316332
590527
173491
554180
610665
65578
41762
716782
504194
848523
976372
657660
51724
203526
109768
141662
53181
99704
710696
10396
592895
759320
911462
484044
702823
132296
498017
650734
757247
195006
768615
49956
940031
115401
91317
482321
70299
800963
424217
6092
492598
52242
22136
408769
177844
884506
428780
933604
847597
121091
347013
33043
872509
955938
800369
239944
740728
480262
353846
669111
348219
12641
870555
966474
955293
427602
129191
539063
31429
240587
347329
577210
790805
315620
214838
614644
25604
609851
320217
745888
113098
971077
598277
678382
747188
177398
50878
451454
620503
800201
19510
519866
687585
127020
614123
637712
403211
749516
683309
179467
93290
325176
545726
780045
558629
777140
614354
214123
119617
728029
925813
187365
900312
537587
860748
45184
932201
626632
17843
17474
923464
167620
473798
318794
597046
587859
116411
871113
296971
102891
733997
49313
121872
907517
122995
140952
142249
771959
127919
700600
726639
681908
933859
653063
389532
821505
435197
935774
128160
778893
288115
210985
37328
600940
704201
715770
720062
201032
830384
494858
94499
428901
94600
196492
447225
25422
149446
412975
998886
716129
453425
716465
527506
270708
751110
25307
699865
807523
918908
919965
792796
335352
562978
448006
635122
43317
301924
815903
953276
883392
215724
62565
214167
772587
767589
8162
579754
974880
166554
240807
714462
814246
16317
60008
890669
627794
591684
846708
743188
753932
444974
962959
917090
815101
572900
222062
248819
907986
659770
162062
964918
571632
975572
606449
146089
887988
535205
445046
514342
16421
78291
378516
986903
619769
609207
271794
972806
885056
231680
92390
962831
61425
576119
803081
743798
847504
995357
684340
130453
994360
939888
808025
960238
688650
51916
154943
286367
162354
173679
1499
749683
332627
432789
587400
865941
967823
57794
953636
584543
553140
360670
446790
698832
691654
209338
311711
490332
488485
404977
618284
109854
934939
906025
453013
533929
229380
801337
913253
785148
510106
869284
511783
248275
494940
123588
86617
278682
244315
73154
314192
399613
6497
337282
179688
503322
66686
520603
799269
981336
237168
259459
543531
968785
594734
231306
732246
155115
822353
896701
626615
666692
265760
257963
100332
78923
756470
866756
232987
360748
478482
613981
479882
380067
331451
803279
494110
853554
616334
469440
558127
285613
174566
336057
599812
582771
517862
350390
438064
386487
959781
409213
541064
316092
752247
183142
625407
65311
50324
261113
655457
203982
353512
435188
287144
479511
631927
119979
571582
76699
224618
859914
449680
811809
671801
687479
658315
612038
646775
238098
60599
703314
203381
165470
677740
401511
11732
593465
554164
666131
395691
493511
135103
278916
458832
211885
167037
144155
796295
532345
23836
57817
807749
896095
310110
892086
351199
244575
729365
672720
833940
150658
644542
948480
75059
604994
155640
163081
309931
675081
560031
312234
747821
176274
37898
208403
9535
849708
347677
157300
205536
769885
976459
577840
922068
810275
851243
759152
67851
193174
983094
279189
528050
973289
965467
518213
374293
109007
827903
6503
123055
509370
355284
942633
517392
378750
427605
928574
323817
174292
50907
52710
353463
440635
173471
81893
339978
83769
732941
142101
45937
128512
164545
364759
572804
366891
636704
118437
696718
313319
417494
77763
898261
546991
376743
964820
501062
692911
633332
553801
218498
552394
170317
165748
924607
247479
648429
12219
270300
642374
843158
575719
715398
467457
138122
737052
23616
553773
855907
735459
863058
278000
31824
560803
460240
705484
190316
61103
736133
42121
693436
112633
678909
343090
427141
24483
849580
513909
481864
87798
30270
128046
200475
524844
56188
605629
695654
301031
298903
516947
729334
726341
680085
157516
660417
538059
609557
603318
134199
353854
60736
40305
123265
118544
512270
117102
909400
927607
818098
564825
510789
17754
747492
694291
933489
575013
708297
430424
690024
994685
447424
191296
235822
541837
932043
374817
51518
541245
269016
999249
295387
285956
467308
643337
559253
299092
111915
902437
187035
509492
56902
900424
222647
939436
193409
394140
46186
470873
589343
448119
203492
361568
331949
101017
604960
216191
187753
165074
55386
599615
952589
884480
757550
540038
645243
638262
275918
388809
884870
616377
712160
263134
343322
774180
601330
61359
581322
59115
162075
835339
245236
750524
754159
803286
216403
603393
531166
875041
616161
590658
313833
109268
716967
747432
84098
607496
382242
653660
611904
982385
757587
974734
893436
213752
701988
433106
26827
547175
881458
770788
86999
540286
741115
341004
439004
632355
981926
898973
703869
428405
355945
56599
30912
585473
984730
40364
556269
363597
573078
7840
621758
418898
665160
685577
939203
1224
239063
409270
388565
702617
231406
823340
867060
372471
801705
5708
49664
92425
680985
778896
206288
543424
377204
682804
991731
268745
817436
236849
777217
841435
701514
332900
800284
242671
347607
571150
792968
629520
208679
408180
408997
370760
830898
762343
567109
383674
426544
674974
255598
309710
138657
654975
648557
24198
60726
758524
211477
162992
543967
189210
416659
11956
249778
330957
967215
178829
64244
425216
903073
43220
315016
732081
991565
113912
997361
12664
707869
19722
270982
879015
694586
211765
957361
130701
300263
151243
752995
988181
185402
862010
838808
495052
837879
664733
326466
593664
642698
849007
33365
445763
150113
501850
83054
332815
131748
505709
993249
935427
358226
286573
600157
79308
130617
861122
183230
149343
375570
395346
424303
852130
63350
324395
220986
131050
447041
909274
993070
168351
295682
223769
855404
723260
445019
166820
563086
915955
270716
955116
726707
55854
238966
407845
361579
676015
2750
658170
597948
970392
317761
476577
302607
791495
196318
985864
421178
292057
794053
293422
907051
703824
821482
978703
661421
402383
583013
67959
202010
576386
473705
444408
707678
269210
226975
872247
896099
374774
139486
155104
901150
723101
785417
993914
774006
442536
91206
238228
234892
301245
977494
927839
245291
179253
572118
201686
761422
415647
800913
766295
270408
99614
756672
766357
746516
570477
191007
70567
349241
229507
151532
59256
518297
435538
539903
687457
579095
662377
933825
762132
694755
758265
866506
292975
747876
441652
615835
193136
919872
308753
524916
814664
652619
278188
433876
387976
489801
409291
809675
289848
106466
462844
251709
429255
168289
993562
165301
434780
406760
767790
291171
357259
245236
340209
979572
568483
722121
679279
902220
395428
261882
801352
403491
529037
258007
279377
999289
100884
215027
986839
721015
166319
928784
642435
589732
576911
572906
706137
107904
363501
685725
950875
545472
946429
236467
709770
696615
612414
68814
638220
303678
800819
257518
661545
883568
8620
148064
740527
159748
363645
495172
694390
72503
757136
628665
987710
530485
96535
24103
153396
548148
567193
806248
358740
474798
626222
420499
272424
775161
946502
817767
520174
13444
972195
304081
610135
169968
917607
317402
654060
754760
528839
409585
559179
17119
358303
609808
999824
996229
214432
642188
739151
108453
68324
604990
931837
467326
989602
832074
877294
618044
522045
685577
427192
336306
640439
870167
891447
793527
97475
157882
660010
893466
631287
951789
701115
60802
6816
169225
418268
170535
69616
197519
9805
909863
835474
181908
422650
45702
364254
24649
850688
230725
230248
44582
454928
770461
234739
819443
808492
431640
457283
740147
160911
560013
126416
271021
862250
806902
728982
794008
820808
462383
510921
433762
161362
431886
80294
496669
107631
377881
904677
789062
71427
93672
454795
77556
561753
482072
669404
812570
604571
402921
80045
98425
680702
239861
157078
12581
12475
101070
505670
351217
550071
988594
243570
856569
894596
270189
576038
362509
195840
647116
599996
743797
444251
691641
303465
180070
308407
299896
63604
725311
694760
930621
123459
398144
144090
727079
286862
368008
962578
122205
467380
10824
479693
676164
975788
442058
294788
83034
706772
219608
479889
441138
553765
407882
669739
376268
718472
195760
537037
259216
37761
275607
727478
531111
616586
139516
432649
305398
761851
831627
988116
808440
224484
774354
812781
686711
12989
908807
608697
631783
152629
658738
101830
516831
793958
498232
92184
950965
494762
866566
469825
829364
40967
666838
28649
654781
854661
629473
246894
142967
787937
346785
140516
163764
525402
638466
497917
911778
623080
360612
758660
330282
756684
920655
175812
518696
289539
971252
942085
72776
529876
919644
67126
272313
353161
923696
941350
66449
689850
718500
826860
158973
271172
674816
856423
514147
82649
880588
481248
535510
627313
41815
492300
371957
995167
498596
362157
523744
431806
59954
329559
925592
47178
147239
419664
554035
569291
211544
900881
412792
67307
511479
593129
973149
508265
88282
901441
742426
79654
495844
674234
890217
147805
881618
785714
143773
145648
330980
978086
220060
918557
120741
894001
612219
985231
25113
916595
452340
78353
397443
568845
431174
391773
539664
835656
327146
503635
836003
128469
112941
943557
206974
273839
510126
449775
216393
78493
890870
542212
999107
445395
264623
939491
57474
753720
366851
491368
258536
414915
668434
220639
496548
55486
992655
74068
939362
101037
235960
687558
350608
890568
885616
347834
240014
151203
27066
169387
300978
598703
766164
626718
31413
725721
307502
215380
940733
333840
35461
901529
383175
184740
684001
505274
490992
815498
753703
391764
411873
45820
480412
130054
391381
13693
585207
350088
993097
788986
649888
472789
481599
552396
745099
439876
343534
805338
228012
567413
335177
206748
311190
955110
391658
306874
589300
244325
1435
566674
576674
758688
288257
406489
796969
835736
217062
195033
667541
857780
183585
705432
67573
182514
608740
886745
794543
522872
72354
487676
488189
595017
658587
843520
237640
496083
284229
428009
689503
410725
782041
365692
558996
497917
924407
631720
572147
919935
890166
92031
717024
712770
724812
361697
903372
318725
726102
499449
37651
226111
676678
202657
763638
531028
314406
665313
499888
761955
743181
968213
598391
461820
35421
321196
478288
252527
168245
369676
136143
865792
996794
902419
877610
71094
48445
137657
592633
542418
868681
989073
493005
363101
948236
770926
626282
754395
986784
718307
983394
420635
215028
620642
979471
288624
649115
849541
682668
285370
575473
781099
946576
309789
432550
922363
364105
885204
450792
790980
844369
111582
751409
237189
391472
885910
707562
152200
504493
702240
545594
550505
604274
449855
51056
819892
421627
647044
284745
51500
913338
416609
279198
256488
600395
679324
381933
759129
174223
779551
492290
370214
912039
706604
985153
145912
198159
807661
475603
534034
760532
250153
564907
195735
407476
313555
604660
535279
478544
231165
676121
729733
186832
464746
157168
311912
605075
973184
553156
5521
331921
995932
133501
840068
160656
219584
215982
756303
532223
212007
281147
986479
496307
910074
713061
424914
419963
144347
387060
549112
130082
712158
459903
527218
995072
678231
522075
503373
461629
8526
671838
503432
527716
601359
506063
964480
279583
445598
857196
907693
308117
993288
509398
6213
509148
849237
43613
39102
804509
26714
245220
478129
669059
968299
280625
542938
597791
768685
174867
388988
88668
614537
975408
134561
28634
863804
707562
352831
209897
286923
32046
277878
905507
134612
304601
44790
910502
406592
608838
11582
284844
351701
434616
345343
879177
247912
682977
297439
698177
352943
530189
189593
911108
325301
155694
167553
148679
21286
329476
509221
11776
793802
403561
578704
462526
749327
595574
475432
443682
332158
719382
89975
322366
337744
328677
927750
89288
425306
958340
979429
47354
578467
6716
399048
518858
699222
400331
615948
956225
22610
590800
397719
701179
718175
18832
518044
197690
274876
577187
478526
464550
523860
813886
731020
564197
557583
539421
490923
616915
934916
811277
173073
628318
673931
71379
994861
310273
941424
13181
217957
90971
694149
73923
428919
59243
2063
524056
982593
822443
717472
429203
947419
653958
585413
7477
109858
75510
114965
125718
495696
88126
569514
751345
866311
703297
519660
999432
343789
189246
669064
420981
328944
203369
910976
615247
642346
992742
99037
41205
921632
596836
114559
425658
763877
294996
750869
864685
912924
326853
794727
212739
659034
81246
472976
115556
743658
277047
339466
804751
962474
443284
77730
987946
82898
503614
775818
314410
146645
801856
361165
800987
66080
443131
727965
732556
610175
380135
179272
720411
74527
514790
607945
215384
823470
646918
676987
587225
538014
685204
830568
918682
587529
446295
767104
20366
754031
645680
671525
698246
853722
64396
324451
437437
734050
571715
742269
759614
183565
734096
681378
774386
9614
539437
467071
472906
344238
733771
636078
378181
52488
951403
382220
941022
649710
156828
320552
128214
583594
975633
837718
519705
503391
361950
314468
653263
988045
812111
242916
4098
783859
933925
202024
766375
208462
864366
419660
971147
284992
392320
921069
38171
110412
302161
281464
786704
926718
924662
576669
358517
257768
180407
984481
580694
367494
557067
728467
899655
944067
907253
764950
63182
81364
859258
865373
908526
196739
549757
626550
541393
516742
15289
910845
764113
855245
868763
425841
257443
698203
158266
334627
103968
236300
948020
135882
386097
793589
657638
474164
975895
399656
29191
23383
105685
61718
425313
612294
300346
86415
684270
636991
532366
658086
643595
995361
951001
495024
677723
703098
107211
563051
202491
104319
881419
863034
282973
255829
207263
460814
3395
601355
676148
613857
192666
861355
577739
634716
11505
531430
248000
295833
441108
120812
24248
598530
21321
940509
693607
167768
311910
230681
983612
242512
528077
675827
689385
810840
480262
103749
9362
442615
523255
606557
388753
340690
504578
732757
269732
550858
7355
782401
549876
442371
532805
381185
32194
85120
683656
829621
980784
480362
729424
229520
412138
496560
811269
478982
948015
275719
819971
160031
722816
498002
543702
963181
644579
596318
664147
886298
617172
883780
152149
598235
555657
18738
839251
644545
251873
506627
81243
839790
971368
102985
883949
823012
590921
673261
259830
696825
436305
956270
273320
461159
476700
169669
471794
841088
617886
228777
946145
829310
977296
336750
410131
76152
289780
463881
401747
327345
794503
388206
515478
954571
380931
520666
19217
52057
744718
207853
182005
972946
230018
913135
961992
504608
659866
77939
512865
371800
772469
606936
885760
715013
8778
664108
639432
753245
348393
246444
557593
47253
300394
854695
528462
831632
401076
291329
601424
717171
420203
820242
481749
585300
284023
82990
694329
481680
813230
54272
459063
848379
649629
46607
832068
558578
158008
367715
829256
748493
377051
859200
22457
964017
852668
418833
456726
90434
827696
526368
56574
371253
529814
243970
331499
730243
433572
737936
738446
580089
62348
954255
832711
405548
30346
133873
883008
23819
601293
475637
228904
624269
289215
80745
47879
610057
556915
738128
635843
885668
656362
426782
211182
270244
212994
490079
287561
593187
556348
632120
123162
745312
250344
375558
100517
921904
690223
556643
74506
973266
359037
210311
783419
683359
73
409802
559255
338144
888322
114887
637992
704506
984792
911005
858038
958084
700707
773263
66694
143929
88052
962955
692210
315465
62071
924552
373414
729418
495937
349768
532852
490764
963964
640829
690005
632649
999276
185032
819901
258811
384605
644764
193113
613128
186219
912769
123432
260505
513710
907509
667187
751304
313216
215789
686251
762103
979436
453305
562781
832446
127156
713797
783124
732860
170495
191995
228363
584207
471709
812038
657357
56478
975609
461298
757483
759763
69722
156207
959449
847718
827605
880373
929126
908053
460499
626945
176279
788208
162555
943357
604063
934032
558203
247293
20860
285415
218168
333733
580976
488435
126352
224937
183067
484621
142344
563565
53298
614430
278743
215435
986782
369456
426382
929458
661171
389474
573218
177387
861323
950326
678424
712695
522303
135237
296011
720085
703297
865362
685277
898336
123545
420987
154936
455124
492538
354123
778112
419697
419200
112365
643863
567736
815433
126204
568012
248466
722861
489589
118945
106640
750235
186958
590007
818573
179537
729184
796056
743728
940343
945919
929249
127118
25497
687274
415050
467308
440640
782430
428115
120802
550059
115909
741069
218651
814063
600203
791363
260856
902376
592977
439747
990036
403995
420155
490956
299874
864106
315301
634581
564659
172402
243314
600888
24788
386053
395204
161274
37333
430079
288712
583991
147236
629447
67496
920622
98647
971684
849700
569767
392264
102649
20347
72317
917978
284126
547011
351692
98970
398301
8280
375159
623746
393222
708721
647254
730647
778479
812814
66171
897265
275020
346061
938591
848795
269607
124636
704942
351824
913660
984969
134828
508646
675763
497206
581698
42311
792442
857192
811113
372185
316863
352766
707890
885696
365255
767230
970159
746553
650030
161419
338370
20391
398011
550771
695680
569963
327775
904229
879105
912556
755338
671104
16070
983990
360042
27078
559239
453630
998658
3887
779673
930691
465699
398170
217529
353105
27209
643806
155064
730784
260884
259071
516034
591705
298272
346748
905292
743800
693508
774277
81178
621324
626340
196235
652714
74012
652851
420527
68736
262180
379465
433500
971727
488253
24285
577328
71425
317658
443167
419925
626659
181358
962421
501423
357424
85611
320591
948782
723193
441574
723433
205890
215981
883223
254493
919342
884811
795516
367842
548854
60577
75100
892645
237938
363711
751977
209922
581765
140158
345023
813087
660839
136486
619849
916389
307357
537664
94530
146524
755531
212345
178457
777826
189024
656112
94574
63816
545135
934749
915514
144266
449822
593821
193611
513576
465655
352670
672748
274853
557148
652451
29603
606619
257175
513716
566547
316921
836623
893542
297410
618907
895959
232002
691317
470020
708513
299093
965048
652283
549584
784468
413306
526271
609003
182889
108436
74087
469741
69534
956906
636187
458873
799141
933930
758313
418922
780673
245042
406277
623177
827349
564686
739616
879960
188935
652447
337763
702091
124369
156951
201864
432534
592100
248544
157781
929633
632056
845980
563702
649369
810997
450183
396791
597024
806007
297913
953435
269284
531522
496392
91547
94989
938626
301259
66046
767952
359932
642809
325521
307617
828439
369071
497284
382597
889857
340624
449249
590661
478208
612742
347689
711934
978965
201127
417229
825110
21070
932724
7878
139977
675689
710139
773329
493217
782240
376860
215435
542788
305366
93928
270500
363367
123356
155941
197187
474785
854048
566638
359991
593306
372338
61559
200340
844898
432948
298671
327730
467230
888990
400894
789630
48157
26220
291950
840763
30664
305316
294438
382361
516984
108743
620112
68784
197538
531604
257052
295769
862189
519859
421598
168745
483236
134725
183123
804107
924679
670149
421889
607545
823612
38043
381052
816087
711267
89341
951876
378540
129479
410498
11340
349629
778736
321797
253910
845192
899733
942450
47033
804122
180270
355696
82756
908877
924776
134379
590397
162082
151602
836733
327426
87991
127157
156088
835217
778469
390688
862482
45603
958520
316385
649006
384051
446924
353135
219203
6492
901376
136388
115627
659296
72986
618152
847690
267013
660983
967081
989337
977369
763757
623783
763022
369239
941119
751307
44522
811682
356540
207896
702686
867118
774132
680794
301659
880190
780824
304058
726133
814919
602221
62643
815667
165236
982381
464159
509173
459715
157306
96939
493122
617868
860351
435178
182702
21410
222885
130564
10276
534098
927727
289423
785237
732745
244915
572214
229949
332306
634614
583957
269903
526908
589538
745447
638845
361497
158182
802007
802214
420195
694506
434482
927451
260730
460718
712574
557711
367881
320190
834212
239579
773318
468436
867976
116332
761879
996554
762425
278602
24338
721210
857028
624581
43549
835956
748515
339966
678197
506523
485011
582223
542346
743772
911747
19352
261254
855052
627688
570791
209710
468766
254574
222339
309217
29629
245064
619605
449086
827404
330600
95348
754467
671288
4875
294156
564944
124214
646763
786345
146153
971358
489880
872870
8282
98211
332513
284524
141717
342830
348204
707369
622903
756695
742821
92880
806088
724736
775187
293062
187617
83213
693062
724208
714280
858179
89197
405014
542839
366652
669892
542452
615899
380933
417706
745821
346104
5012
127568
145932
741002
684777
996622
472393
970246
486207
32272
406837
745311
422639
515309
407154
329572
436578
192472
779505
991494
359857
95087
104281
219832
702939
955313
983633
355823
131874
858189
916330
682633
449346
893141
373228
891402
530127
548049
729212
625345
250026
207344
63334
771593
887583
575770
355021
583019
623646
282593
360684
274529
323093
98645
885704
810165
666918
701302
622260
32904
576650
548228
509056
981999
873986
108403
617536
135480
149685
219451
287860
921738
267883
639883
918041
547434
624164
620125
413067
527514
101910
534117
580565
115228
562818
84387
617623
816148
882
125720
897554
458123
987025
681172
605140
462864
50662
766958
594107
970105
725935
281486
386471
395975
404886
725860
737728
570215
234642
484667
768160
884821
599837
392680
834399
40603
400141
932252
302266
116984
957202
710489
661471
361627
868043
755714
377752
485134
1605
925770
131409
294064
334481
394510
36552
353883
548160
203903
198544
79268
899581
430520
938817
842624
685704
535918
551551
608259
800971
374533
569829
833476
443610
284351
775439
318109
913420
346511
492545
33551
360240
978764
900792
55810
547950
367169
392202
18217
50876
823265
774844
696644
338105
678936
881248
427775
130153
368252
335145
408952
236942
573346
67405
357598
525023
325965
657877
218293
213352
479874
129284
383349
429245
200695
45282
366418
665820
373738
237924
228439
567262
462797
318905
419500
87706
415646
620211
572790
353367
49301
584336
463773
912363
380599
935525
510761
801716
268808
720550
988741
103730
61981
301076
231974
677760
368527
5315
812677
664813
241228
147527
74696
602171
213831
753211
182655
67444
594768
401197
362697
84195
856254
406441
503063
713462
571336
114145
736136
594990
895603
10422
112500
300480
814053
762085
365701
452300
947417
243601
39167
709815
515372
728936
632992
189991
815956
133493
289121
460698
858928
498242
171357
267427
883641
44392
254409
360131
759576
932469
99553
140000
701842
838456
274148
191652
161950
663787
119349
414261
223384
101501
177635
869004
178125
89148
85506
967988
187510
857052
959864
593890
62722
92134
232852
19499
109772
175808
63320
476198
803884
913749
775383
938910
512361
228385
962297
832884
247180
897818
592924
1808
804368
619966
610773
422209
242165
352374
523860
895353
694515
594660
235173
840414
10508
575310
69651
865038
931387
661990
973927
764082
960840
282165
791950
670269
838077
672548
294616
715074
23155
638311
792157
487536
944069
910214
419770
922539
284326
267529
104825
203143
514319
982208
511631
233123
830224
90668
101118
119968
450504
619470
240475
97981
397424
946313
294634
905873
747409
773110
480165
170019
629462
54469
9628
380649
972540
201546
166262
269468
568613
65132
856277
153460
868492
552293
365272
585669
979796
562486
977977
391926
196793
974187
266135
819545
131175
890438
584847
24108
797993
157643
242627
515564
145722
255335
97084
268304
549560
595518
586988
469801
460982
403536
868300
29524
637872
745671
526692
158872
471321
830431
515369
874403
282001
436338
358144
788572
649395
624031
160353
839588
450378
959958
528023
936815
525347
339395
43747
739832
220989
307925
877568
155366
950045
852010
134530
222393
75774
424281
756824
32176
146086
242971
449968
241851
211924
892438
73785
701592
505174
300808
531460
233037
738231
280973
689668
976064
843476
774476
282292
848246
19919
519044
438039
559654
623069
659375
262299
326586
772539
267920
776535
438369
200062
33758
795700
724051
908423
54541
866343
296291
272341
954549
522204
883002
224308
476449
310446
405941
921043
366135
595155
138269
148787
548159
305621
316607
2620
26769
316667
201512
136490
221535
482438
770687
309284
26588
507159
363199
258157
337353
642030
176655
117491
731354
380109
292159
311045
777609
665851
96801
517730
458230
421476
695298
26412
447033
16541
783748
469308
567878
115014
460057
387855
924284
478153
585886
940317
541578
225278
515665
289610
796286
362161
942193
57974
140652
338235
621105
869615
705911
307980
332760
966470
271039
476939
309944
899647
139687
573332
56648
577889
953153
41056
86497
291118
960281
211907
796049
293293
407899
330702
372959
556707
228001
392788
199517
255200
753565
502154
980259
92789
49632
643144
572909
605763
86020
774252
630803
532526
111932
906589
671265
926769
479862
923885
899794
563851
385450
495000
340014
430040
916098
628457
858173
536250
560806
383228
198119
379446
567203
770974
78313
280731
856631
310288
661174
842844
888251
243947
400104
682047
163565
409501
834081
322734
120474
338321
113539
991275
396196
12141
494471
969377
426037
274933
574334
748309
727681
120973
381218
75387
554673
854363
99864
817893
636081
422219
579461
629143
469975
17452
742986
331317
95854
64952
438237
629917
751583
486640
323013
184593
692411
408870
828210
65613
45224
336148
932022
923128
861861
588458
11748
48181
142651
68901
168516
566488
60034
673051
2287
181046
959117
245075
506957
192981
141555
514576
189225
430338
541051
83375
556206
77762
211235
240038
83457
986912
799245
202796
492410
825573
524103
225144
327872
766630
841973
132321
490111
967415
390301
824804
41865
433085
292559
896388
654982
871906
133999
753100
738585
205153
901216
756080
621138
551681
457039
979026
798473
747934
519769
989408
5917
707874
187098
809690
675529
623379
576851
188017
983328
590471
307063
478475
147493
350898
114386
775395
708745
912608
549527
862734
188801
458302
116676
449176
778755
313170
71348
986125
889950
87627
610177
822995
51828
870834
816979
96500
235925
875712
396042
925562
139448
326602
109956
806003
293528
911192
233355
583508
696489
989587
288990
209338
89845
909916
636250
827404
548632
868665
195205
955899
427604
435882
45112
213931
471634
336986
228326
6956
246390
10673
882636
866081
918557
513094
222775
83073
838006
6898
309101
935676
798202
335232
201785
358517
127049
403200
326935
682350
323874
785402
973367
356418
433983
159936
280369
218187
821579
213981
372742
58659
619969
309033
265935
227272
874914
831614
554309
19289
539026
502981
162988
653245
848208
23209
996124
773603
915089
175406
686381
469411
602487
563674
367294
831107
745651
799633
462114
714519
684340
39103
80809
545600
836362
480749
428166
535060
220636
8375
293602
569054
405314
152021
513916
428220
51456
424021
375483
364391
548704
162409
239378
200656
707819
731164
560910
76133
63107
680544
415615
956658
999904
944836
253952
629285
100773
819393
966117
265834
700318
836211
848769
539829
671833
209509
11729
247901
688030
352517
979529
301413
710476
601975
89080
402711
929233
548357
805978
811210
865861
966899
449658
724098
222884
256496
764418
442422
225062
558889
729377
653548
403965
515128
900119
1217
446058
425274
957216
223621
318781
132863
551226
99202
371815
415898
37781
143134
733629
583191
762135
29718
261515
576012
71305
878698
949971
845512
66785
554520
358561
265577
478892
240000
841804
765706
113176
687654
126475
283673
188891
179862
659057
