60031
930100
34418
613373
694356
70022
966687
218003
434256
923420
705458
26973
820361
264842
619278
287989
815925
277679
79590
997913
453617
340470
358101
558208
503534
666936
11355
258509
471800
370239
464885
479713
989604
519142
328408
687243
505238
672092
809929
793946
887533
799047
959580
602196
316683
623428
364487
440063
618820
232205
150114
693596
713506
900468
343933
761395
202067
266700
685406
563018
892848
883686
360725
314095
471466
518585
408894
894261
569043
556443
882387
494075
918918
686828
983979
574631
962357
851154
493715
932914
988301
776478
557511
575645
163912
433037
9422
293250
373070
773163
153519
855109
991497
327827
560915
111849
718788
11921
814585
832319
939262
671144
213455
7225
372049
132847
375604
880796
992954
749525
614024
276
393156
575494
260972
954017
702358
915686
534811
648240
571157
565435
521380
537284
986039
969063
974147
530899
691238
205650
503131
556717
698956
742822
485843
124567
812801
566580
685578
426486
972815
835444
809848
959527
364062
621417
866274
626923
685377
331555
196921
703616
400923
583774
758864
287243
846063
814408
408697
572400
281668
869344
605115
133700
404145
60538
913777
685850
250570
893407
598594
397434
770663
250193
379704
32304
426317
278443
484031
733888
371388
6887
704893
654071
912853
322938
719496
271324
843301
197146
502472
123846
557714
35231
210987
581319
736160
704199
115454
290758
935137
618580
2415
614763
699447
162896
875228
332979
572871
7153
884247
990947
959804
780311
401081
869848
716789
685745
953631
208253
294221
335424
597382
377431
94468
601012
841599
63355
621134
639218
885070
837343
480376
473399
787429
356941
137075
763094
184376
766835
921343
444765
296573
442264
33589
745750
232450
100009
489393
915433
638954
319345
399706
161567
724997
479976
714895
904769
566155
954210
140207
124895
540853
341928
514501
350828
954553
259236
147855
231430
433312
867189
329577
164884
539589
110243
81691
474313
685228
213612
297275
675653
624828
645373
243776
935002
569242
156220
255909
523243
91172
91458
292406
989041
107271
4326
689851
998039
518590
97909
748350
815813
801640
607613
973177
244091
377540
63944
261409
678995
359243
671590
699657
85353
822889
733540
987509
798870
827802
80025
938428
107607
144030
30174
162712
798092
40536
5469
735566
116509
785353
717314
559476
434743
221731
251215
685348
573428
526221
935052
953212
325657
54578
52891
215758
639672
646086
658410
254699
152950
393943
637185
50503
573415
343883
935867
844681
828053
337340
746577
869810
702688
358829
776338
652071
353407
475047
560559
193308
493092
49844
368498
39135
415742
145079
376719
539007
53016
114086
27411
98263
682847
224486
985209
332538
615489
236353
832027
251900
963632
186886
173574
738523
796229
456702
605030
778697
772482
172550
44640
862295
41200
341646
502399
261055
953639
169837
446341
148686
700716
752414
738531
191084
525620
962779
21061
257354
707783
430036
780612
396582
849152
555212
59391
648318
534193
570385
625860
315279
169571
262934
148263
590856
689274
979118
670069
531472
716599
424103
407235
217457
786648
27137
624479
630303
640730
444042
96808
816105
879134
929495
122810
262651
65770
149280
855169
424013
449286
367993
590831
588972
520646
646953
413064
860899
110056
712041
229466
775110
692947
349947
457611
301850
723904
89635
110666
482404
801076
857606
708648
911629
523051
857502
816255
793134
913297
993240
81104
142078
721257
490891
932267
268693
176017
515796
613639
906332
432028
292434
745522
75860
806495
115643
773282
394047
274120
56921
563433
909038
789351
791525
384775
94120
917969
635390
897945
53812
349145
802694
220784
710724
188671
11418
642045
370814
132645
377323
316263
971047
493564
437310
685439
67118
891006
707388
905035
240275
154580
667446
70335
484594
279895
385018
30282
420592
330611
905482
265611
831297
531880
905727
704228
522131
183018
365946
551911
778458
542761
544706
478126
299961
681899
116991
885127
13002
754644
758802
37515
85898
214663
857999
172304
676260
344103
945048
987252
336536
829815
395287
362778
54536
358367
674519
779953
533087
672272
465472
691312
663390
651518
509165
501854
637637
706316
74348
110349
132954
174342
794641
269671
556312
465607
781495
897056
32183
674043
703444
133643
968788
101695
654584
84169
552638
834469
242082
90203
188829
808531
118015
79001
715838
258379
226048
134332
459966
923461
473366
519829
100883
980152
146893
142240
62642
516088
294914
129907
917664
913273
907331
599249
473305
622449
87105
68444
119766
275804
376756
200614
873407
203353
824780
592168
47981
803761
768655
533387
229786
694968
974868
994148
853096
455053
932250
186813
375947
639100
757317
449358
57555
771266
82807
4107
924953
218032
436871
727639
145286
374760
190881
571414
399483
123524
822714
720288
585248
979415
960813
597009
967308
166411
941559
497405
54414
857449
152908
303681
595414
81144
396116
783732
561283
114236
795461
379389
647754
497823
569118
114878
740288
162990
327357
744686
599492
414522
435421
461893
484107
316895
730032
944080
680969
242081
292245
304676
291321
873586
793334
644911
866825
519056
983425
918122
852197
3083
838849
610730
570783
224228
640472
175958
560184
258385
143899
326003
865038
860766
252234
557019
554017
397869
602922
255757
694851
850270
361473
615069
603164
61833
589422
260812
44055
726440
47970
436850
14125
93266
50623
47704
155340
458146
112779
126626
189091
72950
342481
312937
107789
724499
66580
927975
418455
591590
790385
555788
450992
888038
695760
324909
995116
226901
309958
735260
486389
969508
946123
32594
976846
432758
171091
603017
667909
803901
254283
409959
154869
239745
498353
54420
86837
303231
158864
841324
804001
316078
578583
531344
979330
103644
822549
441239
969053
367671
226836
780642
380629
128872
821327
571150
184189
818138
551440
50562
187902
782873
255531
132263
505954
33429
681424
622391
935547
116741
887697
794543
895538
342824
113457
341854
973359
44006
119269
139104
3490
554966
32170
592740
166317
452633
102530
719080
231854
934307
584268
329543
412140
306586
512511
693544
502493
75286
330051
945112
178769
629001
11180
869170
205055
206968
589139
788475
598826
939815
524307
171722
502384
768467
976861
230628
2095
519065
374649
261606
242580
954228
983770
465691
579649
409315
524507
347438
418330
417385
347996
91129
760237
17902
930996
965243
441148
562883
895313
36968
326376
172035
348083
244571
823803
794389
907009
821927
367889
477773
108167
950667
309156
53106
820941
662083
840371
949338
279317
824891
391887
911218
904752
60191
462210
578010
52093
116685
506588
645229
21311
250284
399131
225118
540506
291414
999478
500542
652586
793073
544710
918682
956992
592283
838290
382592
244922
327171
744181
635106
514814
214357
518702
635348
393619
110349
204484
236528
228700
818797
882132
322585
566321
774538
971384
672540
411355
197888
828566
204850
732204
310469
8258
921378
882745
147739
635281
926723
541110
821471
43003
536415
788012
611391
280300
378612
707609
75657
997287
957012
227812
822238
752855
60332
359163
169285
914932
616353
905163
41499
80526
421270
828379
295720
438522
961226
232838
8654
700246
752479
38931
304987
195002
822389
420466
541117
410940
796789
542293
285461
511904
34282
631849
455460
971675
574217
314992
340258
132994
257169
878077
99309
425044
182797
742411
298911
773984
250551
194041
383992
601620
272887
611110
8954
730916
566217
832933
862676
67987
657532
147293
408886
985057
80854
53120
348227
699985
393173
336166
37
188950
303696
216645
437434
699994
774588
988943
233387
914538
34699
847016
860958
561217
322991
88003
353601
224367
293053
272728
766663
276645
660652
588356
966320
675616
453628
656636
330752
983600
629171
482735
682129
311844
127170
154808
882692
677524
495111
386493
517651
305483
486700
916455
947010
731022
732012
877886
875764
706061
561974
315872
738202
358181
412074
810909
700678
589648
19264
347570
603102
973098
623624
121697
279211
814816
173580
883753
445265
880759
860113
967527
725913
366455
262460
605833
949290
18034
773778
920554
551575
132916
258392
278287
743826
599816
5849
894077
197437
888613
65478
12341
694689
79476
735415
894926
840440
406655
120784
392685
123492
735095
834623
557475
998595
186978
301729
291298
769754
715295
15236
814173
929006
784727
469575
598012
351281
424450
112670
491705
717274
984147
812658
744474
46861
257858
685349
214923
89146
334515
842483
471639
708738
351880
507764
451267
445139
99648
387710
751111
455956
680970
723111
824490
41020
748458
37927
832121
425981
605831
356316
529251
990046
348686
5992
254900
516391
677447
846005
481132
232309
452466
84377
559675
37805
195741
762900
177052
404877
487237
239862
607051
314718
258214
472414
550948
808454
395490
246429
337242
923898
728842
131192
604048
57872
463627
493452
685271
953010
683063
251532
373125
261487
121199
12582
787822
565547
155371
488709
226626
183863
467430
528879
432195
683323
292136
345806
991521
125392
332017
149131
499379
777450
178879
126038
477908
46834
516029
531458
540312
148786
528456
389326
348010
807146
66270
310719
703875
32192
308645
105704
618313
617043
425942
908492
103362
779952
854852
14682
715379
917917
826061
1110
614617
197971
180124
870489
18371
249418
265559
494639
735754
541420
303084
391518
796463
386347
518451
312774
388175
934510
927680
280868
263045
73702
780105
354992
721820
211648
133038
698535
48751
401715
871145
366179
900896
234680
42771
20517
552433
808538
627279
313269
536386
27747
343256
844832
723111
138422
345315
651936
604069
26299
629168
23130
646538
870004
656243
621697
360422
110575
441817
6040
721449
894804
79417
873108
29850
201182
361048
117663
217970
359462
908313
412921
289555
661979
705919
65657
732712
953998
948576
396146
953818
171754
313705
221681
347371
510337
281160
517474
764531
378753
917498
399698
75637
214661
244145
551502
404190
874824
1953
505387
793049
855092
760359
701919
401617
562265
643158
640653
638788
771897
152672
183262
422016
679103
348510
245002
485630
531984
287420
234807
42904
44730
402052
829624
866087
81418
280709
848886
987837
498170
12063
399084
392124
734662
302446
224524
175249
571167
688401
621887
501969
73145
826390
941066
55278
601599
473732
982732
876629
466023
798148
83683
148840
245087
424684
409135
910099
399782
738857
841902
718093
135096
766025
466055
254573
759457
24931
796514
471462
91763
645219
151028
715937
91923
142902
90520
545781
453357
304974
399193
82502
983304
294802
111500
998455
866931
440550
521114
427021
703647
856978
448860
85025
763591
65809
108191
334721
322761
249273
273799
68965
324825
253250
417935
777801
256331
892980
653998
271212
212685
755633
13397
234275
705719
395292
808661
248410
782523
101157
351710
292840
610231
507763
385442
358286
239529
30700
803673
533261
263298
401764
934237
979041
67155
305759
270325
138781
895140
436612
75694
467492
616356
55457
407077
366273
686202
833301
667490
743460
679482
363678
723999
918970
535027
718592
252582
752231
644325
872654
53272
730147
767376
392088
747209
876014
911015
378929
674185
353777
527203
387675
881598
178035
930677
525393
240941
841140
939539
864305
212375
819690
97588
533829
522496
13397
285462
763181
720331
500097
660156
495082
967425
360792
290870
773129
534384
32289
135512
496426
570544
598681
31308
322540
18945
466604
111620
563126
651792
770832
772743
905509
14040
368767
963053
729421
933989
482383
431718
631726
360244
735663
172468
460661
425207
891840
406393
456555
887412
885325
835562
889342
837709
231849
398691
156330
937114
759524
474453
417604
255986
757161
198938
569763
625993
150327
878441
244779
599347
796282
138021
72311
188231
218566
285584
749859
325023
872943
415581
340467
362363
494727
742818
305891
747973
559797
784236
641227
576943
131374
719725
108847
566456
850323
921872
933409
439694
185511
975469
819475
261518
914155
189336
141629
692391
546968
402068
19303
538012
273657
657637
878356
692712
343842
996739
900107
562491
647056
722090
48770
487011
105567
985103
71338
368902
539554
214637
714450
560011
914978
843580
389688
742745
156150
994883
777907
702135
50364
558597
970998
338707
461745
197463
560129
82846
286195
862353
441386
6164
944720
607267
876100
684825
365706
220863
138921
126015
863657
140084
168297
632101
921725
184923
580367
417977
732783
819754
268684
160541
751491
982181
868547
538407
950253
242741
883504
3779
967244
528977
430070
11508
865031
890712
285251
488375
596291
107585
89762
889928
520958
698154
926557
492350
483787
479692
359884
599249
91178
960656
453374
803388
492035
66427
98819
193917
302335
809796
237461
232890
972740
822918
821281
244413
174667
893200
115445
314592
619743
297498
16455
111876
262644
413011
4319
966971
659041
894229
821026
736390
49019
182458
624445
225080
611088
600840
815210
437241
837565
798279
276066
814118
739820
484788
687519
447958
915822
496206
79372
997240
342641
812493
452428
992792
507550
781682
299556
945600
618129
715834
706246
208571
647350
748
712443
720437
820093
805714
306220
815230
881529
634756
171660
131373
358234
393503
136678
117153
564229
935253
983422
235235
671245
471454
578215
312871
534673
711565
162913
537137
189362
383165
928428
899477
823790
454122
333165
291351
597854
783580
765756
495472
464072
423229
358408
131314
101602
322188
358119
344579
231332
306730
262718
298757
112328
284946
347530
769366
733601
139558
655816
49651
488213
370404
483079
232503
353657
944503
340680
684033
814728
547306
370511
204148
397310
180919
155209
528537
816087
738878
283929
578719
136095
373393
925633
578370
114358
232044
111465
695240
916322
418050
715471
568872
307857
823602
323340
669446
513385
148952
438719
591129
844174
628288
791768
611886
965808
999222
944387
643781
39117
910201
632942
683993
88266
50638
264057
875582
577642
488176
260601
867810
785064
202661
426409
844405
626999
665259
462895
571109
593620
679377
814278
146050
387140
326691
948876
131457
931119
871678
680682
289948
73625
827841
151707
168214
273977
511588
718427
340189
817400
165922
718062
730952
428807
623186
9611
774527
362397
581908
852387
972345
69196
682918
633361
804192
881919
345558
648095
901842
50386
447122
439666
225729
79758
274459
270932
842554
503744
718232
795932
377987
434164
310599
548604
223644
910419
472654
140199
165992
205974
865456
673053
366182
200550
26715
271508
516375
12370
616030
142980
831300
621868
802679
296463
787864
351041
196042
828044
230696
279154
440558
627119
139860
767923
506914
967702
825861
915168
712285
48114
92438
255671
39427
83728
787919
292022
684979
308355
583500
317970
153597
965680
794108
315601
854513
760246
378437
542596
795475
401464
214277
387365
152682
190152
883124
841353
838519
303153
956069
104321
510915
496417
142251
214547
18834
352369
391960
185360
645043
740627
509089
65746
523705
581655
402653
678164
206660
571738
294316
920302
448888
63819
558324
732523
580496
657115
528711
239625
327819
36545
971617
850252
469508
542567
166925
350911
538591
408244
975782
155400
401247
540919
82107
413351
207573
511533
933196
373515
506804
540143
960689
790929
245119
779579
705690
727705
511843
858908
25201
446599
245025
182777
971676
225683
510947
660984
304414
26702
435696
811341
800413
8242
582267
336803
104830
612004
224534
694629
245228
646984
436356
644969
245112
404161
380651
254329
804314
891076
676456
388544
457750
830167
413821
716750
333882
505260
922214
583176
313668
601364
428873
593391
488864
901730
133579
984779
671118
402461
654591
770547
985314
459936
658425
824444
953637
355730
726721
395772
167001
35262
633699
823033
996570
953166
902627
501619
439072
790441
61838
80907
406177
289510
588460
614223
221075
531947
84306
297251
736911
418151
417492
569741
719121
298536
269271
479772
276636
658649
735556
226358
349563
210012
984792
583677
877730
951680
261528
649758
195122
630367
154338
983286
421403
812311
369183
142560
908700
525667
967317
566239
143014
330389
337561
267429
315230
333042
887521
84222
900353
282858
969720
440348
694179
172658
756362
947647
485136
886080
464927
319872
199827
831458
364389
38779
695445
231612
365861
632023
797212
166108
274648
854580
446453
968059
497747
968495
806189
604051
599709
122516
198969
297559
3297
379809
523829
30100
10367
665267
432137
610402
596092
626704
284648
295686
408922
109264
44658
963304
533891
558056
884346
742891
468063
534804
269537
212078
592005
21153
501345
108319
641677
102356
896166
547383
978884
171386
252886
121173
141689
212237
482674
65403
688372
823360
83028
982175
383558
659944
573336
358959
747132
515463
994775
431525
221165
562805
875727
315266
272563
892397
60574
362473
452662
798129
421677
833115
503715
765659
181482
390667
500220
163906
766381
122654
210186
145285
44988
864769
192365
581303
530922
695654
206100
474983
958554
633564
85831
31882
263201
546057
175393
125063
787081
415367
301724
730271
802738
240729
652549
653624
206036
69129
537102
237188
284191
401375
804802
57682
476291
78335
224659
823281
58699
505120
281679
555196
478500
428069
906545
461575
99708
257626
358804
438437
979206
920076
483074
295059
119706
942276
891435
2116
213560
360674
922609
389129
577069
119955
673888
902941
572942
93743
86075
812426
436961
990961
692785
215100
232156
385620
659055
883232
527941
731782
420239
845049
886840
974667
469294
580991
496583
112369
140955
368243
777659
887532
573739
197572
717945
273037
666793
664087
865792
499811
60330
812087
705295
719790
537791
798489
80932
140796
553285
594954
393950
480995
673366
9143
275908
88026
215202
901017
819230
832884
531416
512635
799937
691641
718845
618601
81257
555874
464544
95543
209534
781233
108900
902059
365113
818667
241660
597128
448416
745459
76918
811384
346093
357893
290798
555924
113805
12555
288803
494995
824964
80543
140902
144526
740525
960286
388334
705964
370271
32485
698505
355439
247212
416043
764909
483033
840835
577275
324141
200316
420341
682380
786887
917469
840660
24766
88858
524356
895608
603827
283700
13411
436187
833544
680010
282017
761316
857839
942401
609153
356609
2027
902121
168756
804653
707430
819657
949559
154129
40050
149077
814186
431943
888602
8828
584367
468985
845029
827038
32379
476776
547111
509531
491452
563529
548483
159430
93223
138185
983424
377657
984413
942961
125319
430018
844857
858533
33206
550523
273337
225991
872229
847608
30918
709689
759283
284441
587425
322047
69259
149502
340396
612034
208953
447514
784211
571248
919842
667745
352597
520513
101
383387
913331
3413
298637
471834
407603
885305
960432
323272
820433
457289
863015
902362
953219
365807
226665
824929
420903
29385
475910
975871
159884
549801
159422
516726
975898
728502
558844
484892
312735
328879
955378
562219
907318
383440
336722
706357
579862
816461
65125
957748
46132
2555
153612
742015
736022
50958
237778
614233
647478
900925
241194
984996
105551
783746
499273
572787
86663
290173
144162
338557
224056
163576
675131
916781
681308
808325
690473
664853
880597
825604
715244
729603
521815
158721
553321
611308
65203
4986
503488
551045
946368
324862
329033
744241
516520
827184
406832
717269
433292
661675
917162
94343
917141
318591
299795
984420
947928
918554
170086
349184
961893
721859
591448
102712
774061
643327
645905
451428
86221
18646
417352
175209
27067
555887
142906
800939
617292
660952
195462
872223
771167
644258
838312
425342
222250
724649
57488
303317
333727
664562
186526
911929
287482
724141
687485
934105
841322
758745
984025
375980
589913
760711
343934
80073
274394
504758
50574
837589
694894
334941
368735
698134
959283
666184
153519
529958
680426
95834
564932
944900
544803
410225
867620
689413
338631
390822
917550
507688
773634
158451
557588
484358
811723
179568
175030
294760
997521
754678
850587
469107
837827
981476
186190
662526
471932
225216
785171
796420
91786
439861
430725
894005
974618
879354
405069
714983
194241
250388
785025
654954
948009
466610
219350
943672
520790
106677
91844
352395
221012
644435
497205
5705
272959
727633
448808
484699
80623
833325
355113
31899
224574
804638
288293
593451
692022
712819
14444
552483
867228
751000
174536
573666
581587
787128
711476
604294
526255
483580
144123
393654
916311
545649
250735
374172
911382
404935
605762
861936
637374
492853
744900
89264
41273
839418
680249
656492
322413
934079
289622
838909
139019
362009
238104
635414
707637
360362
805954
818546
120586
372519
100657
341805
742543
690419
766173
939375
361403
157994
466414
408323
126367
387451
804344
91141
372912
690349
470549
907194
661938
705218
784670
918330
895619
445304
306501
636424
865666
429420
693138
793026
521882
976154
567672
825651
907630
807551
312916
647686
601443
915935
651841
456790
464132
490019
368410
117024
241238
677914
977229
39642
962810
82592
663128
184989
510840
376732
960100
906429
188974
286819
516858
209465
958868
473594
345894
945038
277098
178360
645351
423462
767233
148298
298767
557421
306467
836369
651325
356869
661793
628902
182005
56015
271799
906365
836377
681194
534877
822887
92231
279032
689965
79793
641294
215707
532843
447274
153613
333312
381174
566466
553578
371089
468106
581838
855852
806286
800112
395752
883638
825846
29443
317300
78689
356191
472542
689661
136692
789925
495463
398781
615682
599999
73715
214203
999009
881453
689621
962639
457602
225869
473350
534465
836082
909966
832050
169104
779564
968635
759389
476302
293784
996537
435760
814440
811044
638924
864676
863620
848574
149523
684234
833731
776171
998932
102132
582502
654407
409650
788547
918540
800858
145787
487247
601881
148754
486110
498092
83315
191587
301818
787615
145574
848952
992273
150621
948072
236884
389147
963132
767350
921930
793911
761337
681629
494485
149820
2725
357588
193621
329006
928684
952326
107367
595532
757507
502574
177759
929287
821102
285148
17572
787021
921579
865876
275049
796034
584702
899605
863364
758608
866970
895671
510828
416789
992425
343214
831956
876731
591480
708843
937374
958502
388418
550241
614526
561990
377367
440037
205100
739595
154729
279342
54725
962616
508211
628348
548543
340625
736327
132310
208519
450862
364722
473515
579641
345010
467405
312602
968251
264725
695075
855117
274615
369372
289530
908736
233522
798635
902016
187424
96142
986865
601492
959566
553432
264449
833261
589250
922127
745217
348139
621196
17650
32315
962104
706358
481924
734033
108187
703110
400608
985101
999769
268832
302770
37334
776584
837576
406553
986431
819441
669124
999960
368442
168033
512287
662323
869610
884044
982986
4012
982230
286495
348446
971354
796665
777057
840957
24930
309046
887108
317462
589973
322088
552462
118918
843494
123096
518879
413852
686342
769992
752606
772597
602462
167212
125892
990662
936424
596216
282437
857464
469163
494356
408662
649582
117585
957293
938911
516578
55910
73445
318015
807981
763183
250346
270198
381221
124773
795940
309492
775904
485453
123400
847355
256215
59637
335306
359219
398375
741452
888431
515466
184304
660638
889088
423813
276128
958892
942106
593256
730314
984996
334051
608958
570480
260162
213911
585478
704096
27843
316416
274298
119097
260481
460484
55165
272911
999920
223320
467040
541604
139443
177619
270736
176919
470044
99741
856288
825369
583807
565382
607151
838169
829873
759091
87542
473410
69858
152179
34608
327002
163988
96687
374310
347851
349687
270976
52566
604287
657635
239003
754367
325540
735921
975911
454988
565199
526327
525871
68059
501052
67870
269363
912744
555764
295137
334681
804251
157191
198627
932993
145386
466873
999789
3638
936236
315065
81988
919360
990012
510540
108259
86038
559622
786313
426650
764144
997361
627133
180035
705595
605481
430510
500572
628390
904071
863997
726278
288666
957472
201509
488985
810758
587943
593952
230498
188696
378239
881320
284666
871495
942818
610971
634756
193933
503591
83831
720386
161266
721331
78917
279572
4
481343
672467
569359
635363
537665
626905
163766
363896
365690
26301
689048
611782
690331
208114
816325
127705
225557
594171
833518
796506
675196
609230
228440
48132
427542
295443
412157
404465
550406
238348
259263
645966
519568
101390
867658
87214
35400
16365
820805
156986
859484
850038
292468
977349
282682
471957
685101
220221
26975
860183
281588
932925
73662
951050
639158
162176
834633
621441
799838
12657
782494
595764
52120
566302
216977
433476
374432
785418
160338
132635
112134
290145
269755
643314
374336
948486
291641
991532
130539
17096
757396
645856
915872
813748
991644
261300
109039
80900
183986
325988
734907
858805
116272
141922
281714
835766
118646
292696
494246
900924
323730
13513
622861
34035
204939
74325
648530
379534
761482
839387
393237
138303
55846
442360
892614
386563
116298
877038
688281
509333
811973
286113
347302
392898
877038
5307
246049
969820
841138
254958
301553
572360
519740
192153
530223
443571
522559
384260
841148
955041
76451
627142
388223
171877
400522
791878
415034
427181
344637
930974
685448
341813
549560
530843
440949
790108
929166
558945
245945
32724
511226
63148
894547
766770
156740
290673
161599
264869
491660
803618
997971
355587
577079
16593
582524
426623
766451
77740
375183
282935
214568
308902
183438
13034
385084
2871
628794
216903
755331
124089
189071
208672
721666
689459
985953
726461
363486
613363
907345
551373
296742
898452
526252
125048
992186
214944
699168
502416
23958
908878
70939
7589
230783
895916
755394
618487
626888
924824
752970
989638
738689
757864
440375
68358
229501
699434
472559
292847
544703
226629
590010
822192
618113
941182
654169
72323
166752
326807
891327
296028
499623
284433
838064
825915
827318
860115
729909
807777
405710
675491
331897
465567
709948
637776
111684
102345
942496
914226
372497
300042
411546
620297
64461
609489
70096
760387
624623
472617
56413
788442
775598
889959
663577
738201
920932
375420
224961
676030
41725
127210
29763
401467
357915
244564
50217
883031
532298
400813
66335
792818
159515
878163
810530
306597
947359
515380
264711
549767
339394
352238
214054
626061
517185
196917
495649
943113
611145
375853
892628
152851
344302
37144
65115
106053
318084
103273
124154
234335
93342
312695
801581
243275
497697
179213
27341
508
708355
76126
602396
639728
737637
409430
346797
280020
676107
167179
526899
99334
75764
624914
354532
333173
544346
764143
14025
957220
336584
789028
268901
6990
789459
505898
37887
88548
373174
659838
405454
188722
439694
233938
433473
326239
75694
633188
430504
220371
138016
653484
527298
945907
133305
741871
764836
618567
598232
56817
71426
170941
540283
448071
662365
804359
748733
686794
81609
961311
626288
786664
890586
959850
373075
517972
717738
629626
490288
525406
443722
775470
355093
904221
385155
941556
104876
433608
729991
641775
344825
612964
930297
917363
676720
528024
198230
766253
394545
171740
478782
820640
397089
684048
373603
27018
623974
447401
87501
528869
463038
86406
110087
72073
122493
616032
50922
134447
96737
377760
284099
555024
534803
410379
796004
998571
471613
281944
658564
832422
981186
536099
740691
995852
356831
818874
508319
44405
232284
29203
55900
191235
19310
272992
743827
253896
181228
196475
319914
233797
456108
693692
791820
195790
798266
388842
933172
451081
558900
164878
507611
220821
408581
213411
328316
303111
565372
45993
393152
279695
848648
92505
981516
710137
344722
285298
169123
426127
807543
553394
64952
239645
43937
481504
938900
668685
521409
741446
290720
403568
764778
446461
15888
790173
410765
688416
924908
107444
434701
239778
564156
351548
266174
103164
178256
289258
750463
424254
644457
165827
810481
127047
373319
888920
746323
14288
133904
255728
497980
302370
757530
473796
29684
683304
907349
682724
376303
509407
934744
555639
900134
319017
466374
904735
146899
396673
945053
902203
827338
614346
958939
405446
999599
965312
35533
594269
802904
416655
62965
389917
522496
478594
594391
740907
520740
825684
820512
851277
255037
25251
400820
754549
148571
759810
203859
513822
397403
858605
28262
463823
661189
46040
533612
333181
930052
878112
552892
297294
373890
578275
975862
662839
274592
696299
267658
969478
62031
249413
874404
833724
449614
909040
566963
87570
70784
501809
284373
295580
484457
23363
101985
542475
655301
614316
80272
764557
863109
831147
13192
716431
858663
37326
386759
673570
628784
522016
589992
212731
75465
3774
564821
993621
211571
341003
342538
992881
401577
22329
642753
782653
818065
620488
746496
355027
348766
764300
330683
818264
807813
902502
772646
25605
518425
484501
310044
362562
353477
651301
328229
700206
486630
886533
634599
328380
800195
43446
476972
330807
805993
640288
109900
218533
427367
571967
313783
499018
5347
263802
421409
743108
294424
831380
267594
927507
948525
916795
943529
572347
555506
735678
20213
849858
75833
636892
921359
488788
949711
524023
55119
212935
849622
406248
709481
819448
383808
404396
389307
451220
2090
866619
185527
81907
843475
227833
17960
190366
560503
797382
501218
125937
644748
913584
709707
688540
794136
184456
564799
653571
550189
7506
735141
616582
980355
277
883916
621083
549872
563091
624512
705238
635590
935443
198063
208522
35785
472730
211443
95690
724491
897976
846268
230153
495206
794046
21083
109471
40918
368973
289581
713388
251248
739401
405346
683031
230723
470637
129833
841264
329802
271865
583802
289972
211658
373766
211967
45230
892558
533433
544864
767738
790525
114582
338922
363941
191573
660716
668443
636208
841030
232430
982348
891635
828525
912674
420027
866527
898987
45682
399284
213020
425762
163936
544028
378065
938188
517399
798746
538753
758327
182300
711650
479378
188449
514787
968288
811754
841452
997822
559229
212914
663357
330993
795280
445756
825783
900896
868708
995969
696080
884713
459490
833603
694092
523919
373851
144401
232222
433099
994100
604073
43032
65479
433903
290615
86602
391141
280850
459900
103871
301881
593910
795466
877328
521176
740013
485228
992483
761672
809937
409378
642372
738518
632805
49289
294430
333639
202091
492569
764821
111398
17410
153929
466947
625468
820472
794317
965582
382558
945652
623487
750755
829792
543801
321692
79761
929384
579160
386405
611460
981085
734709
33765
979356
745085
495219
888851
455273
830926
715007
835149
501893
582892
61622
883524
164751
488449
851380
449335
881599
281683
247034
489176
846571
952824
428731
547850
477909
683108
822659
676876
7598
873955
281861
766703
445612
873378
177087
401987
212291
937639
857036
709264
802946
863329
189702
689984
292429
541849
861205
249754
30451
361224
632281
333801
640811
512387
103664
198843
528368
21714
21732
163845
430262
839582
797556
58020
920519
247560
949437
128190
664959
200662
545989
642183
162976
920264
687012
912416
460627
123849
959504
432473
99196
255425
219523
227991
398776
879815
926923
17361
861110
587124
167662
466612
247535
371411
212151
342247
981315
53876
830753
503272
75122
85791
308063
623253
110387
435814
651078
141319
703540
321364
319384
390105
303983
589441
360558
966598
43302
854407
473857
675824
263163
28687
322773
760381
932462
242308
466818
834716
893299
713514
283104
330918
745519
784583
960014
989407
904655
107327
520927
299547
274245
961726
435810
334781
862752
516686
647565
582235
251143
396296
881158
489150
561875
886055
970701
924165
295686
443768
682696
949480
898923
285293
223084
740954
478602
923153
694790
367944
233416
613335
163940
874367
975577
582027
735714
905642
55972
4073
72852
151032
294898
550412
883789
539356
986065
786239
500746
579886
608203
915184
552766
178991
70846
3523
925883
630890
11544
169474
665274
516533
611185
797297
196615
35543
833797
673919
576076
788867
173196
541593
403575
436227
855928
434201
704587
633712
492171
336925
378817
790301
937810
576114
123416
177364
849409
241902
760512
692280
449772
324380
102303
704138
581280
274
84861
61127
726044
4191
339091
666925
243887
632481
422059
20190
648239
736563
349043
191070
568275
883011
648676
713527
924718
886977
700618
690940
144073
834611
916271
371306
127643
376485
316328
538217
979111
931518
190779
943602
415986
465518
137323
565900
908768
707716
897442
274287
398891
731484
785467
281865
388670
541174
407209
47198
672756
490721
760263
725130
799144
52373
894972
930530
598456
393633
167946
332857
187995
851513
984500
303742
608668
682865
714058
277315
722611
272071
677650
719064
737470
548186
785045
341590
158881
901433
708099
298424
596087
219415
950403
42211
812787
386650
961691
477574
920792
960018
683705
374108
554449
292935
202524
804942
766382
666411
568098
981814
630267
507182
774318
771327
442111
694320
876213
907112
98638
137554
923174
359719
479627
247205
999540
477162
763710
890692
393985
447800
139598
417150
395496
726262
861403
545003
720167
424326
558202
671072
626600
980042
292366
106173
437226
914246
463743
966499
442576
961060
197082
366211
532166
427089
462277
124562
363980
35396
213149
943192
238689
701086
547246
232232
857932
517100
928206
159402
305097
904202
488790
971732
724111
723491
2494
532599
287098
221651
470420
195638
771610
527981
220377
735121
370135
805848
103032
344415
650431
161364
961700
470682
318126
621659
688397
588628
503769
215010
719486
186888
699447
864062
775318
73995
15180
338084
166624
92706
372499
723593
620818
634349
377735
616936
778975
308992
819662
378722
17081
469458
875779
83391
732390
206990
711198
635794
79422
587399
611906
286971
64447
115337
452195
576582
789196
775242
323987
513137
759561
366592
252391
322315
308747
375372
308874
63032
778112
298899
944350
92497
562075
595118
985738
133160
708601
346039
549284
379753
638933
736324
548028
528284
48548
825904
661891
600390
745935
948628
492951
883056
278219
870933
715372
869631
104150
895703
112920
231746
895247
442320
18043
172363
61682
569911
145288
592372
112688
682650
737973
769219
930983
17295
764987
191400
335747
865090
953290
913315
574256
537134
374029
708994
319099
825895
713877
376456
861316
82707
853092
491370
506146
857401
93465
93170
144723
937009
837043
710278
377822
212091
542659
71812
635720
790252
945010
204740
195823
734916
331628
418751
418885
492570
596968
635021
5421
891960
680342
351050
794667
869571
299556
195410
23435
433427
933868
572716
458066
51425
215037
84867
589464
250334
67268
208143
185546
628320
934358
321427
527675
884535
787165
17919
904354
22750
398494
711541
652916
625421
509283
818473
819871
385452
620873
851361
265568
728226
435048
191132
724033
630986
299162
313039
3699
947655
564138
696202
726851
218414
885211
808954
71356
948898
842770
506183
967066
783614
646689
976861
219878
485546
790512
919688
444275
264016
735370
315769
205555
950825
410370
450534
524406
352113
974080
906317
704385
806585
735147
987800
279943
996827
608244
519708
99719
943559
720957
551611
448385
346812
89829
306026
995862
880531
839090
675533
210107
368565
293145
208383
201049
901997
964268
657005
461637
813976
116192
540962
467991
658617
249530
546461
642793
850281
648790
600542
749742
321003
617492
13952
805036
710366
604192
366847
689111
379596
976411
428443
883212
708255
187179
254486
284070
32754
