539351
79368
180721
8688
332873
449100
395739
243390
62909
651431
87389
616755
361493
674549
769358
967773
97033
484069
207620
354114
772102
624944
545741
224237
977394
291702
672568
445530
723662
417399
621326
199161
948021
841770
858975
758498
381377
150462
388406
839126
388685
625898
691950
961582
565076
927987
168670
739043
150392
411130
313519
612153
237791
405375
19151
761288
218808
618358
883838
608360
341531
457668
702854
732472
719
185622
387016
136971
869029
915614
676784
40369
683393
840748
807882
674013
75833
936613
403438
82104
118805
754786
688919
449473
445110
692583
119058
141214
478868
8190
213842
977668
887648
864367
575584
302528
725960
600799
432495
30880
752217
439811
893070
816704
991102
377023
825654
919412
273190
725215
169475
645967
153860
396464
545152
697422
847088
354044
717851
941413
161515
957601
335607
327971
861119
701837
816224
770692
877509
330264
243866
114195
135616
824382
525266
976762
706919
894776
881910
581416
980352
782645
878176
832797
727272
806010
71853
785685
836079
367507
987564
936270
718112
998708
284658
889272
697310
523378
679307
178041
282601
506583
630219
13786
247040
335013
688706
747025
591649
429290
447757
273323
530924
71228
639113
478230
484517
845714
742563
276232
332888
465791
124107
199568
479895
251724
878215
975415
342879
519344
831972
910546
701849
349806
831879
225383
461820
822924
42209
58746
53711
229739
177857
924211
255116
72584
855427
31533
833889
957582
283878
371293
779984
60693
341756
818589
890230
341627
593146
509012
252136
637981
81903
38788
713721
586803
88978
5296
733016
845125
910836
899240
120022
643726
572820
354546
323590
677100
363153
461079
594557
926592
926074
235271
378745
187816
494209
27177
2398
715286
964623
21252
415707
773645
977969
999171
398124
219384
525935
816168
5752
447591
873405
920336
543322
946150
65931
328414
592637
880892
601591
659655
314656
478141
578914
454202
665401
985228
613088
48618
279093
970033
796361
319353
392286
378707
469420
867906
789846
95634
472292
428355
553728
131139
622018
627558
533054
763017
890473
209706
610772
391820
360313
542387
582955
967833
510948
211050
978162
127638
72988
259346
624735
837408
22381
308777
889044
77443
241575
492854
967580
411797
66739
960885
299860
480239
835398
891869
786214
988617
855028
447755
241137
592049
171676
611788
75973
840040
601154
696652
681290
23321
543162
644246
817600
890935
896703
483078
796064
252658
855331
734483
10914
435605
977377
643443
91800
7231
775182
296874
494583
748603
317614
314099
59766
860607
116451
313545
49615
309630
192192
105682
182243
803050
180220
23721
174778
261898
285506
855942
834856
765107
432358
950220
43851
127462
823409
517936
314416
143110
863325
102913
266389
340084
231324
854231
173449
768841
274962
244956
697072
714351
254372
933682
967395
686236
574760
539648
486132
144556
705468
338845
562767
867674
693170
882263
146299
81179
164009
762975
137024
894680
596919
883093
475299
701254
290690
123180
395213
152227
271214
252218
787722
90382
831088
891807
685548
491908
455362
11215
344592
858419
628079
430077
540536
964924
442766
879973
384792
846218
704971
88758
613932
746378
829664
808923
491142
988870
51428
701477
872102
506017
233594
314967
721345
451249
344042
89933
766372
657716
630156
484233
614642
601841
464736
734939
986569
18349
990907
336429
645763
405958
687004
689448
674456
613999
907101
124231
370657
5384
412549
913206
488823
257241
44794
836006
445114
806251
49107
837488
282862
338371
685772
166691
878911
344444
719699
58924
365413
280639
85375
910497
169826
782754
779232
782314
711529
657563
266609
686924
397273
864735
359274
357139
821798
491356
426546
267356
655065
849551
351986
647228
668845
44802
374789
492368
990235
280038
20043
135843
12016
192009
649053
766837
855897
217267
866907
638958
961665
564323
244000
378911
728081
442401
101015
623600
320022
875392
699111
527020
474817
356082
856266
536614
745927
362759
375035
217862
634537
647300
117262
445299
886414
572828
546329
412127
749963
311054
729872
883178
516229
690906
959343
936691
660910
64097
535568
389826
487275
617496
637212
915595
869718
862568
303966
368608
56415
146726
671987
516855
933773
365674
831262
763218
684323
11022
767800
287569
238301
423301
131588
535632
575001
741013
343969
101054
623059
76850
493912
537532
872905
172025
739093
660077
21885
891846
52275
973728
54745
407730
247600
107799
125100
202540
64128
703604
78163
513075
29821
506687
137907
547181
347963
455958
847394
785895
344826
834610
361893
978858
56500
877905
547604
850230
239191
55621
440666
625822
188045
958681
153945
512959
555766
542363
214698
722910
207223
26059
830337
898845
825068
545630
295151
825882
943225
662511
777730
722277
590142
858435
209927
111579
806761
251639
355056
856355
50277
201801
615760
539973
531311
747199
499778
824546
107978
782007
773226
672276
938185
967245
684115
943650
404297
817122
565304
548256
247233
755215
238302
171169
912306
609382
100830
328858
868664
687329
164929
33109
769347
336810
791300
937422
727519
143942
148986
872174
9134
615199
738641
272801
156536
305388
381484
747798
692761
844095
496496
431315
399961
412267
275419
879538
266649
581903
725326
130172
946920
131140
869035
163360
390965
831583
347993
59023
457695
843171
589668
677432
54504
846406
197122
887259
760137
448734
622129
304332
137823
767912
231035
702470
581059
473589
127003
850282
892983
672306
888954
999827
955003
522258
444242
13910
822720
618330
757172
27611
475700
427784
534948
513874
195068
194913
818530
661717
945792
224342
149380
425048
40287
488978
594814
599439
904708
614499
358596
654941
651024
874818
427974
563124
227575
86785
791258
222925
788007
475216
757368
819205
377890
182315
26078
753427
662124
128932
269972
372450
383392
272584
646474
733903
686110
625585
534877
120833
466847
991656
401720
925663
304233
816564
974295
883058
353437
912003
960295
707417
949166
614644
488330
199203
781612
527103
939638
410125
427582
344130
669437
931479
45039
592936
472359
116805
125343
72440
163323
96303
574042
60984
916317
997189
624709
422331
729489
737507
658292
222734
283421
718157
836185
676731
298509
620103
72600
651960
804176
443156
356214
112048
632000
547273
293231
728171
978879
173388
169702
475548
149373
769006
26615
884231
882581
826211
962856
189325
22423
938842
595455
68885
959201
480061
741037
510041
738918
502471
208360
385482
824720
404412
628182
371041
774338
962314
558629
485379
281974
125178
488311
143248
717766
435987
648827
607497
804294
380875
507287
657115
941390
150378
433537
937100
413205
512702
705005
841153
485176
59189
959649
296554
412955
976154
886244
170762
942630
927599
473108
942566
196017
307491
20183
69834
995322
666288
4138
879346
641555
987539
238421
651100
200793
228905
401151
617000
143518
470883
987997
829608
576744
535654
273350
286218
408915
75202
169571
793759
702545
303052
396162
959367
458642
986905
419465
231803
29246
191450
128583
408183
567583
49551
343398
394114
696796
645801
481405
246235
858464
665345
245314
348162
551642
993262
655197
189728
742941
108870
23191
296019
199783
198645
43761
842522
667774
860595
399185
62106
539126
759269
547351
622731
193296
272338
357391
136834
617661
819776
310591
675547
132032
201642
88287
795586
898353
861665
26728
705439
240093
117565
492165
208284
766347
454013
896102
777107
90906
913922
427892
229721
922437
659941
407583
791906
681353
711472
995154
656335
857501
44544
112200
110747
802464
184693
352376
53021
919569
165139
151148
399290
479287
650872
644208
139947
282913
577018
289573
85479
153864
796380
70069
48173
993744
797229
698144
378608
7853
359742
898293
175326
82851
491646
284189
845775
921253
123252
847250
489223
364063
66775
598829
552488
311248
530317
140572
543735
999502
922687
287602
997256
187373
235669
999576
705737
911995
850259
749153
722089
917282
589903
752636
149539
775601
546574
988866
83371
412596
334651
683503
658419
52159
988675
699950
503002
300362
796559
753613
415666
399670
592735
137616
247020
983918
388352
656865
91874
906920
529386
753061
601409
541451
489272
321321
508498
321195
932612
977787
552483
766895
65822
179477
432598
687572
468201
553141
895685
890762
157715
801800
123089
653820
248431
88644
921414
128749
646897
742741
27116
709886
406341
565487
996653
326156
311628
200834
829854
360630
553524
386572
893163
510140
679986
312008
957220
695555
335519
86660
393502
496309
458605
825744
168007
17925
840260
860434
977354
977680
128573
676023
507419
653023
805753
76676
312991
523721
42975
205322
385339
89589
705714
117560
289144
707325
945163
198218
975952
280111
914615
593824
911832
412909
749231
469097
627529
435828
283632
309694
846124
605241
810039
953163
417378
119983
369051
731880
835213
993254
248134
408454
87583
632077
911121
937668
318845
692696
551868
219361
978831
474812
127367
870028
535911
458519
857839
84120
980555
472494
436936
329611
577761
268814
572723
537173
159798
181331
548925
753182
965226
115847
547540
584632
406652
34146
668647
516916
668526
768623
503705
626640
686740
379984
653793
758606
804735
17240
144961
189280
62528
98006
509280
528255
816603
392177
344838
17690
335882
836271
841588
542955
918954
82896
695006
667494
638406
77399
891718
182156
933055
327528
933366
207324
457429
426188
864538
912744
998228
458258
82167
37061
537245
122641
450444
493084
251728
548680
539716
414813
923539
766054
531348
625236
559042
554085
514615
411540
109875
549072
682628
676879
925988
811622
758824
596359
962436
889495
489414
351775
627354
762667
109928
99211
882262
580802
574304
932454
702322
963830
754303
205027
277381
13852
9457
834139
719652
433770
340468
5636
350901
397298
760307
538114
881041
481228
666819
582871
236501
785875
443705
815287
385350
492421
934629
47735
956766
798734
713520
854179
455927
599262
149517
958190
790355
594550
187039
138308
732486
500675
733799
569532
6593
441057
806632
610217
293691
315264
485594
414992
612349
180900
874182
362547
844043
777862
359428
849548
115754
345688
771215
137429
594450
76262
123458
778372
893426
808984
514994
646997
281371
443412
317415
987775
944970
670976
982519
110344
268629
524069
499393
844852
478896
264111
944643
737049
774812
287633
750489
160654
710446
185221
993235
174402
23992
827825
731889
323048
618774
710117
97981
186768
654294
461889
338437
175697
458245
497268
748084
700003
696658
161695
472333
524745
826722
322327
808451
139883
861807
864329
487991
415746
880285
193592
448078
905324
139611
573923
270766
77087
566450
855426
284566
608890
258606
241838
864727
617399
626597
777824
983411
369917
715432
415953
646737
176146
813190
641153
738841
572014
327224
273364
503474
315434
149420
976406
514837
759703
95793
25311
704142
237804
401851
309330
31311
732759
402836
429823
258673
852148
455456
924265
282568
200155
352459
579681
130721
560852
434961
76497
642459
618086
530601
872277
834655
779980
733007
405187
193277
768905
260908
296075
254116
920211
789349
866426
128574
405546
505213
415961
121126
363596
462696
820850
711751
286401
33709
568946
31314
806737
318262
266858
985371
962646
447479
524079
815633
13228
713401
517602
872856
388740
630210
642826
254405
326168
307683
975709
232949
812345
536094
911454
159882
737540
719217
174176
544451
835827
241795
122472
107639
51983
616554
352112
265838
700739
252887
496456
702812
418572
409823
235735
923899
526093
168102
43456
747716
880896
899626
918304
794121
804422
854377
474099
77362
255199
241329
871958
591570
232884
457986
227879
587877
796753
411489
398472
448616
348209
653372
408771
903509
723250
683317
768136
813114
824616
494477
840913
346741
784333
205294
751590
173902
994326
245140
475772
153905
434913
287449
125433
573958
209290
450013
483859
637103
704156
450191
944406
717085
228132
291162
393860
352847
823842
853422
895318
394089
56345
885865
808289
773549
948102
847970
892372
339544
967213
900306
181406
46491
264078
653792
620844
828277
278263
647496
819984
341737
108659
607847
474749
350433
622368
994981
693167
780767
872798
582847
586215
434716
1315
267823
926100
211647
27180
930619
597261
585723
611854
182296
491963
832133
444907
292600
585364
865969
978623
444919
152450
377576
908378
882845
277410
500424
168424
652049
852200
610968
733356
824795
752799
574310
106060
489428
482766
336448
91909
125165
918582
445259
182334
134488
446073
5059
10299
896662
796693
102031
964904
624926
430157
325248
681173
84519
162856
380646
956033
214162
61906
429839
962895
836407
531873
197533
826326
589003
272819
642051
623636
586923
688307
497692
930370
872775
869306
398439
240962
355438
859922
338787
38132
127409
969557
989379
700969
988023
435380
486159
196079
553885
518611
21911
295499
156743
90578
287059
297733
309256
281831
446428
85277
658026
42919
46465
951963
338394
814819
158023
985348
628403
657007
648385
826409
4325
859710
463303
243289
247234
890665
225622
262198
840357
897166
328132
202021
748991
442709
382366
592543
152703
436366
192928
684709
585309
198326
14096
153744
284676
569881
895031
444358
104474
932689
428541
53321
269357
74348
230176
111145
709371
516076
551121
337434
732510
842663
683243
236768
41810
984975
393360
238950
588388
775244
979234
392943
707066
994629
320411
917283
592377
551870
570826
580875
247830
602076
726187
874392
737085
39683
846113
97310
553047
668192
466
662494
673660
608067
328799
592512
36789
331491
323902
490015
413356
267590
251831
57023
621554
723640
27831
850394
949741
155704
495444
739351
762524
194675
865182
801372
469577
170856
339614
765050
828042
18474
188142
676487
970803
677700
270709
605642
93019
384566
752061
273358
781769
986782
891442
284057
373436
79090
191737
269111
377492
39786
57898
857519
625248
921978
890988
341719
598021
667901
193004
805507
269447
878061
872249
791961
40695
634767
928767
658944
999802
834540
63647
341431
225265
931193
914919
419970
7498
422296
837619
733950
405987
977847
635743
724630
22422
45015
123175
480654
268133
764007
360286
556925
513539
454222
339272
160536
244413
818504
516244
230760
857283
765096
566393
749725
988119
782587
437291
332093
238417
203213
963450
898613
293516
469445
40200
478992
704497
250987
237477
9221
575070
396810
481481
551466
137074
838769
299437
491079
601271
454291
374982
792710
277933
818446
520926
822982
837295
180489
897425
253774
422404
213302
119778
798494
896773
498103
918520
119330
277286
813532
808504
793024
844130
168459
715136
27664
581959
444473
779772
793067
25819
926228
491497
304732
716074
818819
601444
612852
605549
581381
60206
916474
193945
477430
596799
517054
484353
531760
593795
739086
394152
892878
447413
174402
711655
310476
636503
150322
837943
787914
429643
336008
895132
973615
288721
754928
863535
570283
724126
908972
791174
52116
667861
743875
437121
493938
705509
841049
686068
736278
116734
290906
303468
5157
916592
478800
388192
970098
302947
679701
625142
73161
791277
984994
622830
775177
376723
2373
9839
531113
272543
447153
374444
582747
384154
915247
274867
499277
149479
646451
32466
365836
630972
106762
944102
631619
257533
621870
721857
305186
385015
766396
301879
252698
531830
137853
243270
211908
931907
311904
501215
211553
239869
416265
658005
13436
2194
392706
72673
760684
876251
887695
15695
817334
754130
817440
749001
578767
477488
239008
542079
260350
915687
711851
657903
242016
673145
587484
289878
534021
486132
806339
713203
997176
702666
711286
356660
768221
846993
883135
296704
795314
699219
383027
191520
508856
239699
674850
611274
863915
732957
497386
90956
791916
236104
469030
80082
774976
717644
632964
200020
886385
24186
447156
540318
564818
793244
223421
194749
882720
441641
731305
33539
68356
850085
457889
31608
258613
301843
724627
9309
966139
555608
946767
545694
937614
461358
10610
538067
831069
739201
985017
726578
623594
778601
932599
948373
305874
970885
72609
752932
256939
917296
165895
331615
748422
654627
162397
6283
618771
541159
348856
261686
53604
25973
954708
399719
851466
561004
371921
393383
88987
533677
305791
130790
934486
430934
222350
43852
858525
275290
909800
338909
685664
621370
705626
557128
294747
851618
699693
646476
644341
664162
208147
522888
27209
636743
278653
418525
134338
672214
692234
192001
697376
570916
320985
512611
805335
592149
397887
754999
614614
911599
481748
558493
630309
567642
205736
218802
781543
871542
879315
287090
100607
803737
37482
327047
606031
423972
706062
650419
195100
864128
381726
116823
457421
522746
853708
889630
841555
591353
763853
866441
819106
235864
396394
41431
833756
437412
580916
356176
890639
372915
944980
175086
687381
18847
776001
388841
294490
885982
766026
848477
743931
618495
803155
939995
675465
206915
947036
380809
879020
478230
637949
378102
709604
202921
634414
671358
545835
618797
848450
749590
641271
673005
263860
971573
120027
526024
165018
566880
678733
751946
574326
980112
545154
990439
13804
216897
172726
525267
104525
236890
388488
497345
898193
570484
666689
600245
744996
101320
722613
117192
651607
210042
435330
919800
70135
906044
743669
44713
130939
888032
768269
309244
684566
115134
655063
642123
603885
430910
317880
236094
325091
844803
833161
678029
898575
394229
437020
809618
820495
322472
287261
52937
586870
337902
258004
256488
324769
906358
4167
841685
570983
865055
732221
776713
203566
81309
919261
785471
46171
896198
216756
433304
935713
676858
204885
896142
396795
696877
399962
354771
573556
773075
750281
644613
273059
714342
612115
80016
825781
478999
34038
536481
54626
875151
419201
203971
265666
269472
987704
63192
625720
127629
55693
179892
734860
213938
448078
600473
530263
126738
906975
395083
225815
860411
120220
99664
479011
110680
738656
455686
467448
434259
964324
376992
764337
733732
49791
351230
320341
755195
654667
560873
946250
354246
922152
364584
835624
199007
258522
461953
255145
455701
82766
619727
597180
728662
526586
605117
960440
581366
21986
11356
488366
296286
416822
923239
64599
492628
594520
95184
360492
733538
585596
953606
16597
147046
328041
327238
917689
511798
155420
203867
219188
62829
248267
506100
424935
505110
133255
225632
617000
222068
132154
471336
646426
336044
238608
299401
81304
786321
677299
462540
800523
74121
466990
849092
815708
641248
857459
576612
48194
792041
281144
322170
810172
287820
387131
11404
301659
955825
247719
836237
129591
164232
900943
251644
800898
60210
416918
108762
40249
402639
909617
477062
458614
287397
510469
552694
503139
872873
386346
407700
42249
200238
834001
601267
474630
559719
586882
661228
457437
874394
818941
27801
434215
202020
967746
244013
806952
806627
654573
531375
681405
564995
586681
248721
607024
611240
830821
225201
624430
160757
844787
415211
425040
959672
901645
421784
244885
748338
588995
489512
709937
560006
98351
530840
839614
433724
642810
465039
980817
442867
707511
666395
687016
726497
847021
425411
93887
443336
792690
782664
445633
602872
198386
135549
155612
421498
509263
765696
569069
938080
928098
408212
127963
446823
624032
30300
817919
110406
925849
508534
746561
73238
415577
508082
963454
239133
292145
272302
114789
959288
649488
352463
315425
297957
488650
486814
311984
41899
748283
791420
382163
326374
918469
977412
346526
339058
884404
145852
439087
342388
356483
477494
435259
914304
880952
35657
289732
953066
906154
179175
23143
592876
150947
922395
509201
903473
27040
690146
341714
398652
858229
877347
865545
511800
491277
88779
758911
830044
370511
221385
641873
463930
52765
973987
265796
597093
437942
100339
819773
691005
984443
729986
306696
636633
442895
964224
329686
631439
855
799773
208388
439906
36257
235334
512982
586697
231969
435007
745794
810648
758741
247321
985065
543181
548810
281233
928992
670522
188665
909893
16749
201738
460489
396627
472014
704561
517432
864720
526002
482484
43476
452770
848843
935890
650787
188859
950523
390542
817442
605170
781355
63578
482155
624832
751611
295585
689711
989139
353363
47857
911843
212242
343064
439684
725368
16942
840379
896938
308162
233057
1963
885076
20218
292935
297387
646463
248223
792213
448381
247674
653367
253498
609150
110550
948595
644624
114763
979050
489072
361087
623265
170752
53850
174703
447811
872672
649131
60455
571796
729142
982993
81095
391876
801890
745838
228830
153447
109852
963769
245161
252129
251330
845889
508521
745918
563584
147410
644128
624414
307035
527472
111463
562317
599962
896640
896879
207985
17617
323846
194706
51356
344331
783881
912725
794754
848915
48467
686077
879748
728991
529109
648650
540459
581082
20647
521044
153264
696461
386604
10049
239095
794345
182740
924449
952861
774579
585915
135526
38246
135244
459439
24835
248985
973788
580494
71647
637672
725083
699790
308278
280390
962684
945815
974221
849437
399286
796299
539920
139160
618415
385893
826633
161819
571784
81023
448959
904339
779711
139949
695785
701607
87301
403079
780941
696269
33949
585285
547258
919546
556525
658946
168542
260401
716261
657507
923525
508861
715529
236177
290159
943674
537180
114657
303884
221581
247979
797909
936726
923123
184563
351356
67083
454071
352816
909492
531526
534781
798147
520848
620729
133116
387838
764436
364233
510473
516943
322333
583302
930638
313736
921758
878854
619929
238727
887685
982301
124112
592903
198588
454650
65859
987073
833035
529185
944922
625088
953050
442816
697837
345280
243028
838385
312627
431362
641640
605963
793297
241519
116905
290597
687252
778086
971541
454376
533882
74596
173107
586768
215595
915727
126165
642175
761541
145311
113661
248190
261653
280298
388892
596881
647393
763082
169142
956085
432673
554668
123745
287928
606031
661432
255019
940597
311444
967128
198107
426091
159329
780391
305296
206009
566559
166264
729031
108345
913342
568256
269816
260918
501610
263329
623135
659403
211676
726420
96536
47385
96269
820401
920995
487076
575173
121950
874312
988363
206097
4946
275988
855586
524434
638341
262785
670254
634162
247094
620019
373884
923890
758744
346015
351134
553695
812506
33990
818819
527012
68562
22495
295282
123128
747973
188883
378211
711223
907925
203106
278714
86031
14855
400547
957472
469841
85488
416552
189056
179239
631037
674624
903899
98405
79323
344086
879561
955832
699657
532790
26061
80379
956408
641904
718803
780008
365979
475477
257800
813995
874449
644254
249878
366482
592173
55789
386171
976545
665950
859691
736389
827139
542144
628304
267372
520346
924990
196672
87500
864375
858145
359571
923901
758053
444218
493421
746704
525728
346216
436876
852905
770403
600583
41057
252724
534431
19509
887637
985093
403463
363394
125676
81424
366984
89203
796487
772801
755863
133299
466691
288826
230114
362711
404095
175015
642152
114956
750716
209662
881892
183136
546269
173400
101028
4201
474637
989031
597433
999126
391807
805460
729351
859344
651537
246454
662012
348300
208138
328752
63454
334064
841602
437479
504444
862687
375905
865182
231494
263651
113151
597809
236537
520310
22059
329195
268338
349101
112583
385476
384484
317122
485136
201978
671717
557244
400700
28746
331042
430589
345660
813259
850675
438312
739169
714152
970378
465132
499803
952376
926724
488498
857884
769468
420642
555039
749595
308980
200977
713222
236212
553950
604261
155502
760684
681804
489957
663162
910611
302368
8319
597243
69442
955559
185116
713999
642628
521168
283598
456883
478609
660168
907046
307629
56821
957939
86755
524559
389264
109512
808644
463592
671926
416521
42815
917837
109942
215902
920202
483199
983672
678285
956246
679737
959424
504664
134171
837465
161807
816692
56590
509224
46760
982433
271216
896200
889584
778538
860480
884857
543599
571707
465
28871
982963
671450
100406
990228
126931
369092
957913
712126
672145
715493
609323
710828
194137
714034
60981
80698
725542
504295
587406
205119
791172
132376
217317
620215
121328
337462
941246
407570
627099
338337
693946
260376
97933
521956
82254
244791
297639
539666
739478
487786
586241
588538
118146
311816
781361
694857
716462
605159
614509
710909
245968
81771
497544
586498
225163
305134
676568
537131
796064
616653
147897
616654
974596
188813
150698
327804
664908
347625
454996
272411
722500
985785
332651
240674
759200
643328
457069
569073
901962
727890
945480
891211
357850
995744
862040
105585
506404
850274
443278
450652
400682
561375
339308
95318
697074
173276
658924
372469
214643
260255
600961
746613
30505
263582
407093
509745
312008
890377
903281
491006
346252
777841
708571
16612
941807
519764
630298
187130
875508
414470
623925
827357
90081
929084
686873
84492
73482
544056
142905
102179
216071
741773
477776
500979
30919
30414
119170
354170
432894
631063
568800
501444
185850
153399
657802
41629
330323
47609
167215
821809
790337
78349
767728
634755
890952
108760
739875
842950
899406
735829
435892
578651
585485
364582
891877
137320
691939
281083
3957
404497
250822
157789
325215
603158
659670
708504
640185
487561
94859
61507
3133
903402
42509
45165
931621
378721
947171
398118
367407
644695
767107
234791
885632
240177
159815
596255
466853
908329
976449
888283
364020
680459
737829
943760
372945
414154
341605
438088
974349
205436
886810
591271
130920
942777
388445
318234
457015
394699
41718
292315
749857
130706
752940
81570
345539
523575
939515
878635
18228
120587
243748
411616
618274
84539
170718
833060
720923
362482
718250
557500
202280
805323
230340
254169
926611
180593
928309
400582
973386
269974
178886
465258
913052
105868
222735
769851
573408
729091
88813
773056
840949
552480
41170
28672
846691
126454
301941
474124
628896
7843
206443
815846
792495
879370
518350
551949
853667
226088
425625
20262
403202
498581
583062
152649
416068
915353
78702
602660
870715
131689
173536
651856
265868
720061
354445
551982
239963
940495
719855
960445
41605
904753
32298
686972
863494
629579
542075
748598
143612
225393
923853
296111
775427
71069
535786
842089
516286
684430
157006
477075
514999
113276
189015
423311
547166
445238
476889
117087
712302
952026
434511
714667
985581
527089
33708
827057
244178
550948
805583
521609
358400
654047
721876
961876
909553
362305
949511
979393
167982
39613
485107
159291
694458
828752
760153
253811
404303
82591
624764
21893
739328
353196
554713
579913
23229
414068
389748
377145
619957
421225
243086
579514
961878
861063
97395
612553
653488
503189
812335
236675
916407
791355
722465
890000
588455
860282
647911
872493
25730
237835
171449
589973
71669
744152
256018
121804
22361
246801
691784
630408
532180
280621
819261
700092
158496
498814
552750
394626
279396
370542
434856
894756
43646
130779
526427
610951
852130
601613
9735
422196
792540
341136
340371
865028
640945
165235
389052
203112
146532
48155
6890
446226
816084
332612
401567
669444
290178
155414
226888
267571
917041
838880
888118
950871
675366
657139
68774
907346
861391
434397
384636
245690
816704
712065
255119
198469
759704
163856
698909
736400
546370
25766
315679
963596
604631
220227
228152
125381
114913
676708
797063
192912
890363
937789
538011
79057
688404
501078
928390
153191
492818
765375
366794
414452
715603
348593
95473
119116
30094
801411
913785
709305
820760
956614
229867
741224
672771
354237
484236
818037
963617
17788
30317
476302
797222
820251
25501
446662
30187
311319
69183
372472
853263
306503
650998
512854
750200
789494
126972
841293
579191
211233
797522
387799
244426
116622
378578
131548
765818
969671
957728
807493
844133
6130
922815
357280
172246
152910
892352
448937
806288
239052
488468
656123
289642
699591
282947
262995
748564
733474
254646
826108
68471
63869
587758
726685
85499
398995
394519
499675
366370
848692
934135
13228
521617
216025
488961
431930
343791
833641
201734
168943
845222
432903
107211
40099
283015
416598
568821
921312
811274
215370
966625
432078
866418
197868
947024
88896
853007
879466
568895
741657
27101
255448
588949
249628
866186
336391
425782
774160
390357
131072
320693
271884
965970
335390
10598
259364
41098
939013
320529
868656
285823
957314
834626
945973
126093
961665
750397
139315
85291
86629
204302
614987
913169
988232
586623
129674
824116
68111
237795
308118
193005
53288
664784
271923
788151
137123
446826
962995
654935
343722
891033
750136
588310
826014
437020
892327
476778
819088
967863
916587
35635
333657
54600
982883
74017
643607
242424
840233
623602
547460
524557
10048
267097
785652
539163
553561
728570
548843
45402
419650
757778
553496
832787
481388
745076
563122
191605
272215
620590
247726
252420
242972
964234
9818
979121
707287
892080
63257
890884
498095
55017
266364
761397
230467
108286
808761
523611
314546
475007
84042
924476
586055
813535
26660
862595
33536
396093
7250
356239
244217
575870
319150
655592
214074
745621
678652
167500
521049
809956
443747
751720
632333
18428
2377
340962
427537
637953
536458
986707
845105
228137
790228
952274
280309
5539
595041
645803
51879
805716
523666
161199
538433
276476
506597
728549
575672
147831
37843
676958
130591
587296
629001
67750
894586
629264
859968
460758
988064
522628
84923
562183
179659
387996
941725
962977
489280
173120
773796
723409
606101
466013
154566
305625
443492
883277
788966
521729
147723
910677
587635
893035
650588
516040
582046
740292
444712
623944
707061
885975
557795
298540
274401
721723
503092
557629
213816
479533
493404
766747
703168
709432
970432
805565
748097
520272
10260
353430
949574
519103
200870
495762
938928
917239
367237
518207
555830
654790
335436
840009
755580
558311
263118
435550
82127
506164
511263
860464
269371
70777
158269
530840
594825
278373
437210
810968
938777
978010
214087
787257
654871
601763
265662
570195
470173
812741
317196
267435
894245
602030
866713
414454
20905
981962
572885
337020
327897
575157
624193
640280
343160
568331
814680
557980
228372
390234
193112
302865
73952
352377
948208
65628
244272
749938
926983
776507
369232
293338
711462
291183
15872
373250
259204
605620
990736
4678
600685
82860
425300
644162
924558
154778
787717
564965
985375
136201
17844
207517
65261
673741
991659
527666
41091
232225
718178
486895
698356
203567
991323
335866
593160
802351
158747
836357
748417
849639
623813
957725
916425
304720
718420
174496
112377
324697
486068
641932
667528
967685
677438
347890
657038
247535
195471
251401
908724
68206
84291
865054
234299
78291
20179
105065
438373
354959
660681
382268
645123
407730
492635
92820
380124
608142
564076
352594
635959
705466
938587
361411
880134
664178
260997
828827
124847
133724
462494
693057
328951
91621
320359
841156
40781
191050
559756
383659
441841
98419
615070
221545
300095
764409
419560
861615
452316
290376
836016
485852
388092
965344
20492
667792
963405
613813
546013
733470
762819
670519
299309
977887
432513
167468
211553
95523
752673
574584
898331
896643
778400
692351
931438
985746
937001
649249
93374
106610
592060
539748
690996
491458
964027
520688
962524
406901
881425
91955
660571
699262
490111
813477
380112
339559
168965
411685
706181
756738
294825
432962
719506
428214
934822
81623
353230
891643
389620
227790
793715
447456
451696
348933
920333
547081
615529
808525
584031
737719
956678
874254
22099
644160
466263
727689
218331
404509
603766
483766
793192
668514
28378
193228
698182
480072
729976
252063
978450
562982
354389
948707
514201
709503
937197
622350
883471
605620
701305
585436
167465
243802
124193
413868
617175
635750
125502
259976
467617
905797
141194
944386
898013
914825
427879
970617
281802
820477
241864
460859
508621
866073
932800
174596
742469
515025
869029
768549
59725
686279
768097
380096
134349
388130
388629
102640
560445
161462
953577
581957
390904
365154
545716
34348
669369
18041
161861
574702
372916
280344
390284
382223
680467
50071
656424
756438
155275
302235
475918
617517
247451
578759
324370
553886
780897
700370
644374
194557
896473
25332
970956
811237
860722
688186
954601
616666
833487
264505
704232
896398
425943
185375
106231
629631
393209
802980
383554
522493
388735
219552
652635
790281
865038
611191
48451
31513
396856
307567
436952
133305
844222
64098
638426
705355
723813
891279
172635
23599
504691
833930
832771
966717
765382
969812
509757
520367
920466
645061
162114
292636
305397
735077
436224
877087
866617
609179
238310
927126
960357
648189
120143
640199
702720
587974
985416
850204
49827
512741
925376
903311
14330
925426
821963
232865
252823
942587
158227
307843
464946
237949
415131
94552
336449
735791
278961
133266
726896
787767
728496
69369
150590
562304
634287
206218
617588
542627
480842
19324
809729
835522
910858
684062
712439
883572
744948
571483
855260
653338
466539
434208
699630
482128
674242
36180
255351
825600
539746
885574
655176
187344
597780
421925
387413
48763
451373
344424
721325
493949
806547
864142
372884
245096
358895
488959
287742
575828
633329
584658
496810
959859
550586
636264
200793
144579
570347
896373
510250
145820
255880
972575
296724
304105
762184
690430
385023
980275
723067
246468
905535
752281
275160
938614
531950
333532
290722
472024
962276
900823
327863
567656
229974
760844
209973
620736
285768
660313
888649
855454
634992
845449
165973
542657
597929
199046
326013
472042
52688
354669
209999
617730
548671
352122
634189
923994
764708
720482
351640
382796
884221
646080
990778
759425
304754
331943
530191
109196
840654
947734
848145
362228
669851
8457
496895
173520
871386
605292
432746
689482
425884
85802
701404
563717
6528
204004
645349
253403
572746
136702
344003
454143
780891
698643
472493
748482
491923
425224
427836
288817
36416
77758
543607
206299
399233
361697
420089
480112
312187
193822
808513
855172
42615
847025
928598
7923
378391
552796
952021
485599
475315
93683
333208
871445
326293
932180
692805
194254
820493
292085
364336
894417
485873
276886
513902
341302
24244
439829
468151
527685
746849
419296
740023
717948
284725
356164
354353
808111
584983
124516
656528
947722
210869
430278
937676
310258
801532
701704
523637
769226
52979
698480
649888
16466
805429
784033
989163
135465
357897
883688
457261
151539
513312
295350
457663
321621
164394
811177
907042
789597
754773
63235
832716
708991
44707
412731
159122
375482
338982
80178
104499
802074
640283
732798
170622
540374
101345
721187
362401
602009
553300
359200
369872
761758
311946
331749
207758
798964
42922
283682
205147
993313
889380
589178
617530
823395
120784
293462
494942
109009
688231
833558
659505
76193
283544
606051
320448
442563
475208
588896
176453
573225
870825
511615
841362
825706
900213
597232
828120
126588
925512
615987
210194
873567
451800
446926
852369
936025
213970
743387
460068
595100
402257
425145
296163
623555
139133
793763
3289
37947
323134
906397
917131
625471
331100
507594
574249
515387
627509
584475
594512
713362
975770
923170
271930
194235
521158
42116
754371
543942
362939
841101
5400
405309
545403
889182
723966
895973
16160
137473
94716
764068
654168
541981
419815
693116
701313
776133
225544
450805
362717
462378
923243
851609
867826
82289
667335
940057
1089
917280
588421
235149
321760
517361
862063
690201
919670
701065
536502
480747
700755
804290
555744
269472
784170
959076
886028
