286320
527344
887084
58717
949366
550178
438493
623386
643903
531434
445902
912533
933906
338142
918655
957155
134407
542577
58510
946684
614310
245998
231721
107660
685613
909202
349725
24790
272560
927364
830925
706373
248091
275122
764415
701713
825107
58889
700433
781834
293307
711376
651785
388613
295571
427298
78730
798240
484602
465414
439329
63410
608340
892461
299839
490388
33030
155847
473922
523143
183582
15746
866156
846273
856720
875296
225844
592279
933915
156979
198651
127752
460491
692792
720279
513187
649943
293262
118028
123478
750122
606609
684249
411221
4671
490455
601582
994723
472805
207175
734395
500288
851426
340113
277283
346671
290996
899277
550159
93411
45106
277300
538079
474822
646162
568565
901244
831909
2500
877941
646729
609594
556730
806
457144
579735
699467
311170
971513
620333
432941
741541
488204
641783
42592
34245
329015
787846
690858
210319
902804
795625
889469
349726
489154
181048
2356
998682
111804
126782
198076
144107
212806
86272
742416
136537
862403
919342
728988
427714
718052
14821
176451
838391
767931
264095
235900
90739
964333
819448
32727
145464
776006
935389
87838
509128
279655
932755
569110
989501
103258
296033
90533
812037
116038
360988
905933
877118
251262
977613
12950
609962
679539
659968
736202
166863
319946
337260
566490
503982
567753
283450
335774
901725
465962
641268
857274
805315
563026
477643
441052
250736
871579
566021
729249
635159
719501
882753
189911
169257
288940
928680
262749
157710
893099
426994
781415
524930
600574
383442
788382
594122
325901
563263
940964
613586
910660
592992
942325
336677
641479
794004
540329
94024
27523
64411
16854
531379
582112
339428
720210
954157
31315
541171
83798
479363
872847
504302
699774
987236
341147
451077
932012
286556
436671
770045
899021
20267
113816
188119
807539
258
685707
790753
672290
392857
671958
143640
187558
89904
474178
192056
181729
448096
131573
106403
530147
157980
821027
694250
94833
239946
103653
513978
267752
572408
948386
89765
431164
726204
962153
278220
87769
116461
889249
959975
801962
698551
969176
32945
920247
195359
664951
44658
83177
592788
56407
486890
533097
311918
448492
918871
244327
720518
405279
651684
226039
342768
545658
647342
269845
829273
981629
190643
848777
572090
103117
43929
96933
384886
807180
920537
821228
831190
322116
532806
190989
326174
112060
477950
298444
861068
989741
323564
195778
911788
866254
400054
558075
952987
252684
851658
719421
396950
617814
254400
138344
517886
725204
589164
125625
399722
286775
168132
280104
33065
503403
47656
168562
186515
669226
387730
963249
120394
16618
458907
953830
310162
893878
399462
289625
742474
344859
323054
145880
310215
520632
964456
86043
486284
847929
547796
854664
77991
617757
955622
924241
119658
743794
913355
351931
475269
8483
413978
737594
266365
544680
27736
370296
195275
808091
566056
595253
604691
497963
399821
670153
667967
157033
395421
587844
449208
497152
347653
383414
627073
942018
319731
897290
909936
365661
432612
665357
563977
717420
722890
403981
712440
650793
873880
446044
492011
183105
593326
916596
127114
145664
63644
610612
330260
75179
90133
539401
74071
547565
362418
863144
960971
498345
295775
670903
348620
253678
385638
255115
47347
126537
906454
170892
292048
990963
307215
466421
466693
467051
525805
968376
330433
205407
574863
325374
152856
882116
681283
843468
207228
958277
14160
669697
17563
295895
584223
778620
150868
483499
397254
779546
458582
943997
462002
498461
834264
123722
350257
64872
515631
915806
728474
988454
363279
914507
395865
352843
360608
36470
86043
743986
555644
455947
661394
342566
679363
96656
418469
501181
658908
800727
822776
900957
157960
445517
362835
245602
96036
701040
837425
21976
787835
288478
248424
457379
861573
1928
471471
174078
964993
256517
433745
483360
694122
217987
603181
646650
210072
324824
310247
441309
430454
920951
403951
819321
5660
666878
3884
691137
570761
301291
690564
541738
834686
242607
703051
931153
747065
584731
699333
502332
33037
645175
919385
24761
754395
905201
483221
47586
7215
965043
61656
246146
940985
392653
861920
687698
305957
831441
722097
523548
686106
358654
825118
779649
191884
203604
76855
474326
206847
269383
240975
227112
869593
110222
70056
744800
374369
210842
195517
760706
510810
224036
171180
990223
436022
84959
554559
487691
502969
780301
371734
122969
263724
571054
683506
397058
504697
286738
913952
591828
46634
624912
219072
656487
534649
403343
871793
707579
845587
242753
288154
566397
238830
181104
891864
771496
642563
238257
325567
237576
631402
22965
827215
844506
499026
855485
686581
203792
389273
693358
33658
342897
839502
213754
411980
610140
888448
3454
178535
458156
135298
454635
737824
944375
880575
849179
428750
131441
885236
819525
483349
725871
682382
339724
991824
77445
653792
559857
90266
925200
615232
676009
641786
921039
350271
59850
596137
327020
389892
586143
243136
717529
426885
959450
418691
843542
386017
642985
526852
393870
610652
211617
938933
544865
11703
520919
381134
240381
785195
895182
80407
155557
311746
75914
899602
932436
271699
256195
402057
994810
357336
239285
366959
211493
600301
228436
229430
156283
341991
610589
780140
573092
963663
821704
539090
715012
212218
239642
630524
683046
89542
820502
854558
788724
527603
782163
921208
107682
334427
813417
589280
355627
629839
977349
606121
15476
878032
335772
496365
606348
697191
882749
978236
651733
91937
605438
74849
543868
610411
865112
93773
491363
413254
115471
392931
667873
10982
828681
777631
228319
532525
360385
580196
319075
174463
420115
210784
222569
182145
556151
649246
144941
290355
107659
912487
297094
116904
346760
354390
526828
227102
540311
882103
68378
862206
291196
216283
745166
499825
445616
282171
552110
919004
922317
249287
586117
381434
606563
670154
454570
787669
926248
42299
276737
727265
234315
965026
110683
767605
435177
598500
96889
231527
232985
863470
265582
480194
466722
447418
944162
9894
166732
978689
256882
935165
681747
553021
960181
599701
685752
359705
565402
170719
191795
15224
377773
93635
764931
510047
669112
713630
915045
285952
867142
506713
436451
880292
290115
640231
691331
212468
48511
600731
505697
780323
193809
793571
202519
447867
956504
196837
677464
794115
24029
571188
849372
197579
74068
565871
839605
98068
294402
110006
966913
935902
722296
126474
458232
665806
515197
406848
592229
862140
777034
492130
41202
811159
848558
394850
669340
485429
778578
342972
593477
129595
333143
979111
861224
536742
546715
177847
306407
583219
935771
161298
758976
242097
402930
394636
776734
44257
746304
192994
271820
81799
852390
723920
718148
480080
775405
814479
688485
859231
494726
417199
112260
141110
349356
57612
79257
536573
217829
649072
74650
902706
264488
126597
665190
660462
873369
24821
985751
927824
776112
806176
497658
403272
354231
297081
492251
692162
788274
872446
940537
95916
549080
39890
581592
448998
220928
554936
407478
285061
140951
852526
68053
282948
109134
245604
304439
413896
829456
104471
356072
531983
427889
920015
887285
441972
451490
694641
641658
292257
912160
207489
8729
165393
603502
309240
254471
318592
743351
881982
993728
561842
706901
762117
813915
745053
842287
974785
560824
852341
891836
297543
17621
805842
371303
771521
607744
601151
451851
400268
971047
195169
869469
434222
575691
751746
648489
81975
107667
160185
816117
400947
356093
316472
374210
621577
730287
938866
754800
438963
359596
328167
422785
445914
627874
211725
975734
865549
135391
985116
812117
960158
231780
682614
581452
321177
664978
844978
379631
72738
573441
987524
448158
395818
375088
291978
845826
560269
49174
210933
348790
414987
424215
328722
61250
213218
242578
719732
936002
3076
693911
426752
916709
748282
852790
935829
335377
51733
865458
722454
359396
866828
788501
740181
504726
48311
802269
437405
852154
881383
888660
615516
101859
628960
789053
771371
397795
839988
254506
438972
772079
604093
105451
946015
686238
52918
436577
218609
483152
538678
600496
87649
91628
333387
690706
80800
428097
768623
700041
432933
765902
895145
961069
159514
666397
683651
358627
843110
851401
744995
821934
823512
362849
452425
254559
551660
150437
317476
533224
328702
642157
272593
281871
16840
234217
919217
861950
859993
503491
80677
234359
585749
306913
359017
528164
408675
56454
619594
91660
166199
653464
336005
77730
187964
673980
349630
161464
957597
851165
506394
663185
117872
721868
707513
672019
292031
724482
859411
859035
703285
451648
91118
464043
322146
144215
495609
828862
360427
204292
753544
297084
24721
615411
699437
246409
412252
101604
60015
86392
929891
915435
821546
716190
280315
125649
827587
934785
894650
624473
817669
585070
298406
410013
734813
130153
468607
588053
68526
884799
227046
53561
85202
169336
237289
389055
884975
960041
603180
911998
648369
145125
326389
383667
27369
500819
438675
458208
473026
58011
852780
813586
279899
116155
673826
978940
767622
696694
743586
81023
101341
262059
903689
636619
948603
755715
319602
125023
232606
645636
134496
362476
206935
20995
119813
946328
544747
219254
171373
989982
592330
382887
379978
917458
90089
405061
792092
172866
568382
554901
521916
975416
72728
112645
412166
877789
329880
712097
129633
591224
582031
947871
938093
532755
844278
769876
629831
837694
186308
510922
951995
881901
286512
472425
302215
116860
92291
603729
69000
50963
942872
446154
195460
429797
369204
851987
996883
707794
880636
588823
286314
591277
237079
354109
526533
124951
743265
172574
222257
497738
693192
35794
226227
846962
936199
766563
161944
676533
947581
648291
723930
736404
31337
15770
420844
75433
115908
919959
712867
256976
15931
774119
783425
457443
681672
338404
783070
72157
350124
565732
733557
96800
364171
659283
106504
539473
29540
314779
871921
288609
89835
528319
572359
16999
54468
167175
447081
998185
264990
276054
149610
261562
838698
65815
631705
876221
567159
27926
548395
115655
599916
900011
460615
344739
518945
431505
851374
864751
844058
942484
784518
201379
340128
884009
165889
334450
228350
318039
297582
843080
676501
10771
647004
810356
632412
835179
826982
624928
65656
166360
811360
739771
436596
145974
195933
326391
602845
880719
27994
49198
862013
560339
925258
744415
143602
607716
309054
551191
485161
365582
515696
201643
777020
109396
196141
624610
49382
335397
313822
255407
749471
919854
925361
42651
173273
443593
860777
7041
478549
166546
746750
532723
105122
292890
739953
442811
981299
387893
890929
909627
297436
645039
346403
187318
857961
397403
250450
580199
998107
667595
758835
237775
581824
12635
748819
317517
310574
762984
896351
215141
940955
802079
840656
236003
39260
750127
744433
625880
888120
806432
838798
219907
471592
277181
965179
391756
918894
121901
287102
508265
226255
244320
384922
920483
400943
221541
844024
347827
97095
498072
23988
942214
549893
882935
920642
133728
660160
151062
465852
723100
178453
796649
92297
501713
914212
123455
979499
800273
634209
198350
213348
140043
504599
590441
517062
532176
770175
683854
763606
700339
64313
382171
312412
505545
940709
434273
408330
104591
952865
622929
672135
407339
245215
105619
797718
174731
916641
835830
206440
284394
315732
511554
104890
199345
121030
27048
770796
483514
648518
629467
101024
764783
885335
140280
130379
577105
99856
650272
575515
701717
532179
352422
245829
941672
566568
764324
137258
637716
863285
259560
624805
955450
64092
110860
272820
319103
361073
660067
919552
194436
812694
828239
341258
889549
44598
528688
406388
558915
183770
284279
881258
650772
238635
298072
673131
20664
335109
464030
698552
10703
72691
414296
537943
611622
948749
296113
597188
40153
880235
415390
404661
221394
936133
461680
508232
649519
511273
660361
420940
791938
590167
480491
930153
268530
431804
401836
882989
619006
712969
907782
126323
331234
415152
697290
41906
111442
762299
499701
738207
150435
546505
182491
524224
524489
615717
324288
899855
340731
576452
554118
62471
660467
219803
207232
179149
641809
657371
747364
283134
916383
774794
747999
216209
750192
644863
697667
89833
709921
385210
804636
65018
491969
691037
102688
748309
321997
571787
900164
299665
410964
792156
231211
426520
595449
56058
164473
814603
112407
462491
799238
793363
262399
76635
204847
839749
730716
541301
879942
959793
484664
790237
611561
76552
788119
796286
31280
778407
699265
599691
671168
276100
280670
41412
257725
780468
293433
738759
776604
312470
169575
297488
105238
363168
734081
363663
48696
311556
344844
667045
682391
220734
12026
428346
941793
474557
873225
526909
529871
667819
386762
825401
398455
343899
99836
161105
514238
806094
416215
586648
594027
201442
648484
918671
916054
584728
151689
420156
648895
38592
926051
65635
582779
650947
362188
483236
921992
630605
295356
878000
32578
169941
645323
294441
635567
762186
248020
826710
894964
338523
185974
679488
427179
574627
172724
812075
980620
790256
687100
90996
321224
709743
983045
896004
127988
687349
278865
958318
355810
385132
583058
18923
640524
212888
902313
734063
698538
227397
482889
342631
70627
703119
617722
676242
307615
124302
517242
765497
611707
793756
28605
445452
421526
185731
789589
686811
316552
278216
481710
50541
91635
76942
205360
770817
24817
569321
494983
583327
834861
235584
635711
243481
507854
261342
392520
823715
83405
154133
248025
363340
25255
986319
40177
563416
992750
380274
850041
429244
10491
266735
898630
905718
379198
519208
679418
877830
441462
718012
582986
909004
914875
725104
20762
866367
192569
907387
851652
283015
5111
434606
733175
727865
851861
206654
75260
980269
354389
972399
73620
289724
667343
210719
20798
660699
22280
722285
51285
748495
403806
188036
782549
491276
223898
454087
489790
668718
773416
741083
49809
515667
462434
584971
398007
536083
954696
867036
654209
303261
761676
109999
660874
259183
166922
700428
442297
383409
36629
915856
295395
121647
434221
356342
969805
664433
907596
174651
585935
761
539999
887793
961939
987545
482514
912866
416957
930222
34052
919903
894373
904764
294618
297380
444159
775080
376495
145257
235036
750668
169385
899656
767049
718842
22375
662533
642261
589009
387286
509183
859057
172597
75875
331058
200047
30574
542411
584230
100461
605727
858446
596216
787467
885152
496641
855811
162327
829051
392451
58539
57354
754688
792904
758918
508204
174149
531921
48103
96594
533630
10236
172423
247816
492276
328119
826834
47177
924133
241360
865356
300395
341881
896808
853662
196888
14428
759431
84417
902006
112700
422281
713094
319912
402081
758197
908415
475438
81252
960942
172621
197288
202765
702594
313863
786680
500365
966112
575748
321476
650580
607334
727942
863322
709968
511833
276483
800431
525252
359278
543121
924032
681728
924805
425709
863258
670466
139125
788648
948276
350633
650818
141806
347130
623250
210155
722292
216165
789969
607840
297085
106501
1294
779729
460874
716768
125945
619810
70684
556725
302955
690555
937831
558361
912923
390715
245077
627267
392185
354444
635891
532643
938794
168977
430780
48556
913185
988924
281472
401651
925143
655549
60785
860655
644262
391765
95946
486944
276872
395273
994525
796941
476006
346929
94967
98597
273824
315951
39729
152391
846553
213309
355350
475485
730939
852640
97196
797667
354894
134457
124449
335302
493808
227834
70228
876519
673010
910774
520188
749502
277391
893072
515193
840220
468874
268885
734453
732297
738083
848102
185655
850763
828277
854990
337348
123592
50415
944690
960626
438275
88621
928294
588042
266690
873522
152028
719385
602960
633412
481975
689555
295390
69156
780670
253605
554501
291817
222636
619478
470887
497144
625635
686616
429235
326306
644737
56497
46407
387034
325131
555457
914031
208401
939527
415023
416523
870128
438566
568052
219023
450098
795549
143684
29733
779227
889748
688084
186349
940248
894391
602828
533604
415732
871915
181579
49570
424117
833051
450385
48317
817553
416432
278990
931531
125840
325215
174724
48005
200063
946460
591451
815880
379790
588012
720129
853109
772359
8856
244283
907255
514667
799677
49997
410916
620139
518529
613762
353149
999744
334624
663001
583312
997863
651748
633164
86909
107132
71475
513086
826965
9074
981698
380608
183390
347885
68775
275327
208563
498748
462669
513166
276104
286646
840705
158860
218444
91952
197865
623282
477543
876184
688915
116731
124514
559921
215147
563376
870694
692459
433415
621135
219485
972958
537693
518999
524853
344675
333844
415731
258179
264591
801463
986049
418116
714317
613382
139773
763070
100247
748647
699534
617477
640721
624058
367341
615961
335106
599434
701614
103469
354031
413854
402093
629250
565526
534064
40790
619762
655748
515381
72144
398345
85523
440731
303239
472782
822148
911441
775892
997663
802741
74367
24460
446842
463679
835095
771170
650328
694894
181251
477753
798835
323933
408190
504075
506985
941294
246527
32623
300281
701092
205839
567882
666217
593693
312892
987028
470858
915758
947494
392966
508116
750813
514678
75549
634155
684213
332847
517070
376067
619850
581084
618822
940831
405898
306281
18716
428532
305531
538894
218902
630445
675670
585254
660949
935816
576768
567262
400862
833181
824545
869320
627589
134271
334563
569679
370680
349883
617545
72517
437861
548733
820521
877017
614537
172306
309704
309540
979991
301641
677008
515106
821441
758834
282352
19325
949221
907208
374352
151301
996631
298539
381232
796861
735751
361541
844316
653519
70799
605583
456270
120223
637468
795372
750176
250556
603510
914099
969515
852211
659757
286666
941890
358910
271778
794093
266308
197146
798703
532494
69858
21878
853556
55127
945582
834311
601727
9931
923099
200888
175383
264778
713239
517503
995685
153907
54978
453515
611264
460580
32009
943513
918227
813276
267620
528166
877741
772162
172584
256063
667493
104063
539785
237812
472488
752006
746800
570219
738209
726451
537461
253776
543043
434705
791225
298218
357814
211126
916003
223305
241627
342473
66805
810204
161854
278372
971466
849375
179159
358932
708910
27953
403773
361405
651290
649731
378152
230491
106570
487277
150305
546019
953725
982874
86664
849928
512393
203428
765442
32025
926808
937531
785341
247815
691971
509054
708961
290949
650953
221548
741460
997448
946156
723572
906794
711150
480680
536616
74920
586490
611600
892816
59955
550077
683528
623835
662874
669522
454425
966896
241277
687744
150260
347811
683928
340994
356422
643524
82928
663586
801652
867473
351000
823233
607668
156555
925408
982004
163847
192486
679707
534537
166807
209945
494220
397479
918440
864534
266861
495059
664702
814932
582427
607567
972556
389383
508897
976413
390228
213873
105567
950881
598752
645266
902998
475108
647195
601723
990675
292917
604108
656001
392054
521001
416240
985612
315742
18500
515636
163535
405172
56880
17612
53202
903952
496810
38387
749803
779851
293884
908031
22411
74658
701796
813152
972724
338371
804948
497461
996808
649528
521555
8202
775741
739437
688065
593714
514029
117087
148407
309118
3210
159395
121165
276951
482351
27345
111477
852477
382609
650763
306756
464028
212180
388845
324369
825928
713850
724115
901174
574614
392950
832513
271540
181590
385695
692467
652275
741168
242432
910082
122278
684570
557708
558640
228813
23475
188015
135632
82452
625791
812799
631381
388121
396544
779025
289397
49867
260973
194536
382585
913069
453329
715913
842724
472698
168259
398186
391805
453987
905790
923016
326203
862196
348956
360984
642893
557012
385652
774101
306115
531051
722700
936312
660444
667998
989565
413318
402156
91061
683298
827587
164330
901406
166972
743364
740436
545483
133478
974306
359423
419510
25007
900042
95615
191108
781977
356978
638958
612615
119213
519526
309725
897630
901881
996864
985109
795896
3752
118838
76232
899957
13628
121614
802521
326381
956394
458284
701765
133001
656465
160844
805228
324943
502809
208522
971840
404476
627556
851742
572553
531850
104372
331046
255314
848977
60057
253020
202868
777866
828181
710375
424764
103278
8654
946445
894587
110909
463918
585733
707627
429914
684251
990250
934393
243795
473934
291724
500
619519
570962
11233
960272
277248
995611
815769
115030
594984
351233
77327
913452
48120
936151
219291
129724
21060
294060
247812
900036
890290
794206
989395
853882
562593
379093
47107
833690
278054
497763
497556
168269
800497
155958
646590
708791
375502
387256
469891
414750
153288
808772
909213
598642
66088
739716
14295
14205
895707
110379
371384
347240
222769
216524
251481
926375
566146
823317
275608
293122
103851
652652
808229
494017
176054
702053
643194
355572
101591
713373
568871
354652
88595
793910
639947
79353
344252
35695
862879
895089
704151
611614
385132
540058
568222
152141
661469
80804
896352
323375
377455
788326
204358
641725
734340
885699
332594
129074
30039
935033
687488
983583
657482
291078
683630
979819
302300
684279
837912
366763
257014
621454
131420
876698
560100
989775
744092
221365
839137
271143
87521
283894
97930
430970
48092
102890
409525
504839
536201
783729
340059
88122
911725
449426
290352
386895
3006
129401
159572
126622
765729
39438
195873
975111
610957
793842
784101
281466
149455
706520
799146
913699
428904
131902
233200
981809
889041
479367
529404
864066
24927
787959
29001
444525
328000
394058
823325
721259
133989
506737
132023
928866
955706
24426
167396
175120
722576
403003
715569
698384
335516
525514
584507
619852
237977
745628
878626
864448
28552
159848
327580
46694
751640
323863
185254
666500
358304
48731
389908
116942
509512
435113
720778
653752
360328
513876
70531
826205
362824
111239
255886
797125
507751
555935
439706
746198
734040
64291
365606
274458
764454
113761
428634
463145
679000
473126
429044
281715
861551
50841
92059
394348
538892
586804
589264
101524
842414
393696
950786
438434
501914
39149
343616
773516
341779
600555
3657
78774
894217
6248
21183
256501
638414
377925
287226
827518
106755
25719
808249
145007
279313
512408
761588
794042
967955
452135
289293
411498
999313
791010
611044
358099
164008
83583
550857
681179
632773
56194
976909
687518
40592
797053
714289
876802
50405
423850
471488
285465
969405
195934
210617
238188
740715
597419
419556
891370
801603
376789
62917
129901
806869
118446
453934
818917
281495
78737
550575
989859
324000
838455
455849
561988
344337
475065
479489
429048
138702
990882
532528
565998
264298
987568
641782
98782
966433
324072
855342
163250
53886
974611
272573
534866
269021
677208
813924
404427
165067
928247
255222
94555
467017
944416
126691
319195
511920
708846
607218
604809
830766
218243
718221
350001
253870
917376
372534
586808
7958
810465
452760
14341
191338
494196
586872
542156
854478
207924
520970
565304
586152
613638
891744
968181
397476
336591
610109
241751
35473
570096
778824
344554
486696
726559
756764
244439
445485
289571
697148
215087
622446
679787
37732
520791
691241
44620
16698
933457
102539
614742
372132
613283
893394
10257
878707
412197
842579
915801
796476
355436
945368
873107
602696
522383
419233
161803
549921
940562
959883
410348
979213
850295
319311
39771
973015
51613
358561
422128
837768
550930
787064
924625
867445
253629
3117
95917
927218
418081
956733
749906
200932
869775
741417
18796
809652
860395
169853
943451
870624
814296
350189
869807
694059
526595
369434
523523
372597
673033
855924
83379
527013
297990
896762
681531
435522
110587
776670
581485
42081
577691
543556
71311
858105
658034
277224
536079
267666
840306
145054
154915
453916
455900
71157
280257
824092
662728
773557
453688
530433
881425
410504
883178
291093
688095
657269
928614
276239
725970
755399
254310
263109
218951
304204
334114
269374
34827
921273
964302
139494
452250
910635
638199
674011
576402
915336
434741
414244
711801
644228
67982
338049
184615
250304
893352
804957
748818
369548
10856
274912
616116
798861
456171
306657
943259
853818
203551
758969
154893
507648
498432
925042
333269
9670
100011
581983
163438
386891
52768
251397
345355
743146
286297
596343
462721
700992
469761
960767
794066
224676
325459
115320
834711
178773
528784
398265
469961
633458
990620
627884
193132
661602
491638
97596
644888
758611
971154
464172
693733
689504
528021
220293
102834
268556
120940
250856
628306
463083
982218
859585
100628
484000
500220
300700
463150
412673
73706
38225
947973
73815
535340
4059
596764
980161
720646
173831
595094
730616
408194
277576
144041
135596
517993
463271
542626
928846
210205
972183
196878
229543
694422
846119
714508
152037
199543
889936
704877
135094
696140
507310
894597
850637
84259
941324
151441
907714
508484
279576
542788
602518
917581
802165
346160
235028
215471
85679
244046
651730
282495
757962
58602
287511
823161
171763
769134
14743
456536
370648
390920
290201
366923
658259
732283
712057
649300
508929
668543
81098
511874
280177
66774
172691
573001
892217
336621
41594
945595
181474
474410
514239
358245
200131
676696
558559
878344
347883
645933
137817
887475
469496
638452
714764
530042
61892
468955
397631
230037
384575
904667
467771
45911
857560
100863
906067
18696
993621
919636
760772
928418
888131
674348
635319
496869
35399
3406
139427
986071
29266
195837
697679
628571
681139
789731
591669
83053
53446
459931
711042
66360
921674
585944
744570
426196
53777
98933
519225
967903
505488
806489
680660
785271
729046
928326
413150
52561
197466
306303
634119
41593
104173
639636
403294
638758
348878
118539
359158
266553
839196
666221
233575
885394
916326
311722
84012
364623
892062
749737
59946
938210
629741
968176
298768
341454
181472
613165
888601
605950
537983
228511
699054
41538
765502
143716
636201
593959
784077
300639
941557
877489
699530
223365
995025
466231
652310
915909
828339
546140
948037
721682
92233
96485
97711
466382
771994
590972
335716
155668
584204
437312
859964
275618
797822
468039
984779
41953
632341
245489
649844
586323
886677
907882
768661
375832
916197
846075
292960
224029
276789
513869
383945
957346
375803
791676
613659
144869
529752
506644
747174
164464
142234
610219
907347
954748
521818
531995
771032
765697
578310
951706
670918
802395
406457
441975
329023
205594
339654
844210
936582
398758
524116
316985
612911
481613
716451
164475
946357
635691
824749
463211
543146
670965
732647
564051
117961
922082
382118
853778
283431
354486
618591
477556
673224
56236
291591
495148
715022
824383
972313
129264
535116
452245
994102
146801
295417
210505
631014
510262
704897
905683
832444
473108
140725
162774
162008
898700
979809
815238
454663
617537
990462
707572
711813
65492
113150
236600
245730
791134
215109
229306
243329
669705
639864
59485
893501
990347
416749
437128
281319
137153
24194
470609
204523
747812
735817
340680
719569
217194
634401
963294
78431
646587
486624
416177
496091
872398
158508
700149
544621
670304
99561
269312
8419
243985
748812
989425
811919
370267
892879
703870
320843
10031
189437
182298
236445
712110
370541
569983
757045
382528
501643
912477
955987
272533
806609
401951
552453
481654
455446
336470
180238
648839
195645
176900
55011
235803
95502
255367
954703
167604
610145
769953
363190
987798
235638
265184
939958
187334
804450
55406
521897
708516
151780
182327
176199
387106
593238
489010
128297
461088
447039
237071
715368
141670
941317
210684
986532
201597
203008
399443
841888
367402
509737
96035
945035
683080
100593
860441
729690
380353
415086
226698
175248
368616
297008
517408
286495
156918
632050
396640
579048
865248
247020
259220
335775
607377
117125
863193
5642
977865
134182
561799
640168
83410
105962
489592
45486
980570
40369
721399
563756
459762
967764
462279
30607
607970
481075
304077
189183
888230
756009
665563
80553
332618
163297
226457
900247
53085
122050
761298
43898
142485
539718
716568
91722
374783
114728
522069
616260
308640
761724
161840
51282
585005
447384
860056
657097
984100
306800
835632
120012
587334
600512
972183
379789
225265
743906
507603
253620
26717
182271
615513
175896
146675
115042
529019
494314
341893
966760
303022
282737
307950
333396
926647
242863
457287
595967
378994
39971
149187
8748
455103
901736
252712
277562
310986
816315
101803
538162
716084
152153
707622
300096
665699
994311
121080
109759
543011
729195
112249
881965
993335
441368
933208
167166
413440
708071
872468
675724
93257
638336
308179
949355
448301
410744
732002
416603
663013
447445
559818
282135
820466
190252
648075
103114
437283
753067
934264
827681
375172
405683
974702
377595
126371
462557
984626
908605
849280
812254
148583
356099
333456
467461
185768
41969
847214
704225
343432
542759
597919
862399
182691
832019
309888
666576
129505
884448
412110
955050
892615
277516
821138
118949
18233
435671
217255
969766
425360
848535
687529
927544
718868
375400
326012
176405
571094
482881
852854
811333
676525
338083
133162
681950
888587
587242
868818
738921
653243
641350
395352
224293
307129
166979
935809
660965
886317
424323
631031
576916
259462
178766
639665
130585
115759
260992
235969
84821
502129
508385
913721
381129
510117
272914
206651
230677
514644
14306
41308
2139
45997
657728
960565
557314
505378
662027
25670
893719
454111
227462
771654
316493
97703
448423
763723
547045
375117
856782
871442
215081
478733
42579
194796
798290
975045
185656
922886
345673
607123
340221
888211
452939
536332
150419
943640
924325
357525
842344
615123
255455
235682
742817
46217
911477
349321
217382
318507
437568
609410
523734
628004
832628
864445
75868
800258
737346
834144
134553
765374
390558
126620
764929
182953
910427
256555
73858
662069
798641
763880
634526
292190
216609
648650
6554
633651
319727
585278
844878
59973
192142
935713
369693
611051
367194
669783
744895
452142
733759
6923
616122
647960
889591
261123
745200
83924
209072
970334
792273
568642
421515
9325
794352
626330
819713
557932
620851
446906
605856
494748
253221
852429
902387
409150
930214
63514
489408
655085
45058
726502
95403
662488
800862
579591
432504
637788
510094
894471
363758
323834
557444
179505
27863
210106
817700
867515
12387
127835
906163
95823
503788
111221
15981
820024
358612
540077
780597
422502
953802
331221
113639
7133
863596
655262
455753
939072
617670
675258
418977
103286
572665
806226
272224
920311
872823
45729
96764
684725
671851
920556
872795
814569
503029
468318
584811
616824
206547
104131
468110
713986
662619
698081
792691
735176
179941
463535
851328
461367
265989
949171
714603
290389
675893
684667
608680
730375
121106
714039
325053
881916
135101
466545
786353
69626
880354
205099
873442
851651
398037
699540
637046
543715
463320
397286
246186
572505
120953
470815
551750
899296
771224
985625
86065
633625
935559
812168
412001
166678
635274
524240
729450
473541
420605
852353
683320
34231
967765
953904
784088
664204
932222
113651
310448
942525
166884
86328
856911
279238
422158
233666
993247
233262
73892
100546
561399
313460
206225
148302
844557
167768
77763
745792
485641
672131
792143
460206
447796
259731
718706
743105
352655
906887
308915
207796
750208
291524
848868
874091
595879
988674
768071
641389
43664
785302
418764
444992
791809
551004
590328
865376
528306
382912
362786
127963
124124
529769
308504
143308
772970
762435
59614
215090
221900
477928
821526
840300
768171
167083
305851
781587
671479
745408
971655
578548
768603
168587
670517
220264
567442
27971
804065
651090
296531
63043
36427
224309
407016
746349
420986
585583
265501
209275
605117
310102
86227
678436
496780
758766
903028
134887
310990
296772
880064
891830
556148
864873
825862
723010
347586
295182
371951
423519
642734
949497
362165
164117
392161
806050
260849
615362
622170
97132
401937
649775
511410
248963
177000
466029
455738
948750
597279
627307
24960
150801
425609
783192
357169
312483
484693
851631
312280
542214
5084
816676
672900
78312
258970
463209
612680
14965
343674
816349
855068
496023
144394
699666
889505
14347
170446
954425
339842
533473
207280
671724
787766
894032
87957
285656
592610
60467
658890
196037
662746
346852
342173
820100
860488
121012
650248
756212
549029
834116
955593
730416
228261
72963
859213
434328
676784
712708
587018
973115
740042
129914
595116
604062
902419
406035
925543
602924
756586
379631
728235
876089
764845
646524
194358
383220
621916
793392
361347
748137
140508
69153
616288
602417
40471
125956
443933
570359
617472
205824
613344
323943
625524
657838
69910
443956
446652
656304
679556
434886
177391
467179
857403
921407
936821
430178
658538
522921
262118
183024
279693
443262
857424
778274
633156
742547
692888
963374
240894
455073
283191
335572
866580
581425
808230
219664
714738
895396
527445
333561
327024
497564
785044
613434
37823
381707
855637
283754
764286
141846
704776
168841
576748
678821
300966
631001
689272
574601
878218
509718
159157
344139
137017
901972
326633
655373
923330
465973
775556
205215
14529
340227
269934
727905
59197
227696
594297
112528
583409
912679
414262
192495
772968
458894
183011
322066
989441
264667
454658
207306
141138
510608
615749
970792
121257
619988
432805
766448
347374
286576
886673
712476
814820
475618
222340
947977
670286
948705
545391
76290
282798
808367
203350
59752
180265
340948
617655
447354
72710
151484
799140
466759
682773
176943
70770
854125
288748
862312
348298
929292
763213
248853
776476
994061
495011
245930
151732
763081
915499
581538
395877
613079
650608
826324
211169
772853
588590
789614
136618
111185
298392
201680
832291
706677
85621
526407
545344
931662
539621
446308
199837
521559
146242
361657
875114
995495
575906
634031
81923
853843
684472
471943
103069
481473
425882
261099
797212
821322
892893
515248
169922
467019
586140
204267
839299
308681
831576
98733
184372
61822
303481
690588
641761
589444
266611
808495
435133
561757
174916
512389
721268
985885
834265
288867
187805
450868
616208
578120
696395
898460
507161
885743
44739
601947
75701
774945
749575
927669
609569
433716
122257
72690
359756
515747
493340
239111
227203
300619
423259
535076
640429
761088
632269
929817
94066
309834
535656
696550
929336
544255
953714
281501
491717
44798
546735
262198
913864
723397
697525
231023
449011
922992
138715
425950
668865
683919
896784
117461
33941
333986
88647
769072
181507
152884
193808
98813
699303
565457
81154
680841
308531
433508
224725
41219
100103
681074
381644
78479
646009
444077
50639
709930
806388
777398
101207
361717
694396
762354
221442
593248
652815
902600
236870
546356
103911
754036
39362
678268
849821
454091
509296
418769
705959
245899
915127
953601
134530
346654
180765
418524
601259
628268
947994
173850
281414
629721
452167
560428
866914
225826
750325
511198
66516
795599
82267
239525
230784
994070
320551
825867
250294
215628
94773
164404
476152
936072
555357
691915
269978
459094
701031
255822
45762
679509
18650
964276
319055
24110
228146
416439
55126
570481
498351
646465
366856
834381
453194
532215
707631
636844
479363
945500
311191
424489
140245
965348
876681
138735
792267
269910
317683
820079
954540
730972
231459
770429
865170
949738
639218
606280
91033
246921
466109
795444
296562
215743
912207
595350
542935
530717
