804444
611043
644720
742045
946128
754901
778816
92651
809936
361818
860000
758919
348653
708511
835556
615200
94833
338244
308906
685396
455980
29604
71542
951047
819100
177138
554922
909719
848632
529342
189923
210982
351705
747799
639090
487190
144774
280459
95157
766035
706138
158922
419282
588553
917204
942185
490575
238007
598075
820034
500049
999899
208876
810424
540144
124173
221122
378776
576499
248808
474016
73499
386541
999714
125533
34888
732339
806077
394061
147830
293624
648086
712296
620015
64712
7515
516314
181681
748125
886938
65574
275342
879201
65972
344759
848563
410561
343856
876805
825093
201258
578028
932832
208871
519267
907822
960477
26264
727943
513432
703450
960378
740509
587898
787759
67821
935382
738050
185010
785818
489122
480526
106791
701772
974575
13666
792643
850808
600447
188405
958683
671773
995364
443686
185390
401542
877723
718988
322315
713901
602755
869226
622432
29498
114872
441794
306209
719336
990865
818880
195345
7241
756210
920471
11184
922912
871054
611369
438146
55404
460540
688096
801271
896388
18485
421786
362876
828125
879784
998081
625437
307497
496122
590520
743829
450586
306525
478513
25972
364548
640460
119003
431723
230945
983136
184889
368439
851502
765714
779406
666728
256626
75982
273844
102797
387422
108080
122381
566142
136912
178461
331152
816838
31026
9089
556997
431530
126143
487264
470348
504218
752166
859803
333462
884532
529991
672770
699575
211759
836570
671632
144980
682154
163759
252039
217335
147409
454607
5609
30465
649705
717250
375760
296127
772346
841450
522794
977813
292502
314317
162581
950422
566089
110960
20307
170230
803679
83998
3946
376279
458764
607432
109915
550719
564028
91014
612860
140907
763896
371580
131892
957949
987505
382487
379667
102224
992173
615223
957772
866604
677003
379303
684048
279829
668660
345415
304071
371902
253856
12939
436013
543451
489922
719900
433672
186324
67858
785628
548161
306325
853941
987015
720742
234050
544010
12085
335419
280200
174099
740603
356217
494159
890366
779761
872996
240651
483343
687119
733516
608370
42285
41009
791264
674824
926470
181114
74793
477589
876767
815828
429547
104121
591483
237269
503635
23126
737767
319869
36380
623083
20576
210460
454213
502081
145570
611921
72167
209917
725967
347500
721077
40790
15480
412277
622485
781537
643978
478470
520789
794760
948568
966163
870987
772762
158912
792906
916174
315516
446781
934293
621771
792188
537929
637245
756804
739398
580205
841640
825003
957551
237990
364675
495255
887343
114037
381691
869089
634796
952708
983396
698078
303793
830832
94589
324344
252989
768823
155787
175723
725688
224575
539425
106841
944705
307841
284801
374091
47586
432464
352797
466565
57957
864458
967990
334149
627584
345498
827046
118488
881003
915495
563000
438168
186002
38620
291253
71877
435494
673557
726522
527999
832590
854307
589572
748957
190076
545276
924238
458286
317594
445058
972049
309386
213026
484974
816554
577235
594125
129689
403610
90637
693091
995943
599271
30167
484273
981968
270111
619206
412953
394892
67772
299421
712835
982746
241251
311530
67954
546926
222983
918143
560689
911797
277227
871756
548523
455878
108292
771670
915482
464038
950524
407702
477848
229688
830611
372528
317649
505087
513184
1614
641754
39633
908982
569369
375834
157723
636769
967636
756838
213515
637776
668949
767659
370334
29260
504736
11204
656390
530278
367905
166380
330551
792688
456070
635789
242318
437409
498551
206135
713694
909276
458099
624428
253593
863306
295368
515672
298264
790691
363118
369694
806023
644620
257985
585613
937584
289627
192410
804721
913250
726774
517129
918278
217086
392537
598896
246216
823069
146166
413695
796582
192033
367350
18759
567188
326871
631262
861949
328447
764422
278861
123150
45660
63191
956321
960153
12058
807648
743098
267214
573430
578383
961366
581537
62764
716783
864603
899242
935627
377882
381428
208540
215138
442620
604243
459935
910998
904831
687636
278669
679061
859800
177474
34630
932517
3885
305906
216369
873878
39586
640589
167695
977814
419647
943980
615613
420707
110975
839964
324550
122267
323768
985344
967202
722671
68514
874326
754448
484918
366725
906066
670987
784414
672131
157542
868268
645117
803327
406947
123867
643717
278761
849209
791219
566870
311784
721178
142002
738734
259170
677117
363609
894971
427947
181247
533158
94865
374535
742691
758764
951223
744606
895802
420300
762396
640891
894814
614866
581863
674304
257752
236590
204780
866154
816738
758285
525754
44221
214982
865683
422417
439820
88165
92151
398961
604647
810515
37820
788941
547489
512864
944328
872799
440700
628978
211299
82837
815795
602381
975757
684457
338596
975285
352059
985742
397593
348971
755440
720390
510834
537554
617333
75024
367344
496949
814453
208767
656672
944290
704759
802342
451554
50862
431224
621360
354261
231004
597668
629516
391393
525913
783793
22981
117856
940254
706456
396911
670953
915960
953329
133693
147387
660068
365803
936496
676291
459668
957349
273514
507338
350222
998443
867105
773758
263796
451536
358895
355931
257694
507812
467909
383478
816291
194834
373312
32934
635447
188889
185556
115983
320174
758053
147812
38348
119071
878025
29876
228921
170275
638363
914742
697306
719613
114029
270784
366379
556564
245859
408991
720644
906587
916086
740357
130665
462993
744388
168925
6316
115364
251281
256000
448575
279089
866590
119871
853146
397158
415332
691616
340869
610121
35309
233063
117059
298641
648144
496713
651995
426738
291399
119622
358980
845814
192430
332367
454124
801095
240154
314210
72997
267209
66388
114551
3884
16868
557425
287378
517208
406559
691663
358393
634012
847784
331886
698176
808056
698224
676136
654336
316674
972147
414158
213926
974349
526229
264673
182695
28019
268328
421610
470289
759877
670474
799671
491773
228491
606956
252530
679713
647033
228781
770079
737794
69041
237860
497457
696774
646703
787837
108426
81703
425558
52986
945294
83396
534996
947547
557347
233746
538932
866585
553607
685999
473600
345995
547533
73239
269648
421868
379957
64943
720051
728244
737511
621055
507129
96994
675532
67581
547932
120795
871561
672644
663049
432044
532633
20004
253582
5868
30598
672914
539617
4285
819716
501376
409738
358321
69290
825864
887086
817544
926030
582593
557562
683608
834171
792244
385896
566278
341009
757801
937137
410800
270266
605018
962703
471341
127173
5193
848878
844268
126432
265197
477294
814265
969718
879944
633943
601886
21987
981780
265690
506662
418960
444443
411648
178620
393904
965030
989874
918195
164246
917645
937955
187103
370416
113773
974302
970400
559332
888760
216935
719359
298693
911335
63441
983344
930354
97162
684444
309687
988939
617791
797896
453928
954897
125057
561402
477958
173785
685080
351626
762509
62125
83566
664871
402828
399488
697794
560872
364713
355595
26486
417071
772808
966728
395330
719996
90119
670218
974027
699340
98592
207351
892366
734251
107506
786212
881974
931357
646233
527371
488974
747365
533177
439595
446737
846128
738266
815100
920604
459937
131245
595854
954820
198138
64109
471037
292100
883427
323617
413459
615887
679706
515134
860730
329156
287352
766889
854108
53056
539356
266457
934489
930637
692406
808795
716324
399543
2418
857327
260219
63103
425662
168592
462081
458921
225146
344785
1657
97200
966972
324643
173025
980058
277500
954419
135785
372518
87587
992560
883470
199841
777323
385322
989144
798871
727346
175702
978412
978023
890465
875310
702798
984624
789939
737013
507575
677735
878885
512088
626639
516683
17209
858928
698120
334191
202918
628581
491287
342390
92255
381036
552847
256990
874302
878064
613147
849587
638669
630287
398871
65955
149553
747131
560204
254258
282356
889473
421318
53380
657773
33062
613396
913623
225038
678381
577692
674260
574794
777526
429784
791994
911905
832640
546801
717050
61577
752719
211510
49250
339258
687465
783161
684209
114839
932282
393606
457801
203700
593367
61953
481090
316232
368223
948251
529242
934768
50622
921648
516939
53981
674507
193857
166773
557340
151953
297865
501179
148992
324907
733438
12906
346862
93769
465253
885139
251845
365775
750674
873081
694824
696092
84987
107238
539881
914664
632504
795288
671123
156486
165402
102553
338004
194121
932517
447916
22085
140995
127211
348835
188888
684840
446150
306254
889757
17682
779697
568717
19377
836638
283907
771847
104323
130355
741514
876979
291844
14179
758464
388307
115307
123113
804972
5121
307874
626066
661336
31714
350928
25081
944107
377079
551236
747435
843234
524050
512251
524457
786095
936421
91982
574283
795246
573686
255355
996033
786496
893486
277645
317301
231174
473297
875
245132
967996
120265
281467
829324
823535
593499
642033
953176
958556
609787
602744
496534
553255
297978
438203
528177
249461
415901
625296
307834
39974
175562
942081
849065
591282
781532
48505
441282
237407
42069
573128
135763
817180
576563
271891
821401
161150
801883
371611
216451
501780
709170
764456
230478
964648
786507
918033
930191
774869
576250
848235
16975
711616
551623
743500
350544
816628
58878
772283
304110
138334
571812
484661
869793
724257
122884
803358
322463
23639
337703
233923
541342
180006
808033
787784
681655
14394
35720
653875
783846
99876
677568
214419
24942
480463
626738
550542
639194
871706
381211
995654
301533
266071
778368
156328
23771
825440
242944
928273
316289
150097
894082
754780
231630
750565
799052
212812
490229
882288
462389
437139
678299
286518
113011
494909
593723
16871
322190
57724
678505
286456
860278
753808
160116
823775
624303
607059
355236
510891
876650
605598
435298
921597
899440
518491
803255
396711
888311
692201
551853
528863
338839
315173
632274
874847
34198
619483
18010
166301
973215
771849
65636
66146
771922
605964
666005
238666
872629
781802
797409
1367
385031
796795
9576
341873
868789
553844
370044
561214
89510
562769
366721
720666
981809
806815
108782
485107
385454
302627
417584
76420
369642
632426
527533
828460
755572
953007
586085
455082
542484
348322
125621
22392
540188
119259
776438
684352
765398
915291
718402
793151
917020
537402
131798
735669
230535
359603
186963
897798
55999
738184
544799
926897
102962
534675
362472
373738
18080
895403
784969
327637
812370
992111
873797
663713
307882
21106
835760
416575
121558
390467
485740
153470
634079
324503
318033
588741
857758
757781
338534
516972
408269
46014
610636
774775
216379
111416
503419
233967
898201
726069
861411
823583
341682
82052
439028
558312
138808
513460
298553
660161
686073
886561
60575
51983
569009
916828
121556
2653
139128
771963
230539
474936
571356
983546
354779
289962
416009
770380
10439
942353
533541
127042
653529
456091
72504
965015
534311
24672
601545
522197
83191
411803
765444
8424
684479
257606
535638
611646
236357
382802
871899
694167
198117
989376
561519
180398
970737
671711
846689
23108
250354
412450
920838
935685
910605
494045
351593
631193
280321
881436
426080
764490
601101
397920
124474
668365
79470
209207
903508
380143
599046
988407
552011
794397
874393
296470
520651
219664
274992
651433
200006
167379
989088
5175
431553
967538
931813
820986
179784
361217
998183
258033
470786
793862
812127
723044
515167
116612
924435
597814
641453
386405
520509
656480
582218
15427
777802
999952
461684
340370
411070
382173
517756
679470
654900
738085
302554
252093
658947
86917
683481
874817
837501
561332
67251
406525
332881
955644
928567
774528
889680
282134
625446
339282
142476
173218
507806
589114
703708
930752
99246
372138
634109
28878
327624
410889
547027
535358
131156
449115
866893
123730
229921
977614
105382
954615
321270
863395
980167
654844
827719
652022
906057
311917
272643
575596
797337
230864
348746
989049
557109
389883
572796
258315
564946
892496
408877
593047
600736
299927
312564
423166
291749
588086
248163
95003
750854
57999
242641
957036
687525
949046
587218
502298
959523
931789
119560
361766
307334
97407
508499
706610
309750
901909
353123
7530
204578
5944
955695
130061
261312
509956
932606
416924
405745
318852
693859
918621
681090
481296
863814
345228
20367
261120
561052
495391
865538
660236
628344
541237
670649
740930
648443
428762
758086
417058
106728
521145
869071
878361
723346
183135
881750
990296
635574
800935
482644
438353
383269
809096
749374
290894
638298
278519
966121
765358
193514
243514
790921
832700
420825
302219
523349
699501
753416
973861
562247
507574
63692
398190
819455
678536
899035
944960
582215
822761
463712
683797
891697
684528
676718
474895
993117
661917
442384
528994
355671
56402
856511
345183
337309
219826
257005
389341
668093
503829
679230
727302
216669
881893
990614
714299
877461
632024
563149
901925
731318
464074
122751
771737
296558
585014
194817
342055
125379
13457
242158
327488
10749
870083
795359
183041
51937
560770
506744
370208
313303
812749
244127
220722
883501
89283
117960
712726
605428
824733
587756
639170
536328
420878
382616
284840
919214
698614
465890
69188
243734
878141
363830
338501
620735
147026
55694
240469
689337
818816
784128
280455
346374
905258
482097
309148
994138
444195
607079
436658
700994
154796
190909
682506
993569
67019
93487
89972
708884
764100
442645
949593
210871
123959
43821
290725
829057
631829
264145
868111
612939
221248
42311
519942
899118
179711
825655
426297
360713
624731
135159
339011
825122
207257
248323
915890
78564
763155
631368
890355
223110
916405
48159
360539
416076
557585
407
96212
434535
749600
808363
758498
980280
21526
510930
931217
365491
911456
417782
954173
473950
39869
372668
251774
30455
891510
358978
872238
361781
438779
893607
599127
282983
875548
42051
648702
77625
781857
219703
559750
384086
50758
838112
164931
388263
594774
897765
743580
227896
337762
516848
219868
761916
289054
62394
914581
335591
419801
86334
861425
151545
378456
978639
736854
373275
621198
432325
448309
442401
467449
894035
224048
429424
998619
214772
664934
916473
771923
14724
666716
401187
746456
899883
475849
715015
5011
703540
862846
801557
983062
666044
324464
324180
732092
357189
209251
365766
974557
272810
49909
657257
911406
992877
92549
477018
227124
732844
118910
114197
990819
151731
268164
319831
761047
842474
703673
324708
723502
92143
777004
721509
382272
660351
475806
583209
33212
851597
847219
889356
894816
391797
234546
308661
460820
51594
749689
183800
206756
806219
885952
385501
104216
456693
696583
510072
178610
162418
237663
839415
619972
499247
838482
410746
808107
628043
171825
209564
23020
753771
457912
605137
453993
22634
478687
830312
190655
527342
646208
697071
831551
459158
71327
899765
168264
899855
8987
3370
487806
872710
761072
514019
338537
450679
350567
495482
92460
355556
329051
18835
966111
234914
670824
644601
591756
12685
304433
997286
61187
340060
814606
607457
447002
298383
998417
155010
175301
375045
909171
202129
906958
283818
671264
578445
589745
301197
594908
801928
10134
940111
692496
776815
206571
410231
229493
371048
163101
254371
484124
255444
231476
627802
396823
660532
864457
659068
326792
328295
963364
901658
573764
521297
618614
297058
686562
167128
938799
122803
789414
456712
732285
48463
866309
593174
379235
728110
594581
787778
602481
759983
226707
784533
885158
523626
922192
550666
136542
862752
878392
213513
553657
316372
922176
580366
622283
630899
501996
983913
813497
903790
314490
809630
231926
576745
210862
35052
181466
399819
508923
949355
946204
474934
832971
683982
244972
310352
946667
120713
417200
165504
44438
782732
919448
229109
490525
589484
136480
754720
588591
960547
186274
898434
106059
182190
743061
773343
355007
55252
898214
219090
357595
339783
53041
218426
463351
539555
34204
400658
573150
447699
746256
170847
933142
596563
542677
854274
102285
285968
135305
690093
8866
166955
57725
418226
702476
987548
884460
959095
287339
705779
487577
454918
940905
286458
535940
427969
662029
563639
126856
825843
169564
14222
107924
96449
98156
674562
656708
171647
371846
163036
81499
584926
892215
715108
999775
773764
589043
127180
673554
161460
350055
182317
354248
166956
205914
890088
924650
900494
26303
665455
775557
98998
451673
700444
642767
891114
524171
149246
825848
962543
357627
183541
179561
220536
508258
267507
82077
592762
614644
758946
721304
796955
909926
104996
781575
881544
227360
441334
702966
370021
730369
29486
315624
423328
959881
829091
584534
238239
225960
92715
760071
593879
499040
753215
759944
546302
451033
735483
792649
805080
705985
792834
931668
332974
480925
679167
437034
984670
663473
451526
897020
761803
678024
140184
126723
922036
704545
63749
703292
474979
457398
479724
433796
291964
899242
695262
314123
892533
355726
353
439864
69284
137616
921616
767577
932467
909504
994336
150789
762993
526592
39293
538193
21379
928008
863955
554347
115256
819731
843816
767766
783418
664746
807014
956226
98783
179147
33527
111687
694559
308022
308041
32318
251745
230355
182961
988796
143406
593283
366635
734956
194503
912321
931263
258824
750929
748277
879296
859956
302
320085
254511
735991
879208
631672
979900
163990
285319
840761
227948
951951
666114
236932
235606
443823
478098
925632
638215
636176
505697
795097
172293
912435
518050
527144
982193
795254
485946
622786
229637
39730
764507
898842
786365
95987
488562
106900
658899
645205
578166
70951
767650
79351
810977
65645
265836
834271
655484
886346
164407
324266
268306
859639
273682
129838
421702
723626
178357
9198
615681
141924
806086
795896
264899
312598
627896
385695
191899
303473
586190
322321
196018
636297
183614
520788
622273
296804
966448
708449
18083
473637
683045
813021
474756
590864
518133
152944
493625
686905
644017
881860
74730
8974
272999
991132
525994
323581
331395
477390
186663
429699
241298
950047
248509
283795
804514
364729
185445
355807
293702
747083
790602
250181
665654
404221
675196
630105
149458
644367
873533
259595
712903
993677
645689
864821
54282
484465
422675
745028
528258
361493
482203
477248
992962
851923
493979
3705
193780
782395
148753
819472
533329
792176
227894
326687
559756
649695
555901
831430
939407
203613
683031
467027
388316
42204
451187
228685
697110
541450
675524
462301
984729
792967
235834
40922
612931
924800
394194
994479
649942
990701
754057
533547
235062
55523
903340
169509
844428
851542
580875
735818
231821
578671
591115
99141
580821
812934
220507
838857
361773
887485
187839
171582
158124
535224
749896
395590
220537
365628
109732
38890
871854
604451
29457
33830
882584
95993
758893
513101
137115
357815
99946
75290
608626
52570
93149
861909
472917
573790
131125
429599
623539
433500
374984
996186
289694
688637
675401
801015
236359
796954
628822
353309
752606
766770
493166
823411
589787
372807
985664
890186
479067
166549
567070
212330
17570
517808
121233
330679
275775
118777
359430
104256
917005
285052
417189
402213
769045
943593
582338
736802
537745
500269
65772
462652
338316
217837
855715
18950
983397
665695
568040
495696
475826
325252
610668
805485
103552
45894
237226
407648
243769
169898
918928
595491
357855
267185
243032
959123
67892
205585
481846
594171
852348
564427
896618
162939
882906
174569
429621
787668
79191
587414
272808
152083
361602
187801
763223
795800
354545
308272
608109
901379
884837
846469
495065
990906
559948
601871
665319
785176
690655
661192
198697
265141
739052
207302
978835
411406
100462
664953
890215
800529
893656
381376
301829
961224
173425
335976
977508
135775
516504
459649
178462
872083
428649
976351
698341
927545
509688
486762
247635
550377
334650
346914
48480
90437
774212
914420
991917
689769
29931
58865
325693
247217
16522
327985
226179
704865
529057
521923
834773
355509
888282
290959
592576
386374
686824
219851
764982
931670
337608
120854
127075
98872
845097
995380
495902
868319
907048
365287
14842
458561
966580
700710
671035
30823
467793
17853
747365
382612
998328
144448
219440
871375
271067
491885
830041
652239
40133
224861
610514
416707
81824
788071
182106
432635
732561
998866
52391
993206
987646
45876
818751
600969
685679
189483
816677
491624
482962
651959
740017
47508
882008
295283
842361
164577
412286
503150
976491
79843
170598
758186
10749
990005
995875
616688
803771
608933
1556
617486
252927
400511
947751
779631
34879
245172
118463
146197
682816
794215
550000
692341
539881
648341
911143
404591
943154
571422
973223
641896
289595
591732
280302
384454
521209
417759
266678
363975
266763
319210
221463
755646
741355
543150
637833
362860
652159
870520
869384
792247
935759
392794
956304
637833
480594
751307
608648
325640
422881
107003
89211
235053
14669
538744
760769
539459
393164
898742
760508
262206
769230
865406
548862
48566
983982
43446
447752
602302
841028
595977
185645
466085
702615
512626
522006
601289
806575
366506
55006
51411
410505
835180
486237
444050
815652
185441
898115
700151
489721
996206
760858
569771
752327
948502
802861
549769
608012
56588
420167
555195
172304
170649
702612
369076
444378
938598
326885
946439
285638
457575
545167
550243
972271
722916
59314
359148
472070
448421
126871
916342
584068
296826
603507
20128
626876
272740
942793
565131
400969
793124
147563
557046
613223
473629
739616
864119
212894
591016
205409
791640
132313
170612
453310
455436
156757
106328
72670
7117
871221
655095
254179
20819
43314
309583
401580
8562
943279
962078
468084
251409
353194
171249
809175
550018
918543
905226
273525
938051
647975
88365
202671
122320
696301
328007
472463
37411
633793
92028
370756
726666
37430
424524
749002
554018
90694
608032
733224
774901
452197
759607
802259
361326
426738
111784
442480
617269
831498
385619
528119
667755
972855
482856
216691
672195
461638
412627
709158
29819
348918
184643
694729
555318
521932
830358
903600
563320
838916
663459
706700
291325
994018
653667
599115
556918
334630
93756
223770
850593
130781
826668
306634
46276
984532
15630
699728
413189
261928
980428
603878
156457
608185
169762
395280
787815
26045
522314
805305
920680
352816
405066
635260
531678
508009
156118
582078
163774
530184
738211
114104
456731
36428
563977
711186
100065
689601
110163
545963
912234
838998
79783
92085
159296
178509
321164
865406
258544
574283
64349
435273
580295
646671
569161
671194
994924
72708
691281
264601
304798
168974
481646
164280
912667
909278
834291
882582
516738
738155
5479
780422
650325
550166
172790
814741
432822
896183
918582
631973
633339
362178
610244
1768
612708
644566
853453
257275
994152
958306
378281
782748
415915
983412
638433
352906
427789
48607
837265
438904
429404
187145
719209
825517
503529
294863
332173
98171
929016
955349
239708
449817
748305
340205
763854
800735
851571
672418
179831
131294
226088
998819
561320
3162
536052
352967
222709
548582
847463
158913
222736
483162
844114
102497
878292
9394
308822
433028
694878
853062
66392
823002
879574
349730
477584
995218
276620
630401
917633
707620
674492
820971
988227
94330
440820
436136
584828
348156
77453
510303
432237
739639
853780
79696
383528
931113
86157
10731
403808
7531
63053
59339
110489
35707
240326
262738
623038
412069
325344
839585
146129
520206
480066
298228
781884
368925
779183
249305
398407
942407
72589
813643
935779
777205
454594
37039
853347
188563
50679
10858
800010
572151
264830
540893
909887
964332
235280
945726
464477
90715
281199
394388
215271
958357
781546
642703
871705
398079
138943
460673
347353
560475
227162
58493
76492
640815
374140
371019
635781
578900
724343
346500
67161
720092
357845
886800
850574
629601
357977
558074
1970
686182
45469
961901
773831
682157
369242
53902
282268
411797
585222
248949
226487
403820
873304
893768
855150
680345
413095
447990
306837
3295
339888
574990
688273
975503
109495
295353
116747
100109
860164
409818
104384
608956
966670
741185
999926
460873
98934
826630
626953
600849
764778
959496
609508
935024
185578
731714
198731
653671
332007
33670
670164
355945
83271
537178
372598
404290
332230
17324
189177
822181
2550
335730
149389
554640
244391
652514
996343
324638
409313
613259
373158
398761
129230
325711
24676
877529
137653
959037
803112
888782
4513
800079
432968
176102
923744
479997
650059
260907
560999
852859
937436
15836
250963
273622
667803
828630
849098
626727
764238
312351
220288
551153
972469
546767
273237
287901
562555
152412
824348
92367
629000
177216
604599
639972
363891
250889
499486
882379
129237
1597
520318
731261
760377
649767
127038
403162
381295
632770
928668
703777
13376
590337
372214
127884
976251
971001
645797
60294
723054
134252
374532
77706
400497
402291
151502
759513
674716
878023
676709
20695
102232
333612
449839
246275
673299
933370
69723
37969
277133
696073
828994
845862
419920
167224
544104
9712
401724
959002
794721
377311
341696
393086
33168
919747
207845
29466
892427
807363
236868
726484
647962
852023
42008
630892
219551
405091
861614
806024
271439
529169
592633
252957
437790
10698
302530
397816
196409
91504
730620
664807
918829
308091
140725
886278
415973
102350
759977
233385
141008
200245
54449
742627
122145
858942
603224
836657
303472
718385
828366
525190
688574
471277
287606
561780
306005
972064
393178
214004
378318
509922
60222
462418
84141
995567
908498
374840
965926
757119
159489
370709
986307
484932
186534
268713
799005
342975
711774
765168
92039
602175
361080
251752
477579
886840
8265
992897
961612
367804
215581
562913
174090
328984
370632
46096
649668
185806
336410
551303
516984
525034
778352
573264
359430
864003
762471
625113
641011
744976
641452
439451
448521
22628
321391
668770
507291
262471
539126
853240
582757
429683
336334
539378
915794
672552
42524
477142
873560
361772
418705
712167
575999
944163
819579
850512
552447
823430
60921
355881
76870
897795
212039
213736
734936
518065
992375
695591
525777
949166
550145
878541
896006
587864
60145
340124
198602
692708
909374
363031
277900
249118
477115
756366
809949
170685
816103
116103
480464
342178
165535
650571
35131
175085
843699
95370
983897
980284
346773
104555
658129
28482
93485
102324
786770
659135
30474
814163
498965
305185
43828
564807
579396
148407
395549
179246
571513
520334
848309
272811
592223
269034
586269
716851
393077
670498
347251
589813
89009
780377
520076
429284
173249
124757
297408
203234
716588
975165
921438
351242
628055
793395
209344
520474
58596
835596
381498
327164
760757
728680
280556
352367
843982
346867
653559
329366
608537
338423
538060
72157
141186
588443
942880
30276
97922
839803
744380
229130
467066
963685
773488
399222
886197
277614
882471
580292
331472
805296
388438
843819
208822
482785
634575
33799
903683
175184
165554
525608
446858
34302
69442
485495
234482
184982
841621
99263
67195
493386
111717
537887
527134
767820
100229
319499
889043
954662
5805
474426
592236
467831
130358
115568
848671
253451
563617
798440
418401
532693
939025
314525
407149
549195
671449
16757
999587
868062
431280
435339
571086
871701
463745
376599
806974
416453
89951
838652
290964
751791
893334
243439
389340
787190
306333
621055
473236
398843
316327
463428
413963
605463
580632
499432
14757
125684
412949
713869
541435
786761
862004
316442
790431
667184
871891
128421
642429
320165
127364
289086
983965
169309
219302
915606
709188
840064
351823
665355
698874
470597
432165
933649
470439
993321
161868
709886
558295
418956
114361
113074
620829
615656
857701
986016
992595
638894
620894
34302
962559
932671
795575
125765
840977
700932
224864
32613
593032
234026
367312
600201
647029
922109
410206
103234
800856
203616
598000
802578
78438
357478
652874
742168
723820
828561
788424
587859
516301
235301
259303
778580
427559
254183
361789
552069
385620
828407
622729
471119
708749
610311
122725
846957
151336
437559
609496
688075
236610
308751
414344
183770
833975
546968
869260
986739
956878
574935
205792
650725
636466
68455
236081
516765
500891
983922
547033
487153
940940
979404
490661
47305
874037
874924
239185
372970
297400
695815
24661
207904
599752
287306
831000
369928
921518
606644
981635
159351
215334
57423
877617
184650
214374
399625
381506
570955
171646
481843
910415
675133
802714
386709
510135
97157
501797
63403
479256
715957
37064
689665
940250
703157
916560
332710
71397
469904
85038
434320
84466
153753
759383
963020
449087
228920
195148
345503
974172
345428
545716
379519
66467
4958
891749
67303
742917
610808
996929
933915
149118
134721
4541
578040
878570
830335
599741
427255
120114
552487
999195
985534
23711
400139
30663
977122
374223
946337
727048
161278
684996
295403
603553
549289
869850
168328
848974
898966
105617
506135
140718
193997
60168
955076
988794
93570
844491
12272
471923
465423
606403
739265
226138
432467
37068
987203
327321
318502
121060
816313
840639
760632
558270
534213
859433
722565
14902
946543
93180
816758
447584
874645
393934
390232
798777
656560
607780
319601
609023
614078
176022
380932
202396
764625
293263
385955
672254
921716
850481
873516
65346
792501
102613
247201
386062
75412
540144
401000
53502
220934
1425
427163
908533
399334
154822
562381
908310
990841
57183
735131
60939
43164
459594
182826
179714
326477
346333
948226
921336
136658
511091
802182
657965
42889
960301
813775
119671
196941
377754
449509
958579
743042
855857
520089
748694
228478
1211
11394
281185
291860
224525
531090
629875
973054
911475
766356
800888
322342
923561
861444
312960
702289
108163
808906
444394
752553
413676
489429
674431
21989
209227
14865
942427
661079
527681
769604
458693
54098
338447
668362
273888
79285
197909
129131
908283
523993
56053
83862
614467
876179
370454
519677
24408
171302
783748
852364
612604
829000
959797
319814
287912
58383
935399
93439
918777
642616
345764
430640
538183
613652
31463
388026
188630
624784
721881
586234
214054
822047
252660
319365
486821
799622
761161
978560
533317
675971
365660
454623
7464
317339
413805
526200
755126
52799
541522
908163
670609
433434
767807
675376
357984
363706
409960
581605
739592
811608
146045
201811
868345
809349
632468
194228
374116
811252
42341
410147
289226
159390
19630
129303
771696
783445
322487
319677
766191
319849
575280
483698
694440
332721
719798
23706
625556
191287
421236
323232
755001
153218
542822
396170
995832
883776
324153
890999
92611
222992
265295
6392
473837
907754
174750
245449
740762
694380
516024
439403
957461
353281
300837
481759
750336
300656
221676
315264
744678
133695
443569
475582
798381
359937
161336
856883
974759
560835
69896
657379
214663
770063
295338
393237
232048
151323
823761
10440
144169
315857
539731
280596
261357
428412
81429
267359
55712
367884
230342
259192
516827
848582
378050
511123
770920
777227
337878
505569
893065
193922
810019
864844
864947
104293
354715
427916
377240
901029
162025
19433
511650
835899
289389
197517
453307
421260
634213
784261
766601
579256
638055
688980
704055
379904
335562
581492
171375
241169
709797
699882
203364
200433
527151
910916
354955
783813
460997
539570
279913
500924
986891
793023
336711
260252
42922
912554
284803
717031
448247
465125
422849
501097
651699
166121
711550
739553
634927
184372
984261
772874
565832
641440
351290
699077
124432
445281
521491
926116
568205
904027
648807
416277
566555
430494
494110
533993
179308
67583
75209
818944
492976
179796
393355
582867
294736
452363
870068
915678
461587
13095
643822
853608
369060
764249
635408
365616
530539
54007
968848
422902
865047
776347
946325
90339
589437
316699
316587
114773
842906
44960
758864
915595
737012
636517
736171
500586
675551
781710
419804
984106
190300
567266
208046
440736
416284
67431
975081
954536
904162
751257
662149
850990
579654
559430
147385
69465
746581
813705
170800
157782
680534
734561
907293
344892
342952
272237
862437
583585
411207
1030
126843
842681
950125
847993
641162
466277
251797
108319
8011
235360
483546
798299
97334
814209
876030
997680
361493
876781
296455
71485
463603
119645
654788
668565
657652
467464
737902
177599
876798
608557
981097
994055
51989
885183
853418
781439
528197
788844
635826
874453
30328
45836
535480
977170
665703
530403
100388
204845
569325
957971
844536
856074
565751
523105
348361
36882
230744
724065
327339
380207
623545
95169
621548
6692
984878
912624
532534
276040
290467
497385
783704
766877
233653
145312
47454
609873
366173
980231
210396
300560
255239
891965
72586
464068
558401
624276
860937
168426
806223
364093
601028
842450
343835
99794
986802
255731
63177
467776
693367
40744
120553
602895
708778
76811
366470
897552
388466
646701
810203
72162
750537
815663
834149
353632
584610
687296
537300
338795
229799
343987
921947
358095
849563
203131
620390
478100
645279
373447
475307
308964
558352
971508
320090
245460
286989
991859
143406
106576
843798
336569
607141
598184
141200
287964
712716
79729
833317
216657
256116
390681
377608
9535
295937
752459
789334
684607
900576
580347
662360
201011
831896
437902
359013
298816
167738
223849
425188
644649
627891
132885
20336
31881
395072
525836
186836
561389
857472
234019
646901
325068
589093
818195
132943
451939
139780
855269
379863
939953
306957
997306
567488
934156
816980
201396
168922
368863
830221
975045
467476
76545
264599
293522
609506
157170
899247
662723
192186
759220
899141
422826
836344
375108
652971
284173
810721
260659
541802
413393
902404
869414
509871
222533
924156
68582
762659
947081
269843
185765
65176
425370
770689
890958
950687
509819
184274
214151
603318
173696
134053
542470
194846
717306
755856
56717
650123
998074
283617
800899
498293
38980
812672
409585
469260
750802
669744
664918
85256
753025
440052
423911
901662
324252
838030
305382
822222
722628
157538
983261
415449
921465
539258
526007
590033
136839
140067
482300
534472
769551
129716
505447
890602
143537
371182
389990
173095
321811
287167
60590
775752
260433
710433
430264
981667
449601
818079
729499
915882
522529
872696
696199
914525
692575
836380
463451
974752
204549
345299
560932
980391
444800
852925
596211
946765
637771
47732
296986
146948
403837
517453
188674
588199
514795
460990
565996
624556
197691
431129
454594
225717
547526
790199
84825
689349
763177
930032
975366
605071
87849
253126
295386
847338
925376
81505
657147
550882
589960
605365
72352
189096
855363
518591
23528
282409
393797
730415
538072
323580
593726
842656
287280
471668
677480
969794
237544
192533
768393
830681
758796
284260
654501
741534
63921
725463
864132
388419
734995
716908
682779
572948
433676
680534
375706
532601
117043
728145
141778
120792
651919
30743
366784
447767
163703
393963
963322
485247
782983
236434
9588
892540
692929
145569
81007
752961
184637
460594
132928
57096
127886
328432
726777
880887
98611
702290
682678
31582
98167
416421
425541
497117
439590
520897
85683
471971
937004
177501
254895
585681
659147
872959
999838
139708
458808
458316
82170
282769
752019
113021
130983
534420
250818
10162
808788
303681
14569
276705
348426
339283
942919
283239
980373
380066
307120
831615
653579
711847
530787
434832
178045
534684
366471
78944
479994
298494
604231
453799
601786
258932
239686
26494
315950
280074
319809
298102
46050
196438
204864
736133
395019
215291
625913
169372
359155
486411
975617
331348
314430
993928
684079
351814
359384
