999548
999485
999481
999401
999383
998947
998673
998650
998340
998305
997112
997065
996677
996380
996334
996279
996104
995669
994976
994948
994443
994281
994039
993994
993993
993937
993528
993216
992992
992799
992765
992551
992277
992208
992118
992059
991826
991747
991663
991576
991506
989914
989755
989666
989580
989520
989488
989355
989349
989047
988970
988907
988829
988809
988231
988111
987998
987587
987575
987049
986812
985876
985567
985477
985457
985299
985212
984375
984371
984346
984188
984107
983517
983334
982448
982378
982299
982250
982047
981668
981647
981011
980993
980769
980756
980569
980243
980121
980103
980004
979866
979771
979648
979364
979269
979251
979103
978991
978656
978513
978476
978141
977858
977334
977211
976707
976613
976588
976373
976168
976101
975529
974537
974253
974086
973924
973876
973062
972932
972659
972571
972445
971720
971653
971369
971281
970892
970220
969916
969593
969268
969208
968913
968780
968633
968600
968349
968272
967949
967663
967580
967481
966555
966442
966421
966339
966281
966261
966059
964759
964702
964506
964227
964035
963998
963723
963240
962984
962934
962483
962423
961574
961500
961287
961045
960789
960514
960424
960260
959940
959477
959371
959222
959112
959044
958907
958409
958339
958319
957946
957724
957645
957632
957368
957264
957083
957044
957019
956864
956829
956764
956207
955793
955711
955520
955396
955252
955101
955002
954908
954612
954494
954354
953588
953417
953394
953267
953180
953094
953032
952193
951982
951975
951860
951616
951512
951446
951210
950831
950772
950746
950318
950234
949429
949363
949172
949054
949047
948892
948795
948694
948477
948324
948211
948093
948023
947641
947629
947500
947335
947313
947137
947057
946826
946736
946690
946132
945597
944905
944765
944391
944259
944158
943935
943293
943173
943056
941652
941577
941292
941263
941224
941191
941074
940571
940272
940105
940099
940031
939881
939809
939791
939594
939551
939419
939105
938359
938315
938312
938149
937937
937919
937484
937453
937225
937065
937057
936823
936077
936044
935938
935881
935084
934527
934495
934171
934000
933775
933603
933109
932864
932665
932322
932290
931998
931952
931717
931502
931120
930995
930532
930503
930299
930164
930044
929747
929574
929531
929319
929228
929192
929186
929074
929028
929006
928859
928475
928472
928369
928115
928066
927970
927725
927317
927245
927033
927001
926842
926305
926220
926173
926106
925901
925695
925619
925574
925277
925211
925091
925067
924886
924527
924522
923928
923618
923231
923066
923000
922347
921941
921826
921450
921386
921189
921111
921027
920868
920779
920767
920406
920397
920396
920269
919791
919774
919772
919770
919549
919498
919444
919409
919342
919317
919135
919042
918998
918990
918647
918579
918492
918449
918294
918123
916996
916835
916721
916619
916449
916423
916352
916028
916018
915821
915631
915628
915618
915602
915488
915399
915351
915328
915274
915209
915137
914925
914744
914683
914415
914389
914385
914138
913846
913781
913755
913659
912955
912828
912754
912710
912587
912280
912099
911992
911971
911954
911902
911685
911657
911176
910787
910694
910449
910340
910221
910060
909778
909354
909067
908913
908892
908656
908631
908100
907832
907374
907073
906999
906939
906597
906109
905743
905623
905372
905138
905114
904993
904630
904594
904169
903872
903850
903727
903330
903004
902766
902565
902465
902351
902214
902044
901756
901427
901378
901212
901139
901086
901061
900960
900820
900577
900223
899940
899866
899864
899671
899653
899647
899316
899272
899073
898947
898862
898570
898266
897889
897179
896752
896570
896207
895975
895657
895583
895380
895126
895079
894982
894853
894488
894421
894355
894120
894075
893955
893922
893839
893728
893692
893689
893643
893533
893367
893327
893281
893018
892940
892893
892714
892290
892137
891491
891226
891069
890992
890931
890930
890739
890651
890145
890125
889738
889665
889479
889220
889189
889132
889089
888960
888882
888728
888689
888252
888220
888071
887962
887824
887760
887473
887386
887254
887251
887036
886842
886341
886294
886029
885653
885211
884861
884850
884849
884761
884248
884056
883775
883283
883076
882700
882453
881457
881221
880486
880104
880073
879411
879270
879044
878762
878704
878619
878456
878280
878227
878127
878085
877924
877838
877837
877783
877661
877315
877090
876984
876932
876927
876763
876166
876034
875988
875893
875721
875674
875552
875450
875179
874417
874298
874291
873976
873867
873809
873727
873607
873556
872943
872561
872558
872489
872231
872172
872029
872024
871950
871386
871373
871285
871276
870933
870690
869881
869775
869193
869097
868913
868621
868465
868190
868129
868087
867664
867065
866992
866501
866497
866369
866306
866221
865900
865898
865579
865534
865422
865395
865223
864974
864271
864255
864252
864170
863821
863777
863564
863466
863456
863294
863089
862800
862399
862369
862243
862129
861923
861741
861704
861660
861180
861016
860890
860889
860850
860740
860568
860405
859935
859917
859734
859700
859693
859639
859492
859432
859210
858167
857692
857605
857335
856947
856625
856442
856266
856202
856194
855888
855770
855615
855511
855144
855051
854991
854950
854781
854220
854146
854033
854025
853866
853752
853672
853166
853029
852533
852445
852315
852231
852096
852067
852012
851727
851638
851631
851549
851365
851360
851303
851262
851156
851113
850865
850579
850543
850361
849922
849836
849409
849394
849281
849194
848934
848906
848866
848763
848656
848631
848370
848292
848190
848137
847887
847770
847660
847435
847395
847317
846688
846445
846351
846173
845934
845857
845280
845169
845149
845110
845039
844950
844569
844359
844303
844200
844030
843765
843675
842914
842819
842730
842503
842491
842069
841916
841899
841892
841849
841611
841398
840669
840654
840343
840225
840133
839490
839441
839240
839013
838934
838870
838651
838500
838037
837886
837744
837542
837513
837287
837276
836936
836859
836729
836412
836393
836301
836258
836258
836188
835716
835493
835309
835063
835059
834379
834288
833979
833890
833866
833812
833703
833162
833136
832271
831216
830824
830396
830330
830268
829207
829119
828956
828795
828463
828305
827594
827344
827209
827145
827059
827053
826430
826355
826293
826217
826203
825518
825375
825207
825158
824362
823244
823093
822942
822700
822547
822311
822166
822080
821795
821661
821631
821453
821336
821219
820924
820782
820720
820216
819794
819630
819578
819312
819270
819090
818868
818620
818237
817736
817421
817036
817025
816853
816614
816549
816192
816172
815658
815210
815134
815006
814458
814110
814094
814002
813713
813695
813445
813036
812885
812725
812655
812343
812201
812080
811277
811235
811196
811135
811050
810975
810868
810676
810305
810280
809972
809896
809719
809181
808980
808572
808154
808045
807534
807445
807343
807133
807124
806983
806941
806515
806024
805740
805722
805653
805333
805198
805188
805048
804971
804875
804860
804838
804440
804282
804164
803632
803517
803495
803471
803224
802833
802813
802749
802639
802619
802601
802555
802461
802260
802149
802069
801640
801604
801537
801526
801496
801483
801411
801217
800944
800835
800632
800607
800097
799992
799639
799408
799149
799065
799024
798822
798401
798318
798214
798153
797999
797854
797704
797575
797455
797242
796944
796536
796254
796094
795969
795957
795827
795773
795066
794858
794836
794692
794466
794197
794032
793986
793736
793391
793288
793005
793003
792819
792781
792472
792398
792311
792110
792079
791951
791938
791893
791733
791521
791241
790974
790799
790678
790637
790633
790525
790506
789814
789756
789557
789414
789157
789024
789022
788980
788504
788445
788280
787811
787809
787772
787349
787309
787233
787218
786807
786792
786567
786431
786293
786148
786081
785914
784951
784935
784762
784674
784488
784304
784174
784058
783841
783800
783768
783608
783147
782901
782378
782094
782002
781489
781138
781062
780898
780709
780649
780564
780203
779696
779047
778936
778481
777808
777646
777309
777138
777048
777034
776798
776532
776423
776410
776229
775969
775776
775678
775658
775585
775492
775284
775026
774710
774462
774432
774002
773855
773427
773418
773282
772818
772779
772462
772304
772239
772186
772023
771754
771634
771579
771495
771429
771194
771116
771033
770867
770117
770040
769851
769553
769527
769482
769104
769010
768331
768316
767956
767232
767200
767198
767026
766969
766805
766531
766398
765887
765623
765545
765317
765235
765175
764940
764855
764821
764784
764773
764583
764442
764379
764155
763992
763678
763548
763459
763253
762832
762804
762724
762689
762465
762039
761185
761034
761016
760780
760761
760507
759947
759897
759682
759645
759566
758982
758237
757785
757367
757037
756909
756833
756681
756573
756140
755802
755639
755575
755491
755316
754799
754421
754152
754123
754023
753901
753454
753225
752624
752548
752489
752383
752299
752259
752171
751525
751217
751046
751043
750909
750741
750616
750190
749910
749878
749621
749544
749442
749354
748717
748670
747510
747283
747010
746857
746822
746637
746615
745838
745518
745492
745440
745430
745355
745327
745011
745007
744955
744952
744637
744530
744291
744234
743681
743621
743526
743301
742775
741934
741719
741220
740499
740300
740110
739965
739667
739486
739260
739224
739120
739032
738973
738940
738886
738743
738534
738367
738292
738218
737738
737379
736954
736777
736579
736569
736362
736187
736090
735756
735416
734967
734891
734584
734492
734412
734351
734334
734139
734107
734094
733986
733902
733741
733535
733286
733211
733194
733083
733057
733028
732959
732726
732349
732221
731965
731475
731402
731353
731340
731317
731166
731155
731139
730949
730823
729490
729405
729336
729297
729115
728791
728671
728506
728286
728167
727820
727817
727810
727692
727674
727165
727152
726914
726819
726601
726533
726092
726067
725906
725865
725806
725456
724998
724972
724319
724010
723385
723366
723358
723280
723005
722985
722889
722661
722356
722095
722080
722058
721774
721700
721585
721521
721314
721274
721239
721060
720991
720728
720597
720540
720391
720267
720264
720202
720037
719004
718561
718555
718056
718012
717978
717944
717905
717689
717680
717397
717243
716861
716756
716661
716598
715677
715353
715279
715268
715257
714922
714445
714093
714050
713732
713565
713368
713002
712918
712749
712447
711831
711770
711036
710897
710861
710853
710786
710489
710078
709302
709229
709103
708476
708261
708185
707999
707756
707756
707573
707243
707124
707101
706667
706328
706031
705821
705632
705622
705559
705554
705435
704687
704586
704494
704069
703853
703851
703805
703512
703274
703035
702817
702480
702099
702027
701656
701581
701573
701029
700818
700463
700322
700218
700119
699874
699574
699532
699103
698763
698734
698543
698481
698234
698198
698125
698016
697965
697880
697472
697177
696630
696526
696473
696473
696418
696394
696364
696282
696281
695967
695771
695616
695606
695411
695232
695105
694940
694869
694761
694722
694604
694557
694455
694344
694225
694003
693975
693746
693627
693606
693554
693234
693116
692666
692537
692482
692406
692403
692370
692201
691893
691510
691219
691083
691068
690901
690784
689800
689789
689463
689163
688970
688772
688570
688535
688213
687827
686835
686764
686742
686591
685125
684871
684514
684282
683922
683526
683463
683349
683243
683067
682961
682870
682852
682656
682378
682045
681706
681027
680982
680910
680190
679785
679523
679522
678989
678816
678174
678174
678117
677434
677424
677235
677214
676941
676621
676596
676395
675946
675788
675552
675480
675106
675059
674941
674933
674829
674397
674362
674273
674063
673778
673513
673203
673147
673011
672826
672467
672268
672188
672181
672072
671976
671892
671818
671285
671170
671105
670953
670776
670702
670606
670264
670019
669678
669625
669477
669228
669098
669030
668742
668652
668620
668241
667958
667943
667846
667817
666936
666737
666657
666598
666577
666516
666397
666252
666200
666009
665974
665957
665846
665820
665755
665643
665373
665178
664698
664690
664633
664428
664016
664015
663897
663462
662993
662723
662490
662437
661964
661886
661571
661554
661339
661338
661038
660995
660791
660625
659239
659039
659018
658972
658933
658221
658124
658012
657278
657276
657108
656579
656545
656427
656295
656172
655915
655799
655538
655307
655286
655243
655239
655065
655035
654968
654928
654758
654518
654427
654387
654349
654199
654076
653997
653961
653494
653324
653052
652925
652818
652817
652559
652370
652148
652060
651707
651631
651455
651405
650856
650803
650579
650370
650307
650091
650018
649610
649334
649080
648762
648740
648537
648413
648291
648255
648121
647955
647868
647809
647634
647054
646984
646576
646435
646432
645786
645737
645707
645348
644921
644627
644271
644269
644139
644002
643838
643762
643714
643556
643529
643499
643127
642975
642906
642850
642708
642567
642392
642309
642209
642118
642105
641340
641213
640905
640862
640398
640380
640170
639993
639793
639771
639537
639449
639347
639289
639187
638848
638574
638326
638144
637840
637561
637443
636345
636187
635889
635786
635681
635668
635599
635305
634987
634962
634688
634542
634181
633593
633431
633092
632778
632577
632112
632108
632071
631975
631972
631789
631675
631674
631122
631033
630240
629888
629855
629555
629514
629493
629456
628948
628924
628833
628633
628560
628555
628482
627835
627806
627793
627482
627330
627314
627259
627081
626799
626727
626565
626557
626363
626068
625847
625537
625341
625254
625179
625139
625062
624486
623632
623472
623323
623131
622775
622515
622490
622405
622082
621945
621742
621370
621367
621179
621178
620635
620299
620101
619393
619390
619227
618004
617705
617612
617572
616942
616864
616720
616654
616586
616314
616090
615696
615545
615428
615340
615224
615134
615050
614739
614664
614307
614256
614124
613540
613080
613031
612773
612734
612344
612181
611767
611419
611390
611270
611053
610965
610896
610616
610550
610376
610352
610118
610021
609829
609528
609168
609035
608762
608600
608543
608202
608159
607866
607794
607757
607587
607299
607235
607202
607052
606998
606931
606874
606764
606209
606183
605994
605946
605945
605918
605830
605575
605444
605230
605229
605095
605066
604969
604701
604572
604429
604328
604195
603970
603942
603850
603836
603562
603535
603108
602712
602627
602044
601566
601501
601478
601408
601183
601178
600978
600926
600869
600718
600624
600508
600472
600346
600148
600106
598741
598703
598650
598357
598312
598257
597632
597622
597439
596907
596601
596462
596453
596240
595946
595783
595782
595648
595340
595004
594362
594107
594026
593793
593505
593456
593274
593237
593208
593031
592952
592891
592726
592665
592649
592605
592427
592406
592387
592355
592244
592234
592116
592083
591864
591665
591420
590650
590565
590560
590546
590482
590256
590162
589977
589505
589424
589402
588428
588009
587742
587741
587688
587584
587406
587067
586945
586931
586564
586522
586370
585731
585464
585345
585279
585068
584902
584684
584566
584514
584402
584340
583924
583431
583407
583217
582938
582917
582591
582434
582392
582175
582103
582064
581993
581852
581731
581502
581309
581162
580986
580914
580843
580789
580415
580295
580288
580163
580147
580089
579947
579877
579835
579681
579596
579509
579438
579218
579115
578541
578181
578114
578074
578071
577841
577775
577746
577713
577246
576890
576770
576761
576603
576584
576357
576194
576026
575726
575712
574732
574600
574437
574349
574084
573989
573859
573836
573510
573397
573166
573154
573099
573090
573075
572795
572432
571509
571476
571000
570672
570573
570377
570375
570068
569893
569711
569582
569405
569392
569119
568962
568827
568475
567672
567335
567226
566889
566663
566531
565989
565982
565565
565394
565243
564663
564562
564409
564406
564253
563775
563234
563218
562701
562316
562296
562199
561780
561539
561110
561059
561035
560898
560851
560791
560310
559933
559929
559706
559585
559537
559437
559418
559324
558970
558963
558923
558664
558506
558219
558208
558201
558104
557520
557502
557278
557126
557017
556820
556787
556529
556298
556285
556280
556029
556027
555525
555213
555119
554954
554939
554905
554150
554132
554009
554009
553756
553677
553627
553237
552894
552857
552353
552082
551889
551863
551680
551205
551139
551113
551028
549813
549804
549494
549342
549148
547991
547731
547462
547415
546919
546444
546262
545976
545886
545741
545055
544567
544375
544105
544053
543738
543700
543513
543493
543480
542790
542501
542444
542303
542171
542059
542015
541587
541471
541384
541110
540494
540299
540174
540137
539371
539015
538704
538357
538121
538016
537659
537376
536787
536745
536545
536521
536473
536238
535611
535600
535482
535235
535150
534748
534747
534017
533909
533884
533634
533348
532697
532606
532423
532281
532200
531743
531415
531411
531165
530829
530773
530001
529655
529643
529488
529171
528808
528321
527461
527439
527409
527340
526994
526990
526763
526508
525610
525507
525236
525054
525051
524883
524725
524099
524025
522964
522729
522643
522497
522016
521691
521405
521318
521249
521122
520702
520560
520209
519862
519208
519131
518778
518657
518509
518362
518312
517411
517391
517389
517358
517217
516920
516914
516812
516737
516624
516523
516476
516469
516312
515489
515163
515061
514604
514543
514363
513919
513457
513371
513306
513016
512904
512740
512527
512521
512272
512150
512074
511992
511859
511823
511695
511464
511419
511270
511105
510938
510220
509531
509376
509304
508623
508573
508534
508290
508152
507826
507697
507512
505649
505120
505090
505045
504282
503486
503179
502903
502843
502796
502566
502050
502001
501690
501334
501296
501199
500706
500037
499513
499451
499185
498620
498416
498408
498391
498196
498134
497371
496941
496913
496729
496591
496493
496066
495909
495870
495646
495326
495302
494353
494276
493885
493725
493587
493535
493412
493135
492156
492108
491432
491268
491229
491132
490643
490466
490176
490012
489994
489929
489907
489898
489863
489783
489633
489514
489481
489229
489060
488959
488913
488826
488578
488538
488459
488095
488060
487688
487645
487608
487539
487436
486263
485936
485716
485505
485300
485238
485211
484601
484566
484480
484400
484112
483521
483496
483468
483420
482758
482524
482468
482390
482205
482092
481892
481867
481755
481268
481265
481188
481171
481091
480889
480868
480667
480605
480605
480549
480283
480228
480188
480139
479874
479740
479695
479636
478549
478484
478452
478331
478294
477681
477487
477246
476834
476593
476572
476313
476077
475715
474604
474571
474390
474143
474112
473852
473849
473471
473283
473219
473141
473106
473094
472945
472899
472824
472817
472585
472570
472515
472505
472493
472370
472139
472080
472030
472022
471584
471534
471204
471125
471101
471059
470967
470768
470630
470480
470407
470357
470105
470067
469608
469167
468943
468513
468485
468414
468293
467942
467934
467838
467772
467317
467174
467116
466931
466684
466495
466466
466316
466040
465195
464906
464816
464136
463874
463719
463651
463576
462773
462544
461679
461600
461438
461139
461131
461036
460554
460421
460270
459795
459646
459235
459087
459069
457569
457195
457190
456493
456439
456415
456253
456158
455839
455683
455618
455530
455110
455031
455029
454716
454577
454431
454196
454168
453887
453797
453790
453294
453210
453171
453026
453010
452844
452552
452497
452440
452413
452199
452100
451939
451884
451525
451415
451396
451169
450931
450328
450188
449738
449666
449588
449242
449151
448853
448206
448182
448057
447457
447317
447177
446885
446852
446798
446705
446146
446023
445766
445668
445463
445282
445040
444964
444840
444766
444765
444753
444496
444391
443902
443583
443391
442892
442800
442586
442562
441836
441690
441659
441195
440828
440477
440292
440092
440063
440052
440014
439711
439629
439628
439376
439052
439045
438902
438825
438726
438036
438011
437950
437906
437803
437732
437502
437371
437358
437353
437303
437117
437079
436544
436410
436267
436227
436216
436016
435456
435433
435174
435083
434808
434219
434102
434034
433982
433622
433600
433559
433281
432545
432540
432320
431934
431810
431379
431056
430830
430493
430393
430380
430065
429875
429514
429422
429307
429034
428765
428464
428386
428119
427983
427974
427881
427636
427548
427535
427327
426373
426353
426249
426070
425982
425904
425565
425442
425026
424763
423934
423545
423143
423096
422781
422046
421634
420779
420705
420538
420269
420216
419509
418938
418764
418725
418416
418297
418244
418231
418223
418082
417886
417834
417100
416926
416888
416632
416555
416072
416065
415844
415777
415690
415599
415319
415097
415065
414763
414727
414656
414493
414479
414357
414188
414100
413877
413811
413794
413598
413582
413024
412720
412310
412009
411939
411758
411646
411501
411480
411002
410959
410739
410550
410543
409827
409603
409546
409505
409056
408957
408927
408286
407846
407275
407250
407220
407147
407024
407003
406781
406450
406081
406031
405916
405503
405440
405405
405249
404932
404923
404913
404357
404310
404298
404268
403983
403835
403779
403776
403684
403552
403524
403480
403320
403274
403084
403051
402445
402332
402294
402118
401993
401838
401500
400490
400142
399727
399558
399411
399346
398983
398958
398914
398865
398839
398790
398628
398532
398520
398393
398125
398123
397973
397961
397938
397512
397480
396885
396710
396542
396448
396284
396273
396130
395980
395552
395112
395062
394972
394802
394771
394676
394588
393935
393901
393778
393658
393188
392945
392623
392544
392416
392311
392089
391997
391662
391543
391475
391411
391246
391233
390947
390663
390590
390480
390318
390189
390126
389570
388867
388860
388471
388378
388302
388103
387911
387897
387390
387265
387246
386894
386736
386696
386646
386515
386249
386127
385606
385537
385406
385284
384889
384572
384134
384115
383900
383796
383685
383391
383309
383113
383068
382808
382546
382526
382308
382193
381995
381870
381867
381613
381600
381590
381550
381413
381406
381279
381263
381209
381191
381128
380949
380857
380731
380637
380459
379913
379846
379805
379587
379538
379448
379351
379284
379090
378719
378705
378619
378562
378007
377880
377422
376983
376828
376683
376570
376549
376092
376028
375688
375108
374585
374454
374403
374300
374274
374262
373939
373921
373732
373595
373258
372683
372670
372401
372068
371755
371637
371509
371395
371334
371050
370874
370627
370623
369695
369491
369048
368885
368870
368831
368698
368597
368479
368148
368145
367580
367579
367481
367231
367065
366920
366828
366782
366766
366665
366557
366305
366304
366293
366084
365442
365372
365337
365137
365071
365057
364585
364446
364442
364333
364281
364257
363919
363696
363190
363072
362611
362083
362035
361951
361905
361565
361093
360717
360581
360152
360037
359855
359830
359791
359781
359760
359368
359115
358950
358943
358904
358903
358852
358645
358499
358405
358236
358177
358056
358017
357910
357762
357654
357583
357528
357422
357211
357180
357048
356410
356322
355996
355485
355380
355311
355265
354171
353928
353543
353516
353346
353132
353023
352783
352423
352158
351673
351656
351402
351388
351336
351248
351143
351141
350925
350834
350502
350332
349962
349807
349806
349679
349081
348993
348950
348863
348787
348769
348727
348723
348674
348401
348389
348157
348147
348120
348080
347926
347440
347245
347143
347020
346944
346826
346738
346338
346286
346260
345614
345527
345296
345273
344801
344759
344715
344670
344170
343850
343803
343753
343729
343468
343404
342043
341840
341709
341581
341465
341038
340946
340903
340323
340266
340228
339815
339588
339487
339442
339276
338494
337948
337910
337904
337875
337784
337507
337475
337259
336678
336633
336626
336602
336509
336390
335792
335762
335593
334875
334799
334542
334446
334215
333783
333706
333692
333444
333350
333011
332963
332814
332654
332590
332490
332477
332202
331949
331769
331564
331294
331238
331057
330200
330029
329947
329846
329565
329512
329050
328976
328640
328208
328145
328106
327748
326401
326164
326136
326038
325940
325787
325418
324816
324701
324694
324590
324582
324551
324537
324515
324356
324259
324232
324112
323403
323086
322911
322741
322677
322528
322147
322115
321981
321939
321786
321686
321656
321568
321041
320990
320762
320746
320547
320437
320407
320271
319829
319818
319770
319736
319676
319036
318972
318815
318694
318626
318387
318034
317938
317275
317077
316937
316286
316217
315275
315171
315064
315016
314673
314666
314326
314258
314209
314024
313566
313128
312797
312624
312318
312215
312127
311839
311769
311287
311244
311088
311005
310961
310961
310375
310313
310135
309525
309418
309400
309261
309255
308812
308630
308502
308052
307873
307830
307813
307663
307505
307447
307183
306996
306801
306503
306077
305921
305903
305874
305793
305601
305240
305044
304941
304216
304174
304134
303850
303576
303484
303479
303476
302751
302109
302004
301955
301736
301420
300024
299825
299745
299361
299073
298704
298360
298106
298043
297741
297229
296951
296816
296562
296227
296047
295860
295830
295525
295341
295329
293930
293667
293551
293464
293283
293281
293105
292976
292826
292748
292486
292257
292257
291805
291776
291743
291718
291637
291461
291424
291398
291318
291140
290646
290635
290073
290006
289955
289936
289877
289744
289484
288910
288850
288795
288681
288677
288545
287685
287186
287112
286904
286888
286795
286521
286469
286213
285836
285649
285514
285498
284910
284888
284334
284281
283790
283686
283682
283654
283624
283428
283370
283257
283139
282882
282826
282703
282562
282444
282412
282399
282382
282165
282008
281964
281858
281838
281238
281163
281055
281023
280892
280797
280754
280693
280526
280469
280237
279806
279461
279450
279351
279230
279009
278974
278955
278887
278826
278736
278379
278370
278330
278290
278207
277741
277721
277709
277676
277494
276654
276386
275896
275388
275360
274961
274754
274325
274099
274053
273920
273779
273681
273419
273171
272826
272792
272778
272767
272576
272249
272134
272031
271803
271643
271365
270849
270773
270637
270581
270517
270341
270222
270101
270060
269931
269902
269612
269599
269514
269090
268836
268758
268754
268299
268120
267612
266598
266493
266370
266194
266191
265955
265945
265943
265766
265652
265552
265299
265271
265239
265071
264955
264943
264916
264722
264399
264243
264216
263871
263668
263297
263094
262926
262802
262761
262747
262734
262428
262295
261773
261518
261349
261211
260964
260930
260801
260405
260287
260280
260179
260099
259972
259881
259802
259725
259658
259579
258700
258624
258277
258205
258010
257309
257112
256835
256726
256427
256311
256307
256012
255723
255350
254914
254816
254494
254203
253935
253934
253133
252755
252736
252561
252556
252345
252304
252068
251845
251327
251249
250790
250338
250206
250041
249973
249505
249451
249158
248935
248805
248767
248530
248515
248449
248286
248127
248120
247878
247829
247749
247458
247008
246878
246642
246570
246476
246461
245811
245727
245469
245364
245111
245069
245040
244802
244728
244564
244543
244429
243875
243850
243811
243795
243714
243567
243535
243486
243154
242802
242590
242387
242318
241814
241621
241472
240606
240509
240243
239909
239732
239603
239560
239515
239479
239300
239154
238942
238555
238435
238363
238168
238131
237791
237753
237740
237049
237021
236640
236408
236017
235822
235816
235667
235628
235600
235443
235428
235419
235400
235324
235057
234942
234592
234383
234268
233921
233822
233632
233467
233406
233280
233024
233017
232855
232780
232527
231892
231792
231764
231584
231486
231474
231374
231020
230847
230741
230502
230475
230451
230245
229803
229712
229671
229220
228823
228656
228517
228488
228273
228082
227853
227823
227533
227466
227066
226898
226546
226490
226485
226426
226403
226375
226190
225954
225884
225354
225344
225239
225185
225152
224942
224623
224409
224285
224185
224171
223841
223714
223641
223319
223276
223114
223027
222634
222623
222618
222410
221791
221769
221142
220892
220645
220643
220520
219867
219748
219512
219261
218951
218846
218718
218611
218271
217939
217729
217601
217593
217452
217301
217140
216816
216334
216270
216060
215611
215556
215387
215272
215017
214845
214831
214032
213936
213578
213400
213381
213076
213064
212904
212191
212142
212111
212063
211950
211947
211879
211744
211608
211460
211385
211278
211054
211016
210793
210693
210672
210510
210227
209561
209509
209434
209309
209285
209069
208729
208461
208432
208110
207888
207767
207762
207084
206718
206592
206566
206378
206211
206142
206138
205965
205383
205338
205132
205125
205069
204343
203521
203425
203267
202852
202821
202774
202101
201990
201932
201755
201651
201495
201276
201258
200995
200859
200633
200619
199776
199697
199681
199539
199508
199262
199252
199137
198982
198616
198558
198514
198349
197428
197237
197099
196677
196041
195623
195576
195206
195185
195095
195062
194898
194695
194329
194243
194196
194153
193893
193469
193360
193297
192916
192908
192761
192695
192102
191871
191808
191714
191424
191093
190867
190162
190118
189726
189576
189316
189153
188838
188667
188515
188273
188065
188053
188009
187948
187881
187854
187129
186670
186443
186397
185925
185599
185393
185361
184488
184476
184422
183831
183738
183701
183567
183531
183428
183345
182898
182487
182400
181979
181960
181833
181570
181474
181429
181211
181192
180958
180635
180292
179780
179515
179389
179314
179255
179137
179020
178720
178603
178336
178203
177357
177206
176475
176324
176275
175962
175746
175683
175289
175268
175160
174957
174827
174240
174192
173821
173533
173531
173481
173329
173275
172830
172591
172533
172266
172210
172100
172001
171948
171885
171853
171834
171773
171030
171003
170931
170806
170760
170598
170263
169471
169373
169220
168934
168934
168427
168320
168299
167754
167403
167071
166903
166500
166012
165696
165602
165400
165352
165113
164980
164772
164183
164175
164121
164055
163953
163599
163144
163009
162302
162215
162071
161998
161760
161689
161230
160633
160190
160118
160108
159989
159922
159616
158987
158878
158581
158559
158464
158274
158156
158109
157966
157923
157882
157755
157717
157383
157345
157220
156992
156892
156828
156827
156725
156640
156181
156177
155800
155737
155697
155649
155556
155456
155290
154559
154497
154418
154186
154083
153990
153556
153472
153454
153451
153406
153171
152984
152745
152225
151716
151540
151472
151436
151294
151228
151117
151005
150014
149973
149949
149908
149668
149170
149105
148918
148003
147960
147335
147268
147063
146684
146584
146481
146374
145977
145934
145917
145880
145601
145591
145525
145454
145387
145074
144782
144724
144445
144404
144326
144116
144048
143596
143384
143281
143006
142904
142718
142710
142417
142362
142223
142216
142146
142009
141962
141740
141657
141605
141454
141402
141124
140897
140424
140254
140130
139784
139744
139605
139445
139393
138621
138495
138448
138186
137993
137329
137148
136559
136542
136346
136138
135759
135728
135431
135311
135170
134956
134878
134327
134169
134048
133919
133838
133832
133736
133587
132781
132217
132208
132076
131501
131485
131325
130711
130611
130204
130011
130000
129915
129906
129411
129373
129334
129132
129111
128907
128853
128838
128702
128436
128178
127947
126968
126950
126791
126518
126450
126065
126000
125878
125329
125304
125252
125238
124349
123737
123412
123387
123020
122667
122449
121987
120976
120333
120133
119767
119745
119711
119619
119249
119222
119095
119073
119054
118540
118465
118253
118209
117977
117751
117546
117540
117482
117390
117165
116884
116832
116810
116656
116616
116508
116280
116063
115794
115536
115390
114937
114790
114722
114701
114586
114570
114405
113888
113720
113633
113497
113484
113482
112533
112079
111743
111626
111385
111296
111224
111206
111201
110964
110803
110748
110323
110255
109658
109395
109352
109226
109053
108610
108564
108470
108465
107881
107722
107583
107442
107318
107051
106992
106863
106644
106633
106629
106450
106350
106162
106137
105990
105626
105451
105441
105151
105138
104931
104832
104758
104617
104456
104138
104002
104000
103978
103803
103709
103665
102882
102625
102567
102243
102095
102079
101736
101606
101146
100962
100726
100704
100627
100225
99983
98940
98182
98018
98015
97887
97749
97483
96905
96809
96570
96264
96228
95450
95319
95301
94911
94848
94642
94546
94002
93737
93716
93017
92896
92864
92502
92293
92147
92133
91959
91928
91927
91490
91441
91272
91145
91077
90853
90805
90693
90648
90610
90395
90333
90038
89884
89826
89403
89174
89080
89072
89055
88395
88362
88087
87726
87604
87571
87485
87422
87290
87144
87032
87024
86959
86595
86032
85982
85929
85854
85773
85534
85202
85048
84759
84331
84263
84028
84020
83781
83738
83683
83290
82862
82859
82255
81980
81658
81370
80554
80294
80149
80129
79841
79153
78619
78328
77952
77788
77093
76876
76822
76720
76599
76368
75770
75655
75519
75255
74512
74490
74309
73706
73639
73241
72856
72532
72209
72110
72067
72048
71999
71942
71900
71819
71765
71613
71481
71356
71323
71289
71229
70783
70416
70384
70358
70133
69991
69802
69743
69741
69652
69481
68917
68839
68494
68385
67974
67758
67679
67422
67180
66987
66603
65811
65703
65663
65516
65262
65118
65100
65062
64973
64569
64240
63938
63701
63692
63651
63127
63050
62483
62364
62222
62002
61921
61593
60758
60462
60391
60254
59738
59634
59589
59490
59141
58817
58608
58384
58296
58004
57793
57757
57754
57709
57487
57486
57440
56737
56425
55565
55562
54887
54852
54824
54758
54587
54457
54079
53972
53887
53727
53711
53207
53067
52906
52779
52667
52319
52267
51993
51576
51568
51307
50292
50239
50107
49668
49302
48718
48697
48468
48423
48106
48077
47636
47559
47226
46988
46617
46511
46147
45876
45635
45599
45412
45267
44998
44601
44414
44412
44136
43705
43394
43212
42681
42468
42409
42270
42185
41937
41887
41445
41228
41050
41015
41005
40785
40604
40134
40129
40110
40005
39390
39185
38866
38834
38691
38587
38468
37712
37697
37565
37470
37313
37302
36569
36244
36150
36105
36097
36085
35980
35674
34865
34002
33716
33637
33579
33444
32983
32962
32787
32723
32471
32205
32198
32121
31900
31827
31756
31198
30936
30931
30509
30134
30109
29916
29650
29512
29449
29108
28854
28799
28560
28052
28041
28025
27958
27757
27488
27466
26945
26931
26448
26210
26019
26001
25676
25251
24909
24823
24797
24669
24298
24231
24155
23950
23897
23847
23815
23622
23503
23442
22751
22695
22426
22399
22071
22057
21823
21815
21565
21272
21160
21037
20617
20544
20483
20342
20130
19892
19880
19740
19438
19325
19144
19115
18968
18548
18458
16619
16386
15957
15881
15512
15372
15316
15194
15055
15019
15014
14873
14852
14691
14652
14625
14458
14173
13727
13364
13292
13225
13133
13113
12105
11940
11805
11699
11519
11182
11182
10768
10650
10645
10404
10209
10002
9757
9700
9533
9478
9310
9242
8636
8273
8160
8116
8108
7892
7763
7423
7238
7111
6817
6563
6285
6135
5880
5856
5806
5724
5683
4719
4546
4481
4301
3993
3777
3539
3341
2830
2785
2748
2704
2473
2422
2389
2352
2281
1870
1752
1492
1354
1174
1143
1034
590
524
428
316
