999995
999929
999489
999471
999451
999345
999303
999203
998919
998671
998484
998444
998267
997599
997462
997039
996868
996659
996325
996173
996064
995455
995294
994296
994074
994014
993843
993372
993290
993164
993134
992703
992569
992336
992185
992005
991891
991817
991665
991538
991422
991419
990668
990619
989831
989679
989558
989511
989509
989357
988932
988760
988713
988705
988684
987772
987117
986773
986518
986227
986071
985972
985848
985736
985587
985468
985185
985096
985058
984737
984219
984112
983849
983068
983061
982805
982584
982499
982430
982377
982287
981932
981799
981533
981144
980900
980652
980576
979675
979526
979469
979437
979405
979186
979078
978564
978487
977619
976915
976716
976596
976534
976089
976004
975991
975834
975490
975482
975433
975359
975306
975280
975041
975005
974978
974953
974512
974474
974257
974247
974207
974183
973468
973326
973216
973023
972390
972373
972107
971940
971836
971466
971269
971066
970825
970046
970046
969446
969403
969369
969155
969000
968304
967492
967441
967236
967047
966783
966678
966675
966547
966490
966390
965704
965058
965020
964646
964521
964520
964504
963955
963845
963430
963205
963108
962944
962552
962425
962309
962287
962078
962016
961948
961744
961585
961072
960711
960626
960234
960164
960112
959533
959504
959338
959236
959205
959196
958920
958880
958459
958323
958042
957735
957438
957280
957272
956922
956313
956246
956209
956144
955919
955429
955236
954929
954604
954460
954385
953951
953637
953275
953175
953128
952806
952666
952524
952218
952167
952120
951848
951406
951342
951262
951244
951083
950904
950861
950794
950663
950591
950407
950370
950003
949869
949348
948845
948806
948710
948564
948427
947567
947102
946475
946273
946236
946087
945892
945352
945284
945022
945014
944592
944578
944521
944145
943810
943499
943461
943356
943273
943188
942913
942836
942816
942806
942172
941953
941787
941694
941624
941570
941565
939865
939775
939748
939279
939206
938378
938368
938070
937740
937709
937558
937233
937025
936995
936896
936841
936084
936024
935649
935584
935550
935546
935154
934880
934748
934676
933813
933790
933435
933076
933067
932986
932939
932785
932482
932284
932181
932122
931908
931892
931702
931522
931409
931164
931158
930594
930314
930137
929821
929755
929230
929157
928789
928447
928032
927973
927534
927147
927111
927030
926749
926707
926169
925988
925952
925933
925693
925155
924993
924953
924858
924622
924544
924540
924441
924073
924010
923726
923626
922700
922692
922625
922246
922080
921598
921486
921116
921056
920344
920341
920171
920032
919873
919682
919580
919525
919249
919080
918940
918523
918373
918189
918088
918058
917915
917588
917482
917469
916843
916712
916705
916555
916540
916515
916449
916292
915649
915481
915119
914994
914674
914672
913576
913411
913336
912973
912649
912585
912569
912206
912136
912113
911848
911660
911351
910869
910768
910499
910456
910372
910331
910301
910212
910054
909981
909900
909810
909689
909671
909526
909399
909299
909233
909188
909146
909026
908805
908803
908305
908301
908255
908223
908182
908025
907590
907577
907448
907419
907292
907239
907074
906758
906587
906569
906448
906417
906376
906318
906094
905817
904892
904406
904215
904029
903930
903903
903623
903296
903068
902844
902620
902615
902515
902347
902007
901846
901548
900867
900828
900774
900587
899679
899598
899491
899371
899040
898817
898811
898624
898178
897671
897660
897259
897192
897099
896869
896762
896628
896595
896013
895987
895845
895685
895607
895065
894873
894596
894548
894245
893933
893896
893879
893850
893800
893630
893609
893585
893469
893359
893293
893278
893141
893088
892779
892443
892264
892238
891906
891809
891749
891615
890356
890347
889891
889886
889551
889435
889022
888861
888121
888110
887891
887883
887878
887511
887318
887270
887222
887056
886833
886623
886438
885965
885922
885879
885877
885843
885670
885392
885284
885169
884774
884709
884656
884491
884161
883980
883768
883528
883463
883439
883201
883167
883073
882904
882610
882003
881785
881112
880832
880524
879647
879584
879361
879238
879161
879151
879127
878165
878149
878038
877982
877847
877634
877593
877541
877190
877188
877046
876652
876404
876080
875982
875660
875602
875337
875241
875201
875199
875189
874913
874816
874461
874404
874386
874046
873902
873521
873426
873413
873373
873359
873312
872994
872725
872622
872382
872222
872107
872082
871951
871695
871287
871252
871180
871158
870968
870827
870729
870701
870665
870512
870248
870231
869883
869816
869764
869712
869696
869402
869028
868932
868728
868675
868616
868543
868376
867843
867714
867709
867339
866709
865755
865541
865489
865413
865403
865350
865155
865112
864976
864935
864884
864812
864754
864733
864249
864092
864069
864053
863808
863647
863623
862724
862596
862588
862584
862232
861971
861620
861523
861058
860940
860430
860276
860274
860143
859675
859427
859231
858765
858242
858234
857870
857643
857529
857518
857431
856828
856564
856405
856042
855935
855929
855824
855742
855591
855254
854339
854165
854099
853487
853424
853206
853071
853013
852479
852094
851860
851706
850758
850671
850414
850338
850212
850090
849552
849540
849436
848915
848830
848783
848536
848510
848076
847691
847664
847546
847093
846908
846249
846183
846119
846119
845578
845223
845091
844668
844489
844125
844019
843403
843274
843245
843160
843086
843059
842854
842553
842149
842108
841929
841393
841278
841222
840926
840643
840595
840548
840399
839787
839404
839308
839297
838935
838345
838325
838281
837980
837813
837698
837490
837310
837234
837205
837017
836547
836276
836171
836016
835591
835440
835038
834916
834206
833985
833915
833893
833880
833801
833633
833359
833315
833225
833098
832836
832549
832462
832158
831995
831861
831770
831469
831361
831182
831044
830826
829798
829679
829646
829583
829343
829082
829022
828916
828686
828123
827980
827873
827836
827689
827409
827349
827066
827062
826954
826846
826825
826323
826313
826063
825787
825736
825714
825495
825262
824821
824656
824395
824306
824022
823829
823795
823709
823357
823147
823120
822914
822807
822308
822171
822124
822080
822061
821997
821653
821257
821243
821168
820626
820472
820248
820150
819904
819485
819289
819220
818918
818723
818666
818603
818505
818472
818143
817831
817680
817250
816834
816732
816397
816358
816122
815697
815494
815425
815229
815198
815080
814509
814080
813812
813808
813750
813734
813614
813039
812887
812805
812572
812435
812295
812211
812067
811582
810856
810720
810571
810469
810143
809816
809771
809733
809579
809230
808966
808930
808825
808589
808089
807655
807559
807227
807168
806740
806666
806208
806175
805872
805622
805576
805308
804978
804882
804867
804783
804736
804659
804652
804515
804114
803970
803671
802825
802771
802567
802242
802123
801756
801746
801605
801487
801453
800268
800081
799813
799418
799361
799099
798790
798762
798723
798722
798439
798382
798366
798296
797877
797814
797755
797476
797451
797438
796873
796818
796673
796617
796488
796469
795846
795783
795464
795454
794934
794930
794718
794667
794577
794208
793833
793800
793766
793659
793383
793282
793195
793004
792965
792474
792205
791991
791626
791397
791319
791164
791007
789914
789843
789804
789487
789353
789275
789258
788782
788774
788646
788602
788580
788567
788545
788259
787943
787921
786776
786672
786490
786036
785983
785707
785596
785139
785078
784999
784969
784839
784785
784569
784417
784359
784061
784036
783931
783774
783469
783347
783149
782940
782869
782546
782367
782341
782023
781890
781784
781740
781547
781244
781090
780689
780439
780220
779951
779910
779673
779565
779305
779286
779025
778494
778327
778090
777986
777928
777874
777582
777345
777336
776672
776533
776243
776197
776114
775947
775768
775703
775645
775611
775406
775132
775106
774639
774528
774130
774105
773399
773291
773242
773218
772912
772416
772240
771161
771063
770839
770701
770635
770633
770586
770313
770238
770149
770103
769841
769799
769729
769725
769211
769123
768991
768871
768694
768630
768533
768401
768153
767614
767395
767243
767236
767231
767107
767021
766193
765936
765663
765629
765284
764800
764480
764466
763990
763957
763916
763728
763669
763280
763236
763226
763093
763068
763054
762976
762956
762788
762611
762323
762059
761878
761702
761683
761650
761560
761323
760851
760575
759955
759715
759353
759326
758999
758664
758440
758427
758418
758372
758233
758167
758021
757964
757953
757931
757323
757169
756951
756878
756744
756709
756403
756385
756216
756113
756021
756012
755875
755603
755578
755176
754973
754926
754838
754751
754637
754581
754509
754109
753574
752805
752629
751799
751749
751264
750994
750601
750525
750520
750497
750332
750274
750203
750200
750125
749978
749925
749751
749434
749433
749049
748912
748838
748757
748566
748377
748357
747955
747892
747803
747522
747110
746466
746277
746132
745470
745432
745355
745347
745082
745001
744620
744430
744146
744058
743866
743512
743400
743064
742726
742621
742516
742471
742208
742056
741893
740291
740278
740263
740046
739745
739663
739523
739392
738871
738846
738360
738103
738008
737633
737548
737352
737297
737243
737136
736788
736525
736111
736030
735905
735899
735256
735169
734961
734919
734778
734719
733771
733704
733523
733337
733159
732754
732729
732707
732529
732263
731904
731435
731209
731084
730951
730755
730337
729944
729603
729459
729393
729352
729289
729195
729179
729128
728662
728573
728489
728471
728375
728185
728132
727434
727322
727153
726975
726590
726519
726333
726203
726173
725951
725310
725079
725076
724670
724630
724621
724386
723976
723576
722762
722525
722511
722328
722324
721970
721845
721398
721387
721239
720990
720623
720615
720055
719982
719425
719362
719303
719291
719173
718701
718243
718202
718122
717348
717171
716677
716638
716309
716176
716122
715841
715667
715661
715493
715470
715201
715056
715024
714968
714332
714272
714156
714050
713403
712941
712880
712376
712254
712195
712098
711737
711718
711642
711477
711250
711007
710968
710077
710058
709802
709773
709643
709517
709354
709273
708884
708854
708566
707963
707780
707668
707626
707533
707363
707330
706742
706639
706374
705801
705784
705224
705073
704856
704512
704431
704424
704107
703703
703428
703371
703348
703288
703156
702800
702720
702524
702521
702360
702103
701870
701590
701584
701527
701382
701373
701225
701003
700950
700850
700756
700638
700357
700153
700137
699736
699735
699487
699364
699186
698932
698550
698482
698470
697740
697631
697630
697507
697444
697370
697283
697178
697077
697066
696807
696491
696490
696225
696146
695790
695422
695417
695289
695218
695201
695090
694927
694674
694467
694227
694022
693795
693241
693202
693175
693072
692894
692880
692772
692406
691865
691747
691675
691359
691325
691262
691248
691023
690846
690648
690600
690570
690566
690423
690289
690213
690116
690054
689536
689497
688818
688704
688518
688291
688067
687742
687539
687407
687399
687227
686895
686445
686236
686205
685918
685869
685752
685581
685546
685109
684751
684623
684321
684069
683934
683791
683660
683370
683257
683201
683137
682972
682764
682368
682256
681993
681759
681701
681686
681308
680814
680736
680434
680086
680057
679967
679942
679386
679371
679309
679304
679135
679003
678978
678655
678482
678451
678443
678329
678035
677884
677746
677646
677595
677195
676876
676871
676753
676710
676641
676599
676557
676031
675947
675461
674921
674703
674273
673636
673383
673356
673345
673227
673101
672877
672679
672432
672332
672187
672081
671987
671767
671298
671112
670683
670580
670551
670351
670064
669947
669813
669797
669323
669122
669020
669015
668922
668642
668217
668067
667338
667327
667275
666840
666611
666585
666408
665935
665860
665798
665478
665357
665197
665079
664924
664909
664730
664648
663778
663480
662886
662281
662248
661997
661192
660632
660628
660501
660314
660152
659843
659657
659290
659153
658826
658797
658680
658565
658327
658235
657670
656972
656662
656056
656024
655958
655172
655127
654970
654948
654488
654192
654192
654172
653757
653564
653303
652937
652870
652815
652725
652691
652672
652587
652254
652114
651974
651665
651530
650929
650845
650583
650475
650105
650101
650011
649602
649504
649191
648619
648523
648494
648248
648214
648151
647681
647078
646839
646838
646815
646759
646665
646537
646208
645526
645458
645410
645384
645356
644929
644733
644718
644445
644321
644235
644165
643742
643576
643531
643322
642584
642392
642248
642042
641792
641654
641288
640932
640798
640536
640468
640348
640310
639988
639976
639933
639813
639724
639632
639293
639143
639135
638890
638743
638294
638185
638167
637848
637842
637603
637252
637105
636811
636761
636326
636267
636222
635988
635933
635877
635801
635563
635507
635356
635338
635284
635225
634762
634745
634393
634150
633466
633397
633138
632583
632326
632021
631977
631792
631770
631702
631474
630968
630913
630704
630417
630331
630048
630012
629686
629469
629302
629294
629235
629037
628911
628719
628347
628151
628038
627902
627865
627774
627724
627652
627617
627494
627342
627196
627113
626918
626859
626547
626250
626131
625673
625462
624963
624783
624760
624577
624465
624464
624200
624037
623877
623738
623708
623305
623164
623139
623076
622893
622747
622687
622675
622411
622142
622129
621944
621813
621804
621650
621503
621042
620926
620920
620667
620381
620301
619988
619976
619815
619646
619447
619442
619233
618989
618923
618830
618632
618561
618455
618361
618263
618085
617690
617508
617049
616859
616701
616654
616643
616589
616538
616508
616026
616009
615937
615885
615550
615467
615390
615296
615187
614972
614936
614881
614881
614367
614217
614167
614106
613861
613845
613531
613020
612845
612676
612585
612582
612324
612263
612016
611811
611657
611439
611268
611193
611156
611148
611146
611013
610682
610481
610216
609999
609944
609831
609600
609590
609572
609398
609304
609082
608650
608572
607818
607613
607415
607414
607362
607008
606864
606803
606724
606616
606457
606351
606343
605805
605586
605296
605218
605126
605077
604888
604344
604057
603813
603812
603754
603698
603527
603445
603444
603221
603112
602960
602531
602432
602275
601792
601783
601704
601383
601347
601231
600962
600819
600408
600296
599778
598853
598723
598588
598556
598474
598436
597812
597734
597700
597685
597371
597209
597175
597072
596977
596683
596440
596407
596009
595905
595891
595844
595805
595702
594987
594877
594314
593549
593247
593172
593150
593081
593013
592541
592498
592118
591907
591673
591310
591130
590876
590869
590663
590558
590546
590431
590350
590263
590028
589694
589556
589251
588827
588154
588136
587831
587824
587629
587558
587172
587080
586752
586490
586247
586007
585995
585817
585802
585705
585594
585295
585220
585202
584765
584735
584624
584558
584318
584274
584058
583601
583005
582784
582682
582635
582487
582400
582264
582261
582174
582152
581813
581511
581236
581012
580795
580783
580655
580506
580172
580021
579506
579220
579179
579171
579045
578899
578863
578055
577933
577696
577672
577622
577297
577184
576976
576556
576486
576278
576067
576001
575875
575083
574750
574362
574355
574220
574135
573800
573487
573342
572975
572953
572665
572417
572333
572256
572131
572103
571966
571864
571641
571538
571376
570238
570090
569891
569566
569195
568861
568859
568805
568591
567867
567626
567482
567115
567071
567070
567016
566883
566776
566445
565966
565857
565537
565430
565330
564273
564257
564112
563899
563721
563681
563418
563407
563348
563294
562975
562716
562483
562348
562271
562251
562235
562231
561891
561665
561386
561320
561183
560892
560817
560680
560419
560225
560217
560118
559873
559653
559443
559351
559204
559203
559045
558848
558687
558682
558632
558243
558002
557894
557790
557752
557653
557513
557348
557315
556640
555989
555787
555774
555655
555638
555562
555142
554992
554681
554606
554389
554336
554309
553932
553578
553407
552821
552790
552728
552700
552595
552381
552298
552225
552148
552100
552072
551871
551516
551388
551316
550729
550684
550474
550469
550397
550171
549923
549803
549411
549374
548939
548141
547979
547790
547458
547363
547172
546783
546591
546439
546384
546302
545942
545910
545673
545441
545402
545338
545140
544761
544354
544217
544113
543942
543895
543828
543467
543111
542764
542699
542609
542499
542363
542287
542170
541994
541692
541599
541591
541541
541522
540866
540720
540252
540180
539973
539897
539201
538823
538778
538745
538619
538253
537972
537884
537804
537396
537325
537200
537124
537112
536927
536894
536479
536070
536053
535733
535683
535479
535409
534953
534756
534648
534496
534428
534017
533886
533746
533733
533134
532982
532892
532749
532710
532676
532178
531514
531398
531158
530949
530946
530534
530088
529721
529649
529592
529427
529177
529109
529040
528962
528742
528380
528116
528002
527600
527545
527385
527199
527137
527021
526521
526213
525963
525868
525748
525673
525436
525091
524858
524816
524742
524663
524410
524315
524179
524165
523805
523665
523374
523169
522649
522410
522369
522311
522180
522179
522026
521712
521534
521049
520755
520722
520322
519478
518904
518812
518333
518272
518223
518155
518129
518099
518094
518049
517565
517536
517534
517499
517044
516750
516637
516628
516254
516236
516155
516004
515681
515543
515512
515510
515481
515193
515129
515043
514581
514580
514365
514152
514081
514011
513996
513708
513589
513580
513520
513440
513432
513199
513129
512764
512245
512126
512081
511996
511992
511795
511717
511521
511503
510902
510901
510510
510497
510304
510167
510136
510135
510011
509998
509884
509281
509257
509157
509021
508404
508282
508252
508186
507858
507844
507823
507610
507077
506811
506371
506011
505295
504807
504663
504550
504449
504236
504167
503899
503776
503386
503212
503138
502930
502769
502682
502600
502271
502101
502007
501918
501311
501136
500978
500610
500340
500076
499886
499661
499555
499545
499493
499316
499259
498791
498614
498573
498533
498455
498335
498068
497861
497442
497262
497102
496958
496215
495569
495413
495198
495009
494186
493971
493909
493907
493634
493123
493119
493062
492856
492584
492243
492193
491904
491770
491725
491320
491253
490784
490221
490170
490080
490005
489537
489518
489467
489028
488896
488865
488740
488400
488221
487894
487656
487589
487404
486877
486412
486175
486107
485945
485838
485826
485798
485395
485394
484980
484878
484825
484358
483901
483857
483656
483579
483231
483051
482489
482256
482114
482057
481964
481498
481494
481428
481227
480878
480576
480496
480213
480199
480116
480058
479917
479648
479376
479063
478938
478812
478532
478478
478202
477914
477832
477579
477304
477100
477006
476606
476366
476341
476050
475792
475407
475365
475310
475030
474783
474651
474309
474295
474176
473961
473936
473615
473561
473204
472956
472403
472187
472087
471416
471338
470863
470787
470142
470012
469979
469754
469602
469523
469468
469292
469079
468655
468284
468260
468226
468033
467867
467811
467797
467303
467266
466936
466754
466739
466708
466686
466151
466016
465883
465880
465816
465756
465557
465457
465181
464837
464733
464714
464569
464549
464412
463937
463652
463398
463390
463245
463170
463021
462891
462475
462214
462068
461720
461446
460975
460938
460934
460343
460157
459708
459609
459608
459553
459275
459069
458784
458613
458547
458370
458365
458166
457957
457673
457553
456667
455972
455969
455836
455783
455739
455698
455123
455044
454496
454312
454273
454259
454233
453858
453809
453657
453251
453233
452962
452874
452344
452314
452267
452130
451833
451781
451757
451747
451745
451642
451526
451215
451090
450824
450566
450564
449906
449798
449794
449677
449315
449199
449119
448843
448637
448400
448246
448226
447768
447669
447359
447333
447297
446823
446604
446465
446347
446314
446232
446030
445946
445576
445286
444145
443740
443580
443482
443442
443206
442927
442913
442347
442304
442064
441950
441874
441788
441765
441549
441351
441136
441101
440909
440812
440776
440512
439547
439540
439501
438493
438150
437859
437757
437240
437152
437132
437028
436842
436839
436760
436517
436413
436306
436236
436000
435015
433970
433952
433776
433322
433316
433299
433040
432914
432833
432685
432613
432337
432209
431982
431758
431441
430985
430796
430745
430518
429959
429773
429686
429315
429297
429231
429204
429095
428820
428444
428211
428138
428111
427510
427321
427248
427097
427042
427032
426843
426731
426726
426278
426139
426097
425915
425870
425511
425212
424746
424295
424264
424197
424131
423915
423226
423067
422512
422471
422334
422311
422212
422149
422081
421936
421719
421494
420724
420630
420482
420393
420376
419725
419661
419515
419490
419351
419264
419131
419109
419044
419004
418640
418297
418124
417816
417350
417159
417149
417101
417050
416915
416840
416171
415714
415601
415229
415019
414838
414631
414283
414218
414040
413918
413737
412903
412646
412621
412279
412112
411631
411571
411188
410923
410790
410756
409999
409965
409784
409622
409160
409035
408506
407828
407622
407537
407476
407361
407039
406933
406883
406796
406780
406603
406443
406426
406258
406003
405956
405422
405316
404872
403742
403689
403593
403297
403285
403241
403052
403019
402672
402621
402361
402353
402327
402302
402192
402072
402023
401914
401912
401696
401538
401258
401012
400998
400393
400281
400128
399964
399903
399562
399547
399457
399339
398757
398055
398048
398012
397571
397482
397481
397057
396933
396881
396871
396852
396274
396137
395620
395551
395474
395348
395251
394931
394818
394373
393990
393888
393879
393707
393592
393554
393493
393367
393109
392538
392418
392294
392204
392091
391886
391811
391776
391668
391642
391568
391216
390879
390830
390539
390459
390202
389899
389892
389462
389229
388871
388831
388429
388278
387993
387713
387698
387505
387466
386991
386872
386796
386514
385835
385739
385667
385505
385267
385082
384747
384713
384670
384498
384235
384207
384004
383921
383912
383899
383596
383328
383325
383011
383005
382938
382557
382292
381939
381827
381467
381372
381345
381136
380874
380724
380471
380285
380046
378994
378471
378438
378387
378300
378240
378172
378115
377992
377065
377052
376896
376787
376613
376527
376525
376466
376186
376185
376078
376063
376037
375631
375367
374880
374876
374635
374137
374095
374077
374016
374012
373720
373495
373310
373157
372946
372765
372651
372507
372032
371869
371348
371050
370628
370323
370234
370221
370142
369962
369844
369780
369499
369132
369132
368515
368018
367980
367897
367872
367598
367581
366824
366773
366405
366129
366106
365768
365423
365229
365218
364942
364937
364907
364706
364654
364563
364539
364454
364417
363835
363583
363509
363454
363362
363311
363190
363038
362909
362886
362625
362550
362453
362000
361833
361641
361092
361042
361040
361012
360960
359916
359895
359642
359539
359468
359465
359435
359323
359188
359177
359119
359061
359041
358779
358777
358628
357906
357853
357266
357163
356933
356183
355986
355833
355742
355737
355704
355672
355207
354938
354776
354400
354354
354210
353883
353838
353537
353317
352964
352839
352607
352402
352329
352285
352095
352034
351900
351800
351758
351647
351553
351122
351069
351000
350598
350530
350315
350297
349784
349701
349576
349020
349010
348891
348811
348402
348158
347952
347917
347874
347683
347462
347210
346779
346695
346181
346039
345732
345589
344768
344638
344463
344319
344262
344234
344143
343774
343626
343329
343072
343019
342392
342095
342054
341518
341430
341413
341333
341314
341267
341026
341012
340842
340598
340431
340409
340305
340122
340073
339986
339854
339371
339242
339196
339189
338820
338780
338471
338376
337787
337579
337576
337398
337328
337262
337136
337035
336745
336446
336154
335971
335772
335721
335651
335633
334860
334841
334678
334615
334418
333970
333531
333451
333310
333256
332989
332861
332364
332353
332291
332085
331825
331738
331598
331571
331425
331262
331207
330618
330600
330496
330329
330252
330078
329814
329666
329517
329386
329331
327547
327301
327250
327222
327079
326937
326731
326625
326451
326342
326268
326184
326069
325994
325763
325691
325049
324655
324612
324470
324381
324176
324097
324007
323957
323600
323175
323120
322856
322856
322733
322684
322633
322555
322357
322320
321896
321823
321681
321591
321337
321250
321137
321012
320939
320711
320641
320613
320546
320485
320336
320284
320230
319861
319605
319485
319205
318252
318195
317878
317661
317149
317065
317026
316908
316661
316587
316585
316451
316042
315913
315852
315842
315639
315556
315205
315030
315007
314452
314374
314132
314086
313874
313859
313812
313720
313680
313647
313572
313426
313171
312350
312045
311832
311273
311037
310672
310651
310036
309855
309771
309581
309543
309372
309117
308970
308557
308397
308145
307771
307697
307549
307160
306915
306723
306707
306332
305869
305840
305684
305602
305285
305242
304920
304842
304295
303976
303728
303547
302999
302938
302871
302692
302114
301724
301548
301432
300837
300794
300695
300290
300189
300127
300092
299999
299724
299540
299490
299489
298840
298368
298340
298262
298030
297986
297927
297528
297465
297371
297241
297088
296718
296476
296334
295783
295703
295701
295485
295337
294734
294696
294506
294501
294264
293078
293031
292891
292459
292407
292078
291895
291518
291421
291410
291403
290994
290848
290818
290761
290615
289695
289580
289422
288551
288519
288432
288377
287953
287781
287622
287445
287306
286831
286361
286345
286028
286004
285573
285344
285138
284915
284702
284644
284305
284001
283811
283741
283670
283663
283518
283508
283157
283114
283018
282733
282651
282124
281318
281279
281195
280907
280834
280818
280718
280582
280070
280059
279781
279513
279272
279253
278639
278609
278537
277995
277938
277521
277508
277451
277321
277187
277077
276855
276778
276608
276602
276562
276404
276207
276154
276113
276057
275802
275580
275428
275396
275339
275078
274903
274107
274082
273900
273713
273651
273259
272941
272563
272290
272051
271937
271846
271184
270895
270683
270644
270513
270439
270266
269750
269626
269531
269438
269229
268278
268087
267878
267806
267749
267725
267576
267547
267541
267436
266883
266689
266635
266415
266411
265829
265593
265437
265322
265151
264706
264522
264267
263154
263102
262155
261866
261782
261250
260740
260648
260418
260044
259770
259345
259318
259146
259126
258895
258722
258680
258605
258146
258092
258043
257687
257519
257298
256675
256561
256379
256135
256117
255850
255810
255782
255393
255243
255193
255051
254863
254830
254637
254063
254032
253718
253479
253461
253108
252984
252576
252324
252187
251942
251836
251833
251570
251532
251418
251367
251294
251094
250802
250670
249967
249663
249604
249518
249503
249212
249125
249116
248945
248892
248738
248696
248425
248128
248043
247546
247092
246798
246768
246102
245298
245282
245216
245126
245065
244960
244939
244791
244756
244581
243906
243604
243584
243563
243561
243448
243441
243305
243136
242988
242644
242585
241884
241679
241241
241210
241110
240651
240588
240355
240224
240046
239675
239657
239378
238872
238846
238764
238447
238273
237885
237581
237523
236877
236643
236513
235701
235685
235538
235220
234922
234650
234636
234628
234605
234403
234263
234072
233486
233460
233351
233313
233254
232758
232718
232426
232395
231572
231527
231261
231096
231003
230822
230382
230177
230167
229912
229621
229605
229522
229458
229325
229155
229129
228591
228230
227791
227460
227052
227042
227018
226582
226568
226090
226041
225936
225860
225673
225671
225536
225481
224638
224554
224306
224144
224092
223704
223587
223281
223137
223046
222965
222960
222956
222870
222814
222352
222058
221494
221033
220580
220420
219982
219726
218559
218170
217644
217250
217100
216857
216708
216666
216657
216468
216315
216263
215946
215775
215381
215337
215134
214727
214274
214182
213937
213899
213619
212860
212795
212451
211842
211616
211594
211481
211383
211193
210827
210679
209053
208999
208402
208341
208061
208003
207111
207107
207037
206968
206863
206861
206785
206443
206298
206239
206150
205931
205643
205314
205185
205159
204789
204571
204331
204124
204050
204032
203833
203486
203302
203044
203016
202949
202863
202837
202675
202542
202412
202364
201767
201677
201175
201167
201128
200997
200983
200873
200794
200589
200513
200406
200129
199981
199958
199864
199682
199647
199485
199315
199201
199167
199027
198600
198417
198248
198247
198211
198116
198070
197907
197331
197261
197105
196773
196733
196694
196655
196583
196309
195848
195681
195421
195241
195114
194875
194778
194615
194099
193743
193481
193138
193013
192783
192501
192368
192242
192195
191730
191619
191578
191185
191099
191020
190960
190651
190032
189571
189403
189336
189291
188823
188668
188589
188496
188464
188458
188222
188212
188038
188010
187848
187805
187535
187263
186609
186487
186400
186271
186097
185952
185679
185655
185644
185458
185429
185329
185191
184799
184793
184554
184274
184248
184238
184123
183853
183825
183202
183163
183146
183043
182654
182318
182246
182081
181856
181579
181544
181304
181158
180582
179990
179818
179548
179396
179261
179038
178991
178956
178937
178746
178668
178618
178349
178150
178100
178084
177990
177367
177332
177302
176952
176868
176734
176392
176119
175993
175959
175842
175652
175601
175443
175276
174892
174481
174170
173921
173697
173634
173209
173056
172969
172874
172246
172151
172081
172038
171596
171070
170912
170338
170148
170053
169876
169811
169809
169751
169461
169335
169209
169120
168750
168722
168691
168544
168528
168462
168457
168020
167865
167734
167470
167263
166955
166586
166580
166466
166453
166413
166215
165101
164767
164208
163903
163874
163655
163521
163212
163047
163004
162320
162117
161974
161900
161900
161769
161644
161364
161292
161018
160739
160567
160172
159855
159812
159458
159227
158779
158436
157921
157875
157376
157186
156959
156923
156710
156468
156412
156360
156013
155832
155363
155220
154991
154837
154590
154577
154342
154090
153359
153078
153061
152937
152253
152116
152092
151329
151074
150920
150473
150393
150327
150102
149832
149619
149598
149535
148971
148624
148108
148042
147996
147732
147713
147354
147055
147025
146529
146466
146256
145792
145595
145417
145290
144905
144821
144658
144197
144182
144097
144025
143971
143441
143434
143402
143394
143277
142721
142633
142592
142578
142460
142236
142135
141624
141258
141230
141204
140839
140763
140566
140521
140341
140326
139717
139568
139544
139055
139026
139007
138783
138647
137883
137773
137633
137502
137360
137323
137087
136810
136777
136728
136497
136057
135568
135535
135449
135107
135034
134980
134354
134152
133712
133411
132538
132109
131488
131284
131266
131221
131151
131049
130728
130626
130249
130239
130158
130115
129985
129821
129683
129545
129201
129090
129039
128958
128859
128803
128640
128374
128190
127740
127009
126748
126372
126239
126134
125821
125710
125516
125386
124847
124818
124560
124362
124347
124163
123652
123611
123248
123107
123098
122711
122347
122151
122024
121611
121552
121439
121411
121136
121035
120865
120825
120430
120388
120098
120028
119827
119721
119511
119218
119165
119139
119084
118925
118215
117950
117766
117730
116992
116976
116768
116667
116665
116554
116493
116231
116138
116101
116078
116070
115200
115100
115087
114947
114774
114568
114251
114225
114083
113848
113796
113512
113304
113203
113134
113130
113052
113004
112912
112482
112445
112328
112186
111946
111552
111551
110963
110822
110808
110792
110478
110424
110391
110328
110029
109905
109894
109279
109231
108928
108737
108618
108600
108155
108005
107088
106944
106787
106606
106462
106436
105903
105873
105640
105554
104658
104516
104313
104199
104145
103958
103937
103847
103719
103623
103471
103275
102770
102606
102601
102599
102560
102535
101592
101054
100798
100551
100548
100544
100458
100208
99710
99527
99138
99056
98986
98961
98906
97661
97229
97192
96866
96801
96670
96383
96066
95980
95634
95530
95458
95366
95150
95140
95079
95064
94987
94927
94853
94485
94127
94040
93912
93827
93572
93559
93404
93224
93148
93080
93007
92773
92452
92410
92113
91821
91761
91761
91497
91196
90955
90667
90539
90524
90185
90004
89949
89709
89331
89115
88992
88779
88678
88636
88168
88066
87556
87088
86952
86950
86858
86785
86785
86679
86025
85715
85615
85600
85560
85176
85155
84911
84833
83983
83877
83669
83645
83633
83576
83554
83020
82815
82585
82011
81990
81840
81473
81091
80873
80631
80407
80248
80129
79836
79803
79681
79314
79196
78674
78483
78309
78228
78017
78015
77982
77946
77902
77850
77682
77533
77308
77304
77159
76890
76791
76766
76734
76709
76642
76492
76126
75937
75673
75261
74988
74951
74921
74706
74394
74358
74267
74101
73948
73899
73458
73192
72800
72769
72557
72378
72349
72297
71981
71938
71928
71919
71832
71250
71029
70803
70782
70558
70381
70283
70146
69966
69708
69515
69475
69137
69034
68443
68405
68404
68235
68072
67759
67717
67697
67668
67649
67554
67397
67366
67343
67193
67184
66861
66819
66614
66123
66065
65695
65385
64922
64848
64675
64563
64134
64101
64026
64022
63995
63923
63481
62703
62383
62003
61744
61518
61282
61117
61114
61045
61017
60633
60525
60382
59431
59428
59357
59227
59061
58888
58795
58782
58557
58511
58382
58356
58254
58074
57205
57137
56919
56732
56529
56442
55511
55500
55426
55314
55255
54989
54919
54713
54545
54486
54171
54053
53976
53071
53068
53012
52694
52653
52268
51789
51698
51529
51322
51005
50994
50930
50731
49885
49508
49396
49294
49258
48951
48790
48731
48676
48488
47770
47536
46374
45711
44324
44306
44177
44059
43877
43839
43524
43400
43332
43221
42853
42812
42474
42358
42158
42108
41942
41687
41540
41242
41233
41225
41206
41061
40941
40865
40320
39933
39837
39548
39339
39018
38817
38745
38678
38413
38279
38178
38155
38080
38078
38015
37788
37781
37777
37451
36907
36872
36655
36537
36401
35844
35769
35708
35693
35488
35158
35155
33954
33879
33837
33707
33511
33044
32894
32858
32819
32740
32616
32329
31975
31908
31646
30943
30358
30326
30199
30053
29927
29673
29631
29608
29520
29163
29038
28761
28693
28655
28576
28508
28501
28481
28479
28388
28167
28050
27715
27546
27474
27322
27178
27154
27031
26878
26761
26720
26655
26538
26256
25988
25870
25811
25342
25059
25028
24610
24539
24155
24034
23885
23498
23039
22724
21818
21792
21613
21405
21323
21292
21124
21085
21082
20870
20715
20389
19980
19862
19769
19667
19373
19312
19190
19143
18614
18593
17914
17884
17837
17285
17214
17028
16654
16631
16579
16482
15962
15605
15358
15337
15177
15177
14959
14863
14746
14638
14547
14447
13694
13456
13187
12953
12850
12488
12449
12397
12234
11404
11118
10376
9573
9478
9039
9008
8569
8459
8366
8296
8177
8032
7369
7147
6889
6849
6730
6695
6641
6101
5952
5800
5531
5501
5350
5107
5015
4887
4182
4150
4118
3510
3400
2984
2970
2725
2153
2041
1819
1589
1569
1447
1421
1406
1070
903
716
665
447
440
349
347
252
114
100
