999853
999316
999245
999050
998822
998642
998594
997711
997366
997322
997226
997157
997101
996539
996317
996162
995709
995656
995628
995566
995525
995459
995304
995024
994793
994398
994314
993881
993752
993711
993690
993678
993644
993601
993225
992589
992388
992312
992055
991720
991662
991612
991598
991170
991169
991088
990804
990783
990186
990012
989922
989852
989257
989206
989150
988814
988805
988566
988395
987799
987623
987248
987134
986497
986487
986346
986244
986074
985629
985436
984874
984707
984666
984517
984464
984451
984268
984128
984009
983921
983652
983643
983520
983473
983451
983282
982989
982908
982562
982280
982030
981993
981628
981566
981508
981430
981235
981203
981130
981069
980922
980829
980635
980318
979758
979635
979457
978655
978274
978111
978090
977974
977844
977519
977004
976955
976536
975627
975215
975193
975131
974761
974525
974247
974198
973778
973301
973207
973201
972985
972787
972531
971871
971456
971083
971054
970980
970978
970836
970681
970578
970151
970001
969923
969781
969750
969382
969327
969143
968769
968706
968417
968300
968154
967932
967729
967682
967518
966829
966820
966505
965851
965403
965092
964704
964653
964583
964180
963930
963659
963656
963654
963601
963402
963164
962885
962878
962816
962784
962614
962612
962530
962184
962061
961837
961722
961445
961072
961020
960977
960820
960692
960654
960556
959883
959813
959596
958857
958436
957943
957642
957564
957564
957462
957348
957094
956981
956886
956818
956535
956109
955899
955862
955798
955067
954826
954778
954732
954700
954577
954291
954151
954145
953997
953768
953602
953365
952704
952489
952174
951509
951429
951232
951223
951187
951156
950919
950520
950189
950052
950017
949998
949699
949573
949532
949468
949462
949265
949155
948730
948575
948285
948193
947786
947595
947439
947378
947231
947143
946817
946557
946109
946039
946036
945867
945139
945083
945014
944977
944942
944551
944429
944274
944060
943922
943909
943867
943809
943395
943263
943141
942762
942553
942377
942240
942060
942056
942029
941973
941740
941632
941410
941247
941008
940941
940152
940133
940076
939826
939804
939768
939733
939673
939579
939568
939360
939359
939128
938800
938740
938462
938283
938054
937532
937370
936871
936661
936527
936448
936324
936220
936074
935711
935605
935443
935170
934923
934462
934335
934096
933926
933813
933661
933048
932013
931329
931101
930649
930423
930077
929978
929862
929258
929001
928231
927687
927666
927587
927540
927003
926921
926690
926590
926318
925922
925720
925294
925248
924950
924831
924701
924678
924634
924083
923749
923495
923487
923073
922965
922773
922591
922466
922337
922311
922202
921915
921795
920694
920656
920621
920588
920526
920462
920064
919809
919631
919553
919443
918913
918833
918820
918704
918558
918316
918133
917932
917271
917184
916579
916426
916261
916249
916125
915980
914903
914849
914755
914724
914240
914187
914120
913880
913712
913615
913587
913501
913495
913428
913372
913185
913060
912886
912851
912801
912621
912614
912604
912604
912017
911952
911855
911526
911497
911158
911128
910877
910875
910875
910240
909997
909823
909142
908931
908445
908298
908276
908183
908104
908090
907776
907557
906874
906868
906700
906654
906627
906388
906251
906185
906139
905839
905803
905689
905636
905441
904813
904556
904476
904278
904051
903666
903610
903547
903468
903157
903144
903049
902974
902967
902421
902098
902065
901703
901577
901221
900427
900360
899602
899538
899431
898892
898680
898623
898611
897914
897848
897631
897405
897178
896977
896766
896714
896604
896469
896374
896138
895331
895115
895051
895007
894639
894467
893883
893760
893613
893584
893581
893507
893260
893254
892516
892248
892246
892165
892020
891883
891815
891622
891586
891539
891300
891047
890970
890560
890453
890353
890324
890230
890166
889639
889221
889022
888791
888734
888585
888483
888461
888395
888381
888298
887740
887730
887594
887415
887053
886940
886866
886626
886564
886476
886336
885916
885804
885366
885313
884943
884933
884751
884259
884237
883838
883806
883748
883637
883385
883382
883134
882997
882768
882591
882496
882407
882290
882087
881789
881664
881661
881579
881449
881420
880897
880863
880655
880386
879966
879951
879505
879361
879337
878746
878704
878511
878389
878317
877925
877876
877424
877036
877000
876962
876749
876590
876588
876317
875962
875655
875625
875299
875165
875033
874622
874601
874594
873831
873402
873384
872733
872524
872523
872441
872318
872195
871961
871850
871706
871282
870677
870224
870162
869962
869751
869583
869532
869307
869290
868996
868853
868844
868689
868395
868288
868239
868145
868051
867677
867675
867626
867318
867063
867061
866995
866979
866871
866856
866769
866391
866015
865982
865972
865558
864780
864416
864225
863976
863824
863814
863402
863287
863105
862968
862934
862872
862659
862578
862214
862130
862063
861736
861710
861687
861670
861416
861051
860885
860876
860827
860656
860629
860557
860499
860367
860023
859967
859679
859480
858773
858609
858401
858095
857813
857509
857469
857152
857087
857063
856911
856685
856532
856192
856098
855893
855852
855512
855314
855246
855040
854827
854719
854700
854525
854308
854305
854169
854093
853890
853497
853460
853360
853257
853216
852817
852539
852459
852265
852169
852101
852035
851383
851329
851303
851299
851253
851026
850997
850544
849991
849385
849275
849222
849074
848817
848807
848541
848501
848239
847408
847398
846939
846633
846161
846038
845967
845909
845787
845454
845313
844989
844922
844793
844784
844373
844059
843965
843864
843863
843580
843526
843012
842760
842507
842476
842084
841964
841962
841887
841432
841222
841148
841068
840829
840667
840422
840336
840232
840227
839734
839556
839389
838464
838319
838075
838009
837750
837239
837210
837129
837103
836736
836376
836256
836207
835769
835696
835624
835430
834819
834789
834767
834677
834619
834616
834493
834356
834278
834174
833831
833828
833405
832902
832845
832760
832534
832365
832287
832066
832050
832027
831824
831569
831412
831038
830905
830901
830638
830492
830435
830365
829655
829452
829345
829190
829023
828859
828757
828696
828492
828373
828339
828171
828074
828062
827852
827792
827546
826945
826857
826500
826390
826334
826292
826073
825953
825615
825402
824863
824739
824700
824472
824384
824160
824146
824052
823828
823281
822853
822369
821973
821754
820674
820672
820505
819923
819853
819731
819441
819401
819374
819351
819125
818966
818587
818437
818396
818244
817881
817852
817825
817715
817477
817226
816701
816416
815608
815548
815410
815351
815258
815182
815159
814904
814750
814548
814393
813992
813913
813713
813611
813454
812312
812281
812257
812150
811818
811807
811536
811367
811344
811248
811125
811094
811071
811064
811059
810937
810841
810179
810000
809928
809633
809602
809574
809552
809456
809437
809287
809072
808610
808549
808412
808411
808396
808376
808365
808282
808175
808104
807950
807895
807849
807830
807620
807612
807314
807304
807269
806787
806714
806656
806338
806298
806228
806160
806138
806048
805879
805852
805645
805543
805499
804758
804755
804650
804442
804162
803925
803743
803594
803591
803182
802999
802903
802812
802252
802228
802150
802137
801896
801704
801518
801387
801224
801142
800821
800569
800159
799961
799910
799568
799397
799084
798961
798941
798471
798438
798209
798018
796887
796851
796848
796200
795842
795422
795268
795193
795142
794788
794710
794532
794376
794341
794309
794276
794272
794185
794116
793690
793143
792976
792537
792473
792305
791225
791052
791026
790981
790614
790161
790158
790023
789828
789467
789286
789136
788912
788348
788329
788277
788212
788154
788083
788013
787819
787710
787460
787371
787365
787179
787001
786911
786874
786638
786630
786581
786404
786285
786262
785457
785294
785137
784853
784702
784650
784194
783961
783775
783506
783017
782980
782499
781917
781804
781770
780572
780144
779613
779553
779506
779326
779187
779103
779005
778957
778771
778658
778578
776901
776798
776784
776604
776433
776356
775966
775837
775755
775615
775559
775293
774958
774829
774778
774541
774198
774188
774134
774040
773846
773592
773464
773423
773117
773084
772605
772605
772269
772256
772171
771910
771850
771826
771731
771565
771469
771436
770676
770566
770366
770358
770249
770175
769993
769987
769252
769155
769023
768353
768097
767828
767724
767119
766671
766579
766327
766294
766049
765715
765626
765622
765160
764853
764577
764460
764432
764317
764313
764301
764286
763912
763389
763381
763250
763003
762826
762818
761906
761797
761242
761077
760600
760168
760052
759854
759649
759491
759285
758958
758881
758519
758433
758398
758353
758309
758048
757815
757760
757694
757477
757378
757353
757157
757153
757084
756303
756133
756108
755786
755695
755589
755500
755225
754703
754512
754379
754199
754116
753982
753930
753847
753746
753659
753502
752766
752658
752503
752301
752296
752218
752216
752211
752076
752059
751904
751806
751793
751615
751326
750756
750603
750446
750287
749154
749130
748829
748741
748735
747744
746986
746904
746850
746315
746189
746088
745599
745132
744965
744797
744622
744393
744108
743976
743783
743648
743609
743200
742965
742777
742226
741941
741915
741756
741749
741693
741137
741066
740922
740182
740147
740104
739907
739502
739396
738622
738463
738340
738140
738059
737595
737261
736695
736491
736345
736178
736112
736063
735970
735475
735279
735058
734986
734903
734601
734540
734245
733668
733496
733490
733324
733142
733085
732904
732815
732773
732448
732404
732257
732056
731976
731834
731723
731685
731603
731429
731229
731105
731075
730825
730518
730383
730292
730244
730192
729913
729646
729572
729475
729178
728726
728433
728284
728271
727853
727555
727514
727060
726993
726490
726443
726139
726063
726006
725634
725608
725550
725513
725435
724928
724563
724358
724292
724179
724002
723985
723488
722939
722653
722603
721993
721906
721399
721116
720776
720489
720067
719930
719808
719738
719725
719719
719462
719379
719142
718569
718352
718286
718134
717605
716973
716854
716420
716240
715956
715954
715850
715162
715062
715045
714886
714867
714779
714424
714068
714060
713808
713371
713214
713207
712573
712037
711851
711696
711489
711381
711228
710976
710617
710580
710575
710361
710261
710244
710180
710110
709996
709803
709493
709292
708763
708319
708188
708133
707983
707812
707766
707182
707085
707001
706953
706939
706714
706638
706568
706060
705796
705782
705758
705534
705413
705405
705326
704893
704627
704288
704180
703788
703768
703462
702898
702252
701656
701572
701274
700991
700932
700897
700840
700641
700586
700586
700409
700123
699775
699680
698990
698906
698905
698504
698355
698215
698133
698129
698002
697606
697425
697386
697348
697184
697077
697052
697018
696713
696481
696430
696370
696346
696337
696259
696122
695538
695475
694875
694652
694350
694271
693839
693817
693654
693577
693452
693166
693088
692720
692563
692195
692176
691991
691774
691486
691288
691052
690305
688801
688746
688706
688479
688448
688168
688161
687716
687625
687597
687279
686872
686781
686490
686430
686365
686219
685839
685812
685598
685460
685285
684834
684813
684803
684696
684618
684588
684447
684227
683890
683443
683350
683120
683119
682791
682615
682405
682325
681841
681744
681570
681376
681001
680958
680848
680843
680588
680377
680184
679983
679639
679173
679090
678989
678725
678167
678107
677892
677828
677615
677187
676541
675901
675594
675536
675370
674876
674637
674627
674562
674396
674129
674043
674015
673595
673543
673467
673432
673415
673401
672563
672247
672066
672048
671260
671033
670421
670108
669546
669292
669261
669117
668897
668855
668821
668497
668470
668215
668164
668120
668085
668057
667670
667518
667380
666974
666567
666433
666336
665946
665837
665822
665730
665531
665467
665106
664928
664820
664527
664444
664083
664056
663684
663562
663468
663448
663307
663301
663128
662988
662612
662548
662359
662304
662130
661738
661559
661373
661173
661053
660927
660908
660752
660457
660169
660139
659869
659197
659149
658996
658806
658796
658540
658070
657982
657633
657604
657431
657208
656574
656494
656459
656323
656208
656180
656093
656013
655942
655887
655764
655303
655199
655174
655105
654721
654228
653824
653624
653582
653491
653138
653124
653072
652898
652720
652403
652169
651950
651572
651163
651005
650838
650708
649851
649655
649605
649443
649372
649302
649052
648808
648460
648165
647983
647693
647596
646993
646942
646726
646263
646232
646083
646067
645948
645726
645648
645411
645032
644823
644237
643545
643529
643260
643078
643021
642961
642938
642850
642739
642689
642673
642630
642462
642224
641821
640649
640610
640577
639307
639154
639069
639056
639030
638982
638847
638348
637955
637677
637634
637611
637032
636964
636805
636204
635843
635758
635630
635591
634989
634682
634657
634461
634461
634419
634297
633711
633677
633593
633366
632970
632681
632563
632271
632264
632165
632021
631905
631442
631212
630879
630315
630219
630111
629158
629151
628883
628804
628638
628533
628100
627929
627656
626840
626796
626673
625944
624578
624459
624408
623949
623861
623854
623846
623733
623558
623176
622926
622830
622603
622334
621983
621412
621104
621045
621040
621029
620894
620664
620483
620424
620291
620149
619975
619595
619461
619295
619001
618988
618987
618798
618581
618325
618016
617993
617850
617440
617368
617085
616874
616851
616790
616789
616094
615299
615164
615095
614867
614732
614556
614511
614461
613835
613189
613185
613001
612335
612323
612306
611635
611269
611222
611162
610321
610013
609953
609776
609689
609280
608895
608516
608284
607625
607359
607223
607203
606452
605965
605725
605662
605493
605384
605035
604947
604903
604681
604578
604537
604316
604259
604160
604074
604045
603816
603370
602571
602414
602039
601943
601843
601539
601500
601466
601426
601113
600742
600742
600647
600098
600068
599781
599515
599310
599037
598949
598717
598621
598407
598385
598328
597857
597482
597334
597258
596861
596095
595813
594932
594903
594813
594691
594663
594600
594441
594044
593780
593502
593471
593446
593381
593128
592886
592638
592566
592468
592405
592323
592263
592168
592056
591744
591597
591427
591410
590476
590261
590011
589967
589925
589647
589590
589490
589358
589319
589316
589150
589046
589037
588893
588579
588534
588397
588343
587878
587865
587755
587583
587358
587152
587030
586987
586686
586566
586552
586325
586277
585331
584820
584747
584118
584014
583888
583829
583808
583783
583587
583527
583465
583363
583302
583279
583107
583086
583081
583049
582978
582437
582126
581563
581551
581183
581029
580947
580669
580669
580657
580178
579926
579692
579531
579378
579228
579072
578915
578779
578769
578117
577647
577196
576944
576424
576420
576354
575881
575855
575734
575471
574970
574470
574406
574178
573769
573408
573372
573337
573065
572979
572626
572325
572004
571457
570979
570947
570905
570302
570187
569705
569694
569430
569253
568291
567875
567854
567739
567647
567435
567297
567081
566943
566904
566875
566503
566304
566264
566188
566010
565319
565185
565032
564841
564755
564735
564469
564172
564147
563917
563533
563402
563205
563194
563137
563115
563017
562894
562623
562500
562441
562230
562052
561845
561767
561627
561392
561276
560957
560936
560864
560800
560768
560543
560391
559929
559506
559478
559207
559200
559197
559155
558455
558248
557904
557643
557547
557469
557220
557095
556828
556800
555833
555735
555580
555480
555427
555250
555242
555008
554956
554858
554688
554615
554243
554224
553957
553821
553780
553560
553195
552646
552490
552388
552118
551702
551198
551088
550961
550840
550392
550372
550287
550027
550001
549906
549775
549542
549494
549455
549199
548989
548957
548936
548771
548539
548504
548365
548297
548204
548005
547713
547222
547169
547106
547094
547072
546817
546777
546698
546626
546407
546371
546212
546205
546011
545924
545872
545552
545471
545057
545024
544959
544460
544042
543703
543666
543339
543150
542993
542865
542647
542572
542430
542333
542100
541837
541601
541498
541264
540652
540615
540559
540546
540424
539957
539040
538883
538140
537703
537695
537592
537507
537357
537346
537281
537182
537030
536736
536592
536400
536329
536006
535002
534975
534450
534120
534015
533835
533750
533641
533258
533122
533047
532692
532245
531883
531629
531487
531448
531395
531187
530722
530456
530361
529707
529696
529615
529586
529408
529289
529289
529286
529208
529202
528946
528922
528840
528708
528546
528311
528281
528248
528246
528173
528156
528063
527640
527591
527542
527358
527332
527293
526753
526682
526607
526332
526289
525889
525794
525289
525266
525169
524512
524142
524117
523677
523462
523367
523313
523045
522537
522282
522220
521879
521864
521809
521781
521743
521675
521482
521198
520993
520979
520903
520684
520536
520455
520342
519768
519589
519453
519003
518776
518639
518050
517564
517012
516912
516633
516464
516419
516282
516134
515797
515674
515667
515543
515512
515196
515185
515129
514983
514932
514755
514732
514504
514049
513907
513844
513498
513484
513446
513374
513258
513251
513133
512962
512924
512654
512563
512539
512520
512417
512293
512112
511938
511803
511597
511590
511274
511161
510262
510254
510228
509939
509900
509407
509332
509029
508696
508682
508458
508256
508241
508216
508045
507916
507829
507730
507688
507600
506534
506440
506309
506126
506046
505832
505254
504722
504570
504360
503972
503970
503431
503409
503170
502592
502510
502500
502486
502406
502341
502320
502057
501922
501845
501095
501067
500905
500834
500689
500666
500380
500262
500164
499606
499453
499423
499364
499091
498964
498875
498859
498764
498558
498203
497668
497351
497331
496937
496921
496867
496860
496843
496767
496362
496229
495766
495615
495607
495605
495578
495512
495441
495155
495060
494906
494743
494312
494310
494189
494065
493959
493901
493873
493510
493416
493284
492948
492709
492637
492575
492412
492245
491966
491908
491687
491635
491469
491383
491362
491166
491158
491000
490202
490131
490000
489583
489378
489126
488951
488533
488395
488283
488206
487438
487418
487383
487331
487322
487047
486883
486879
486850
486811
486623
486428
486283
486191
485916
485870
485867
485502
485161
484981
484431
484345
484069
483819
483411
482743
482653
482502
482465
482232
482196
482194
482170
482095
481633
481498
481403
480697
480589
480459
480369
480366
480345
480331
480285
479976
479695
479687
479510
478787
478378
478259
477986
477884
477724
477434
477326
476811
476684
476456
476216
476073
476001
475912
475877
474944
474840
474788
474681
474143
474014
473371
473358
472960
472263
472128
472048
471207
471020
470590
470452
470357
470149
470136
470090
469909
469878
469540
469436
468745
468423
468158
468129
467932
467610
467529
467243
467197
467189
467078
466958
466876
466817
466590
466378
466360
466237
465966
465649
465645
465618
465407
465354
465284
464806
464701
464645
464191
463830
463809
463639
463484
463291
462789
462706
462568
462497
462490
461972
461615
461530
461350
461134
460984
460966
460748
460716
460324
460257
459597
459173
458916
458857
458570
458558
458516
458370
457952
457284
456941
456848
456712
456332
456140
456045
456042
456001
455884
455707
455598
455597
455241
454988
454970
454849
454839
454805
454498
454170
454119
453923
453768
453677
453116
453019
453004
452789
452645
452254
452005
451923
451792
451328
450972
450628
450402
449901
449296
448940
448685
448673
448563
448348
448095
448033
447726
447319
447312
447080
446642
446588
446587
446532
446468
446413
446082
445591
445288
444558
444459
443873
443864
443649
443631
443479
443113
442878
442804
442443
441964
441855
441778
441717
441575
441514
441147
440921
440817
440552
440541
440515
439953
439502
439434
439320
439109
438957
438580
438454
438380
438315
438237
438098
438087
437855
437356
437337
437321
437042
436815
436744
436402
436159
436087
436047
435998
435972
435895
435593
435573
434957
434952
434610
434418
434287
434177
433749
433207
433147
432863
432600
432485
432410
432372
432324
432309
431962
431898
431670
431592
431584
431482
431318
431293
431176
430962
430843
430801
430788
430775
430702
430521
430412
429232
429084
428745
428498
428483
428195
428131
428078
427928
427135
427041
426193
425726
425595
425510
425346
425139
424447
424335
423808
423670
423543
423072
422979
422859
422632
422586
422577
422227
422164
422003
421803
421634
420797
420748
420689
420411
420179
419794
419568
418767
418534
418241
418004
417491
417486
417435
417372
417008
416987
416848
416792
416380
416266
415773
415764
415576
415489
415457
415381
415245
415170
415049
415023
414814
414789
414593
414563
414478
414083
413956
413946
413937
413806
413506
413355
413349
413287
413090
412457
412398
412227
412061
411604
411532
410973
410711
410672
410554
410369
410312
410219
410153
409856
409742
409479
409341
409163
408933
408930
408816
408428
408225
408098
408054
407680
407649
407166
407154
406744
406187
405978
405885
405842
405779
405577
405355
405210
405126
404946
404902
404882
404817
404696
404652
404570
404518
404447
404295
404157
404143
403950
403751
403718
403335
402981
402894
402777
402739
402667
402549
402518
402127
402025
401962
401838
401666
401607
401577
401531
401245
401242
401135
401110
400878
400755
400403
400329
399465
399055
398782
398673
398263
398109
397999
397758
397536
397524
397483
397232
396471
396023
395733
395528
395344
395325
394973
394920
394907
394893
394687
394509
394359
394281
394106
394089
394085
394012
393632
393599
393597
393517
393500
392891
392870
392615
392465
392435
392392
392282
392175
392136
392125
391823
391689
391551
391352
391298
391114
390955
390813
390747
390338
390323
390027
390023
390007
389773
389763
389758
389622
389383
389080
388866
388359
388076
387916
387749
387704
387588
387228
387180
387082
386377
386331
386295
386122
386082
385990
385893
385737
385551
385522
385517
385359
385288
385253
385211
385061
384832
384220
384053
383969
383786
383647
383523
383273
382504
382468
382297
382242
381532
381410
381190
381152
380766
380715
380559
380551
380345
380335
380304
379862
379786
379710
379494
379284
379078
378887
378806
378758
378749
378704
378625
378345
378343
378058
377749
377616
376932
376918
376469
376385
376233
375977
375589
375251
375181
375132
375121
374926
374659
374422
374192
373899
373798
373030
372904
372773
372720
372708
372612
372259
372095
371903
371584
371249
371026
370976
370884
370717
370622
370107
369981
369854
369099
369053
369018
368908
368639
368168
368083
367998
367978
367936
367699
367435
367385
367284
367045
366862
366579
366544
365657
365350
365345
364887
364870
364864
364668
364392
364193
364077
363590
363534
363324
363313
363047
362930
362761
362648
362633
362560
362023
361860
361842
361184
361064
360493
359830
359595
359540
358828
358679
358487
358024
357804
357033
356886
356740
356656
356549
356447
356256
356166
355423
355395
355358
355288
354810
354179
354038
353745
353597
353596
353473
353439
353385
353318
353222
352988
352882
352854
352813
352527
352226
352107
352043
351975
351554
351175
351128
351110
351060
350745
350716
350269
350178
350121
349779
349363
349214
349149
349147
349001
348917
348914
348767
348511
347711
347537
347479
346897
346728
346705
346489
346294
346165
345732
345695
345448
345175
345059
344977
344690
344582
344509
344462
344309
344294
344181
343552
343424
343348
343211
343084
342881
342848
342745
342517
342280
341835
341725
341548
341210
340666
339518
339216
338832
338787
338564
338480
337649
337615
337544
337441
337349
336764
336383
335915
335820
335796
335614
335298
335216
334705
334497
333302
333120
333098
332909
332833
332820
332573
332391
332342
331764
331643
331501
331379
331082
330611
330582
330280
330017
329951
329645
329057
328862
328861
328826
328606
328273
328118
327952
327802
327411
327251
327009
326233
325687
325310
324434
323782
323291
322851
322758
322268
322155
321862
321796
321180
320780
320709
320519
320189
320170
319833
319471
319393
319383
319061
318370
318355
318334
318312
317769
317762
317614
317540
317469
317447
317401
317247
317045
317041
316914
316610
316575
316572
316569
316482
316398
316196
316134
316109
315921
315646
315418
314955
314891
314509
314108
313860
313623
313262
313123
313024
312989
312910
312855
312716
312594
312580
312386
312250
312238
311839
311822
311671
311581
311514
311446
311310
311294
311285
310868
310629
310565
310062
309885
309883
309685
309546
309179
309173
309132
308827
308495
308319
308298
308222
307986
307844
307750
307527
306976
306646
306443
306313
305565
305253
305133
304796
304670
304389
304110
304090
304067
303920
303901
303785
303712
303664
303657
303417
303279
303198
302707
302577
302118
302036
301988
301660
301577
301241
301114
301080
300973
300964
300923
300883
300793
300412
299792
299734
299705
299657
299586
299282
299217
299042
298885
298755
298667
298661
298645
298561
298016
297594
297450
296574
296457
296297
296015
295940
295736
295723
295696
295180
294977
294849
294480
294380
294294
294102
293786
293599
293422
293344
292557
291658
291649
291549
291527
291392
291247
291221
291150
291066
290663
290617
290469
290022
289963
289851
289823
289802
289648
289633
289348
289264
289112
288160
288076
288018
287928
287892
287853
287457
286708
286368
286319
286026
285958
285330
284730
284597
284485
284392
284285
284175
283995
283874
283520
283424
283268
282781
282674
282516
282111
282098
282097
281668
281210
281128
280711
280465
280071
279567
279336
279328
279257
279256
279173
279160
278857
278697
278642
278206
278032
277952
277934
277842
277642
277398
277327
277094
276559
276461
276285
276258
275977
275929
275204
274985
274777
274746
274714
274573
274441
274383
274206
273876
273399
273255
273205
273187
272987
272222
272095
271960
271858
271133
271066
271033
270862
270377
269869
269533
269492
269476
269409
269121
268954
268794
268264
268227
268163
268004
267828
267717
267623
266915
266642
266605
266466
266447
266316
266251
266080
265935
265734
265296
265259
265253
265207
265099
264961
264387
264271
264115
263972
263915
263188
263120
262404
262291
262061
261927
261778
260699
260635
260282
260221
260016
259917
259866
259849
259822
259397
259331
259211
259001
258493
258139
258005
257877
257497
257468
257400
257277
257233
256848
256786
256634
256406
256400
256256
255690
255428
255178
255162
255131
255014
254935
254866
254789
254770
254503
253926
253801
253592
253253
253134
253101
253071
253023
252954
252908
252832
252619
252571
252539
252498
251647
251575
251456
251445
251154
251012
250780
250514
250256
250248
250222
250088
249900
249325
249180
249130
248763
248587
248537
248478
248202
247972
247621
247598
247230
247149
247146
246938
246646
245969
245504
245397
245061
244803
244750
244632
244611
244322
243895
243801
243455
243257
243192
243085
243001
242696
242481
242181
242064
241746
241650
240942
240832
240820
240749
240515
240462
240428
240108
240086
240020
239160
239031
238735
238269
238041
237953
237946
237779
237742
237556
237544
237352
237009
236971
236914
236896
236700
236285
236197
235679
235638
234939
234857
234730
234341
234278
234244
234134
233846
233820
233649
233468
233345
233290
233110
233030
232780
232679
232129
232125
231853
231605
231603
231066
231029
230918
230446
230426
230185
229728
229645
229237
229170
228968
228922
228698
228681
228059
228023
227934
227903
227861
227785
227651
227611
227314
227209
227021
227017
226881
225562
225514
225464
225422
225340
225223
225128
224934
224803
224685
224646
223983
223786
223651
223528
223388
223299
223238
223157
223046
222983
222953
222868
222837
222766
222684
222056
221966
221775
221485
221103
220776
220765
220614
220305
219574
219546
218973
218784
218468
218376
218199
218199
218187
218006
217998
217971
217647
217425
217389
217271
216972
216834
216418
216348
216260
216059
216025
215985
215447
215216
215014
214843
214770
214742
214590
214192
214071
214025
213717
213504
213453
212850
212734
212697
212558
212361
211873
211563
211396
210981
210736
210409
210264
210167
209835
209360
209100
208908
208753
208575
208052
207789
207787
207782
207484
207452
207225
207118
207118
206966
206571
206279
206197
206136
206134
206004
205985
205919
205854
205849
205512
205080
205005
204936
204854
204832
204549
204383
204363
204009
203937
203883
203695
203464
202737
202205
202133
201677
201350
200967
200948
200845
200747
200545
200196
200077
200003
199765
199734
199651
199432
199358
199005
199003
198596
198569
198403
198317
198311
198171
198106
197886
197841
197806
197665
197591
197518
197340
197314
196859
196856
196678
196564
196529
196311
196039
195873
195689
195644
195597
195500
195418
195351
195088
194431
194262
194246
194149
194120
193968
193718
193536
193217
193180
193015
192935
192742
192718
192641
192619
192453
192450
192006
191855
191762
191658
191551
191535
191391
190887
190530
190277
189966
189806
189781
189240
188955
188940
188859
188841
188724
188609
188082
188071
187913
187906
187840
187541
187130
186989
186382
186346
185876
185570
185257
185205
185122
184646
184598
184419
184370
184345
184089
184059
183906
183650
183473
183184
182978
182488
182212
182061
182006
181918
181732
181384
181278
181135
181072
180810
180692
180675
180466
180430
180343
180147
180120
180043
179657
179501
179361
179303
179220
179156
178837
178548
178098
177921
177915
177663
177549
177538
177294
177142
176870
176285
176166
176054
175806
175786
175758
175723
175676
175077
174999
174924
174638
173847
173643
173495
173463
173002
172975
172786
172780
172551
172408
172236
172233
171952
171909
171882
171859
171511
171221
171077
170869
170801
170784
170760
170697
169764
169370
169267
169154
169092
169076
168872
168798
168697
168647
168439
168078
168041
168000
167721
167239
167163
167089
167003
166892
166654
166154
166070
165893
165891
165330
165012
164801
164788
164656
164531
164344
163982
163980
163949
163854
163633
163319
163269
162814
162741
162678
162171
162043
161974
161692
161660
161484
161051
160943
160773
160695
160679
160397
160274
159872
159250
159218
158913
158882
158818
158802
158437
158337
157928
157917
157554
157468
157180
156947
156796
156402
156353
156059
155789
155154
155136
154984
154682
154013
153887
153867
153774
153457
153430
153356
153239
152803
152719
152499
152377
151551
151355
151322
151113
150917
150866
150844
150654
150616
150373
150302
150236
149968
149564
149556
149411
149393
149303
148521
148408
148290
148145
148055
148041
147981
147665
147333
147135
147102
146824
146657
146510
146384
146258
146005
145272
144913
144750
144743
144591
144450
144386
144140
144016
143994
143551
143402
143301
143189
143081
142409
142389
142119
141895
141869
141763
141348
141223
141216
141110
140966
140635
140570
139860
139675
139420
139290
139093
138930
138805
138737
138610
137797
137563
137431
137166
136924
136775
136562
136290
136097
135805
135548
135423
135238
135147
134938
134737
134321
134110
133965
133305
133241
133102
133017
133001
132861
132558
132448
132340
132323
132049
132026
131730
131630
131492
130647
130268
130024
129889
129685
129277
129177
128808
128645
128644
128582
127775
127620
127583
127544
126964
126676
126495
126173
125752
125673
125550
125422
125311
125265
125054
125038
124762
124563
124219
123804
123443
123163
123030
122659
122268
122261
122178
121741
121674
121388
120880
120396
119821
119464
119158
119096
118820
118705
118683
118610
118563
118494
118377
118317
118282
117996
117932
117880
117850
117575
117520
117436
117268
117259
117252
117188
116584
116541
116418
116366
116333
116324
116153
115490
115108
114879
114540
114478
114478
113604
113499
113446
113343
113116
112744
112584
112319
112113
111635
111527
111012
110737
110705
110117
110095
109843
109506
109152
108877
108694
108440
108423
108405
108214
108196
107808
107564
107269
107027
106764
106726
106714
106657
106422
106419
106373
106231
106034
105705
105566
105523
105297
105231
104890
104736
104729
104411
104323
104317
104288
103646
103595
103360
103306
103111
102851
102428
102367
102263
101674
101632
101459
100363
100176
100109
99855
99756
99385
98877
98655
98427
98330
98231
97934
97924
97850
97701
97677
97099
96858
96803
96613
96571
96522
96471
96184
96154
95730
95706
95611
95510
95322
95310
94891
94758
94682
94653
94528
94396
94037
93932
93912
93817
93706
93345
93272
93134
93069
92931
92471
92358
91878
91825
91821
91278
91093
90806
90727
90094
90036
89647
89556
89134
88786
88747
88245
88202
88109
87610
87507
87343
87152
87034
86884
86748
86688
86591
86489
85743
85565
85556
85405
85017
84986
84983
84748
84706
84493
84057
83733
83687
83160
83133
83062
83014
82865
82798
82680
82645
82613
82596
82245
82193
82027
81720
81619
81396
81252
81160
80553
80531
80302
80293
80251
80167
79893
79678
79558
79334
78966
78807
78708
78599
78237
78131
77721
77571
77270
77219
77065
77017
76953
76804
76393
76117
75986
75846
75778
75591
75491
75224
75174
75037
74819
74686
74133
74121
74113
73899
73687
73352
73279
73217
72929
72756
72307
71964
71859
71769
71581
71358
70798
70106
70098
69874
69801
69640
69211
69034
68946
68716
68398
68397
67791
67426
67374
67022
66700
66434
66281
66260
66230
65708
65609
65277
65224
64986
64938
64690
64669
64612
64413
64400
64322
64035
63904
63897
63784
63551
63333
63256
62788
62782
62688
62359
61903
61144
60775
60621
60551
60181
59270
59107
59100
58804
58756
58611
58604
58447
57722
57709
57201
57149
57030
56820
55939
55917
55712
55535
54671
54642
54005
53140
53122
52734
52665
52443
52295
52235
52153
51880
51762
51649
51244
51166
51070
50621
50557
50543
49592
49214
48886
48749
48201
47789
47766
47702
47691
47653
47641
47399
47334
46788
46687
46593
46565
45988
45017
44227
44117
44046
43930
43344
43329
43299
42840
42519
42506
41859
41602
40824
40552
40280
40142
39988
39794
39766
39262
38767
38614
38231
37757
37746
37646
37557
37399
37271
37015
36454
36184
36160
35541
35491
35108
35044
35007
34786
34758
34572
34441
34185
34174
34093
33913
33808
33800
33570
33487
33325
33179
32996
32948
32236
31331
31306
30955
30845
30813
30651
30240
29653
29410
29200
28883
28635
28302
28205
27927
27711
27534
27099
27022
26869
26493
26435
26325
26277
26251
26174
25824
25700
25245
25122
24702
24537
24518
24180
23939
23733
23711
23676
23260
23212
22445
22262
22222
22192
22042
21890
21837
21750
21307
20830
20606
20222
20206
19806
19462
19372
19293
18875
18851
18761
18673
18643
18514
18507
18343
18245
18229
18143
18040
17799
17789
17546
17352
17268
17155
16946
16683
16453
16420
16150
16125
16112
15987
15737
15592
15457
15271
15254
15249
15242
15103
15040
14853
14685
14307
14203
14173
13844
13473
13245
12853
12551
12513
12099
12085
11951
11759
11156
11104
11098
11063
10653
10502
10492
10176
10026
9745
8143
8008
7477
7267
7080
6904
6760
6587
6124
5862
5837
5704
5613
5367
5156
5116
4843
4047
4017
3510
3383
3354
3255
3211
2482
2192
2149
1965
1938
1563
1544
1481
1413
1314
1292
1035
990
807
296
248
