999676
999559
999471
999136
999045
999040
998996
998331
998181
998041
997723
997543
997327
997274
997219
997041
996995
996987
996934
996472
996334
995978
995943
994559
994532
994525
994425
994372
994147
994136
993770
993103
992748
992402
992296
992253
991664
991487
991212
991172
991120
990975
990836
990736
990704
990394
990392
989585
989422
989221
988921
988637
988265
987997
987948
987702
987695
987599
987440
987280
986398
986194
986018
985894
985675
985499
984830
984796
984777
984168
984157
984095
984075
983981
983946
983737
983517
983441
983154
983081
982918
982877
982624
982211
981616
981456
981324
980956
980924
980849
980602
979815
979721
979269
978836
978700
978541
978279
978209
978130
978097
978063
977978
977899
977862
977400
977359
977247
977148
976800
976457
975566
975551
975509
975356
975026
974962
974896
974657
974640
974105
974046
973965
973936
973866
973582
973461
973331
973274
973055
972273
972251
972131
971706
971556
971180
971170
971094
971013
970535
970411
970331
970258
969916
969658
969590
969046
968941
968793
968675
968258
968206
968051
967802
967739
967543
967541
967516
967346
967046
966816
966626
966542
966494
965940
965901
965698
965460
965042
964833
964761
964679
964478
964255
964010
963488
963387
962848
962445
962366
962322
962257
961399
961355
961302
960996
960934
960925
960887
960816
960677
960607
960208
960198
960183
960159
960083
959766
959635
959283
959171
958856
958836
958737
958337
958266
958234
958125
958045
958014
956981
956972
956884
956803
956786
956760
956527
956465
954956
954852
954814
954722
954681
954223
954154
954077
953331
952638
952287
952201
952141
951665
951579
951509
951337
951188
951089
950621
950481
950464
950176
949565
949397
948858
948721
948720
948364
948263
948166
947752
947617
947254
946896
946627
946517
946427
946248
946210
945648
945440
945295
945236
944722
944580
944075
944010
943974
943882
943842
943612
943441
943397
943374
943315
942878
942248
941888
941835
941684
941601
941489
941474
940947
940171
940106
939923
939469
939443
939309
939290
939186
939179
938767
938294
938256
937822
937806
937688
937322
937262
937208
937195
937033
936907
936890
936727
936130
936116
935960
935743
935702
935652
935570
935514
935355
935001
934748
934659
934628
934585
934580
934265
934204
934108
934052
933300
933089
932704
932486
932387
932252
932104
931910
931686
931581
931504
931395
931136
931124
931033
930888
930765
930632
930606
930500
930346
930335
930087
930065
930051
929617
928914
928543
928541
928419
927891
927789
927679
927401
927390
927360
927353
926988
926833
926735
926419
926314
926305
926108
926092
925788
925781
925582
924830
924498
924164
924112
922822
922665
922571
922562
922548
922393
922153
922066
921931
921668
921582
921384
921170
920690
920646
920377
920032
919903
919789
919770
919765
919723
919708
919553
919330
919211
918646
918622
918112
917918
917720
917545
917417
917023
917018
916946
916718
916611
916362
916172
916171
916163
916072
916068
916031
915662
915431
914683
914248
914225
914201
914079
913461
912891
911956
911898
911743
911702
911646
911409
910838
910813
910592
910339
910282
909955
909781
909564
909538
908867
908828
908628
908596
908589
908298
908253
907829
907418
907327
906880
906719
905972
905856
905825
905470
905404
905240
905171
905085
905026
904967
904932
904929
904654
904633
904448
904390
904214
904212
904148
903678
903669
902921
902677
902451
902450
902191
902019
901965
901868
901248
900647
900433
900228
900224
899887
899704
899612
899542
898920
898842
898302
898276
897620
897612
897558
897414
897398
897137
897047
896740
896504
896063
895818
895771
895614
894692
894594
894266
894227
894050
893733
893577
893543
893184
893166
893164
893084
893024
893015
892886
892624
892611
892398
892350
891949
891736
891385
891376
891348
891211
891041
890699
890595
890484
890403
889469
889371
889361
889172
889059
888968
888876
888670
888529
888347
888126
887966
887381
887169
887001
886546
886156
885553
885504
885333
885072
885002
884483
884374
884336
884306
884285
883947
883651
883643
883469
883030
882965
882945
882909
882828
882737
882611
882114
882099
882085
881885
881837
881479
881440
881332
880947
880903
880885
880033
879932
879278
879028
878885
878429
878323
878271
878112
878003
877992
877980
877953
877889
877839
877424
877236
877093
877030
876976
876945
876822
876370
875989
875457
875425
874959
874600
874533
874069
873950
873809
873355
873162
872662
872359
872028
871973
871905
871399
871331
870409
870374
870042
869598
869483
869455
869236
868378
868203
867850
867233
867173
867115
866989
866964
866832
866590
866345
866125
865941
865811
865798
865603
865127
865034
864812
864754
864405
864323
864105
863768
863610
863471
863305
863272
863179
862880
862842
862722
862623
862478
862409
862063
861942
861738
861724
861687
861282
861159
861109
861025
860830
860670
860618
860607
860587
860543
860376
859926
859702
859314
859200
858618
858325
857823
857500
857324
857230
856965
856843
856628
856516
856378
856125
856059
855901
855190
854945
854847
854799
854775
854711
854701
854696
854611
854564
854489
854471
854042
853912
853774
853657
853622
853616
853490
852990
852958
852884
852802
852604
852153
851973
851924
851697
851596
851562
851539
851092
850792
850468
850399
850354
850229
849813
849772
848568
848536
848202
848195
847900
847895
847511
847278
847182
846967
846833
846733
845775
845614
845589
845453
844678
844469
843956
843792
843777
843478
842986
842962
842757
842635
842620
842530
842392
842315
842123
841839
841471
841354
841223
841176
841101
840217
839951
839757
839652
839242
839172
839088
839018
838840
838826
838522
838510
838378
838034
837886
837751
837616
837462
837282
836998
836983
836965
836940
836924
836613
836286
836004
835897
835455
835435
835024
834894
834754
834619
834395
834271
834145
834094
834091
833809
833580
833500
833229
832778
832760
832640
832620
832117
832068
832064
831882
831718
831561
831385
831329
831225
831133
830901
830668
830470
830091
830059
830035
829974
829807
829624
829587
829253
829141
829053
828970
828947
828825
828670
828560
828476
828251
828238
827999
827943
827662
827541
827484
827293
827237
827219
827183
827006
826527
826013
825822
825782
825644
825359
824942
824784
824429
824112
824071
824060
824048
823974
823952
823893
823799
823742
823741
823366
823251
823061
823020
822991
822596
822420
822379
822262
822072
821955
821807
821530
821355
821247
820812
820361
819150
819096
819016
818877
818703
818651
818576
818498
818398
818060
817921
817459
817380
817152
817094
816917
816825
816724
816392
816145
815928
815908
815862
815851
815675
815555
815303
815114
815073
814958
814947
814807
814747
814672
814668
814476
814374
814256
814110
813856
813789
813704
813609
813597
813425
813046
812830
812780
812644
811906
811618
810920
810910
810871
810843
810652
810283
810219
810213
808856
808768
808377
807964
807884
807457
807010
806450
806133
805888
805861
805623
805390
805135
804958
804889
804565
804490
804250
804108
803605
803529
803164
803163
803052
802904
802779
802435
802195
802015
801906
801884
801871
801107
800882
800808
800774
800345
800240
799889
799879
799553
799519
799029
798944
798339
798295
798147
797850
797759
797617
797518
797456
797121
797101
796968
796835
796376
796038
795942
795732
795598
795447
795271
794252
793498
793298
793214
793130
792916
792828
792823
792556
792159
792141
792038
791735
791677
791278
791249
791088
791028
790494
790455
790254
790125
790105
790086
789962
789902
789761
789147
789115
789099
788713
788713
788618
787992
787545
787242
786996
786805
786647
786603
786358
786353
786263
785962
785841
785693
785298
785146
784398
783942
783825
783326
783052
782072
782004
781846
781840
781577
781174
780966
780843
780828
780772
780286
780228
780122
779593
779512
779410
779362
779258
779036
778805
778684
778139
778090
777938
777935
777860
777144
777108
776946
776842
776736
776515
776098
775974
775953
775606
775246
775015
774518
774036
774020
773767
773408
773240
773076
773046
772811
772314
771999
771872
771354
770917
770791
770595
770179
769900
769288
769221
768681
768455
768407
768344
768192
767774
767348
767173
767055
767008
766801
766675
765946
765732
765553
765427
765317
765143
765051
764954
764873
764607
764428
764187
763930
763820
763754
763523
763371
763230
763148
763048
763046
762910
762720
762709
762683
762276
762213
762010
761633
761601
761340
761330
761302
761295
760273
760165
759854
759670
759648
759566
759053
758395
758336
757994
757809
757801
757752
757631
757565
757546
757391
756922
756523
756461
756412
755989
755846
755818
755469
755356
755309
755199
754995
754870
754835
754770
754769
754705
754581
754224
753941
753433
752857
752677
752595
752509
751929
751535
751338
751284
751170
751024
750950
750849
750528
750527
750341
750246
750204
750136
750121
749757
749554
749488
749439
749367
749230
749096
748908
748906
748815
748688
748248
748223
747989
747963
746908
746905
746887
746601
746574
746420
746273
746143
746026
745990
745604
745486
745422
745258
745046
744643
744519
744343
744257
744105
743988
743895
743891
742523
742245
742216
741843
741514
741353
741112
740957
740264
740241
740079
740052
739981
739920
739758
739743
739658
739409
739365
739313
738582
737561
737044
736825
736790
736630
736616
734999
734931
734709
734131
733979
733874
733681
733519
733502
733483
733182
733156
733025
733010
732538
732383
732366
732213
731934
731201
731194
731142
731004
730667
730653
730418
730410
730312
730277
730088
729420
729354
728656
728562
728363
728256
728231
728120
728055
727875
727725
727385
727191
727089
727088
726928
726517
726270
726170
726068
725883
725540
725488
725074
724725
724641
724620
724566
724524
724497
724224
723525
723504
723458
722983
722927
722911
722872
722725
722569
722486
722445
722253
721656
721581
721274
720971
720736
720406
720285
720196
720184
719971
719719
719222
718453
718258
718159
717616
717566
717407
717262
717104
716987
716979
716347
716261
716077
715893
715835
715411
714972
714963
714732
714651
714438
714412
714278
714162
714121
713898
713897
713859
713796
713767
713501
713462
712689
712530
712517
712375
712182
711931
711332
711160
710984
710681
710579
710300
710031
709864
709812
709765
709728
709558
709558
709406
709304
709014
708584
708560
708424
708327
708283
708042
707650
707596
707552
707049
706891
706734
706683
706582
706472
706339
706048
705978
705947
705918
705876
705825
705761
705430
705413
705406
705375
705358
704918
704763
704683
704543
704428
704111
704092
703775
703771
703595
703254
703179
702821
702507
702390
702362
702024
701871
701762
701721
701676
701629
701348
700786
700568
700551
700327
700067
700035
699891
699870
699670
698751
698698
698638
698531
698437
698433
698319
698149
698105
698039
697843
697778
697376
697152
696896
696531
696466
696219
696179
696043
695851
695456
695442
695397
694691
694606
694479
693869
693624
693424
693081
692905
692585
692153
691984
691812
691786
691525
691485
691379
690927
690627
690537
690412
690315
690216
690136
690034
689855
689770
689598
689167
688783
688264
688027
687840
687411
687313
687062
687060
686957
686844
686658
686502
686305
685555
685417
685269
685212
685085
685052
683940
683813
683755
683742
683606
683290
683126
683010
682943
682871
682442
682160
682134
682027
681067
680551
680399
680299
680187
680174
679907
679824
679816
679316
679087
678896
678818
678702
678423
678332
678278
677991
677894
677777
677336
677193
677041
676740
676581
676074
675713
675622
675622
675524
675294
674391
674336
674243
674196
674175
673910
673859
673616
673483
673455
673435
673368
673350
672910
672840
672471
672386
672272
672138
672079
671561
671149
670824
670801
670212
669886
669877
669770
669722
669551
669411
669392
669210
669178
669160
669137
669113
669048
668977
668602
668473
668270
668248
667270
667122
666923
666910
666731
666495
666475
666101
665911
665763
665602
665581
665461
665243
665183
665091
664649
664493
664402
664293
664272
664217
664181
664145
664123
664006
663700
663356
663205
663017
662771
662730
662460
662335
662230
662141
661938
661932
661048
660955
660865
660863
660783
660609
660523
660286
660230
660221
660175
659886
659885
659797
659727
659483
659468
659419
658825
658635
658502
658490
658360
658327
658230
658057
657906
657786
657384
657242
656920
656734
656648
656528
656527
656148
656079
655897
655762
655487
655301
654802
654750
654733
654213
654172
653928
653925
653561
653104
653037
652577
652320
652098
652029
652015
651712
651636
651635
651432
651377
651372
651326
651250
651114
650761
650707
650529
650376
650155
650098
650007
649698
649592
649516
649500
649331
649320
649152
648727
648292
647884
647640
647638
647522
647195
646931
646856
646516
646504
646304
646116
645807
645404
645173
644952
644666
644461
644298
644063
643840
643762
643636
643279
643160
643041
642954
642821
642254
641631
640730
640594
640572
640401
640356
640154
640002
639851
639318
639237
639037
638807
638322
638176
638141
637966
637925
637611
637389
637245
637231
637160
636841
636718
636652
636540
636476
636428
636299
636299
636097
636067
635876
635689
635546
635509
635412
635306
635159
635016
634828
634531
634341
634289
633386
633294
633096
632441
632397
632290
632274
632164
632051
631981
631846
631554
631319
631029
630961
630877
630745
630576
630554
630434
630199
630107
630082
629246
629204
628752
628311
628187
627964
627953
627891
627798
627604
627367
627106
627102
627031
626970
626851
626821
626686
626636
626477
625677
625656
625452
625254
625144
624819
624723
624522
623912
623828
623818
623773
623446
623342
623077
622685
622586
622402
622401
622116
622043
622037
621962
621749
621740
621504
621382
621113
621060
620933
620722
620308
620034
619828
619778
619741
619716
619596
619583
618661
618078
618000
617601
617512
617437
617323
616698
616373
615803
615740
615721
615484
615156
614463
614213
613656
613597
613573
613387
613241
612905
612672
612468
612185
611951
611799
611359
611103
610649
610278
610137
609987
609772
609718
609363
609175
608989
608961
608767
607988
607472
607397
607299
607109
607095
607012
606981
606959
606723
606532
606443
606443
606441
606030
605892
605736
605730
605363
605267
605099
605084
604969
604712
604388
604082
603935
603895
603881
603703
603490
602921
601997
601947
601926
601486
601404
601335
601013
600725
600648
600280
599733
599481
599389
599228
599188
599167
599144
599136
599029
598934
598788
598720
598539
598406
597916
597705
597303
597301
597290
597148
597020
596563
596433
596396
596263
596045
595926
595848
595715
595382
595379
595286
595188
595174
595143
595136
594729
594573
594407
593947
593784
593672
593647
593643
593580
593418
593376
593362
593334
592917
592814
592702
592437
592278
592230
592203
592150
592135
592128
592093
592039
592030
591584
591498
591240
590937
590910
590771
590737
590678
590561
590388
590007
589916
589859
589739
589616
589413
589338
587992
587427
587420
587364
587238
586818
586140
585720
585522
585512
585302
585279
585208
584816
584621
584542
584281
584094
583757
583724
583669
583647
583421
582922
582839
582827
582299
582255
582159
582104
581448
581012
581010
580931
580926
580690
580629
579970
579843
579711
579631
579458
579397
579326
579302
579087
578845
578806
578641
578551
578523
578484
578273
578268
578216
577857
577800
577751
577687
577646
577616
577586
577507
577377
576718
576703
576585
576446
576233
575755
575481
575434
575278
575208
575008
574947
574924
574851
574831
574825
574538
574139
573856
573663
573150
573105
572969
572864
572781
572666
572649
572300
571965
571850
571602
571470
571360
571156
571093
570969
570745
570601
569930
569888
569646
569577
568854
568770
568649
568647
568398
568213
568091
567788
567684
567565
567508
567017
566752
566680
566364
565998
565796
565367
564966
564537
564502
564435
564050
563771
563566
563217
563138
562854
562827
562793
562683
562346
562182
561980
561459
561275
561163
560967
560683
560501
560059
560000
559936
559804
559770
559270
559164
559140
559079
558505
558439
558142
557995
557873
557370
557363
557270
557200
557135
557128
557068
556923
556778
556649
556612
556539
556454
556138
556135
555880
555802
555752
555373
555267
555019
554554
554480
554340
554270
553957
553352
552972
552065
552041
551885
551191
551116
550937
550798
550580
550111
549807
549547
549448
549288
549274
549248
548786
548668
548555
548409
548097
547949
547682
547562
547335
546906
546905
546543
545777
545656
545447
545444
544935
544845
544769
544285
544165
543793
543761
543407
543278
543217
543114
543033
542865
542804
542656
542516
542084
541212
541113
540994
540882
540871
540694
540611
540245
539998
539902
539333
539311
538857
538653
538606
538024
537957
537686
537621
537498
537120
537095
536661
536328
535488
534920
534554
534488
534422
534343
534102
534073
533807
533805
533779
533472
533323
533159
533101
532940
532666
532300
531773
531518
531376
531311
531170
530918
530912
530789
530749
530605
530400
529942
529478
529059
528755
528321
528147
527906
527793
527744
527733
527563
527542
527320
527036
526700
526627
526614
526536
526456
526320
526232
526115
526015
526006
525908
525463
524349
524254
523720
523622
523290
523166
522878
522672
522662
522549
522528
522332
522204
522201
522141
521483
521389
521328
521123
520967
520885
520709
520273
519985
519802
519597
519080
518944
518772
518771
518745
518638
518558
518430
518424
517558
517381
516980
516798
516742
516682
516628
516207
515777
515756
515673
515662
515420
515247
515119
514532
514348
514025
513938
513738
513372
513362
513289
513058
512861
512720
512709
512554
512403
512296
512174
512118
511936
511809
511799
511649
511553
511506
511311
511282
511128
510983
510092
510088
510042
510020
509542
509468
509289
509151
508806
508571
508478
508296
508071
508050
507855
507652
507630
507417
507156
507020
506510
506387
506252
505993
505501
505498
505437
505241
505071
505020
504778
504371
504354
504274
504116
504037
503875
503820
503796
503241
503208
503146
503122
503068
502783
502664
502617
502439
502389
502092
502011
502002
501827
501673
501651
501417
501088
501070
500836
500430
500392
500152
500106
500032
499897
499461
499295
498854
498134
498081
498044
498034
497943
497881
497725
497672
497123
496380
496195
496123
496114
495751
495687
495666
495657
495640
495412
495230
495083
494668
494451
494117
494115
493945
493564
493508
493247
493236
493179
492689
492593
492445
492312
492163
491725
491480
491394
491326
491312
490752
490593
489606
489574
488991
488912
488676
488611
488483
488384
487885
487718
487055
486862
486234
486068
485962
485860
485821
485680
485498
485308
484596
484527
484325
484237
484003
483834
483817
483241
482316
482186
482113
482005
481945
481864
481836
481517
481421
481268
480815
480771
480457
480074
480050
479854
479582
479077
478908
478820
478648
478443
478366
478054
478048
477921
477416
477293
476870
476801
476601
476572
476239
475931
475733
475455
475344
475336
475155
474938
474639
474558
473856
473343
473315
473293
473264
473086
472905
472905
472744
472711
472694
472569
472537
471779
471205
470591
470388
470204
469913
469663
469544
468729
468440
468207
468055
467730
467523
467238
467218
467003
466382
466378
465621
465569
465181
464998
464223
464194
463963
463805
463556
463480
463476
463378
463073
462858
462837
462789
462719
462215
461678
461632
461323
461269
461105
460391
460177
460169
459997
459985
459871
459789
459511
459291
459231
459148
458796
458260
457787
457417
457293
456928
456753
456689
456648
456144
455891
455655
455603
455271
455135
454826
454464
452798
452704
452539
452382
452192
451739
451503
451387
451332
451112
451063
450974
450771
450622
450493
450473
450446
450375
450367
450209
450107
450090
449775
449588
449498
449040
448828
448412
448304
448264
448110
448099
447920
447919
447239
447045
447018
446547
446531
446399
446236
446233
446158
446012
445799
445562
445557
445372
444823
444606
444205
444152
443776
443461
442648
442546
442317
442167
442108
442044
441998
441898
441350
440863
440835
440032
439998
439696
439458
439019
438906
438777
438578
438319
438007
437943
437567
437513
437262
437211
436930
436475
436380
436316
435743
435377
435138
435096
434388
434151
433852
433820
433787
433390
432956
432917
432793
432097
432066
431968
431632
430919
430827
430800
430721
430597
430496
430249
429850
429480
429394
429299
429220
429166
429154
429072
429027
428958
428463
428254
428241
427915
427737
427610
427584
426629
426415
426333
426325
426240
426189
425282
425014
424964
424940
424598
424427
423942
423932
423610
423360
423227
422681
422680
422632
422160
421918
421627
421539
421282
420876
420712
420386
420324
420170
420138
419570
419492
419240
418767
418706
418211
418152
417907
417815
417579
417384
417328
417256
416090
416023
415986
415952
415810
415226
415164
415032
414958
414872
414518
414489
414461
414347
413870
413549
413478
412868
412773
412536
412459
411574
411291
411073
410973
410934
410868
410675
410674
410075
409808
409689
409604
409543
409501
408856
408645
408614
408212
408119
407990
407827
407765
407710
407635
407480
407293
407276
407072
406999
406765
406755
406640
406479
406434
406035
405485
405377
404802
404787
404763
404712
404569
404473
403750
403129
402945
402900
402620
402123
402057
401505
401288
400979
400807
400716
400545
400286
400259
400204
400043
399821
398993
398988
398646
398634
398395
398351
397809
397448
397430
397263
397211
397170
396671
396539
395772
395408
395115
395094
394739
394694
394669
394657
394631
394488
393942
393513
393160
393141
392810
392653
392440
392274
392216
391887
391811
391633
391624
391501
391176
391172
391164
390963
390769
390087
389695
389457
389386
389059
388661
388296
388294
388292
388198
388149
387970
387826
387771
387463
387026
386804
386767
386742
386516
385785
385684
385611
385386
384881
384766
384757
384455
384373
384338
384252
384251
383162
383088
383050
383024
382879
382849
382787
382754
382588
382393
382389
381910
381443
381425
381169
381153
380849
380745
380732
380677
380560
380442
380298
380178
380172
380006
379909
379837
379794
379687
379433
378935
378932
378208
377800
377733
377038
376438
376130
375843
375715
375583
375281
374597
374476
374199
374116
373972
373674
373672
373453
373173
373072
372905
372615
371929
371638
371243
371233
371032
370986
370712
370285
370281
370127
370038
370008
369930
369631
369404
369229
369075
368814
368401
368372
367956
367650
367575
367552
367509
367502
367445
367375
367364
367283
366953
366873
366832
366623
366607
366604
366127
366040
365935
365679
365285
365129
365108
365089
365025
364873
364837
364828
364374
363963
363670
363527
363184
363020
362470
361888
361539
361421
361255
361130
361028
360988
360896
360690
360649
360623
360501
360343
360280
360263
360180
360010
359941
359934
359431
359008
358915
358866
358824
358677
358418
358138
357844
357681
357660
357380
357277
356949
356589
356148
355865
355678
355568
355373
354874
354650
354640
354374
354362
353887
353447
353409
353283
353136
353073
353030
352971
352898
352894
352548
352387
352144
351996
351954
351632
351469
351423
351400
350919
350626
350118
349817
349729
349702
348852
348654
348408
348388
348316
348173
347878
347710
347590
347453
347452
347411
347159
346873
346830
346502
346493
346425
346395
346371
346301
346271
346262
346154
346076
346007
345870
345795
345689
345510
345287
344574
344564
344289
344116
344101
343870
343542
343479
343364
342857
342806
342677
342405
342241
341798
341227
340735
340662
340638
340437
340428
340406
340349
340182
339964
339587
339447
338459
337769
337609
337586
337529
337233
337189
337039
336515
336418
336387
336360
336104
335732
335641
335522
335268
335226
334883
334643
334581
334540
334298
334249
334225
334074
334006
333797
333497
333461
333177
332841
332717
332664
332547
332117
331965
331848
331802
331483
331108
330928
330710
329713
329327
329202
329180
329012
328548
328102
327995
327790
327753
327177
326994
326316
326277
326271
326243
325656
325551
325213
325133
325093
325000
324726
324658
324574
324293
324066
323935
323618
323598
323557
323463
323258
323116
322616
322572
322562
322537
322331
322220
322162
322094
321851
321073
320775
320764
320757
320689
320433
320308
320154
319506
319481
319310
319159
318579
318561
318329
318018
317720
317704
317696
317481
317295
317261
317212
316722
316713
316473
316415
316414
316375
316094
315769
315744
315343
315301
315223
315036
314972
314934
314805
314705
313850
313687
313640
313630
313574
313485
313288
313200
313160
313135
312843
312588
312210
312190
312114
312004
311804
311797
311670
311642
311469
311447
311355
311171
311161
311108
310927
310914
310371
310072
309778
309429
309396
309320
308785
308675
308659
308610
308395
308051
307817
307448
307238
307023
306973
306909
306855
306843
306542
306481
305924
305757
305425
305420
305066
304864
304362
304361
303977
303964
303934
303573
303510
303424
303264
303147
303048
302905
302875
302742
302479
302400
302340
301871
301727
301365
301286
301279
301277
301110
301002
300886
300846
300732
300535
300386
300338
300176
299923
299857
299626
299252
299183
299106
298911
298861
298299
298077
297256
297143
297053
296858
296611
296599
296588
296576
296147
296033
295825
295474
295463
295403
294830
294468
294324
294258
294112
294093
294068
293581
293527
293228
293024
292697
292499
292340
292232
292228
291843
291843
291450
291027
290490
289806
289785
289507
289464
289012
288995
288900
288605
288587
288332
288283
288279
288005
287923
287556
287354
287160
287088
287084
287039
287004
286565
286556
286319
286263
286090
285813
285478
285207
284556
283971
283918
283517
283188
282872
282779
282712
282557
282497
282240
282205
282035
282015
281624
281206
281097
280655
280563
280004
279413
279408
279221
278392
277941
277527
277301
277220
276902
276678
275288
275065
274962
274860
274448
274329
274109
273849
273651
273491
273236
273077
273047
273016
272431
272327
272023
271688
271669
271171
271058
270775
270584
270546
269993
269910
269273
269057
268754
268566
268523
268300
267884
267534
267480
267458
267320
267318
267298
267123
267042
266861
266855
266747
266642
266299
266196
266149
266103
266045
265842
265725
265043
264760
264665
264479
264325
264271
264243
263915
263683
263073
262864
262848
262842
262652
262464
262340
262272
262123
261784
261699
261490
261460
261298
260950
260749
260597
259689
259569
258888
258538
257904
257900
256953
256920
256776
256537
256270
256185
256144
255545
255523
255382
255267
255202
255198
254557
254444
254170
254039
253958
253956
253908
253823
253667
253514
253344
253294
253249
253068
252815
252797
252776
252720
252540
252403
252341
251864
251624
251508
251302
251283
251151
251080
250871
250796
250473
249966
249762
249720
249554
249465
249448
249349
249267
249224
248226
247689
247493
247410
247162
246803
246713
246696
246677
246579
246272
246120
246104
245746
245587
245537
245329
245321
245227
245207
244854
244796
244769
244706
244699
244670
244509
244379
243818
243659
242827
242720
242540
242538
242242
242167
241830
241630
241603
241586
241521
241237
241207
241113
240907
240862
240809
240701
240423
240031
239783
239710
239705
239644
239488
239475
239114
239037
238972
238667
238318
238158
237851
237495
237482
237103
237095
237022
236999
236408
236227
236200
235973
235854
235615
235609
235490
235394
235351
235123
233234
233093
233014
232759
232683
232584
232458
231984
231727
231687
231468
231377
230762
230569
230272
230269
230171
229862
229705
229539
229286
228987
228981
228815
228484
228379
228373
227995
227994
227918
227726
227455
227347
227082
227055
227052
227032
226998
226981
226694
226589
226278
226251
225944
225714
225703
225277
225245
225118
225022
224761
224756
224669
223659
223259
223132
223061
222785
222532
222244
221838
221796
221694
221601
221589
221502
221401
221370
221313
220924
220902
220723
220376
220256
220214
220109
220032
219636
219375
219331
218781
218640
218580
218507
218355
218315
218260
218128
218003
217788
217728
217338
217211
217129
217029
216999
216631
216520
216510
216203
215443
215418
215352
215211
214711
214562
214314
214266
214142
214085
213525
213408
213397
213192
212826
212446
212275
211809
211615
211526
211376
210913
210839
210663
210556
210429
210113
209301
209203
209187
208990
208695
208621
208509
208423
208248
208109
207804
207770
207764
207696
207638
207424
207087
207050
206822
206648
206413
206039
205701
205143
205086
205066
205003
204896
204072
204064
203986
203380
203305
203283
203194
203032
202942
202758
202719
202631
202451
202146
201888
201593
201420
200672
200642
200395
200244
200024
199690
199657
199572
199551
199213
199061
198961
198597
198290
198233
198149
198033
197801
197448
197189
197008
196927
196813
196758
196548
194624
194574
194351
194342
194175
194123
193381
192940
192615
192450
192414
192403
192338
192297
191985
191779
191771
191699
191627
191577
191378
191185
190760
190590
190277
189725
189716
189639
189595
189304
189266
188751
188743
187832
187041
187030
186934
186806
186696
186570
186427
185597
185241
185097
185073
184985
184827
184624
183768
183474
183419
183364
182992
182896
182865
182650
182562
182138
182122
181955
181818
181788
181693
181457
181456
181434
181275
181137
180845
180392
180291
180153
179997
179834
179109
178863
178750
178647
178485
178351
177969
177905
177609
177565
177550
177358
177253
177225
177133
176970
176427
176376
176234
175945
175544
175527
175510
175361
174842
174769
174593
174179
174172
174138
174090
173396
173393
172634
172474
172429
172387
172326
172225
172172
172135
171771
171643
171557
171540
171456
171371
170455
170286
170260
170002
169980
169708
169588
169294
169045
168965
168965
168688
168145
168124
167551
166991
166679
166364
166198
166097
165895
165890
165842
165802
165560
165107
164653
164651
164486
164070
163788
163661
163307
163045
162875
162825
162772
162449
162303
162289
161881
161662
161560
161338
161310
161074
160983
159822
159083
158936
158448
158319
158210
158197
157825
157801
157663
157506
157447
157256
156769
156761
156575
156398
156262
156230
155713
155673
155652
155455
155085
154911
154905
154852
153839
153283
153282
153229
153185
152821
152790
152689
152360
152336
152328
152319
152179
151912
151865
151834
151367
151334
150589
150431
150386
149869
149801
149494
149414
149371
149201
149143
148548
148491
147712
147689
147437
147418
147206
146427
146418
146364
146305
146285
146075
145696
145666
145651
145463
145450
145295
145096
145096
144882
144748
144445
144386
144353
144153
144105
144046
143879
143878
143796
143519
143394
143306
142923
142733
142235
142136
141900
141788
141303
141094
140992
140944
140873
140843
140843
140287
139811
139500
139393
139149
139088
139018
138997
138835
138550
138338
138183
138013
137909
137843
137520
137344
137288
137030
136950
136743
136700
136300
135834
135753
135321
135318
135291
135246
135082
135040
134611
134573
134304
134257
134071
133880
133781
133452
133375
133369
133209
133073
133059
133011
132798
132640
132261
132201
131999
131959
131875
131469
131458
131370
131174
131126
130751
130531
130477
130354
130328
130260
129954
129757
129728
129322
129101
128638
128125
127935
127930
127131
127066
127048
126485
126368
126367
126362
126241
125911
125779
125408
125305
125048
125035
124996
124864
124816
124783
124572
124379
123840
123762
123581
123534
123266
122686
122651
122299
122215
122139
121926
121578
121370
120593
120568
120511
119829
119578
119558
119381
119106
118709
118471
118253
118020
117873
117597
117538
117487
117459
117368
117334
116628
116506
116384
116239
116092
115987
115900
115747
115152
114734
114416
114182
114119
113700
113540
113520
112882
112606
112418
112097
111878
111647
111449
111251
110841
110801
110404
109559
109550
109383
109373
109153
108864
108635
108318
108124
108096
107879
107786
107684
107328
107311
107277
107163
107097
106901
106845
106834
106605
106577
106181
106027
105538
105109
104946
104768
104528
104305
104000
103993
103756
103259
103123
103068
102790
102597
102565
102465
102390
102240
101797
101259
100963
100592
100548
100345
100118
100092
99532
99365
98908
98852
98364
98294
98190
98068
97528
97357
97266
97249
97228
96914
96520
96489
96019
95946
95713
95369
95336
95134
95119
94935
94902
94051
93678
93014
92872
92652
91759
91534
91409
91163
90816
90767
90544
90329
90009
89889
89644
89035
88923
88478
88211
88167
87889
87733
87321
86927
86654
86559
86322
86289
86067
85767
85642
85446
85134
84932
84815
84813
83480
83200
83041
83012
82963
82939
82829
82808
82462
82376
82340
82184
81866
81812
81740
81629
80930
80035
79802
79761
79727
79657
79377
79263
78960
78763
78638
78626
78567
77341
77310
77304
77177
76800
76340
76108
76082
75904
75662
75581
75570
75493
74817
74021
73990
73984
73592
73579
73173
72498
72450
72398
72291
72272
72091
71975
71659
71474
70771
70698
70459
70154
69105
68630
68372
68241
67997
67988
67975
67863
67772
67248
67222
67196
67071
66671
66258
66041
65328
65265
64585
64572
64129
64091
63601
63231
63212
63171
63101
63086
62501
62152
61772
61584
61526
61326
61278
61143
60674
60616
60611
60402
60238
60146
59983
59641
59559
59391
59303
59175
58954
58788
58499
57993
57782
57733
57667
57317
57113
56782
56625
56614
56444
56356
55983
55812
55772
55705
55489
55231
54956
54626
54552
54518
54367
54238
54111
53933
53828
53776
53337
53262
53257
53077
52916
52904
52732
52532
52254
52211
52084
52073
51884
51516
51491
51433
51149
51131
50920
50515
50290
50208
50016
49333
49266
49132
49123
49109
49055
48827
48805
48483
48331
48133
48049
47475
47408
47364
47043
46846
46644
46516
46399
46326
45853
45537
45437
45332
45290
45282
44976
44972
44902
44565
44366
44362
44000
43917
43755
43652
43639
43532
43434
43249
43088
43010
42850
42757
42688
42635
42214
42135
41861
41585
41314
41303
41094
40856
40814
40703
40125
39636
39557
39538
39469
39341
38880
38434
38097
37627
37596
37086
36736
36504
36390
36246
35946
35874
35739
35630
35367
35282
35174
34638
34359
34151
34010
33796
33485
33225
33014
32815
32460
32101
32075
30771
30496
30244
30161
30140
30037
29695
29634
29631
29594
29323
29122
29059
29054
28665
28461
28134
28029
27987
27966
27932
27107
26709
26335
26286
26179
26178
26078
26055
26025
25959
25686
25604
25379
25190
25041
24793
24433
24202
24106
23807
23778
23627
23620
23553
23463
23013
22713
22703
22558
22519
22081
22065
22058
22018
22001
21781
21580
21435
21351
21054
21034
20886
20707
20625
20415
20366
20357
20080
18921
18917
18696
18376
18257
17972
17964
17553
17479
17355
17103
17095
17049
16963
16921
16537
16068
15726
15343
15320
15032
14902
14542
14015
13910
13695
12025
11980
11837
11563
11348
10833
10267
9830
9582
9559
9313
9311
9071
8879
8610
8393
8156
8020
7670
7609
7409
7299
7087
7082
6708
6492
6373
6262
6256
6254
6208
6144
5986
5852
5781
5606
5466
5255
4795
4763
4625
4531
4391
4051
3887
3514
3084
3078
2821
2799
2701
2569
2387
2088
1958
1308
971
689
62
51
