4419
4420
5173
7111
8806
13312
14343
14588
16374
16841
17309
17659
24010
24641
31375
34509
36329
36838
37124
37846
38464
41547
43771
46384
50086
50128
51414
51617
55163
56222
62452
62711
64787
64979
68159
69544
69785
70135
71041
71739
72630
76365
77677
78976
92455
94778
95750
100933
104494
109704
109902
111629
116142
118085
123063
124321
124854
125096
125220
125236
128383
129616
129898
132097
133127
138218
142137
142304
143053
145654
152012
154369
155174
156744
157782
158504
162008
162054
163401
163777
166613
167339
169163
170327
171461
174160
174357
175735
177033
178487
186229
188370
190224
193233
200394
202102
205636
207497
209936
209963
210987
211309
212285
212357
212911
218794
220737
221477
221666
223103
225258
225272
225489
225594
225981
227012
229279
229434
229585
231690
232595
232763
236731
237090
238154
238461
239082
239162
242594
245544
249416
252778
254486
255155
255938
260023
265403
265505
265541
266610
272099
274024
274085
275151
280805
281122
282796
282893
285689
286564
286736
287716
293402
293654
294033
294636
294989
296686
297180
299389
299906
302379
306123
306858
307181
308825
312424
312685
316183
319313
324160
324380
332369
337875
344857
344995
345087
347206
352954
355884
356445
356660
357439
358236
365378
365634
365846
366567
369042
369430
372087
372519
373166
375609
375982
380690
384027
385646
386367
386978
387455
388108
390155
392046
395174
402498
403085
403786
403815
408214
410080
411037
413488
413689
416092
416220
421376
425518
426524
427648
427650
429593
432091
438908
439199
441106
443283
445683
446335
447318
450811
451454
452740
458155
458833
459798
462062
462577
465156
465420
467610
468009
469526
472084
472095
474392
475009
476873
479919
480167
482033
488197
489335
491282
494733
494813
495104
497554
500730
501257
501772
502355
503785
503881
504376
507829
508209
512924
517091
518864
519114
520591
521365
521418
523947
526067
527496
528960
529567
531092
533497
538638
540194
541926
543253
545082
546084
546536
554406
555313
556941
557414
558146
566087
566880
567618
572652
573482
581034
583726
586595
587945
590147
591400
594286
594528
595685
597927
598942
599351
601048
607969
610630
611537
616029
617063
618829
629593
633144
635243
639300
641339
641691
642581
644202
645448
645603
651841
652242
653054
653227
656360
659936
663894
667329
674695
674842
675384
675992
679473
684251
685448
689481
692129
692699
694777
695671
695909
696724
704609
704913
708383
712012
713078
718000
721793
723794
726121
727253
728721
729881
731760
732029
733506
735477
736529
736978
741018
741051
743185
745798
745999
746171
748243
749507
749699
750350
751655
753312
760184
760642
761908
763669
767636
767913
768112
769335
771424
771455
773498
774744
777303
777650
782983
784870
785273
793122
795317
795905
796817
796976
797604
797799
801669
805347
807086
813016
813181
817637
825567
833666
833834
834864
836855
837690
837717
839709
847897
850570
851134
851925
852937
854687
857394
860969
862950
863403
863444
864605
866195
870419
870925
873635
873734
875147
876196
880846
882108
886513
887969
889904
892835
893058
893952
894849
895119
897922
900859
902569
903505
905807
907981
918670
919428
919737
920173
920509
921142
923848
925900
930108
930929
932295
932940
933985
934244
934956
936195
936804
940462
940989
942108
944994
949794
950856
953012
953483
960277
962527
964033
964913
967028
969297
970954
972296
973097
973267
973683
976604
976639
976671
978223
980406
986335
987861
989733
995212
995562
997056
999709
