2688
3966
6210
6858
7158
8074
8569
11047
11845
12706
12797
14471
14482
17016
17336
17543
19988
20910
28244
30023
30742
31621
35343
36499
36691
37187
39247
41691
41771
42424
51436
55132
57390
58352
60456
63809
65855
67136
72538
80316
81421
89596
93562
94171
98727
99314
101239
101353
103325
103743
103950
104089
105636
107819
109195
110317
111843
112808
115613
116201
116725
117012
119062
119841
123712
124112
124752
125337
127937
131763
132072
132886
133335
143301
144242
144592
146280
147157
147189
152170
154051
155639
156321
156937
159178
159646
159840
159910
160289
160906
161108
163821
163921
168652
169382
170111
170781
171835
172536
176134
176621
178243
178264
181076
182837
187274
188237
188334
188658
190398
191990
204759
205444
208814
209774
211698
212762
213287
213389
214029
214131
219936
220643
220923
222571
224701
227696
228012
231667
231709
231829
233618
233919
236647
237615
238315
238379
240867
245447
246317
247029
247824
255024
256728
257111
258118
259053
262676
264733
265115
265333
265510
267174
272022
274433
275638
275846
278615
280813
281711
283773
286604
286686
291254
294898
298188
300473
307530
309207
311976
312008
315295
319358
319885
321588
322272
324406
327228
331510
332017
334655
336980
339072
343752
347499
347736
349931
350017
356700
359114
359643
363345
364152
364870
369461
376718
381635
384432
386138
386790
387791
388638
389053
389603
391870
392515
392746
393643
394562
395384
395949
400405
406598
406714
412455
417969
418270
419688
422993
424327
424656
425075
427191
428914
434411
435097
439483
440680
442884
442966
443857
445531
445972
446255
448731
452762
455490
467118
472580
473957
476389
476840
477097
477775
481133
482668
482912
483938
487773
487891
494652
494703
496350
496457
498028
499645
504378
505327
505625
507084
513649
515159
515635
516502
518672
519066
520004
523094
523640
525247
525946
530037
530664
533044
534849
535296
536018
536073
538311
539792
541367
545346
547225
548055
550810
553061
554289
555109
555242
557164
558434
566533
567306
571234
571300
576869
577051
577750
580026
585330
585806
586742
590780
592055
592384
594410
596244
596847
596998
598360
600605
600965
601330
601670
610548
612006
612603
612662
613323
626734
632703
636545
637296
638160
640513
640649
643024
643827
644121
644820
646870
647540
649216
650429
651734
656086
657839
661601
662731
663762
665044
667926
667944
668004
670992
678912
681031
682677
682994
684445
686607
689044
693550
693714
697309
697361
698469
702809
702888
710872
711547
718778
719968
725245
729230
732953
737658
737954
740881
741564
741829
743715
743764
749112
751933
756032
758861
759141
765323
768540
772463
775653
780807
781780
783854
784050
785460
786712
786724
787598
788939
791205
791277
792024
793555
793827
794036
797277
800287
806099
812822
813327
818296
818966
819047
819673
822932
824682
828139
828837
828894
831633
831726
833803
835431
835588
837041
837651
838394
840084
840771
843780
854233
855066
855190
857454
858574
862396
865809
873344
873549
880830
882027
883659
883837
887350
891255
892738
893042
894381
896489
897878
898449
905376
906528
910611
912215
912756
912993
916109
919871
920731
922820
923568
927140
929006
929963
933062
933878
934528
935653
935920
939471
942930
944422
944676
946500
949246
950092
954128
954707
955394
956506
957393
957712
958623
960131
961714
965648
969036
970562
971352
975636
976489
977422
978971
980355
981890
982265
982492
982504
984377
986609
988635
988687
991493
991892
992767
993624
996128
