6616
9364
11908
14409
17743
18449
20061
23111
29070
30434
31511
33488
36450
43392
44041
50586
53115
54189
57059
57968
61161
62829
64781
66546
69120
70165
70230
72848
74313
75280
76988
77864
79094
79669
81030
82064
88044
88147
89916
91171
91209
91507
94391
94605
102234
105948
111642
112450
114769
116077
116172
117148
117287
123273
123500
123760
124162
124452
127460
130278
130663
132689
133129
136988
139838
141420
142595
143424
146999
152026
157901
158202
159106
159364
160293
161854
163470
165108
165759
169807
169881
172381
175255
177497
177912
179264
182934
183336
183443
185898
187788
188132
190103
190432
191575
198250
204453
211689
217130
217706
219808
220696
225144
226660
231160
232172
235129
235696
237296
237465
238727
242341
245483
249408
252345
257060
258190
265620
266648
267918
271336
272167
276592
277631
278069
280396
282918
290308
293387
293784
294633
297468
298832
299653
299818
300831
302097
302642
303575
305457
308786
310093
312780
313963
317556
320282
322243
323877
323905
323921
324330
327517
327764
329446
329952
330379
334840
335678
338661
346940
347626
357516
358999
360425
361072
363356
367169
371190
375481
377141
381154
387193
387978
390011
392629
393620
393811
395461
396607
399688
404603
405576
408171
408214
408926
411337
417411
419486
423423
424991
426003
431074
432570
433179
435185
439053
441614
444739
447378
450416
451542
456307
458757
462496
464050
464869
464917
467262
467651
472462
473100
477298
479508
480977
482047
482975
483545
484759
486476
488096
489247
492725
492738
494610
494822
505039
506027
506884
508063
514068
517381
518323
518987
522152
524374
524720
528768
531528
532296
533668
534156
535760
538273
539795
541835
543050
543403
545027
546134
546202
546329
546883
548006
549302
550123
550518
551706
554309
554851
560571
560661
561174
562157
562620
564574
568065
568558
572696
574828
576085
578395
581773
588046
591589
592285
594770
596492
597237
600011
601802
602698
602866
603459
603510
606897
606899
608501
610835
613142
614214
615444
615961
616836
616882
617405
617638
619182
622184
623548
624359
626501
626758
628117
629652
633958
636466
636545
636907
637022
637064
637715
638665
641537
641857
642479
643539
644877
649433
650038
650186
650758
651146
653235
660684
660916
663163
664768
665333
670424
671055
673655
674623
675132
683795
684321
688843
690451
690791
691468
696138
696213
697896
698686
699524
701532
703804
707161
709151
710640
711324
711841
712195
717474
719972
720694
726534
731602
732424
740127
740706
746841
752457
753380
753840
754099
755699
760755
761311
767087
767610
771512
772002
772842
773216
773757
776444
778940
780945
785013
786228
787432
790158
791643
792679
792820
795290
800755
802915
804602
805097
806856
806952
812936
814512
818826
819017
820666
821727
823177
827179
828190
829247
829708
836251
836681
836913
841651
843707
844841
849514
850224
852250
857032
857369
858626
859141
861669
864015
864064
864740
865110
870309
871104
873130
874526
874627
876653
877412
883156
884235
886720
887477
894920
897680
898805
899146
900337
902841
904888
908381
908858
910211
917065
918205
918246
918776
918778
920186
922315
923822
924863
925350
925638
926217
928571
930292
930717
931576
932587
933511
935474
935851
936233
939132
941696
942678
945424
950457
950772
951371
953734
953892
954228
956163
956940
960358
961070
961551
962065
962827
965389
966585
975927
976132
977090
980022
980317
982566
983702
984969
991693
993029
993523
993765
994451
994863
996099
997185
999053
999743
