482
1162
1985
2111
2556
4298
5982
9428
10048
10458
10579
14069
17461
20903
23859
23924
24018
25758
25966
27899
28719
29010
35412
36107
37433
40157
41002
43340
46016
49749
49986
50252
53142
53228
54786
57991
58120
59582
61120
62622
62781
63155
64144
65394
68117
68342
69438
71121
71545
85665
87911
89524
96195
100583
102324
102602
103083
110068
110137
111509
111944
113350
114645
118434
118988
120626
123976
130141
130731
132497
132727
134548
134726
136082
137377
138181
140393
147165
150160
151937
156560
158695
159389
161262
161433
161455
166964
167354
170569
172029
177744
179147
179857
182134
183191
189734
190996
191069
193836
196443
199431
205594
207917
209197
209942
211958
213533
216296
217085
217191
218106
220873
222057
224553
224594
224923
225236
227138
227696
230438
234401
236124
236869
237390
237404
243841
245295
253112
254318
262276
263092
270253
271107
273342
274236
277159
277458
277603
278250
280473
281841
282308
282703
284646
285884
293608
294149
297327
302324
303419
306399
310499
313852
315365
317098
317311
317956
320305
322981
326356
329918
330803
331117
333882
340312
341962
342003
342296
345271
346600
351128
351565
352729
354105
356375
357905
359178
364264
364423
366292
367178
368747
372545
373410
373959
375339
376350
382131
384408
384752
386738
388619
388977
394435
395005
397571
397672
397956
402438
405996
409426
416922
420262
420602
420673
421949
427689
432924
433123
436407
439298
440147
448604
451543
456272
456625
463100
464437
466450
467374
480223
480608
480907
481439
481760
481891
483354
483579
484667
491539
498699
498759
499283
499286
503765
503865
504689
505461
514327
516975
521539
523786
524791
525722
529278
530661
530833
531309
532481
534122
536566
539391
539867
540031
541893
545506
546692
547622
554983
555264
556187
556260
559099
559477
559618
560414
560681
560971
564075
570273
570846
575740
576103
577677
580418
581215
583956
584529
584864
587824
589536
589643
590134
592010
592050
594023
597841
600179
601255
602143
604726
605412
606667
608950
611300
611851
616171
616506
616632
616848
617056
619710
621168
627717
628489
628839
632319
634111
635464
636540
636687
637057
639464
641500
641922
642002
643796
647183
648292
648856
649853
651693
651744
654841
654845
656659
659777
660542
660790
669411
672365
672394
675637
675899
675947
676483
678520
679850
680078
683857
685475
685537
686311
686500
686803
688151
688466
689688
691534
699480
701291
704950
705932
709612
710854
711212
713467
714479
714633
715052
715390
717174
718691
719021
719125
722228
723191
726212
726690
728890
729191
729690
729847
731018
733409
738331
739104
744441
745566
747908
747936
748292
748534
748572
750822
751182
751305
751872
753433
754000
754143
754985
756303
756430
757800
761584
762292
762726
764138
766620
766975
775820
777467
779579
780301
781371
781812
782250
785400
789005
792903
794268
799700
799777
813593
819926
822566
823711
826253
828904
832104
839044
839307
841196
842387
845991
847727
850251
850414
850717
851567
852088
856520
858099
858292
865708
865816
870638
877075
877086
881316
882308
883728
887382
893282
894568
897680
900045
900630
900835
900917
906001
906495
908134
908247
910276
912669
912823
913895
914755
919195
920640
920962
920980
921347
925761
929227
931935
936475
939098
939296
939927
940353
944428
945414
945853
946105
947685
950882
958637
961315
963071
963297
964048
966156
967672
967833
970260
972726
974678
974991
976417
979248
980051
984205
986132
989269
991691
992151
998467
