500
783
954
1334
1735
1948
2122
2748
9704
11281
11741
12540
17230
19151
21448
22695
26201
26536
27657
28485
28731
34771
37233
37685
38209
40522
40656
41433
42431
45149
45701
46238
46929
49200
53402
53534
54392
54923
55003
56843
57969
59912
60510
60820
62938
64855
65250
65909
66307
66506
68023
70569
71204
77771
82838
83103
83251
85159
88681
89200
89798
91400
94580
104179
106347
109562
109570
111710
114164
116530
119010
123264
127145
130960
131558
136285
143302
145291
145680
151223
155184
157460
158043
158383
158815
159691
160492
161745
161796
162483
162688
165832
169350
169999
171354
171755
172103
173378
174780
176494
177008
181451
182574
183168
184984
186266
191034
191889
193719
194537
199684
201668
202126
203213
203600
209882
210904
212006
213037
214631
215088
218840
220570
221325
221940
223521
224116
226320
226755
231265
232869
233747
239533
241312
251746
255097
255786
257125
257644
259276
260052
260198
261714
263661
264063
268692
270921
272451
274056
276331
281319
284832
285697
290245
294634
297315
297929
300951
301225
303199
305088
306829
308878
309750
323864
324514
324751
326575
328385
328980
329631
331127
331172
331840
333251
333336
334258
335810
336457
337143
339221
339868
341554
344571
347346
348729
349190
354404
358227
359408
364426
367359
376173
382342
383442
383505
383719
386338
387297
388469
388707
390125
390586
392871
393996
395177
395596
397117
402593
403536
404696
408864
414843
415578
417039
418050
419590
425916
426733
430478
433156
436993
441285
441836
444172
453301
455955
456600
456725
457200
458024
458032
460150
461202
468613
472594
473453
475776
479855
480754
480790
481473
481545
482376
482507
483989
493061
494202
494322
494970
496093
496766
496806
498672
498766
499436
500750
503601
504493
504949
505782
509303
510004
512554
514704
517344
520315
520579
523572
528024
529959
530421
539540
540161
545843
546334
546750
546815
548292
548974
549635
557685
557755
558257
558345
561216
564674
566108
567594
570515
572392
574065
575938
576045
577467
578175
580225
589010
591349
594940
596930
599437
600350
601183
602637
604071
604386
605486
607107
612331
615203
615690
617467
619659
623263
629710
632339
633373
633614
634572
637140
637296
638436
638472
638575
638829
639083
640010
643931
645444
645907
647936
648114
648543
648812
650906
650975
651760
652645
653823
654794
655896
657460
665444
665671
666473
671475
674292
677101
677711
677739
678125
679767
687393
687823
689714
692566
695328
696615
697991
699156
700442
700743
702107
702555
706038
708409
710787
714250
717245
717871
720013
723154
723696
723950
724718
729565
730079
730314
730868
732195
738031
739024
742547
745147
749169
750759
751456
753854
753917
755179
759802
761274
761566
763929
765619
766407
768746
768755
769017
776885
779410
780775
784145
784286
785337
785676
790896
795722
797472
798182
798491
799218
799274
799719
800770
801844
804160
806875
807685
808141
808980
811190
812844
820757
822334
826839
829143
832512
833732
834306
836692
837242
838532
840268
841985
845351
847701
849845
850797
850983
851024
851386
852465
853591
853717
853942
855848
857245
858085
859305
861662
861903
863513
863768
877807
883862
886532
887974
888056
890264
892700
894750
896492
900319
902687
908755
912836
915505
916413
916890
918248
919223
921926
924342
926008
926939
928648
930416
937782
938629
939495
941410
943982
944292
945076
951646
960742
963732
967586
972091
972470
974793
975028
979418
983080
987926
988634
996550
997069
