575192
677885
716232
760020
599594
690749
259406
651404
808788
297588
361399
64999
566231
689653
1048
166618
177295
792890
388093
996271
845932
566637
147170
417442
529146
617683
509338
427676
404572
938454
663699
988105
819543
696557
964017
346136
995594
625642
16214
505742
371836
341407
905411
237319
253582
779054
313880
448843
600975
852652
662071
949513
537966
489265
367815
394163
969290
543359
93332
737205
800742
651853
909908
717139
521016
407599
668997
120734
534944
524579
565233
168402
882422
851962
329235
106127
991740
76000
181460
635442
225906
444683
834926
986832
913097
711612
268722
287118
323759
129653
155684
461792
604745
104760
626052
561244
959743
24887
383592
916474
803824
699869
209284
203819
407303
131319
97484
936210
238245
446017
741040
763043
644030
551625
682822
420119
7744
970754
83526
778249
55533
142952
639406
706736
60618
120010
185670
892730
331503
573241
605502
327617
268799
632011
281331
790380
564914
865868
287952
325989
926030
96003
609041
384498
496821
498588
267619
207794
594391
437367
486888
577463
251207
708556
651798
361658
175595
874616
678463
781823
962382
950569
578923
192518
245072
946467
221089
306923
852349
748012
117573
267739
921146
75482
622363
846067
990747
360311
971114
173238
44882
545678
205755
483883
950147
75157
215680
534353
774259
280886
276626
673728
462366
112060
95379
529054
672039
953942
450739
366138
863082
397195
805325
66952
174190
263931
945073
156090
902454
936142
79677
579767
741110
388667
627684
19642
300707
869687
908369
649290
19171
77368
968292
658897
854052
856612
781274
410076
12808
12379
856972
938606
333502
740318
971790
797249
12908
709914
667832
186970
135624
106965
144769
869383
513286
289524
239238
934008
932524
682470
711979
919864
41729
240625
7448
398470
705699
702615
483173
4372
797496
34212
202960
636315
858173
11607
22827
32665
481338
809131
707283
697577
447446
472512
861146
150525
207367
938347
250758
796409
253985
306263
464051
550703
843280
623190
665555
741043
755745
529480
41686
361435
970362
848038
48549
86805
106858
244588
808263
213605
369179
95905
779943
9081
726756
108996
237293
653354
280059
606996
829192
328977
834952
625724
257869
411844
920916
43162
863161
929196
894496
177707
228498
943492
815314
607444
600364
205168
873803
30671
428232
224760
804052
775472
676055
82975
376374
254291
120028
803236
875816
510949
33647
442452
296419
775243
541213
730378
261650
887410
972397
431941
669989
847412
522942
417700
587141
152356
168268
334656
177826
24566
928977
57638
50343
673486
993480
317936
730767
48035
240268
556094
643985
249296
162783
11606
736375
463543
681159
966550
414093
780882
564883
46802
379956
455384
600764
162894
884630
803079
388198
768793
998452
847124
884678
815876
838234
253357
269661
36286
159668
748327
63906
155725
390779
809993
870333
386731
629896
403124
227312
543803
961225
900333
781456
496998
360913
339657
629745
487447
147657
172276
665825
396815
291780
284061
450506
739749
382961
854594
155387
434590
239721
552403
967616
185700
53160
718662
823277
448423
847193
135415
673786
345037
70666
510777
130952
781911
26879
791805
793858
143441
863458
24093
935647
475893
478872
333062
530627
475358
999662
417216
241349
543972
415858
664988
481419
592280
925791
785337
513682
627357
662256
797234
723402
95521
511445
989735
8926
88055
686979
616615
75217
617363
962278
856887
26436
461281
762930
481345
90388
493826
859415
205148
606368
236323
926931
264948
241704
387452
242593
445718
96849
401955
297679
799323
894021
864842
231917
976110
96375
486043
949153
905019
362692
488174
405848
343797
858485
414181
984407
380676
714273
304229
791791
303114
116527
305649
122959
588817
429241
486500
142195
151315
383117
630219
427387
60644
816397
200797
789718
294272
412982
89944
935453
252653
720189
274488
899836
366092
763541
16598
690443
850946
438862
136668
875771
596157
151639
915425
112043
298149
81188
127589
242714
484897
986795
72042
346359
507587
972296
571629
408277
329809
315776
518976
697914
453297
563362
734661
929943
740848
701961
614857
774929
117679
86271
826
430013
169834
795196
735558
766187
159974
240908
876818
247577
194039
497934
98516
581897
710699
287640
218190
16173
16983
701368
854312
347902
376316
897877
237736
791147
933845
569845
451856
496431
959871
585176
280084
889595
94917
935297
994422
475027
912967
112596
862464
226101
499015
294875
108061
975667
302673
355234
216341
265890
696068
539139
996324
320619
449792
564220
521909
973310
623406
272572
862592
256039
640806
210557
119357
16697
116417
247306
122371
389286
995773
988322
980226
245233
900550
477749
678617
468922
952103
774155
785749
437304
262285
124356
288007
582022
327667
511354
523841
670740
765807
51842
142061
982014
585689
680210
348489
965049
308883
185596
310339
895785
813882
49048
327660
806865
98408
893697
426652
227682
183906
20598
652323
647604
53797
825760
702375
741970
31752
527858
177247
419183
322318
62764
925483
307063
38474
980667
297485
390913
570607
758907
790728
451360
581236
748764
642323
636313
540640
283042
536826
954734
788215
886342
330002
167961
580353
840506
328727
658837
23027
616394
151524
536661
95357
655390
789965
607128
883759
755548
16476
123476
84104
863850
837159
328207
85917
810961
518154
661901
567331
517181
514823
607012
977817
579489
619702
530283
540052
992631
743018
81169
35240
113061
657763
593610
938864
873595
172265
127139
833403
521433
936587
561655
680915
951086
617332
587322
965163
357275
560166
992882
635940
441077
741654
718022
617724
229289
60324
485999
996884
186043
840630
100939
870492
744423
711152
784976
692253
174760
736913
223005
39842
511574
941
630316
74564
151530
830147
996068
617041
230237
768314
990347
108440
323823
22205
707417
432212
216772
400688
591399
108019
737513
4173
291015
55233
716852
362656
233517
612470
13960
962331
854090
296152
765367
138455
364793
95950
767939
450664
755602
876163
866429
990491
369181
250867
11919
615118
279265
538710
844053
801516
579610
815653
880549
766404
588808
876493
259887
419782
195044
373039
903680
111897
126510
309970
911073
756827
669281
215142
808284
488246
976200
456886
461854
22939
425706
696553
945336
224223
291105
959156
665920
313070
489929
121312
280084
677360
282387
278515
267326
783798
809337
495806
534259
553825
603276
80514
96182
578320
572713
614656
753690
303491
707722
160540
73252
779793
198264
638125
621582
405890
129950
654436
970792
213642
34746
390102
521818
313763
906284
721383
941380
981701
622193
186133
304454
335173
599849
284062
741851
978375
789332
32783
949920
323873
70811
366507
978931
593678
818891
515892
791734
970636
238940
921816
760435
107347
723824
204731
292250
943602
207063
801949
821989
608967
267599
313384
847324
268186
861001
311577
314164
732438
260390
642056
233427
998054
943233
705557
720815
199913
863333
853233
137172
317009
987423
766406
264580
817373
775215
216772
467960
849328
855064
287690
531781
836238
273879
631341
580698
41844
674032
733031
501222
102097
386083
312223
631894
18084
263294
984336
660732
720947
794060
719193
776395
825125
789803
635617
183231
202045
103675
580389
313817
757171
389426
174496
906184
695985
160781
692950
154852
591015
265185
511996
890707
9291
304016
679431
881102
747568
921111
553743
766974
334402
885251
690912
474560
986268
567811
807518
784008
21062
357337
899666
204897
859662
392939
863061
642962
760129
660534
103127
990173
327302
861346
130573
569633
792
406960
763445
401823
597599
299663
634119
13209
72169
822542
57721
977430
272009
330733
429615
341635
404428
384716
725694
391923
238613
867461
490012
16775
303316
582677
335077
228393
660199
256949
882828
191858
202637
390791
456476
191148
961475
240172
633386
393201
688637
268402
943322
466290
223042
262571
309642
399764
371556
684568
567262
872180
70619
839172
410345
531403
922558
515438
884660
192045
928989
791455
176687
935084
228349
509017
363826
657497
548145
820784
618222
129642
627281
553202
284084
71863
179418
861761
356769
793183
338594
965954
451302
205831
749366
66286
220144
702402
806033
7366
635448
224781
559547
635811
487976
56433
397245
292075
163304
755595
503356
75936
98309
949736
187194
364626
110974
992842
263204
555125
676714
623176
323096
527629
545993
437713
568440
754565
577765
195664
229348
618208
881956
268844
730007
103943
224813
173991
553696
604032
767413
326758
216954
816447
963621
554895
787978
79127
171242
255182
133366
462473
29848
411507
424349
813053
751868
546293
59318
597327
983548
194522
315400
31808
178029
110830
581443
371341
342258
245040
647418
164061
455243
961165
917886
619219
800193
222596
172952
542659
984556
592360
280482
471938
263328
240260
779010
399191
937330
481752
373508
888653
743530
475586
54419
423786
294343
880952
166356
375290
383657
786610
398368
725444
937951
130853
151580
884958
875277
536937
70454
75229
657146
868283
740861
113124
73524
553951
79837
382941
625824
149470
65142
608262
153314
876653
38553
956643
517413
769646
778654
998290
755911
727311
173605
948283
295844
524561
816103
869285
435582
185955
80888
793894
64966
235628
834139
740979
455049
882088
86081
462997
229306
564394
688800
867005
186072
891583
423917
78702
606780
546739
21430
236888
300609
17837
79581
315269
816336
424373
276916
527148
674886
116566
21874
806755
474757
156959
705808
870322
251156
936579
376835
321219
831475
918112
346838
971189
400704
108189
672611
786959
962879
232556
903405
686417
746250
905455
233693
126695
768916
964087
360536
199799
629211
494631
662649
627289
370602
357495
638512
984614
521544
400660
318070
117673
517313
333157
150060
782131
419534
936617
973136
373643
551203
989820
26010
527490
489045
967160
55033
316515
146407
233144
8549
631433
94192
153464
138593
492364
202026
607960
357583
913619
44249
609024
50607
546829
252373
497309
13430
243579
560758
951816
989831
71268
69852
880072
315472
795692
123993
708718
61444
184127
179707
425823
941360
893800
502713
912879
16636
900606
82872
275559
817921
685309
471419
148393
495553
614962
792038
534187
463239
171664
654893
239071
290716
534241
324318
677363
427299
218454
337223
569524
940498
300031
916933
352333
204301
509654
439210
190446
975392
538101
84682
384904
468761
979368
200930
87668
446080
305757
9702
237491
615797
180024
368806
222800
6244
62339
231196
579170
630374
786051
581332
460654
126775
654245
608760
831657
403344
65943
434359
163162
488993
6196
193426
447070
901677
538583
65411
710278
193025
418065
549258
992474
847442
932853
811861
563841
780914
817360
290762
458232
879791
824374
693749
545216
881992
749687
27337
577109
888589
607601
76309
155928
321874
740415
828036
86030
558223
698191
475472
974209
204119
30226
634885
610116
636083
984076
616942
990932
890395
912459
943198
593370
852944
965364
618204
264462
136153
938296
238572
930933
463832
873894
304182
547722
929159
960411
891478
178491
271765
258644
478463
859786
435159
528996
786892
848532
414188
493504
303589
233391
684210
109112
491786
359468
207071
521089
167359
57147
446013
865645
275284
124334
592964
831739
952720
519062
151637
196555
645242
758410
450705
221610
369539
961478
982228
3403
276627
847087
724114
947351
632366
887988
193932
608795
491523
912785
283694
690080
372177
193837
165512
994776
681974
804772
165159
666036
126358
604575
398095
331219
854756
722334
481432
124116
571088
32855
594786
203212
323917
698680
901239
402899
208638
354313
99643
779321
541180
384493
67218
814486
937862
951623
249870
754879
476806
121402
789587
1557
759036
283080
475082
249399
339977
11996
321726
334039
195290
193827
915350
542186
713455
32852
961327
57657
175687
318801
698390
263317
638890
487781
943263
822312
704787
322029
369765
416358
566967
110484
67166
32801
487094
372791
132953
520380
444061
565031
411991
9143
260566
607372
63684
953386
539245
638950
695568
891725
444671
45615
427118
21364
941185
182237
456425
433048
732330
157443
495646
394511
613950
187991
940890
918110
191544
816846
30416
205093
645588
226596
548023
370296
623862
400312
12990
436430
851642
132819
740909
830867
210137
59593
322202
404440
20148
751800
187908
221354
387713
719918
857551
894080
123279
295015
474140
147150
402487
372083
29828
530998
285089
847350
333234
285406
599536
504521
310618
973148
14219
179903
439834
655758
35081
374402
517099
997511
654840
972699
148931
738468
541386
184848
407755
531452
180381
215783
772984
590901
889254
655433
427337
954292
435129
924098
945243
520364
359479
644069
976300
906264
930516
278220
355306
177219
992643
210877
676599
74180
506369
629545
359420
909896
898235
710542
175271
585160
959965
162940
852802
41369
47289
158964
382961
442465
721167
459499
383816
496935
339967
340911
359367
948100
464264
32353
280819
608566
89916
809632
403793
338836
745474
572358
909762
392731
206407
782796
25078
485670
168963
306505
1742
466492
470756
40791
30802
46084
416793
299030
360203
488723
11516
648266
755263
168678
245852
536352
618183
556779
133926
570318
779854
247161
374448
317976
724200
340065
798179
641710
890956
253596
426498
799027
768368
238435
870939
917336
43904
436190
38792
654311
824442
520308
786274
739036
653993
286785
639556
247661
152315
472422
428791
965035
196673
97786
690879
28864
225539
994205
943041
597976
896702
242605
61071
613597
348028
528018
180370
947802
461006
985653
569427
234497
232167
606350
92198
254600
140312
751129
162419
453613
742819
489450
431394
745691
838655
218648
511138
519973
832296
334165
434711
365999
918239
379806
713950
394412
109765
770637
519101
920001
484304
528716
760300
916872
678311
112100
617466
639473
696928
59059
31198
261636
863508
789180
140123
278338
555483
989912
699214
322857
742697
970187
186583
737429
99524
547314
105058
636547
38305
716568
699537
13937
120858
500967
547080
123618
926927
199163
434260
105533
643094
799954
95545
567573
607776
484960
605654
334980
769577
830783
259063
32560
681947
27140
897591
304239
743936
624813
376144
910983
767522
69110
756929
279310
631490
339274
94874
737776
922353
163735
482087
33039
656077
1594
997367
260293
58267
769370
43976
12356
872638
604625
863120
907999
740114
954820
824618
587618
192168
706003
112796
353435
627102
256172
534785
659964
437785
229434
405399
659992
425442
958203
643047
230155
731802
586736
200077
208183
991579
843757
522403
879272
107821
537040
329870
656985
853154
647246
43556
634640
559247
198057
656313
682084
633511
207934
132421
183199
254837
597434
489395
388094
804085
56173
78536
400341
326480
296183
211310
30991
594419
495838
476765
126996
941003
421442
668389
23811
341855
554279
333274
569822
490761
422002
414556
158981
657682
849711
21889
310491
780201
628303
264354
884613
46912
566255
190591
50001
970116
656659
642831
235315
514807
845169
605353
137514
401323
402986
490184
45121
479452
651284
195390
65393
712811
965298
397240
335075
438899
568197
576106
387668
543178
652475
853975
852690
643862
689286
459134
185763
479241
284360
562020
553668
277562
514666
77691
636623
943521
148108
438956
559286
247983
335702
268038
831851
215624
437229
913730
837026
742686
811138
619186
805550
793963
435844
227398
234504
879242
809846
609531
255791
608819
945883
582433
647209
649297
741069
767239
846631
795906
428909
151173
933126
541547
730740
457189
929138
100084
140008
495278
35749
44775
307563
969743
194637
651233
206509
240165
314316
122482
62018
917673
76953
499607
889423
344057
77443
916753
911453
217153
158486
797409
642191
71046
591190
140067
850544
592783
679848
123332
528230
332592
174993
64738
388740
522740
362965
158782
421691
367782
847809
629472
980399
812668
940613
368456
835240
118177
59833
951116
202207
629981
803520
203923
325113
861732
664266
64556
270608
155256
501171
907276
649452
68667
799881
87330
798864
324309
751659
149657
532977
488190
926860
210794
592642
35304
638871
543130
752746
900044
2733
349207
29591
557712
495561
983723
474668
703634
473157
702875
496150
977812
560885
846174
856764
8836
259953
100797
737300
668774
215409
117444
909971
873184
805201
410530
179004
577762
283891
289122
427674
77104
959043
262534
602761
197517
268886
663933
510958
639877
680748
316994
580998
764375
999252
677137
502492
751486
963118
10309
357845
155931
189836
247891
598757
581569
492210
682781
375332
760860
433213
431924
299515
585022
150624
303213
321080
322440
24905
84318
462530
776177
697570
353462
182822
838006
171187
233334
354831
334110
285860
897296
499540
803241
281888
523098
434988
708437
791254
882543
8445
608908
524505
836707
860113
188333
536231
719520
724841
334133
921863
702113
213740
142346
853771
135371
65080
286756
127285
860131
61018
22040
136246
353904
358168
52866
730770
502382
926379
970767
40735
401452
791306
780325
296172
552643
100513
118063
452221
66547
872033
983240
473269
836891
137712
859139
177421
841173
937217
405397
245952
13932
784383
841440
624137
634426
938339
546204
193796
143011
489830
116452
495921
650600
652496
279515
772120
429096
388142
95609
231366
179193
719457
146421
940277
982815
693203
352273
135433
348647
741573
403773
718839
105699
986052
238633
547712
110786
315451
80682
566299
330315
457953
284104
184561
991990
23571
306274
781442
945511
843196
353854
443493
640264
929904
336433
14572
995522
956120
518951
850022
365719
376648
541840
474814
363679
249709
934631
405440
28636
358114
268640
61052
865916
374817
22766
534083
213292
244374
919150
722126
833300
308879
822515
663295
518194
618256
236143
664383
411798
49540
425210
212358
459128
154509
949570
669817
555249
800060
807888
675309
338588
678684
672819
223625
877898
708265
876875
956234
385820
409886
705523
696161
525889
722732
794380
729143
697997
203526
449251
885456
94834
541081
406718
217037
369949
505242
455304
902667
277039
129783
652118
233962
671446
462511
964053
821736
362056
753341
180178
170603
200412
269616
814694
339613
433477
467350
559548
561777
318315
552662
340353
66117
561319
287837
151334
415776
226971
637553
968149
709338
424301
189345
413294
879579
643294
688797
424764
670523
890378
403234
251385
485577
784638
699341
30394
703975
431473
318417
200440
153875
932513
681220
477245
224576
568716
666900
832296
755426
432455
544534
417884
685065
908413
332479
203595
674533
788232
550315
736282
782760
450597
725787
413234
399945
965207
159996
239011
250724
820827
855778
805748
406910
324931
942036
326091
474791
449778
286144
92341
18872
641971
481935
896083
721404
488246
210067
892642
293675
566247
428253
46565
938641
289452
825772
380593
31118
946300
179840
388181
249974
887575
242892
845156
106201
338597
639945
868960
299164
707247
629671
627524
617542
318516
856990
642157
230871
267881
968739
442983
126994
704401
503
609168
645916
534196
610841
21035
962109
80255
921884
742980
103043
417912
280019
930299
521221
488923
585448
88686
951685
290390
150796
687367
19503
798942
942600
328735
675838
955372
365171
822861
100478
842072
872380
480592
486892
752400
712423
419028
398777
374325
160149
279652
807469
426962
662267
801901
915177
203321
688885
408811
798725
648060
652531
978483
882007
65477
551121
191963
699477
689747
766853
663241
538770
378705
373490
141719
372132
290005
310297
247200
196775
220594
504687
925994
862298
777658
896905
605040
614438
134227
493555
804618
757567
529012
926305
229819
630308
996861
147965
493847
626368
661745
35871
41167
327795
109265
327963
661274
599274
580373
857395
186498
264170
861961
839213
677641
544749
464259
719872
5046
314275
679805
102184
647231
188953
9683
932889
514196
446583
840922
761296
247750
885283
819162
135620
360210
602820
676650
605307
946894
432993
747943
381242
908143
252007
917776
654677
855348
332809
367745
975332
42483
68354
192522
238550
22590
854646
236524
241567
715122
286902
486895
396941
275932
546914
784163
882169
37127
801897
262769
62872
276582
941037
52060
300081
686234
267713
423514
46377
74657
895444
192201
929018
279709
743463
650128
538946
783484
747258
42963
691383
364360
471813
737170
831161
177421
522146
436959
771392
703842
179336
580218
752564
146710
867761
272586
495516
604857
712925
152122
90670
291140
679664
258606
724485
751909
158007
243425
109616
207275
697672
535645
179814
43019
494279
280661
294168
431693
522437
195106
983455
215638
168194
520856
68245
334994
731027
968389
638207
363133
209567
96582
401575
852367
967107
545029
207753
693378
489494
361042
699555
804929
207558
718813
157167
604335
662881
469390
498797
27152
295216
508225
914009
625624
719166
268513
608317
181902
891190
932320
417247
191133
617642
332240
550618
749367
723696
100577
345802
35558
627431
909239
172001
153969
26775
637031
764759
90791
929654
91023
239806
774475
810695
917519
948147
547164
102941
519528
528048
701503
72382
297071
957183
331019
788450
196973
248329
620081
787995
222102
46157
229382
664398
610468
205740
46255
53983
974288
776928
440232
906027
781101
723853
948529
468975
396129
277424
515285
9094
69312
574388
394392
626959
190343
171427
661756
729645
210865
225465
435952
787239
488313
570325
872086
234416
120621
131593
626991
400386
73324
56016
755494
161507
980284
404703
295029
258570
836042
861524
572536
624795
572159
159563
373708
317645
40891
401424
372707
538412
731952
72110
293352
39226
942174
864678
494793
185713
674086
64123
201382
907492
58510
876586
977492
743171
465872
679928
365773
739005
168671
531107
984632
238976
732471
535418
644177
424604
499295
730568
846197
844613
122558
96620
84365
149175
810583
968836
801748
2676
867619
684872
130630
664489
960714
795315
187239
461551
10109
478363
538733
171053
762802
137186
245963
48346
87485
39237
759642
755744
460552
845522
458150
440284
946031
240566
141587
10690
790586
825140
586667
13150
200952
320818
526405
12341
651380
775661
664146
815562
96407
839885
595655
438332
390810
488852
469602
103308
221413
538415
633628
14653
766793
474159
136746
902740
543255
562577
729583
599807
323803
231033
518977
992082
141752
641662
322070
743724
974817
923614
605963
749240
664242
287826
370064
985743
988585
206717
779764
488443
54723
234046
728393
620823
848311
305509
937268
985810
606857
614657
673875
591378
51853
61719
58123
837941
914617
717744
175085
978994
787813
576330
703108
596574
108193
644654
403709
229131
434675
332001
605107
610187
662955
859572
298903
371154
240933
100790
342265
422905
167899
550922
189429
801247
678244
766547
917628
874410
912525
533259
909694
950571
452179
354675
792881
727328
658490
352869
255169
334610
639500
80261
745556
653663
654321
238358
146104
37394
943592
221033
381676
563630
645664
30704
912072
516170
494901
619312
42761
577686
734218
121749
627261
430651
849087
568671
368071
511777
982991
944826
300560
567242
817289
572780
601611
310235
429673
491048
392418
223099
684947
862143
190850
389524
211819
403126
613056
2359
864211
176882
588902
929052
909442
960656
422302
485575
944445
234001
165434
437381
236085
279411
702750
493014
839166
843419
562699
510693
583015
445229
184776
836402
448442
673854
970287
330640
250385
686049
567505
32586
365715
8094
995271
807521
217418
439105
249814
4337
196194
794254
641278
511665
943489
313170
807263
135705
834365
921236
459913
978206
315198
433259
34334
691481
4530
667881
23526
493958
681126
244725
253167
75559
381960
663670
26655
844232
242230
879083
365592
422942
192514
519640
43270
333385
170437
572891
772104
699641
421660
475997
406712
885036
857348
390500
18329
725845
701326
444548
556508
274393
280638
395637
539535
438450
865350
400064
8611
996790
939674
786452
15960
321010
419376
127797
238535
933552
944022
809812
75211
51096
188911
670265
507789
100083
358411
890781
134955
444426
197026
159572
907909
730477
997677
611943
723619
104400
995106
693376
834438
454543
22794
851582
635082
83410
455232
499305
366900
931915
253256
740799
321246
863708
319177
58029
504956
834518
880553
351449
4042
365021
450755
972828
959188
375335
619015
203149
252321
39523
15215
376376
812797
747446
744410
630766
258978
146720
229639
197046
21506
750717
139759
520225
860596
6184
301438
206267
356600
198394
342320
339166
720745
723248
687877
41056
655486
379498
494944
47340
29820
162192
126018
663726
287100
833039
694557
493608
512532
663553
127256
80290
319973
692971
202654
815166
224065
110368
500451
813993
205111
573570
86005
398126
604092
760616
754554
639717
59063
960092
229772
346696
542376
847227
327854
898405
964726
739839
315049
767536
747797
686298
868359
624496
215505
208824
488427
62234
918841
316199
745803
103291
245162
642899
778316
528078
516791
657642
119737
796077
644402
861726
752095
984612
84506
543305
383751
408354
697889
770602
912592
501129
820696
415885
424041
15716
822457
444681
729577
811384
909329
746083
681995
642419
45384
39504
98761
733826
177998
82776
528019
986046
478692
474710
382764
193542
220804
343516
381346
345960
392558
712947
617960
653496
568081
937280
936849
238147
694418
398658
706603
898526
171835
737911
235830
506327
254531
234078
695936
224525
14646
484504
816286
407644
676673
495912
380745
602416
479964
381721
217618
506939
270932
609855
614787
288001
661556
19989
159764
550736
763919
973254
769479
959822
254253
94919
393888
869226
146576
525921
800708
520948
358561
352076
217709
769161
904380
259639
937608
431271
120917
953125
297324
197471
458181
151985
347126
159336
488693
758130
867909
538703
391269
85305
417039
36428
425946
290423
417438
385521
295586
722940
852587
474172
411077
768474
894933
268427
477386
94824
617214
516399
745634
107810
605187
531672
759221
949998
127445
821296
796552
471737
723193
357893
820296
222208
872344
873758
447094
140331
47299
35502
409646
88915
619464
479654
488021
997412
26025
923237
24286
966686
760383
195275
467706
452150
540843
777323
792474
559513
592564
676959
682722
480336
111682
201205
743211
990014
912182
696710
797429
332423
531684
210343
196456
718091
814190
151801
901381
297168
21502
158300
293742
948478
334751
793088
411214
841411
578489
197339
444454
287959
76391
549559
610293
327065
630135
892451
43459
107800
45373
39177
622539
619631
225748
392672
715011
373256
335346
357432
219465
768449
392231
325106
559467
75819
298674
99858
216339
829295
689280
325037
1486
368523
412354
97660
188599
685754
832682
767699
458372
942962
592385
173419
590508
124807
465064
945627
431924
816557
390377
415398
745493
461786
650297
380205
652428
645578
377612
900101
973374
41372
104789
833251
667653
399642
619929
849140
363419
169494
692079
618634
256290
492783
982934
789936
433421
505715
461746
948446
927343
825822
275621
400392
760222
35329
442502
529105
976515
152062
256449
42141
130753
854512
908619
320899
308928
955367
922752
112162
987413
658641
804762
890699
219024
874228
954896
728155
13665
166103
154377
402156
338215
383489
489659
31138
950295
574041
651429
995872
249541
380332
864165
527261
733394
222221
354614
693393
518131
271959
716234
857801
283673
693838
375872
74074
933122
227300
618370
506674
944284
261591
335294
703818
287633
165495
183423
81015
698739
24710
761831
307424
293126
38712
943627
556746
798564
682073
13227
395087
971473
360078
997581
545070
205852
806707
948084
767675
641198
741092
773890
322551
832242
947863
927911
105338
715041
457510
747397
536589
44840
374123
743650
252564
966137
32069
746441
762280
956651
796471
324349
300995
73231
774958
549083
564756
109648
464611
714187
903283
951110
446231
644834
850159
10327
612987
959640
957186
610762
952882
251937
180454
506154
279534
36842
159488
16211
372407
561969
812475
615004
742794
233025
460528
761184
426654
649225
880385
386283
436738
351448
159045
719678
744482
347640
156253
859264
130024
652132
354917
233153
625086
155494
372935
955435
89458
830802
527913
369159
115763
822361
137350
550185
16760
878794
467802
894522
786624
537067
418807
440032
192500
857968
147573
114380
221096
808918
702023
331039
28352
821599
766824
33849
285679
767850
388915
72288
185947
602222
496018
689290
1821
492691
676111
957896
572580
916973
233030
57231
363321
502549
239675
13283
884764
714598
113544
78498
30798
936721
657583
284458
38120
265630
802766
810920
798505
497600
822704
653502
298957
758227
498495
697744
152536
618868
95704
414956
690802
664637
315063
493011
90476
566555
741969
502824
234592
277774
504001
196276
730039
624253
623578
636372
233285
41844
578587
955648
44814
821947
129792
563512
174892
341716
439285
56076
342664
226064
581733
364361
348358
140174
687729
553787
690045
885009
296573
976484
549859
465213
597220
674103
650184
687598
828747
939601
482361
216693
287123
312757
864773
655216
269352
641666
635484
907397
375543
426100
460114
145979
230972
865235
734531
313077
132729
599867
307601
193675
464962
795465
129033
90758
906165
688991
651556
988728
636488
547605
497769
506102
848443
912252
946096
276148
352812
86096
23553
976379
879817
447801
505498
390857
787296
62078
621967
665541
386450
675335
926156
75101
964070
387981
798838
8446
124153
271328
967472
459823
978323
885716
127482
804491
152214
53065
623667
817433
974928
925206
490047
628745
815343
57042
199747
972685
77332
304446
694285
644178
625920
340754
52433
651802
864427
79523
902478
971128
492275
620333
978192
574503
808945
341827
343374
285510
928360
389136
495475
666868
132695
351305
282426
707396
338606
623217
294450
523869
920349
404168
565217
743665
610567
960977
312389
101592
985429
721599
741878
200200
578215
888379
944039
426035
742886
485652
504587
776701
857013
334596
178452
45209
630534
756315
357974
610815
831369
524811
359434
722828
541630
288271
107183
611318
548652
732024
90251
279017
556586
246293
248464
768003
960474
528830
766553
801513
359926
201789
637715
91396
77826
955034
233465
462940
720481
596930
802231
278863
896452
930451
756720
743085
558205
44166
314779
783603
881138
836026
822088
864611
977772
502937
362689
658620
520207
14633
225163
575579
626724
118641
122828
896174
36690
726917
713862
739280
261356
347377
833985
636679
60963
83262
673479
507286
951708
7716
183369
796414
110365
694988
718431
332824
943584
118719
191149
92296
827786
571377
692833
903903
536245
238564
945368
888399
346282
717691
497632
161739
916714
961500
920
362427
797995
856128
341364
775385
97248
661786
187997
58091
997105
156385
76021
996829
183050
608700
35960
110010
882255
379209
261822
187143
314349
576458
255773
443900
336844
764845
628651
429920
100705
840695
347361
80448
386591
97676
282139
128971
295757
610397
424571
96205
933235
293934
665774
126726
981678
509763
972806
290854
912803
756519
995591
579944
360528
934168
978621
640136
71742
814034
474250
870690
831891
729398
517950
329193
541124
994455
674271
985984
911399
945122
155144
534392
199142
205607
95405
857191
318863
214920
948412
925793
951369
812476
558111
41494
337570
101569
794910
880328
249475
550492
473634
986663
818629
279950
153556
987274
911644
576661
876644
126028
914353
458139
629926
893889
749582
877759
797334
586772
369395
315199
910332
677054
950917
146751
322155
996517
315494
873336
690211
696847
439648
575040
88150
661569
517818
381489
804872
957944
320941
821817
524175
566211
61361
992830
764346
223227
466032
79212
507598
166625
103964
354460
874411
693906
322012
338210
51214
86889
744289
361587
810544
155569
205399
709873
375115
215301
974264
321749
7420
828039
388922
287544
198788
431225
63401
91966
674600
36283
2895
706975
239225
129953
606607
830163
122670
795824
851537
578906
413229
533686
866455
542437
400488
668419
625198
175972
345252
763015
986241
614765
554133
883465
377352
924038
286758
304770
260317
136271
453780
464020
969391
874511
8250
645482
236431
639769
789799
562989
654184
776922
198763
491743
507404
843714
81713
145240
602985
155021
296518
744027
600730
530669
380280
321173
938266
513750
378713
575217
380691
845989
839203
812698
836116
771758
792565
27982
342754
485665
612796
977820
957029
510167
207469
596410
854723
770367
697390
201029
224842
222944
546004
303829
65671
134794
998791
595644
115444
29149
274242
99100
259597
469045
702071
401186
562819
849457
341519
489187
308170
45855
971087
6545
851469
30789
2518
502809
419073
603726
497027
669789
740503
847824
105523
427657
948363
250870
260520
896468
667802
879311
143621
538709
641616
554225
813877
641215
983551
193483
283756
511163
243148
70471
704262
248161
74467
865816
751563
100946
761930
720229
821780
108340
140435
79569
787975
763659
227244
966247
534077
662321
227600
943775
810501
403058
523488
509071
533250
494854
527500
354289
20399
747499
459499
858509
252995
425311
77291
559619
419312
239671
725090
853175
260997
221215
4931
369369
642931
942895
680620
642959
276012
291429
715163
946178
995495
828357
967553
808194
220480
240330
500975
300951
367421
808583
111725
660389
897708
622431
90858
823291
79335
544733
394317
653816
760186
726449
236201
129946
437467
360008
150672
954468
406103
404807
137470
327723
876942
512803
971190
469950
23445
869791
835883
732208
532409
960227
68180
813572
967587
685942
158434
276787
577495
360152
277326
482908
102102
658815
644235
843849
15268
483436
39003
395545
687460
305960
610558
715152
612575
456288
388805
569079
972963
638810
850308
224689
971336
608275
466469
220
598286
404407
132249
885408
347298
750972
405226
148759
437375
950428
932013
461593
988402
306157
291923
817827
977142
444318
765790
986659
498493
272656
360752
115810
482256
469838
573694
509198
834445
860075
629476
139811
976336
465207
441235
316086
478765
563933
458981
875742
704601
259484
116241
282431
954536
97056
133626
471220
252656
107837
478050
481368
285261
339591
762107
552689
992318
89168
920606
296762
906605
322879
436693
822028
132236
93065
469842
275432
4635
614927
655811
604835
67270
331092
667581
288495
112234
939993
707349
972865
672504
86615
297934
290404
33202
102809
707436
388954
668563
148659
494503
36522
234891
848290
703355
538123
220264
497794
806108
251243
956432
967078
78855
688156
658411
155287
151796
281692
303581
540780
431720
10879
928945
212867
271270
109755
608465
538009
591749
648848
759730
819340
854557
870546
119820
226218
47579
387156
797895
454837
453621
366579
154225
721142
512055
719292
505580
755258
721211
473979
389477
272813
395894
230369
53054
126610
142511
240145
816398
479709
56652
392071
360894
147757
732613
455077
277460
243113
601785
998940
141004
760438
880031
55539
119074
961938
522069
953847
149101
125584
910868
76607
666725
39664
855429
886939
28357
48538
167468
148697
77580
878903
688898
564531
904157
171629
327650
462360
979654
558901
408345
62677
624093
270554
127584
851616
431750
766160
561765
251329
440658
931502
932165
662878
617794
343625
348695
911393
922153
942127
473442
177608
257519
672893
546030
339464
184242
896349
517688
47007
783366
628064
495999
490549
456413
879796
792891
30446
566978
784450
386157
607247
133247
743719
173073
46218
153311
752972
881329
414887
727310
806820
512339
814609
588060
420417
799955
403323
948256
96212
632843
313069
270841
890367
738606
670639
646640
535064
970612
848784
206649
401213
