102630
765825
205545
982869
538921
920328
735940
215751
859637
422061
932833
801743
504153
677142
10950
652014
7328
179028
885900
504822
186915
843004
226629
546737
68872
107287
671627
456866
561179
439407
76962
374819
41671
575050
1673
366573
105712
912883
485794
222390
66800
50163
675323
567925
882221
518623
192952
375937
535124
243403
265567
508887
389428
518684
510272
768186
198905
116795
975807
477813
392195
267878
34111
33660
935522
82592
501549
426929
526833
740617
95526
606338
552396
637832
40390
120559
557807
73124
249230
663785
920108
12274
569009
722454
538504
171305
665915
99569
304051
969681
932703
297103
454947
346394
61147
135356
522508
67465
98890
480772
63486
863053
547718
200974
551194
1776
797751
381730
964082
185193
750269
772810
334844
440334
474934
222103
164659
433766
457964
517243
418251
670621
470878
768147
360271
740688
167721
336328
336472
285896
618835
171787
649580
914629
925364
554685
291568
19823
659266
660273
337227
123953
975479
703497
764825
495202
74401
889853
25353
146392
903494
566330
102292
994209
852017
291238
375770
608908
698078
622402
354395
379682
403901
426089
887758
565555
870822
609461
382626
510666
600218
466561
401422
630722
25074
679048
552087
924658
100839
423212
186782
961795
935933
522771
44515
572131
515788
609644
252506
407186
27180
329423
744104
584922
545212
403139
779770
724380
664207
945369
674946
127428
19509
692661
161680
5406
277729
626221
40649
54914
307068
917129
358086
645995
657221
122986
777099
479526
248994
292936
644898
710566
989896
552468
68371
924468
902724
824060
292739
602051
892004
332749
558759
457826
513284
350642
611747
875402
33976
432026
934787
198231
920467
184824
285204
340884
887570
537572
733408
382511
93801
34911
865669
848971
334119
136435
909233
913332
754376
426105
888700
830254
571607
948404
121250
105446
258558
963675
615260
937866
989036
169076
595609
124276
663393
3356
527966
973889
852761
69219
715255
21376
612946
802260
972376
223942
5052
153362
79510
616991
365053
245469
693819
761375
29598
834100
774025
657494
108373
195157
87502
900833
858671
162208
599520
75421
884442
614425
813174
465463
169036
839948
504995
869407
377684
732427
352496
309595
289915
961107
770900
640888
20950
58957
663570
986267
654187
953648
870512
953781
878718
646979
997583
463125
899895
23744
849452
813079
385777
797077
189170
247290
802017
751620
403897
709136
681889
300458
705503
14222
826520
617948
707521
87299
16456
137645
518423
837414
335988
525004
146345
725832
150764
248650
56754
878632
551990
431930
849872
273381
681435
966705
789092
29262
421323
657773
980748
704341
289581
849490
294586
980835
603080
9359
817777
927045
171847
544928
479260
757059
462828
114476
117003
733457
977428
397326
743498
624799
390626
976113
501856
770251
468043
525844
977377
393526
409086
103085
714032
454900
179694
357545
209813
411869
658365
814354
264503
403968
303494
8202
871414
650744
439367
809716
429223
107926
490794
237746
80173
688189
398510
712392
643696
226061
239095
143135
425085
604600
518894
561574
327994
580080
709782
567955
31748
898241
354861
634952
706023
658043
159482
138704
626553
7687
342521
89416
686035
708954
897505
594970
164653
405192
869263
786021
46165
498736
300944
349497
215628
246550
155920
856894
87677
866446
104026
741620
826651
92691
901322
481556
333718
995703
275031
708630
489657
104693
487223
98828
62051
688290
440430
112427
518943
919810
627831
247914
218723
834551
161293
513411
395682
592596
85462
114071
206094
715280
713005
518190
542126
1942
801162
454172
460631
575034
5904
309119
189258
846085
873268
327652
941418
197937
231941
526409
611032
196592
596699
486973
670381
639398
221280
166116
942035
834488
50102
729815
177664
801788
885188
202856
930576
541392
648353
230467
148222
796678
187291
261743
247359
399741
280867
242804
58620
625099
988057
662231
808170
166998
900656
307457
301639
153730
389118
705918
722674
495236
815267
70496
969064
164630
969939
194756
611479
323075
914561
298732
769696
469346
199593
100172
981550
821983
378106
970720
818542
4468
732319
17786
921642
463608
997225
622170
545413
896910
448283
837941
873813
701630
770577
992472
776600
663840
768717
873702
792277
157108
436639
448637
95121
681039
45233
436151
852458
896816
477100
771020
864659
637105
335115
68757
699308
222361
247546
307051
959165
851726
379946
621934
236559
123751
730676
769954
386279
163424
954279
112179
258912
720999
993456
555929
378531
634195
865061
10134
617862
160244
203950
76061
277439
108677
55440
292045
909635
472638
643735
704282
500608
98182
923616
124685
144115
421446
520768
779809
584038
500569
232404
827407
763338
7839
517671
592228
319661
480881
498489
897293
479319
557167
13618
969013
955463
194164
369059
198277
340805
660779
362228
254090
483556
605691
92016
549685
719574
161566
179882
528507
586923
630479
824458
962461
811496
909666
462263
379714
740224
121901
868771
127103
290162
217956
389678
97017
724862
194627
380855
795106
489413
728740
375494
226015
21116
958192
956879
716682
589644
242162
818020
17747
40778
590535
692475
703681
397326
161458
802006
767127
487666
744332
608213
843857
403177
998424
52500
990157
984313
480565
974530
896071
131542
809836
216768
193341
181725
819433
839921
920369
658026
49095
836324
903181
522518
189124
52379
29024
555472
322196
156984
289031
602519
68241
795971
815335
514257
492303
237850
913622
241867
630862
481078
925657
936270
930568
992469
959816
697946
265771
807433
8142
712962
825249
604893
508173
256099
415690
662431
525406
409090
632907
969295
860853
680513
331840
550242
613219
760190
356173
114739
125686
605577
261970
248135
118971
157759
9405
645755
393060
355399
826425
53709
549572
61737
386627
52675
663350
653190
91806
530619
53342
487288
977181
965329
55303
981958
789597
765734
592620
165252
237717
208275
87122
165957
321862
48234
86802
820734
665420
565861
579445
450809
456663
137134
675896
646514
567411
296778
433902
100242
374274
168355
549765
570373
104204
122160
316448
383034
563245
607427
994276
923703
885613
314607
625487
332246
237741
551443
422466
853728
905660
285064
467423
864772
283849
941603
331341
539955
495539
569383
443736
668380
852092
877578
423414
837439
601437
821410
173413
394480
652915
698668
427631
514730
280983
231545
599887
576846
430411
506102
575918
911927
105999
70486
766918
269050
90196
752222
874344
471231
662664
700428
865368
455222
528144
133221
375830
927289
998996
605338
6200
571260
39539
65558
476594
136947
663064
752359
357112
166273
166052
532998
318714
16984
419787
734341
369870
432241
182843
892820
606956
797225
595702
28719
941266
947639
943808
384616
331272
948870
689076
571340
909246
571379
45490
808373
555345
524389
929267
442540
884460
685827
389117
627640
443531
919126
963633
240903
608603
659965
582402
895992
39678
889671
649792
221635
491050
434673
122898
599430
988465
855995
977091
983148
845467
540265
917299
496572
984943
500307
994862
908668
721233
197929
310873
825023
570885
825287
300168
401106
806417
849777
468013
431167
633537
32875
657580
523260
211780
474104
240266
30324
186932
640749
915139
775151
545203
595248
503098
192736
418097
526930
945291
654027
854345
579719
430012
507089
157707
202366
926867
560089
927637
615201
489921
183453
244890
770091
765308
41934
284228
958240
527978
371301
673142
87406
299897
535047
793770
217374
668491
429012
804858
894903
762575
426317
117882
10671
407019
356319
743938
626382
865621
339664
389065
606242
305857
941445
694636
178713
739701
368110
288591
618878
422520
169486
485018
763283
936488
281514
234981
743303
872555
99918
255534
908692
778942
799286
576775
253943
854249
533792
688397
157709
872851
857388
938194
866311
17649
668524
843932
110474
200026
198926
40647
229606
498615
463075
801669
537392
550422
73035
243142
215485
998621
373055
509938
260734
671835
631995
185491
956915
914362
921606
273488
147725
717649
353375
307284
352933
929750
299462
343374
458578
647985
358500
122897
247274
644075
289175
993243
368729
30917
738782
827378
848791
247077
130654
303850
950601
251563
761999
110724
229110
819875
106118
397297
702372
47763
489951
836084
560270
979059
36870
535845
291717
677500
373987
336145
52705
923161
450528
972479
73313
740538
113623
891854
888102
348360
232797
727353
745737
273971
125222
878141
853780
659302
523667
856529
60772
356316
91743
354068
723673
166540
340257
287557
982327
47744
800190
427819
245020
230020
21295
393557
8030
672569
525995
691836
500608
837961
409585
578500
285329
45748
77044
19617
260514
804297
248994
929431
16290
569073
813331
678489
740504
111078
865867
750739
299835
1473
230764
224388
18865
277808
726203
54530
569699
772806
920716
743777
157177
618924
40397
257903
725751
989365
623725
577238
517043
830800
364391
582245
899826
117974
894511
208424
574879
572419
746295
309235
14503
348482
992542
942398
464435
116257
542390
212458
610947
945572
973040
185954
48420
135413
947622
946076
512782
647801
404101
271295
180188
199293
167766
812127
605544
766031
457575
716387
862338
743529
657370
521160
786381
892489
559177
518078
113911
632092
592853
585776
383891
354968
33866
756641
342677
833769
142896
616050
695401
452675
97969
361536
198704
429078
379682
195370
982616
434848
212335
235952
96534
184988
290216
407991
277443
525016
98850
17449
378001
676004
393419
687609
622632
312230
782
673796
125857
620171
71455
67091
333661
95704
2979
139709
511747
515294
123903
88425
432918
521868
670460
81521
434095
404894
741396
60835
450715
244468
290332
195809
647123
427197
776845
9832
284372
621842
987568
648621
699547
736607
259942
408163
546239
630844
554577
827930
379114
938074
939619
1537
940149
96344
512833
578572
212320
884597
13907
560432
59883
293152
273131
39627
348115
64364
170447
439970
494764
801183
566693
833346
397463
117097
593146
176967
37601
147058
563502
363067
374392
685516
181632
690582
174091
839752
270002
827939
823421
233572
665176
894212
424005
252194
349635
425100
632869
641524
198020
947082
53764
373395
581343
739365
956394
613166
830670
614371
264856
73663
879982
717764
462722
97722
256010
290699
960874
864928
155651
180572
530522
371888
114969
572608
229182
705340
337688
889926
55195
721241
988129
147653
178416
550128
661268
383932
274664
215921
399703
352410
764088
285224
808198
689241
904987
110184
374519
815300
573672
894115
278568
844442
156556
809115
838664
209739
360618
409715
27998
841887
395980
310815
323034
107766
224388
438458
373558
80170
725091
147383
845961
675920
887445
224559
816616
446750
246616
834584
660857
566054
644119
283030
491285
620160
2343
918123
416665
450503
532701
519115
135370
560505
927497
425035
10338
443522
357012
703095
462779
684562
986289
981122
978967
99626
281475
178136
613066
841143
1995
571664
677573
555413
541324
371133
133567
703348
801086
338020
18241
698520
563946
346951
511375
602810
276968
533664
160686
755852
972147
105577
726038
455066
715878
50392
420790
100620
907030
831209
97439
407688
972555
645139
886542
192948
822555
645212
379865
844633
967461
921032
577972
739555
933607
83629
465312
838661
892797
635490
139122
298169
164663
727702
42812
686821
970965
500028
652890
715353
55137
360868
417498
385717
874921
634981
464713
16936
635160
810935
481622
798419
170545
710429
406630
714827
401383
118975
961075
570045
979227
184406
840737
978412
495794
326656
523359
252823
339730
560435
433718
742966
617018
194382
647602
791266
988283
948107
602473
336916
288279
612305
646252
325509
266741
495078
690890
506165
621373
417218
242428
730888
550038
707454
254448
208394
160953
570603
779189
209619
787570
432640
394303
715014
219251
468971
988760
826675
111829
821128
189988
208925
30508
140847
778255
419093
269125
944104
296661
340229
73855
817146
948653
138121
467011
660448
867411
858615
201697
307869
893872
340671
279752
428135
357417
667758
678498
640510
526209
245069
541386
144160
371692
419814
840747
794581
373361
535526
931510
285477
846778
902686
122111
901162
593211
339619
113781
73664
743101
805654
823804
200216
836038
281086
184041
785196
867431
977
354073
211917
639138
764370
454254
683992
70517
353300
679719
275783
758471
662940
368923
532003
363950
736868
870738
18455
114523
29756
603520
402400
472739
454219
923039
4193
801642
612724
319016
158228
25518
721108
205613
643162
320749
789031
731478
677363
445685
316042
754678
238536
517318
780187
5385
767589
959141
472508
599948
99077
273408
61815
425785
651270
382137
335420
749726
536700
867601
573381
266009
718177
404722
385370
297650
348266
281304
279408
122901
790901
123997
130989
473706
975070
745569
768071
329171
562672
666963
18826
615809
720248
959134
478968
823411
768758
95538
261450
748301
968493
509293
572821
555665
154906
852134
103176
107388
521089
379734
798034
496831
934818
528228
968736
118873
719179
458956
31044
106189
351815
973675
456881
94725
94388
54697
723875
92227
733746
707715
974747
404864
703799
625651
970056
372835
61696
370943
114625
148575
368226
321884
801647
850729
25023
979004
184520
823445
53843
412603
767414
884492
875054
648801
928982
729388
80444
694357
285084
512700
945024
960223
968019
982282
104224
813656
173826
652452
287129
824177
713706
947631
236114
367196
175533
890151
468175
795674
458633
431475
419580
458914
400961
375140
843049
80043
325468
663306
731413
433238
554758
720755
270051
574971
602517
132481
282410
535951
873511
889959
283560
816431
715879
303168
694294
7691
784686
917771
275030
203378
73286
432519
112520
898421
46601
804071
920701
362747
805032
932467
446915
841889
672263
841339
527519
395723
109766
330871
739993
283148
658651
695552
775793
364590
433883
479525
447471
851614
528919
741611
216856
853559
296675
327781
63101
369193
268274
395051
450925
180102
275933
359098
80202
660073
997314
897640
432953
334083
793417
515010
722483
14787
383362
997572
942713
648417
583466
683700
720100
544776
251277
475099
126490
954462
67013
169505
973661
729201
805472
987140
144061
699519
579936
468917
519406
793762
634395
532111
108916
574358
598211
538484
640442
398760
174080
669574
500867
197310
246393
796415
986103
118589
183090
741870
438687
629530
202000
917327
302060
895489
75639
299589
409330
194331
153492
664246
452146
256896
488631
584899
90964
131961
911767
254178
887475
721840
411130
675739
784659
542454
181612
582811
687470
702833
791404
321464
162539
434848
391911
582338
87856
225357
292380
265858
619214
485454
522462
165906
22619
119863
52792
369625
701982
88927
184426
798305
306274
853389
288210
672662
146733
919616
291814
124573
716235
919832
548574
814222
158595
973668
267182
606352
75435
501513
97905
982352
630359
886347
626913
80157
639341
304635
529539
871971
700244
281086
363680
307587
789835
782069
665837
645835
936726
306510
921804
149911
983442
225127
816811
1795
397098
284442
733259
996171
810530
681257
40219
275330
139281
353479
463106
816172
126316
1089
782908
645624
550588
15175
597596
164253
276017
467355
862447
518863
734801
92565
730497
166750
202441
544016
876921
939436
939172
293237
896287
340233
321113
445858
531838
464301
778238
492918
784485
948689
155675
217403
657735
147370
583770
884785
301890
896194
746458
649587
928765
248309
294370
83272
9194
428358
759154
142025
300907
227548
964534
425194
707024
900380
516948
481254
940671
580068
660388
583115
309165
594720
958335
664223
513864
606029
778928
648942
365175
252104
684232
876721
925241
825874
543374
104221
508074
218531
829394
405701
887012
367847
5794
476588
711938
684121
10006
493547
489472
328315
566982
159483
182654
268143
767068
223840
291811
592181
434244
947891
848671
931778
954112
620426
813576
511481
425559
456069
676262
583689
1389
406392
840522
364194
196590
580528
620633
141076
653540
570276
574886
671367
616553
262330
947069
117521
152054
138674
596989
507255
944345
859507
758685
393283
723333
59824
220495
261118
865731
452855
508225
704651
759815
308950
778624
571552
759006
786090
300599
225441
116482
112965
927766
893851
576144
311995
634766
674522
441681
431946
511608
126247
916852
194787
895317
348001
354013
987289
331952
352886
313366
392997
221984
264383
409635
14355
137642
77046
537524
410957
235459
115348
45684
795331
160370
933707
621823
902067
564692
50973
166640
916826
228921
288728
493783
601271
675820
496046
590794
832824
725009
404021
704531
450116
60006
69879
796039
745380
633260
296439
190518
458446
345119
880001
427006
994640
285664
778860
323002
481430
517876
613808
589272
568600
578661
545374
463048
954594
550534
720640
498129
261441
813780
938957
355005
643719
954616
571913
144053
833468
188521
913399
460967
775329
269423
221948
272611
183330
74434
900306
10630
823575
328209
559589
609037
419894
891166
985485
542091
459865
491590
555561
594677
601704
651295
832020
788059
664291
316090
89863
530737
965007
169543
739851
137420
823098
595480
167129
768744
957291
704638
463440
820133
868395
303311
32337
367699
269866
7434
340154
517026
753744
877969
307774
155580
585633
861780
981022
977070
360012
70799
65222
542465
47056
670761
919110
94183
124620
384957
830059
167953
926305
26550
928634
281758
965701
929876
591880
779693
498215
373131
77113
37587
487419
649546
740563
359016
599649
92377
626558
6460
398006
18267
954778
532071
48822
304115
762685
439998
807883
775875
708552
43682
757495
956624
44516
422130
844059
88961
290910
631392
627746
794887
575005
169441
459341
857494
993596
920766
181467
431760
328
310984
783444
823811
603415
610152
658802
841545
348099
844053
505005
917070
471810
452830
15521
454447
197795
929575
595807
457661
553511
703664
89869
535264
223930
314897
908730
771096
579853
252930
962626
282783
717265
137110
938714
199275
354705
719880
172409
296015
521452
454126
668452
813633
245358
748106
737556
791926
24971
543232
838341
453418
113335
914273
124190
266236
317989
145701
97208
28085
586777
528888
53196
463657
333164
99115
640446
79094
543004
413259
711616
84777
988045
861263
209828
152193
487456
43626
903106
791115
609519
146177
375234
299308
367714
999927
430087
910397
743281
67747
247417
955856
921590
756067
159532
534225
195181
571722
680114
108360
337804
743605
387642
983995
225977
401851
752099
488113
845997
199490
376993
772497
326499
376687
582666
697384
242364
734517
17790
111753
457906
148815
704369
190926
924343
754952
693271
383485
72297
144759
571818
322439
355124
859465
599451
681962
291589
826358
557203
863477
57831
361494
394340
184492
658172
845388
746641
172033
439320
137952
98870
306818
702013
578219
872022
632787
279855
178603
260543
173008
398772
816247
728924
654932
653866
198412
275287
123672
611396
756421
67112
401459
246818
281449
649535
296255
853261
321502
707274
406940
162764
770236
986915
876238
745125
589501
987033
696002
977267
503824
11610
894446
395681
345612
720570
957334
48256
382274
897186
519402
247627
188459
702040
200652
42292
931008
665574
571696
975466
139433
806698
284765
391594
16141
325050
733200
134591
915016
700465
249535
52120
317563
756250
831995
387204
861692
251768
625006
772556
712238
886768
46532
986733
236588
206677
336615
801904
543263
898189
139490
762920
927280
274852
985831
499080
906070
290925
286700
448606
736272
849488
17839
245232
901999
233909
187995
282417
532747
419596
989571
10912
914454
610486
215370
385150
758541
769939
65253
302058
431498
702121
9721
942298
653815
435245
724126
837496
992925
324786
612677
779287
35354
102443
185526
123984
369585
469726
548081
415357
73019
725672
415734
583249
903740
589543
575393
834259
933457
209095
584365
500021
137604
417708
288409
255765
30082
668729
25959
415119
216100
671484
516353
589500
671017
342966
234871
22284
678533
703562
25827
517884
729554
168512
164526
241587
830501
100343
438315
386367
140924
378341
742305
279975
521171
770572
105958
557036
680405
393468
227686
858337
788784
961918
998659
201636
143297
378404
764886
410232
296367
601131
312340
50816
236371
706634
444621
606042
727509
914202
974285
730710
693778
707169
10469
270738
80121
38780
707012
103923
53557
253865
450686
917058
203204
706543
803183
823648
664551
420010
863353
115176
514994
940022
758184
667872
183491
383288
811831
965978
727311
623812
357612
799661
68376
479534
17374
65675
179323
984048
607063
756479
299557
743925
860820
967814
128358
213824
628841
690695
500765
822012
493121
586927
610067
28768
491075
939757
706149
207486
109521
949767
173848
10857
220202
655767
341457
595649
26415
161446
59804
517725
975875
633252
821226
104979
757963
380289
7448
486182
841301
580522
423082
657869
45845
818147
619158
215260
565897
890941
366845
696657
306238
26997
43060
549438
736301
943593
124481
689038
99133
684471
272290
65397
22252
509620
758662
174200
113544
914246
966047
573590
784727
124319
625807
39058
230102
923350
415167
997406
52383
698468
677711
724645
521443
330231
388519
787125
531287
622390
319020
857032
12844
418002
891343
829806
220086
608837
115775
442072
389102
77995
1727
773827
206739
491321
172881
754686
225067
889438
365842
870298
736871
138036
332063
31342
686820
276515
96053
90756
90958
296275
787863
903140
863775
486091
88424
170618
953989
396779
885144
642406
737442
353730
935355
904864
152877
672653
361781
169990
201269
370381
902994
161156
245382
839300
108978
972255
140964
122891
597985
171742
543924
276179
298117
487189
613882
985334
67312
333455
522557
442361
298582
2263
615623
64289
160216
391203
72393
851502
681279
445662
525147
300600
645124
117137
264416
190309
937995
27821
728840
256261
994481
361655
42607
272010
961786
270992
133859
175399
776685
361184
528514
26947
625084
991711
133378
459610
218202
455040
393547
339825
719345
16058
396095
970740
266220
562675
634009
18477
284015
487244
834611
319139
3687
412611
993
783885
464699
193801
706171
199089
534113
805409
659193
754014
996366
798897
362422
444610
461253
55977
761175
405161
599505
871885
650949
922131
179598
162528
218389
84208
947041
924783
951945
298682
933447
786295
251120
254383
211147
619380
729960
328490
492625
718343
952004
809693
779792
337666
446600
239341
801501
484627
260113
441962
301922
552716
902866
303658
320749
417867
452665
671169
894692
268811
704048
255390
932759
147653
187135
658245
838638
383940
598542
642532
887873
346756
221320
870741
109703
300614
156572
418927
932197
155699
300893
902217
709160
623850
560201
47308
712526
169960
183463
505588
444159
277779
401161
531427
781145
347235
958897
631074
550249
715694
811472
877813
160565
73614
650218
565273
835317
424560
147221
467548
88291
120380
491295
988825
856808
215836
499919
604239
711093
353259
898180
968413
444211
576252
916987
245789
957778
928324
940588
904666
915198
186085
710163
612719
441264
676248
59980
646333
659745
801461
757719
326664
343193
261858
719228
239087
6885
433878
137352
336006
517862
707017
921141
891218
290310
32442
847847
621920
183110
867996
732499
699586
487027
918174
833594
722919
877752
315862
180947
620118
277324
754569
965255
293767
412491
628377
90646
805534
409763
156939
215895
15364
339493
899828
776348
259428
5179
761217
278196
634879
371065
97695
183114
587885
210124
793997
995690
72049
226639
778172
731940
217847
54908
407199
430473
13484
59263
96597
758674
692282
758054
477809
25761
80351
813877
449186
451743
15657
701527
468612
926980
556368
922926
486658
264500
280368
454539
631653
597255
990113
385657
412670
501025
224180
842292
202284
147520
786509
391863
41675
476949
623320
623347
918393
728201
416169
698651
53958
84768
254004
430364
905463
318587
721189
13547
474039
869879
753182
93878
616091
946995
536139
222908
970192
169456
116578
261176
245348
218513
519932
377784
403053
527809
349963
290573
194778
141491
374008
113115
336340
490949
965402
509584
113488
498174
224276
702898
131188
758838
429771
211472
281379
915221
966786
281370
8295
686003
741077
574221
434746
683551
929999
668230
724273
538235
622952
673336
332358
665092
866718
689849
447680
303088
722990
819894
362241
608048
453615
490887
519788
163093
702156
78558
361136
629327
669084
682264
776694
351760
635488
712502
62499
24207
837208
187813
621194
958056
636418
757689
10610
730976
668720
796089
51070
888071
918532
999251
362175
557494
390219
279280
283923
638008
893108
982754
994231
469253
37484
165306
88753
971689
905367
719543
686035
755268
877356
518616
740588
556714
136493
381587
872401
745962
792770
115742
167811
717676
422513
22890
652221
586356
711292
744175
766941
607363
204824
8418
994860
588380
978565
582532
738444
232996
296462
804692
790653
108195
206815
565733
532683
615015
387326
771722
317656
593927
652712
752109
433346
706309
344329
329023
681712
889357
438422
533833
166014
572122
977675
85538
798019
701688
392764
143481
936059
666596
303578
42002
468182
319183
140101
435406
128540
4609
448904
252514
974139
792539
623222
273002
249774
100853
52638
297430
230348
166885
160045
40578
760555
626913
33569
23204
83823
46524
669286
146655
93170
704588
508623
31284
304593
492589
683570
692760
580433
511518
214176
843296
456365
464584
581759
727512
733373
402847
557446
208308
457092
171105
733525
350878
309142
960636
263983
844334
77220
930764
707093
266104
437030
484354
307904
106558
152995
716128
648570
348486
43552
145504
823385
413191
30563
643701
749401
186941
656802
711977
439765
70364
672653
760293
790434
318560
775029
893711
851656
6851
977496
68046
465438
618632
745290
715945
646593
219253
795456
71565
209776
127006
869756
79021
804999
789595
436945
878340
448471
159259
702674
716342
175710
27282
904411
399444
590632
881614
965435
219582
220609
475175
30461
467683
589525
189909
910161
197988
848103
721628
392092
478935
232298
528994
773465
637416
12095
940705
3562
6617
355276
462327
580991
620393
171701
986266
668577
169107
130490
854954
884956
115565
70765
259935
377607
46257
885838
524833
753713
11353
65093
923063
818986
887203
854651
77271
262443
304244
997909
497179
662755
909273
473421
264981
137823
72488
416111
857657
822228
736837
279790
679353
421004
972417
722656
226222
384427
473756
552477
907633
90846
230507
21615
964810
375135
331157
807798
69632
657062
425015
506971
995023
644719
466216
183983
292536
647972
128214
136351
696498
916904
836879
427478
417406
972288
662428
481327
788312
811101
61511
226453
708105
559754
25214
951738
951258
796462
949200
277488
835171
988927
926036
889063
908545
459204
262249
48964
749222
746052
762391
810778
709897
50320
712468
868679
836479
180394
209891
375726
36450
44113
401047
720588
733933
183722
534646
221753
465066
122509
122104
182525
981186
357160
51823
792269
888180
299604
659904
626209
503137
959794
802383
865907
748099
507073
517305
635157
189630
669824
30906
819183
684687
941306
659184
577365
265505
700403
295351
985345
436926
935597
219826
545394
307106
164055
281131
164384
173931
989907
686866
553946
504493
398115
508194
728446
308515
93679
294113
452565
214336
472885
575558
743496
934435
581261
558644
926851
129512
171480
925285
973285
104859
452677
51042
49889
545479
455551
261550
951668
991661
517559
610627
712195
368272
74121
508468
850064
761837
393421
781553
821016
600264
946685
794153
170445
610018
266366
949514
63467
389639
810765
230884
479609
106115
407879
273579
920031
802677
10260
340955
367582
896059
560113
425846
6639
608397
801113
932329
348604
738278
872144
347277
157045
354716
244172
816520
544337
857105
175488
713364
810466
559682
576326
766424
253394
76860
434920
991218
920575
990191
533323
601174
564529
96475
532408
28944
909236
330663
788936
864421
523927
350352
100076
363800
993471
88062
891734
808200
796328
498675
204936
127414
152314
80924
530103
652901
332292
253642
527643
442202
515287
694010
147862
168387
71809
409296
274686
821748
39525
348259
395081
963084
441140
314161
406356
965238
240650
582387
920848
974283
522599
921164
360905
594069
654792
93019
994260
496367
618145
327919
229333
357768
441146
198106
23979
796806
571171
513310
581368
936967
437269
690629
379920
467138
937511
619789
2429
992140
152810
607167
73580
870967
312545
265312
20089
346837
120288
181697
827858
369562
394367
73457
220298
281567
695035
462355
690876
343555
373163
413386
567002
958124
941210
312912
382097
398507
631365
518438
538139
670014
774002
560294
78496
832046
354347
983668
610953
554329
612566
354579
631076
572874
232562
873940
248685
657220
67184
156456
551935
549534
427307
174423
676631
744968
291846
969802
577920
55339
1825
476930
192097
992303
441975
199531
967711
186774
157848
800907
195888
916997
69565
379349
102462
458595
161037
441690
426867
425818
538027
197343
631975
129723
804154
412681
180516
171582
823982
839029
331986
668262
856080
645156
743812
935171
967886
617555
529757
10897
423996
40809
441312
433022
900139
997194
643860
321929
837028
502025
740240
260742
156418
826234
462056
234878
292905
508325
215156
133491
268838
858326
129913
510657
318437
160081
49271
794975
906633
242018
189135
316229
646060
839699
586766
500328
201523
465911
798234
584225
915404
570596
764983
861483
977479
319998
712823
124555
569038
608045
890428
820298
342146
746608
953259
623006
370420
962699
80047
775783
241405
111900
701543
707989
890107
144780
220205
991526
280872
945569
837060
10253
453784
310831
205789
15598
318287
947822
965382
858694
379388
799847
426672
322728
310998
869449
34651
827746
265490
935192
849504
863102
904126
211589
112283
898916
660093
246104
19571
599581
542816
115721
729671
86898
95901
468015
806070
490739
556846
340176
681675
651475
231816
143319
227076
537905
281270
76195
989693
521714
560210
165500
386174
914953
128352
48544
13981
371032
654791
28028
947729
901680
452141
445878
262165
17653
611502
703591
692597
341981
830648
37670
443193
80215
298565
839359
725291
761864
209078
28547
263685
275440
20041
401273
110588
424683
154423
255986
812771
763348
380397
172538
766526
399492
509668
370474
956516
943928
796255
816795
412751
598288
794881
870453
774724
701812
177032
706341
972121
809233
887530
533485
634984
111937
625226
696661
808335
599241
185303
569983
483104
341820
269442
245592
971500
22908
786905
215211
237351
684064
309957
637583
987960
168049
698460
33857
752800
909775
831524
926540
513796
140273
239269
269540
320600
141386
934954
764819
908458
109190
309140
151691
494537
456883
269850
88154
790992
512061
375776
158715
849874
699154
325683
790536
692451
803620
101471
59981
780929
133388
39597
889
623774
998732
198781
517422
818315
326253
100667
490551
874434
121479
156161
931161
292560
272543
678665
639298
860637
164714
11597
232990
623577
641968
502781
326281
233733
186828
812316
518239
436956
408272
921272
908590
211676
753285
638852
349389
220212
700432
754004
115974
998603
487599
358772
681838
722474
646563
609444
613078
27656
141800
545716
71770
258161
616352
901624
93078
756498
171598
564393
931961
781539
223677
456472
638577
151153
86273
697487
822982
295431
169749
380358
102659
727416
796259
556671
731086
236236
380323
253375
91097
412293
40219
140457
17777
135117
503364
287608
394164
280957
49421
847064
103840
575244
224825
183458
376774
768530
386019
920051
51741
207864
152034
279655
797618
357439
966983
394487
303293
976937
841795
675949
354384
468231
56486
281023
592360
733280
416130
631632
548774
317435
455598
992511
559319
924042
708326
238313
385327
717683
502800
383618
378389
192379
543833
947339
95896
392977
289982
678896
48063
31797
736167
374658
794493
365571
319533
477004
291331
357472
384956
679700
189872
46208
912788
514992
947876
382481
5353
222593
348338
48391
839211
636561
810547
94917
846816
395397
972407
627301
523308
208127
233687
726308
53363
503058
998502
503597
977877
297186
677766
536512
138456
268056
400150
157247
433572
477056
562249
1621
592487
862975
180626
660931
640665
653044
206075
838409
555417
122537
494038
401837
305462
917558
511242
472426
294027
725042
364175
51768
841474
224791
448180
799732
402361
543921
166493
673453
309377
820739
782859
350986
188418
851895
884756
470491
587581
988287
139185
687162
965802
860876
282742
301534
337856
926634
958428
206972
290643
349942
405370
365785
810647
166141
148499
606513
588674
513523
123656
48253
893008
693005
640174
870821
931168
323579
289338
441474
332988
595909
450777
535182
500790
69889
393501
701163
170157
934574
177681
449484
823471
548785
685741
882820
859704
263401
477861
137961
388057
44785
100059
632229
51188
605361
818614
394585
671972
634977
966410
749869
80185
264284
61302
345784
554208
625117
94221
976713
853602
837528
575916
270416
413379
236919
377259
793708
774922
622383
111407
208914
105377
582847
18203
995862
290578
202181
811110
321882
833329
978301
997384
462672
236633
682262
49614
745965
851214
286835
158605
18668
778946
308987
313011
976891
262323
750365
865272
776070
578033
566435
209012
558431
127421
934706
597195
104967
324877
928604
449795
961628
834669
363874
787254
279966
107903
738377
798115
223007
360739
945239
995550
828615
669809
634346
431912
355969
952483
90422
560153
53446
958800
870809
541113
809668
68371
184925
246383
835882
897162
561865
620049
238227
49467
656612
956314
695948
537040
285895
985657
992196
625795
933022
840582
64911
440533
443323
43023
890199
874807
412950
337233
900895
105676
621221
489795
775541
400262
196820
539083
343348
206829
420194
383380
339059
460798
375256
502135
967886
845616
853925
842966
983118
194962
376091
202056
508152
725775
663808
788334
628783
703636
602258
19812
476614
61896
987483
444948
884710
473786
826476
681188
251800
781081
787961
185551
274033
233884
669137
267985
758743
7618
111800
830652
849907
569843
448162
16552
639221
78406
955342
876167
580094
829660
638717
39511
296239
767081
654030
75696
535116
409619
591416
978109
281100
179954
469347
120711
474559
19768
286627
132461
104092
543274
377618
4912
361702
24780
663496
379179
973627
35356
364026
781216
727097
224500
83692
237805
738829
787794
551060
284317
51481
314677
601165
139994
113921
629534
238132
149953
206483
725046
204771
440142
797969
489102
945480
93238
620828
720512
171617
564820
122878
786357
358934
613307
531411
198208
260082
263146
424469
766312
340671
682589
472259
565124
40574
225536
697582
874238
219776
375870
87840
365561
570724
669816
841385
277199
326062
741458
661191
977523
475711
722407
95793
161590
704439
184156
576640
751909
550180
592914
558139
394831
301733
783349
104061
767140
235167
587570
303877
22712
849499
951429
355162
615079
566011
827376
342489
272531
371287
85255
488860
425097
251129
212968
261449
803970
648625
612041
765748
176197
487253
601898
47090
271402
740824
616361
807419
719033
432773
973620
572411
194544
82777
783192
234613
725347
935419
723448
675604
833918
345049
362202
953808
310054
522144
104348
166521
78590
463959
722564
494180
408198
415385
885
748015
699549
932717
124796
984625
796391
69060
562826
246531
29769
796302
548733
708838
239249
889657
779479
895696
804083
296263
528143
31126
132142
487882
505926
916151
297614
787711
954642
89602
372746
