244909
352595
184569
722262
13485
406719
789402
787303
746476
490952
160200
410106
690973
932295
20516
929325
431077
817489
771560
765529
82870
804441
323152
256842
22525
225411
602902
266716
472753
129606
926933
482286
344012
479356
854799
491974
246551
940745
830090
177025
663389
336614
465941
829429
978113
190409
825512
262181
747820
565427
211177
629983
555486
283733
251083
185910
652646
916960
822929
655768
566189
250472
711217
627723
671020
700851
54355
389320
744190
168676
750264
169204
69839
684799
142136
523575
509748
976920
688356
145339
569557
815261
114186
571971
846725
555260
981398
807013
236466
313970
762709
243750
731448
466482
721813
552880
802704
515182
977705
329842
143909
865092
712969
778708
430279
689736
739221
475606
35896
12010
928186
183428
48868
128260
763181
725784
639278
975491
490197
896812
576294
186927
201733
166042
732182
427736
677095
977266
603260
234527
422452
536663
870673
917150
679967
351350
168008
282933
641938
588260
562130
312178
938191
113683
50142
959516
935801
778545
735199
21212
194796
11998
994181
473993
210630
212231
858189
589774
885961
714276
967668
390074
305625
134538
39751
713956
434591
547757
790422
614649
629840
91766
464134
92260
743432
842173
769030
64088
231056
892708
458330
28221
608063
798607
263571
874293
513980
36547
339039
458889
847649
23386
818108
349365
268219
610784
408648
379148
270318
639054
997109
107081
26933
734177
283032
211188
529032
321941
188448
273902
616470
464451
467299
840345
202353
320532
263892
87334
378570
799713
152785
153980
78353
256937
905945
946370
920510
15726
257691
464585
145390
110892
447209
377433
829413
470263
753996
830998
749746
113008
629297
321807
610800
681827
459264
692388
486504
279872
681677
178769
448788
853236
611815
601627
70015
445220
964878
225877
659272
702982
581315
716175
470469
30235
764343
903516
553347
965645
130085
554175
791660
718881
555963
134514
302018
500568
218803
970706
874183
158376
401921
75946
427583
436882
794725
80410
312397
627104
120608
880483
93050
940093
880963
555538
493141
884016
717154
977479
347892
566775
994088
970466
535384
637628
894788
558217
33583
321526
270146
724055
569074
767071
462324
353316
253615
451277
402510
78317
94497
249776
749778
572960
653819
706151
915872
280967
217348
402559
415407
500174
475611
700616
627225
420402
955036
156758
803536
102152
893275
118481
612910
84776
855885
847801
181419
82228
607623
694651
264552
688712
820190
634152
915560
631104
169517
65432
153566
402464
919668
83802
387360
514596
509277
929494
735035
397221
363995
379010
404769
147557
353963
365693
159294
891191
408188
403083
882281
807054
914987
625646
14197
31968
972391
672925
317926
111606
688372
956964
498368
761491
167819
604183
705403
481854
895774
311732
181076
34670
983864
573716
839421
560082
684227
768654
450997
769402
903972
143273
208370
298277
291969
172027
701562
699304
820386
528866
435024
105591
296821
461982
850444
235731
115883
930314
156484
525136
785537
253941
757670
233218
676569
595553
349672
480196
609030
892695
234198
383588
370599
211109
133066
915566
275562
98166
575930
156883
612146
500364
597483
576694
640147
69084
328388
712212
138234
899078
329981
670925
98282
989231
800950
35667
97761
694269
780132
739054
158489
980334
59558
662057
608554
474517
594038
518877
595148
222195
550650
688471
575227
18030
221114
342697
502131
770096
936813
259914
674779
335007
815788
672682
17790
939508
842952
863191
431604
555322
75639
197637
832095
346341
642153
675453
926353
96781
108729
800229
858571
420869
59647
331048
402656
677724
456194
40641
956601
800816
348426
439913
127473
799594
221716
413531
141216
376665
722463
746048
546870
469870
1124
96893
852925
863442
279138
974357
568704
642272
243607
516347
600138
418690
727243
348984
965639
568171
576901
431733
192456
179758
582049
847718
804642
845178
915578
727891
24757
65971
700225
283908
283466
350125
87023
298441
286358
960327
60055
644451
710556
623074
933716
527507
792110
750269
880546
635772
642067
406062
820041
9847
492356
244607
474996
309491
14673
286307
37536
900231
932897
273748
385712
666262
160278
455818
764061
150750
379599
292057
4042
755677
889671
352232
237749
449824
234458
121417
456906
687017
773736
645626
316754
466172
590546
764663
208008
859526
625762
106490
720780
33707
16711
659153
929905
906091
664381
351577
141809
598703
504075
439132
153216
627062
390630
852357
427069
15639
440819
427132
204869
82738
321130
428386
22562
71927
929622
822058
984289
306194
291385
866066
131521
194034
630348
562941
284359
519157
961571
124463
492975
82162
31215
213540
462141
772962
551006
136269
346737
530987
337309
201000
698456
991883
999741
827515
871231
753693
812787
301676
630275
579147
239929
614656
102852
776081
43859
278446
340728
129129
770028
767007
930523
547097
262047
26181
257924
893909
568017
379477
921171
41170
973883
74338
292103
506280
810181
481432
279788
283042
807886
247953
252401
148646
566536
533655
267800
776507
908673
72375
685638
903868
557180
434878
757818
794776
159357
926675
431002
999811
194660
144560
702889
626109
146673
313919
274454
323837
435366
718221
877357
446202
112330
797677
397360
840597
736265
854380
204481
191014
570361
187820
105206
884833
416055
804639
495247
976229
878960
24674
163843
414241
452668
366579
533174
403811
836644
369425
544584
32254
933380
324015
166919
491544
686156
881556
850116
625614
975008
604370
949635
866692
617695
276960
286668
664012
846593
822486
677982
810289
390938
779781
423043
656354
234939
874033
991103
147254
206392
917741
454370
258336
108099
351249
410877
8048
313271
83545
771889
222019
969841
760157
171427
544393
729945
652457
753291
19377
667391
4024
133996
143155
481759
58514
22046
40377
408455
834367
176519
609387
478672
916966
107880
64982
364807
283463
900499
532536
979888
818002
57659
901802
457120
933858
776036
676330
825865
484889
578169
348804
250643
157720
229436
551645
330021
125275
479959
636380
839362
120560
961234
945206
627792
222674
441374
50260
792629
880230
900110
653282
664794
566481
131749
397942
923793
211508
526346
113563
125395
851589
167768
29818
18338
724811
561554
287972
12109
851318
803828
46718
402194
20504
25124
874634
632605
279300
694919
726862
444527
222018
589616
776995
832346
14123
250356
629147
974440
459815
545369
986960
735068
731521
373421
675909
679888
412068
939122
980796
32445
308661
681463
92820
878553
998284
327746
458843
124123
79439
664617
669048
615194
206253
132736
6638
566227
114869
405676
525966
680714
719248
577046
458044
825991
400609
803387
220571
280065
55480
39329
383448
750937
261869
81380
605072
872637
830943
881199
551967
333101
558025
862790
456326
865562
792381
227199
68152
726058
187073
638865
27137
14745
680003
935556
179668
400953
158649
364744
381551
439322
293145
803106
623725
900420
364914
746945
737512
132577
182694
507567
349896
144824
574532
458787
253805
692372
377990
813363
348021
228419
519716
569062
922602
944826
113490
212007
593867
490582
5725
424086
632693
953469
240158
859769
370030
34019
288600
646672
78
855912
489204
864902
294347
872095
781014
644099
738335
715434
80539
715742
528792
546945
165618
814896
703228
967889
484820
251396
4950
971329
231969
845226
876129
553039
299736
337259
15440
448025
683891
187926
168504
917240
573661
843321
877787
135431
692625
712684
308498
706177
993552
959303
949910
591560
121342
403123
708139
886018
520794
370590
489769
459678
826008
580296
73000
956597
263773
668987
294471
100107
395927
550295
911769
79988
278582
974923
319981
559571
94922
598304
960505
454014
152186
84079
272163
3005
497886
880435
958635
987058
377146
395641
452407
664658
894872
137844
803452
312657
582337
269933
434119
486684
579351
233303
362598
130368
411154
17600
276213
864616
170005
225188
964296
153859
440556
585500
96370
728388
594405
281587
675248
920195
310344
711193
597813
300225
804468
571633
687059
641224
955287
692997
737603
548337
678793
560281
889169
446400
802438
585373
319015
969705
959430
635836
820020
115126
437371
771281
402040
462976
60838
218937
965039
106458
497686
390851
197015
168526
462335
444548
52640
892863
125555
203656
87920
534381
114431
174563
809871
103575
98341
501669
967926
974971
447857
579307
432943
213881
941690
391186
260392
536534
250999
24519
224730
229724
296571
306938
26001
574110
771918
731441
246487
843864
929130
318521
629377
346421
512591
844663
792917
317483
664451
715484
427350
508866
630634
327606
568751
575282
51453
134308
14520
51433
958890
268258
230439
778987
135688
124994
210646
490772
65589
631676
510124
707065
481295
213148
623659
357421
994251
130969
198998
390367
124533
842374
552317
568224
718468
370786
494566
253891
20249
284746
701210
432606
600212
73998
975945
769260
910803
473888
294362
92052
519881
549544
45523
127813
364854
126453
65634
677048
41288
655759
141510
674519
823566
333736
907869
272764
64405
503664
547530
595218
954273
408328
456258
778328
875209
164494
550388
317508
528816
663
564627
1668
804188
271803
747969
699359
692980
183433
22745
572410
67802
554843
908057
359735
113763
787269
409195
14200
103983
693159
725582
856769
901994
648674
63333
204604
393054
122471
411676
626133
760178
404779
314803
456645
260738
313079
381097
575981
272156
181787
250501
589784
889301
918082
713987
277603
114183
820321
833370
970745
174312
304522
238502
732342
398471
21597
68087
859565
228517
674973
699318
174341
50285
69664
652270
575934
899793
621920
132158
474705
188803
666032
917082
413494
962381
738568
784505
209727
456846
247937
846431
212450
58898
173596
179271
233940
689804
253436
101228
480528
956530
932148
328500
284342
442997
575547
372666
639825
827996
389308
674870
840177
463292
743498
604043
72951
5910
556337
187054
532911
342925
45800
640430
8407
927746
37986
541219
607742
961294
781251
668727
137416
684443
165680
189004
58958
881376
358655
315017
442146
622775
570638
285444
816368
62236
475247
677773
174272
941764
676161
24981
884631
683543
814106
929210
241149
741580
748832
420912
895130
441952
231543
85581
453434
464051
705172
674417
112304
365823
669936
364751
202326
943669
157337
244189
61298
559926
943458
28244
578164
668011
276091
479588
328987
485249
575387
423352
88312
378372
939609
534113
658571
767447
962715
556577
142921
184973
243365
701719
573759
842280
745555
323138
968464
220524
227362
290291
623322
158046
220776
505556
651447
667998
763044
631694
314016
320094
909744
16668
327851
93182
377427
433834
319861
735750
700531
302505
411994
11327
775655
191986
466785
882414
309611
6356
580277
127662
581804
198652
791246
289129
172740
142016
801327
484595
764416
98888
776648
105795
489436
262553
714299
85838
836752
74175
663227
582849
720963
284311
192721
136219
464798
976054
491833
773734
125116
727353
802921
553168
676733
540714
104113
610986
292986
359436
328573
932220
334034
34052
522680
486850
499939
718500
240203
565448
622933
945428
434435
389533
60624
103519
305489
661303
139917
612248
955178
787235
106122
876519
693647
772390
271959
920179
138599
133942
953294
321709
883592
239438
696032
357815
721684
813170
911305
842096
886848
340991
134501
751198
137456
491886
889053
369782
324094
212389
237050
178122
199962
789561
379994
81360
433675
796421
309631
170698
37844
673632
555589
592727
143281
543805
235756
901334
160577
13988
86931
173427
63933
941449
75270
525967
443494
251782
810478
793744
532541
294586
890343
523330
732204
712573
780015
301480
327490
310335
927993
217764
883292
469308
680545
808766
450527
571997
94011
332052
193889
905775
438852
487199
349223
778360
188858
778333
183113
667579
262023
812448
35506
318090
817625
431091
750916
269315
935309
567972
620184
819112
803081
582451
709859
545951
589097
303381
863796
835714
524688
858981
870937
330020
126113
329384
237282
223458
192070
689147
630589
828449
586669
841948
796992
330793
552851
240785
504006
945629
856504
690808
96688
416022
109234
516652
913165
921756
236894
361233
169364
561920
175857
335421
792398
986649
544940
7235
671824
924953
616238
688157
175142
241611
522787
578805
28876
552363
923867
928208
917462
368993
955189
996184
80815
111516
291194
231108
816446
912264
641670
195494
48932
909931
814112
624849
594722
770273
763883
447460
168920
326322
10934
216376
931560
134029
786670
994210
23993
902564
262579
32485
115735
469347
559111
679031
52664
46221
422307
853038
80474
763510
861668
135943
497287
217175
456034
266131
778426
30993
718049
507775
658396
554561
408481
383294
737703
914428
300560
860629
691948
10919
958560
753218
666351
853622
541043
603722
247600
2815
956081
829406
789509
512634
614396
573353
362658
302871
295739
532729
615163
756284
479123
123911
497856
92698
699892
64548
444231
191531
866511
356611
55816
253322
261413
665373
813825
103086
312571
170884
357242
900100
31146
256008
896611
530345
153619
663616
882393
349441
268463
209462
751495
161079
88260
975409
655849
11089
886067
705119
271084
18030
969390
334943
66034
8351
910216
218857
888753
284384
349797
312283
728379
716786
71440
423264
377688
454358
303019
624639
596047
456295
214017
828670
636740
297045
144632
19568
453179
310010
527842
915810
292667
109018
607474
152606
342477
202172
429963
372186
542692
801631
280180
806528
696598
135835
586984
484059
646792
124822
649995
891099
868265
673247
225334
42181
516693
939242
858739
864314
735001
239272
202116
226209
669654
384259
252190
615028
619262
40435
320499
945444
34300
560320
403181
886378
770672
880148
269878
272875
745560
525180
543284
476423
789066
673595
694994
969023
669661
8331
894074
172736
372136
532913
156831
278096
878690
805051
737334
547540
764904
348889
10564
689083
497886
439574
222994
166859
147885
572593
578302
697926
310250
241372
538156
963704
69462
4944
932377
809760
920962
917323
157200
390201
774923
366183
488373
495460
106947
698456
375550
833971
439792
813570
991746
457556
779566
461749
480489
315928
981999
901830
844676
284575
796579
312011
808950
867362
27059
881586
995151
723997
719846
806718
376185
470423
285351
678560
387019
358479
938910
859758
487931
245957
230906
698882
848368
713250
582864
466610
229942
529604
433117
763431
355467
906218
416743
695004
525526
525625
919810
652725
156791
588969
560303
704185
692857
891407
418207
88238
551972
88711
462741
76880
513712
772093
201833
497965
565396
37144
305832
901088
767803
782341
535577
157736
824344
601051
981403
641508
549904
945520
820714
746861
39382
603064
513344
154384
945301
186708
242136
238054
158086
905535
152525
433042
376481
508880
142049
126359
437936
67884
834778
466452
318846
881868
913159
808284
869679
929127
290337
104566
743977
695036
455116
808366
382448
123262
390589
740630
447824
381019
831733
380060
377715
177451
333611
129481
38034
215026
747847
433492
553096
447570
127627
659041
894466
299280
148812
144537
467155
676928
460766
55078
532004
584272
611663
277515
960713
347503
895433
560351
108334
261208
572123
129892
68720
791807
391121
988296
54024
976598
247807
806519
291682
516092
590365
972187
941068
803587
648844
266801
406730
520476
516919
930569
8774
106337
868693
711770
170596
394495
78474
592383
977780
133438
920109
172370
17601
288559
848997
926308
251846
404721
698284
641046
755072
692063
824885
475351
840479
355162
579882
857210
593878
839726
106574
958578
466065
536419
926978
615918
831046
548579
329571
50763
6181
997507
17808
555130
701609
147055
519241
305264
377616
493175
886963
355139
859111
634992
620856
250664
873407
836360
751243
778566
486012
171370
93321
965686
333963
274250
421435
268186
973235
516493
870392
564951
394245
11032
377319
868080
834926
549428
292771
154944
447147
8539
775607
302932
902235
930530
449800
977763
812912
942914
766290
782762
340479
427396
890250
806440
540472
459209
659299
382259
8111
816499
71021
444662
602520
632500
738007
658056
753938
166193
516821
592745
451546
122002
132637
100699
637088
138729
556043
506843
882806
76028
988388
37882
15973
974064
571255
598045
416794
730708
837279
19981
268350
597640
816102
156668
956131
276169
158340
663893
651994
836698
693829
410494
864929
926543
253960
48749
365433
430777
582563
30948
829718
297129
161380
19594
232688
123811
691059
607656
857399
810273
865043
372669
91683
271232
825863
984318
390697
842059
149521
188589
169609
468003
956181
694228
957700
261192
226461
416734
700076
941574
826422
311891
392787
283326
8183
835694
287781
36624
399201
527197
58450
679842
955106
440277
82403
376272
314100
899023
244782
692400
723554
389986
768741
181440
222187
127550
977352
486062
926911
661250
121147
841604
512742
439995
821618
280111
65664
431290
713224
452586
393575
269969
674543
130828
433520
448361
979650
904234
248209
483651
840695
986794
737820
806665
76976
226661
349930
877008
971312
466360
465427
703085
748458
575592
763673
582065
955381
734639
752356
710786
454365
317543
455336
801943
324883
425746
833314
679247
867396
276036
11586
682351
530055
561965
801251
89783
852271
659719
554101
546591
189888
507160
880700
71347
588095
787748
455089
975752
88546
344499
221510
573210
958183
272634
470535
880387
132225
232489
77916
40986
696876
294737
890091
151334
913250
908591
91482
68222
81126
723225
918834
910462
516797
627971
377887
74536
282492
28270
350036
264980
626685
107183
741323
733525
782251
135064
426
343530
643965
252933
659905
632286
863296
299460
706160
272573
687180
85154
922918
52403
631896
605006
493636
2242
930730
689965
687455
354847
916519
466553
87204
467306
496200
112086
468055
137161
113389
46515
822132
823904
720588
156889
713526
914414
62274
746004
309685
931975
666890
401850
487402
471402
525195
768028
681551
564286
125323
248521
450337
502126
876098
516473
544263
27613
696969
555229
909837
997000
323377
259969
534345
110839
806256
112282
147934
944480
167863
955954
987614
862360
821023
655981
313099
683318
177665
240567
563254
500678
545700
487372
920265
18343
632017
984739
925408
438338
256067
176376
914193
70759
918011
561460
617036
256774
199471
137020
255966
281094
324898
808851
377488
201861
546575
235501
248812
635309
975423
444945
513375
428591
681530
779945
496186
309023
223450
489
256467
298860
291707
304410
600968
495418
490510
264834
523491
947166
254925
694258
703769
304245
259145
250028
816045
362401
441118
512430
780978
762274
239113
51935
399917
364173
678544
750549
637272
639659
52191
631489
185987
6832
412851
874168
531542
280277
166383
455902
840817
548821
421900
880433
224884
338370
605550
61615
642714
270209
830673
947813
425152
702504
289698
308310
428740
88562
239274
93572
91657
20957
507429
667102
514006
568545
359857
567877
627230
4236
438178
260541
417370
519934
893746
471149
982610
640575
970646
416530
970876
210744
827755
708550
835707
121173
265615
775593
87496
33972
907661
310761
573166
993674
221360
571508
321135
812307
300920
862647
487492
40883
557099
264081
944194
433134
479426
657945
283992
675713
209284
924552
832245
849435
530609
577541
22726
128763
811732
385356
349085
333543
61116
206522
235437
87558
286148
250871
563698
269915
49421
333376
973678
634974
830861
569103
699597
327544
635201
446698
380330
289308
206590
232453
887146
438589
399781
990165
803462
94767
585077
29619
327399
456670
802811
883048
430506
434597
618084
827227
236483
559244
838963
632788
996349
859553
929357
586284
133279
255601
718385
394068
619307
585571
939654
730686
991552
298226
677773
684203
910047
990917
665078
147666
257994
40813
143182
879018
526408
605434
635925
775380
328582
336826
470254
21224
182615
489871
612911
718363
646300
28076
368536
940170
814463
350444
626209
846821
297305
705103
953324
606907
233652
907665
133402
429725
480106
661609
950842
906226
845740
214555
799003
164631
536159
816954
179202
828272
394208
757950
919287
424336
694248
350077
143418
562945
737355
114314
571283
765680
209115
349991
448647
370104
757609
903975
787238
255433
161835
995685
676354
664373
630521
166875
746938
99991
350066
762656
746036
45920
831227
991232
936809
274879
569895
540793
798745
626860
990579
145296
617184
965138
874728
72334
706017
962455
208739
997659
342302
59849
26673
307317
139754
253798
807892
156749
913589
399048
933091
690366
809287
984363
731917
262699
840008
159068
123518
546099
240955
955200
519834
696660
356875
564159
80934
130457
677182
558795
750470
587137
351046
721681
921313
229678
698486
731770
618592
841094
775314
402910
372054
448362
35263
764998
43642
212497
125849
162204
450127
214784
705507
63985
925092
282920
303513
421099
133687
814556
728482
37577
41333
562797
610594
362709
803037
98852
191659
201317
529922
748571
508051
539149
301295
492536
426976
170404
657188
528199
112480
13169
677887
802227
91862
799347
861750
497505
921486
207754
627713
595242
819858
177157
237141
169906
187765
914697
568394
484329
264716
109018
207710
379230
246013
502473
606674
568635
906799
684346
808498
47521
507745
751953
272498
672289
7638
473017
920756
408147
679022
70161
749286
516759
861201
396659
874889
659238
548292
319521
301452
625107
405021
460878
27478
523876
330963
252807
311651
608199
751151
921468
716678
552371
469151
901295
730188
390172
969449
368568
951553
173714
380541
395954
468492
289271
628131
790150
216693
303707
335827
78546
396040
291190
939619
861621
357201
290241
679451
565689
543878
547313
69988
730654
232836
701713
21023
407551
982898
235515
280211
458339
380354
526194
906110
586723
748310
527711
822412
836211
24511
6503
607973
566030
97568
419877
96737
439362
732081
381577
460759
851029
840479
842700
236435
171731
979921
8591
61221
85685
93958
400783
161238
811248
585690
572231
975926
969623
577768
107939
822609
41069
696776
856988
787520
495563
886137
210164
709339
44650
317274
434896
154444
204046
926291
779821
459327
231248
601489
668544
757749
800774
665966
995438
11768
694928
556718
427109
223785
713986
120037
349333
866805
100521
384887
310799
103398
830396
344632
24632
851606
916641
877105
807849
238718
495640
667268
674535
593324
862536
566887
301370
436819
735396
120908
604588
341500
983226
321377
717344
99355
789080
684595
732940
638140
897307
471598
768660
263196
715989
188223
651332
699220
74586
901402
294442
258416
407528
915095
350414
739102
313904
889143
511567
926210
230021
594373
431388
445031
225312
559192
366667
406479
188493
199861
380633
700651
886454
545617
328447
66342
372810
556851
471277
224475
660106
820088
354790
687336
343280
723185
797047
662874
683004
595495
525653
906439
421852
251070
215954
683899
536503
951223
734268
506762
901334
189775
135250
239813
963247
738117
386916
699783
593104
272889
920518
278703
4773
276784
757360
908520
382246
224948
365621
711651
308383
45208
968286
135462
744093
214425
385187
59582
470834
845472
650885
61072
797222
54629
983499
816910
202810
940973
447382
556101
616153
329075
439587
829650
779294
654181
669853
734197
109372
596037
531037
325821
452622
450992
846079
262947
870844
884796
979106
394099
9670
946874
610939
632549
741744
470299
883606
879050
984203
583150
228011
283170
156571
54215
652121
651594
639082
43964
260674
978258
324392
580745
642242
982061
789949
764051
88460
518082
71469
969865
291747
638047
852199
35303
91443
729421
593002
124436
550218
217598
633301
674348
41462
741795
294729
829272
514491
268506
598588
370392
199985
888517
921245
487906
271800
119094
54623
377188
779865
405190
748965
740134
739515
113285
240200
642763
347071
643915
43080
440246
225784
698605
319372
374090
475146
194891
454807
964873
760030
153735
483786
736414
220415
409488
385232
528950
135444
108252
690025
544392
563450
821940
616727
62006
476798
72361
379039
660491
364724
410852
628028
800740
762038
490715
503142
409836
728380
986400
892153
260032
216149
411667
335430
661809
962880
657784
107571
912871
61801
723235
593103
618466
154371
250768
92022
852188
271742
774351
582237
486987
457766
915164
262651
113411
237016
81421
253013
504183
413665
419044
653796
205919
30516
36036
184804
674678
463816
129921
252284
767003
917644
589264
245061
652311
540936
791133
131640
466302
96593
40956
659449
171374
241768
53687
943802
908085
398513
241734
400205
552975
465803
121820
531914
190988
286480
682910
133081
278608
509290
417070
375069
461876
263184
33318
551870
720139
746268
715937
898704
737727
10891
132787
577061
966873
446160
307512
331308
422367
159445
713802
241924
492375
867983
132684
621281
580074
331324
602083
770457
207780
467004
357893
856140
147416
381130
208105
169134
20576
343253
999582
388019
434306
177471
687672
715029
428655
107377
688741
595525
991333
919641
977757
18028
269684
649217
856504
706140
180381
657293
501401
513368
188565
985169
280072
758012
242282
970380
322782
791498
379581
529989
304793
333523
234477
753089
946447
527167
503573
499806
516032
691577
39275
808720
708804
419385
535817
247797
385379
832815
65096
11798
667587
216073
309192
398204
778044
693473
167245
377005
794568
991814
404420
925826
457430
623334
801123
879142
73469
215893
517102
997293
244429
318460
990165
467982
764482
418785
474235
433535
243282
293518
849297
962283
340134
183969
608481
770387
546725
85808
417255
842686
507115
802838
70169
927902
831000
480542
244040
63361
764613
359499
282974
672432
25874
337538
2183
622568
345819
100821
835181
759538
231433
632365
290779
755681
505220
493971
76419
711720
620614
373787
910235
323157
858955
972589
506337
337326
735525
537137
712832
177959
949995
37527
495563
859133
905745
326848
366246
708977
303123
748940
106372
507364
861516
128001
343178
116172
459043
716628
455570
831760
316068
707032
838093
840454
631277
93056
601536
964102
297855
386258
927471
266987
267828
392299
343063
903910
135632
692905
663188
809214
33903
578616
372643
710760
53150
396540
984962
821182
562246
945304
552436
965663
62595
37081
630944
954212
482260
49731
939097
534394
797291
413110
741177
2849
116643
753979
887078
364096
154833
820209
519542
574882
460018
145934
828399
672785
575812
823956
598823
732045
607154
645331
637066
619945
322855
149780
358138
734083
842500
664617
452625
158302
361836
522447
222722
82846
962300
554621
81245
943839
302552
810956
154673
170482
244129
853250
495371
463412
500290
151484
94237
635597
81770
973752
516154
59650
565204
224188
471422
236728
822529
176423
26955
485510
865032
824594
287406
562293
870532
485603
687071
393367
2603
876910
75559
912321
503614
712007
593180
492262
845532
955880
31368
925969
144690
820923
178024
647934
194125
169286
272336
163798
168592
45041
655532
454150
470849
87220
232993
807547
614397
345953
698001
80635
325964
59851
562941
541091
247439
686290
500742
61817
653270
831756
520844
260845
111246
740946
45687
376113
565911
585316
368916
410034
197812
462394
124951
760241
509980
661992
438783
254787
72685
101356
209751
558945
58560
833112
657944
869933
375895
744470
566700
28482
872499
723485
608525
927094
421635
283823
834508
162479
27638
568332
274862
341406
683506
671223
870384
887645
487837
693346
969644
337761
752280
248504
380628
323292
467019
515335
136282
320882
305179
40649
412594
313301
573624
188109
17903
213567
381908
118343
534282
243467
975982
459504
965314
512433
334348
186459
129245
891292
293127
416598
212364
803050
503360
292025
740012
529983
216817
885454
368489
385862
252958
353245
986941
684038
586921
840530
246678
591388
641669
974925
479574
431707
422979
84806
705908
400957
609224
79259
945600
224580
218016
476536
64131
514417
423979
559458
554116
937696
922997
871520
716775
590526
116068
457158
275569
739752
790794
951711
119078
737890
91802
575414
511763
368305
679736
841345
256680
811030
773097
294443
440125
770983
597098
531581
87925
840907
506524
579752
154368
746385
402332
695473
301562
317230
492849
498361
246513
297553
536927
490792
143300
433445
498904
219318
360166
256482
899922
921238
283842
809616
674100
30591
832697
952538
225258
460183
736390
370507
342744
963326
290371
304807
590762
706229
722885
549096
781258
687594
287649
400084
78059
771169
841042
850999
461634
422400
434995
7683
839317
185911
277222
586112
761643
604490
861335
173361
943395
9404
509915
822021
636065
649434
831026
3318
966051
766817
314987
120386
970674
898381
75111
692484
165363
958719
947573
234863
267293
211721
388445
869030
24197
825113
93816
492858
923861
960001
855676
111104
35739
438175
215894
249806
903293
655086
719152
231507
864651
584551
774034
273488
25837
296725
319972
67255
197499
216692
871313
325022
841387
923973
218440
594080
4965
633649
7004
171984
467955
46807
272204
925211
696916
890164
194908
897657
172911
485614
45346
906639
754725
307837
769949
787621
317311
227958
429374
515071
957511
778166
801931
850586
793650
274727
42393
833285
116730
491058
479991
52569
952586
392641
851306
476630
826963
695919
517266
378267
167100
170703
891691
583297
723510
598
447727
414165
356653
651622
693081
857969
966810
40696
430789
572534
7989
316516
799155
296680
776072
106192
765035
613990
646815
159859
236090
235396
26908
633541
342682
534535
865895
125573
556336
715580
182466
350630
560046
785589
447290
349847
253657
557665
394297
202990
287205
140871
230777
151472
882620
103583
252051
317567
906781
503245
906485
650208
245729
781435
307826
955112
570457
142801
555060
186691
253588
820628
623245
804641
227709
245464
123754
200126
53024
86115
164328
825676
268813
821216
399297
663614
441877
806397
136927
273075
440561
418466
79057
39230
512451
25933
935067
888014
750900
134414
739751
439935
809340
539996
624154
355452
76672
152083
55682
221582
242517
789451
907243
32198
722338
970390
772305
456643
809252
666837
578543
551009
76556
846391
391286
428030
903875
58640
665817
451050
287245
404498
574597
674218
832011
889770
907438
886697
388442
37753
805573
169276
922138
699693
886726
535696
332937
675772
349805
131507
496781
638973
343240
807611
46224
951587
914408
124695
276293
584918
958321
163696
284362
942831
675921
111227
846118
990288
679757
587934
45297
758046
436855
385660
859667
487005
606204
855071
367716
882022
709401
129217
771507
473863
607726
784183
434595
32183
348651
824827
947887
86836
705255
168276
367821
100987
835919
924132
483120
500964
990779
378190
234152
464023
426652
200065
186149
359726
293970
906086
891353
714281
1050
70050
479099
210888
65125
742600
723879
480201
499715
374558
502882
90366
356990
245258
600700
828746
831556
319834
569486
51064
342268
981677
683619
695223
657785
134400
325939
523190
394380
650841
884939
870488
391091
305162
250056
208916
309040
907554
192129
308397
123637
145270
413765
91208
536315
77959
207225
785135
422834
508304
755684
277473
929747
11951
790534
681171
551953
689581
550306
102664
578030
769452
591645
693832
213737
546348
601407
400640
433684
369913
621334
730741
881860
278197
929017
586726
690211
122942
524970
582270
60255
784507
42389
472883
3845
708232
279669
698238
733096
258299
830998
690487
19643
742931
412789
314316
506431
962941
773827
962845
591893
833282
958664
858488
631989
187920
262565
831916
520503
148066
894706
936524
748943
432015
462086
775554
929622
614765
752916
380301
446403
749343
186546
259224
515064
154498
194229
372344
801721
651184
595065
333762
23927
370735
574589
802695
894155
837626
565099
185134
680510
794473
517172
370732
105604
255551
10714
969506
881930
395984
189895
306770
474789
952717
328539
280767
447721
689518
768835
425889
786651
439930
595140
326210
240382
155574
55896
474104
685769
338664
262511
596095
603386
871622
378326
274674
153924
902528
767413
375334
689700
758247
403442
256996
327378
321976
931444
211456
692306
935625
471042
5082
702313
388943
467977
136881
126829
38730
210044
887583
433782
805518
78102
814453
563761
290734
174203
196467
181971
395270
362428
318756
799913
892901
544634
578516
860046
758997
38881
634095
622647
463241
620054
572408
610920
434211
948332
804258
588105
681951
473615
451343
837075
502367
872835
577122
550949
18707
238855
328707
468851
354116
502291
624367
521309
444158
850113
803448
749726
234200
740616
733280
802075
91809
680802
424654
435739
627753
67856
144427
892310
21289
499380
440604
773670
343184
914651
196060
211930
768555
53661
774580
458922
947567
941277
301594
289668
161830
86124
960484
302661
827444
404234
525735
614467
534533
106124
886001
352199
811862
597529
135518
194712
802716
794638
906971
92658
36244
253250
26677
638614
324776
79843
8733
903355
729531
477439
255866
598370
13458
685791
938795
698183
735198
112142
423960
643187
614378
693175
828403
984558
214877
130860
296401
990290
415341
472771
190495
98108
163937
523931
304002
224859
376320
884924
150799
416554
360219
813148
61156
663098
432244
99454
227425
115496
83914
882165
391366
572463
440322
719175
261099
822934
252467
706285
448598
778890
313102
474294
30972
368646
423337
922314
441239
465902
115302
559692
433696
901820
410372
603737
855850
235473
89794
420014
608475
132461
258731
799142
692359
124090
638531
205856
469418
93059
799500
586687
54210
462786
217717
64651
52999
589142
318432
189876
630664
245779
441423
200183
321060
555380
696298
756186
816353
438251
255599
992401
225772
589145
136502
642691
488621
680090
27424
152550
869894
846391
314588
159878
838953
636735
491861
572581
111891
496047
915003
90493
488681
485390
703213
490849
146477
674262
305792
432257
172253
912972
746735
977932
672744
305137
154271
909616
644814
522449
413069
643261
832915
855800
624534
349031
605663
61380
646434
150506
366197
187670
596206
479560
872398
893026
692149
705582
107538
493478
30971
785333
413682
538232
431606
484548
906724
712567
798425
168978
413180
431779
730366
922377
836132
895113
888495
758534
267512
898327
665232
193725
80256
999054
978925
962234
387531
108245
722652
228162
847076
859753
361167
983448
425780
845938
225784
390299
698804
663025
707289
975308
196748
230102
820903
664494
520013
209774
574874
846150
38984
390202
365588
585410
513097
388955
634603
915318
453363
817385
736021
686785
36409
450914
686511
416974
331702
8191
805418
896247
393770
444514
285586
114499
420370
649836
654716
925456
976035
985836
519820
732492
911970
106162
92768
443805
726691
260609
683421
876257
608092
876898
784596
928143
316837
348181
970384
610748
909902
136611
263678
870714
689244
357839
161274
793371
186018
852587
606962
673043
133241
879238
227385
585851
289628
566979
548458
949938
29602
843653
996727
66846
436632
310214
376333
703696
472058
88711
756453
935302
491022
21474
935722
694026
790302
823163
285058
710967
264848
633877
596732
933467
762979
576128
55060
160696
839944
213552
273125
742949
470811
558890
919980
865810
26236
410519
134196
679144
795343
136443
291748
22543
592588
248703
650337
960009
550595
856682
28897
138939
324464
597806
509710
713740
32950
544287
739090
427878
56124
9726
876933
395930
387169
862452
571249
30560
822557
168026
479486
156092
720309
251445
82431
431483
602
756671
215511
390557
956255
332192
156105
850957
329430
984956
286748
343627
293894
135718
256103
293098
36682
2994
989950
459381
451977
