998453
259451
91001
478910
273375
469277
299892
460799
592536
570083
968689
684253
227571
80615
841476
602420
510468
204795
215990
73960
368083
904566
479561
724103
889197
807262
631705
970363
277844
722675
218334
372456
707990
458070
764814
15016
929915
575764
55263
820448
468695
825555
167466
848447
328960
44376
709995
240339
168538
713651
441381
679111
932878
720392
932067
783549
87769
929274
828825
33604
433217
284213
146984
850550
787106
987096
654976
722673
497318
237886
477280
496560
371283
925288
842553
373701
48253
665864
382000
446005
67293
669932
973122
627184
64186
476038
289667
521835
19204
11668
373951
237852
389760
954352
387521
493329
568028
441974
314801
600622
904356
567053
592088
800513
29133
742164
872512
467139
989935
450091
891639
121518
479696
566427
586290
332790
213019
276515
654669
135717
631088
664032
917488
13910
310741
110424
819854
366925
3978
499171
823367
849650
171769
68598
788141
204456
953100
137229
826724
463118
582809
130228
739939
826834
154937
693747
709143
510381
388470
158036
23590
851967
110882
608914
758608
630919
846404
609248
57778
554494
626414
504210
560485
486929
388394
222956
309123
188090
63698
749702
606666
430522
656191
26712
33944
957941
437914
965800
812374
453097
406670
578317
630578
981260
155166
121503
413188
975042
717074
500285
561682
244600
360333
809978
129327
205024
701114
742244
530494
127881
455653
518323
506772
463642
720102
69707
230459
210154
895671
301038
686099
812735
606247
133057
174292
434466
50471
555193
184814
915355
322114
756706
95953
295759
782826
345484
521352
348210
125869
374866
343232
166762
714119
486536
116583
169538
632784
285248
4208
133767
996374
784953
444531
400643
608581
724069
663152
541267
791171
923798
317172
540903
705241
504580
279828
862358
788747
98429
396182
747932
659912
32682
157680
675313
884156
855353
224232
60998
521283
559212
720602
974815
746169
519166
614616
136903
897389
790061
176747
429301
656116
733161
535032
534010
611097
753623
31998
307427
52466
409986
767292
413937
927694
949855
661744
628018
442826
836411
430393
825851
605699
348611
934814
222661
542117
153647
690727
889634
188386
505421
958185
58458
724223
902118
232032
931110
251016
495246
592308
882440
642020
19853
57374
248069
546243
66149
264612
636416
924531
170944
312640
436469
243794
88952
208031
311886
237726
7426
838725
44325
3816
172472
611917
397463
365160
769345
47054
339969
258153
400287
953562
341146
233125
538004
239392
195501
926059
56370
65905
864625
647100
481662
398367
168326
781174
163392
270146
612751
104424
134058
196884
28710
4356
999970
345084
804672
799794
222254
636456
289695
286401
400379
739603
804078
442872
84938
830950
222396
504075
551544
157498
85400
509353
323240
590012
426053
785330
404431
983274
543258
38342
812059
162682
371449
42233
460609
830681
936681
406818
140706
671376
455379
380435
770905
755139
458966
475875
940387
843540
312775
699558
973547
483492
134920
856702
65714
300730
478531
568907
902680
815228
969796
466814
398345
374553
912561
520779
198279
918025
991974
197245
152079
678060
884721
440483
777451
720207
224423
275624
295124
297678
840865
432896
528769
147
573526
934590
476496
303996
550550
998723
119248
983003
794785
598290
770153
163159
449570
958846
547048
95855
835211
682244
864683
103263
779150
490933
562213
290843
20597
373836
560271
980344
897246
818270
429676
812202
130711
57135
488119
97448
758098
561312
403306
73516
669381
502790
64557
148566
502689
796247
887322
417200
103724
196286
896169
673612
662461
429198
822845
362506
617555
343122
714314
382774
55891
935555
242721
158222
872413
651027
926233
980641
432906
394086
845980
530578
573059
855904
39179
855996
162881
985817
260879
398895
63836
195373
347581
431001
136658
676529
665829
914433
123351
111168
305719
396908
62291
743411
849683
470434
283389
596399
292524
745162
323346
958551
408599
455602
452849
546018
148726
510187
379094
310152
404859
128145
31153
559639
170523
643689
123426
439906
670546
365667
402644
616600
395148
610430
380723
104306
633463
152778
392011
57414
377059
529609
570110
679161
583506
176431
180386
559570
242722
750217
459189
968617
815700
761978
573373
772926
267384
942496
496577
97893
225975
341204
331229
875423
185980
458576
760710
532485
342720
466156
457307
380893
187186
286913
238115
224207
649343
907886
117673
82353
175299
555641
395569
790911
395532
102925
113558
688486
229958
620129
298241
812031
594441
498874
366664
552665
659836
360071
211681
824943
50148
164585
600321
680889
993293
867478
492373
235998
73363
49619
668
944262
258189
191198
568031
982542
644887
378286
61198
138965
680315
900882
895097
909363
600828
864438
405735
297418
285950
291589
349654
95220
789589
205864
30416
393180
789224
845484
748327
350248
410113
928513
464269
763732
305653
264734
656850
235226
790699
735874
82106
648845
766410
308054
234682
745222
663299
449455
56143
99445
317304
895407
282940
722905
417607
278538
764958
97482
385912
313830
760493
919475
928895
923676
754321
566430
38957
254620
351326
467304
624121
688621
575982
442131
227239
289169
361882
533370
31251
606278
711381
474591
127900
313001
255396
91488
539440
305270
845822
695113
305199
4010
907580
705475
803006
872457
695484
391081
853867
313916
464792
445435
724600
726610
776446
101547
645446
233255
715372
558293
652192
247586
458059
606348
169504
813464
377765
758287
208449
762510
631043
403419
954051
374619
481319
243098
766133
924460
427874
885881
242018
347810
263316
552663
779290
263510
476990
555673
400284
680508
651525
354842
409373
476005
753734
832576
904119
533406
280080
929066
689969
623734
517890
720133
533543
508445
237186
591358
108502
192936
170647
637330
960838
80369
586404
372352
386836
430300
412098
586784
546395
727796
133816
335438
922943
339891
100698
604734
970389
397216
976059
946483
900530
20883
355536
942859
646479
461844
432482
919346
558422
756066
852463
293431
275595
747407
861278
934843
87322
556232
296990
313797
523769
790067
362266
253811
238201
999217
843098
275916
645871
377731
491961
468784
107705
398536
641983
469168
803311
939044
126299
799610
372776
586429
448766
353901
499046
713247
327382
878091
131295
78848
38885
679564
924329
139357
823102
796175
77377
854082
992732
426796
739447
773737
642015
662309
658170
615226
992356
422906
528572
935089
385087
885403
509121
732254
407960
918264
668617
7941
121759
42101
540376
592165
992429
717049
860767
636182
441976
943526
11208
214155
276275
373219
648803
344248
372096
182356
933672
472077
358739
642859
783848
671008
782820
426200
875925
975912
882512
35548
488490
428645
640077
788027
554104
872990
1096
565136
490127
205826
706461
781498
128645
348976
14962
309812
880742
8658
478897
102467
15096
57764
135840
481288
736553
13971
486622
519925
213463
195136
212476
11868
343804
274019
660405
38499
204853
12684
482764
230612
688685
735941
114113
826641
109994
177300
389231
700645
318324
920029
831941
664757
378205
167971
305630
997525
583602
222383
375360
203447
536508
299593
435950
286910
161523
708195
906154
493552
377088
978006
719499
419914
332525
6468
916854
316590
412652
304604
52156
691448
303681
522491
356624
396910
911948
475760
147683
994133
884407
110552
809118
410592
691320
772072
248187
333700
794371
979785
273665
280359
929296
924574
224218
313270
245764
106273
543762
173270
311231
85163
447982
285234
533057
530834
167271
82931
935737
325484
439426
768270
850668
538290
111501
88566
605246
817728
922231
94579
251425
499385
851789
164107
816599
292232
344269
761436
172709
980225
222057
838795
952150
679461
159321
572183
316584
926917
944861
264071
22936
695869
640334
901826
727237
967266
990240
345405
388995
634294
710903
440462
549887
772120
416802
127264
792394
718457
941880
39295
548484
234056
505421
71827
909798
103472
894033
755626
617579
296503
366662
848238
405084
335687
213213
250422
613431
597002
768748
723127
876795
224942
628557
100891
217299
574216
555797
124458
659740
250004
278831
22053
777237
782235
320661
100274
659042
175149
468074
134192
907517
248334
813239
864044
567866
650349
831297
840365
793652
763855
523267
854762
437465
946571
845006
264540
611152
50030
585529
623982
454594
758142
977990
754768
145292
720924
921682
897962
98367
132675
9784
945454
898642
140909
741828
356038
944165
532180
206095
513517
155634
370581
30972
894233
641618
51697
328397
552406
307178
987694
492195
390318
858672
848347
672720
673412
405405
945840
8986
556033
440305
470035
62031
747493
477790
440567
206272
326463
929682
719583
833755
94584
405412
997121
205417
395529
330586
384005
649312
628749
239637
146028
405030
504241
413338
326414
314915
55751
545021
544252
658369
588986
734252
509764
454851
916700
583253
805522
526975
432667
315765
420019
460281
208211
598846
205493
179422
252157
992420
132907
131930
799172
41093
211021
25430
656632
479475
159036
621841
123739
29407
480930
317018
557465
174819
258424
657703
428758
348267
866593
270933
665631
659265
429172
785405
553090
888117
846039
38831
183993
23269
839878
421134
115649
36078
123699
302472
647177
580143
605256
116208
571974
326903
25544
837753
789219
526219
933843
189649
206806
991317
217544
250967
267790
585963
775556
950715
505736
486651
623177
170993
898881
714065
267579
207378
83142
16005
299203
514895
673127
423812
678870
886802
2378
458105
375888
900787
933147
495703
742394
221715
589281
685638
618475
769625
181036
900199
985226
848199
468714
947142
760625
100600
154458
351515
651565
654904
291416
53501
635490
952320
888342
794020
912524
975052
333995
310809
735136
989979
931653
510460
909776
171779
77499
110129
310702
78510
184957
758889
682600
147636
712045
174344
311665
169175
978374
299128
331137
471381
230202
163402
315122
101038
39835
152324
485451
384050
798895
364427
388698
338373
22310
90734
929146
393523
621159
365004
191861
951466
630662
619044
713282
111704
508114
201911
601583
87458
435916
807004
631962
877117
382386
584928
11161
527149
668920
140375
907641
262552
233304
343684
784164
428230
576065
11936
30044
54136
634539
183307
553444
473186
766730
184268
923133
678981
432736
154950
766093
847789
457901
932474
291357
503108
696770
779699
271673
617106
710004
213522
878330
678738
471211
667318
741664
362226
448410
710151
864665
393510
66953
539872
580447
490729
791565
739223
851773
818321
352154
623786
520049
960333
183279
313415
4525
835838
208047
534583
439160
531952
104912
722601
53746
667060
98604
342423
954740
789147
232501
378519
545749
753937
269318
490752
60618
215059
883412
868599
689893
700174
896323
125333
505790
631062
460117
444854
62511
976447
519997
492961
199544
84380
43794
643599
891075
734034
793823
235546
752451
380631
410775
725251
705589
122125
882277
828320
208649
649013
473122
662176
314522
41169
69088
942973
290007
747227
763171
677437
660166
528411
566703
12836
149727
280425
927229
755513
81556
186175
995847
207667
217392
666170
22978
135104
972061
761837
971372
130355
379840
387298
592699
722632
686207
298350
410037
635796
771888
851614
39310
714071
348646
589835
133235
929296
849387
667477
335259
994375
14993
707753
625942
303329
968215
232701
878018
112944
391559
765533
592109
251539
955503
303075
692129
160632
134777
842309
860944
962562
413225
294280
74205
866821
681843
492051
351109
501614
372983
710942
529704
226048
956954
529993
222968
635769
760962
246793
590397
884691
1838
93565
637890
861350
586543
877535
614367
711211
636678
973974
930724
975259
817372
251431
339423
583029
1624
373772
408395
450015
853664
719901
81237
997092
659568
959659
463627
115932
612880
845868
32484
680297
250357
874896
381030
309341
692726
933554
233656
98809
703849
118058
133764
456529
954266
124031
887304
817227
973287
413370
536762
841606
45691
138965
279510
915799
538789
854162
128645
174958
938452
685929
602027
783511
398577
922777
445133
153500
167705
836640
292958
952456
2294
347910
274597
358983
977977
910483
504716
806186
254198
479776
516294
753350
578203
420811
234014
491196
775246
128196
405721
995027
980835
145668
829704
552960
407863
252702
502892
18248
704172
634350
507333
248124
795776
624045
42681
438179
459916
594407
354270
14902
317655
572163
420772
784005
390101
522177
438242
816887
452735
196867
295483
766254
538320
493954
474220
630857
995417
121505
757942
347139
294273
680542
248930
763897
855965
87141
567158
226184
851240
494591
471666
108884
212511
508391
529735
162918
956924
608189
72917
363821
319180
70356
877855
943205
921711
701094
533774
48917
915116
735207
627934
466738
621870
789814
456425
867809
29471
291696
768334
137306
14368
293151
115710
112808
346274
924176
927139
459149
345892
674114
698925
165954
206217
260154
573114
439067
655509
857716
595552
940617
747204
589428
337946
761978
310471
631226
445326
831131
40092
253011
927607
251581
950984
123980
843636
79125
524084
488322
848556
338398
612002
81109
591196
696601
653002
238715
681598
48372
926357
884592
944983
601609
749365
347723
231454
548221
95711
652204
753412
408905
144166
918482
86820
99605
501045
594121
668041
524800
338217
945024
67798
920252
793353
787385
527702
137687
90531
357849
238241
611156
258948
915487
882215
156472
896531
646834
540700
734688
49738
176338
788928
593103
21138
223281
84298
288646
787323
512603
873712
279884
486421
437647
293718
765005
58221
329842
703056
405087
230183
255129
21846
405663
939189
291076
151171
573626
818545
792683
325577
570120
115677
580400
964854
920466
386420
897395
485723
613748
212716
68548
719838
587870
87947
626867
795742
715508
255139
566532
31806
952406
12780
104575
552145
929658
213884
324003
288416
868340
57381
219770
355546
245207
563179
710664
701337
665526
486624
177181
668045
362947
621342
716746
63751
715993
510177
992176
752164
146581
163775
653236
739860
363551
892676
551566
372422
779463
74158
642305
19186
490378
222209
102949
709122
962803
499336
182240
783390
908446
735338
719219
667410
754648
946981
865328
288286
817314
29417
91274
310811
4052
181523
780869
665733
887263
486148
361228
385321
917611
109726
885729
507820
514207
300507
150831
283701
963006
620809
597563
848376
586158
747622
582201
860000
536405
705172
467131
19864
688284
67705
355652
659895
120533
580085
663355
431686
917049
201985
234683
277998
169034
136225
431367
237123
79255
30533
969819
990247
81438
570370
647901
450780
483723
31400
796658
308778
134111
841855
831406
313705
359852
812835
909475
170988
386237
459385
720922
841034
256466
170957
535008
680330
458696
573258
374071
193066
887447
946196
191534
505484
66166
116422
3211
903934
947353
77571
519076
943140
93402
425659
273805
629765
67702
348988
506411
257838
810990
493490
628327
112646
649933
608445
919423
896112
310473
79149
634294
162070
728771
836125
589099
512729
107689
773417
699464
699026
930107
557965
773841
888131
38762
729435
117532
112287
572380
235992
842592
372722
310477
955636
427685
890670
615247
672165
946587
752852
701938
838303
418823
431739
966014
973234
87640
81984
545821
408767
732568
602955
883158
438360
361342
691961
794036
188148
918304
790891
342213
468363
503877
849451
867326
731476
686104
509686
123388
7769
819065
606314
500517
301491
580014
473357
884013
758504
214583
153143
756917
192541
731519
980638
175949
813817
674030
703100
118746
713305
622236
117983
86099
46505
452767
204044
63589
800741
472645
518737
449207
371308
290205
980006
386375
317118
975088
642303
259699
69842
280653
413169
316116
500951
805442
665342
394629
495557
874855
214847
703937
851038
882132
813229
149098
862278
986098
380171
791846
354300
543599
657012
228
103092
386059
294012
807613
395283
305680
311174
633141
188678
262302
505314
790880
842495
920804
151584
554913
869198
369195
922998
653006
813080
306700
626121
257903
131318
683330
1307
17574
26796
896154
375826
734568
933124
709959
326881
938537
879174
179474
922709
381142
202711
284014
50558
744124
541676
517929
205240
225926
602665
155519
536533
189347
900442
998985
856553
129094
237836
570899
887793
138375
503049
366858
910368
7911
768751
143892
668744
637553
634796
364666
220705
393723
633560
220288
452026
983116
994415
141334
443385
52119
461930
502247
832208
463462
250936
864206
826174
427282
60766
80936
325887
329070
305448
212932
832338
754884
813899
99831
907493
989879
197081
848269
139102
618568
507871
577370
544328
985267
779166
309358
298648
349689
623588
437926
698652
586873
12103
206815
140479
618744
261438
226054
372795
647168
151324
705675
217755
772452
121450
37044
871596
719073
467039
341966
32576
273759
169662
363838
58590
955223
692557
881269
371529
323088
513517
214786
689771
85634
321627
776833
287198
109531
19906
182961
495448
960671
746042
674019
328368
984874
91681
340047
155025
314193
799892
689921
983546
764967
52491
273648
932399
287771
836942
598255
716287
35903
626008
840317
149427
325923
131399
941879
607184
311776
732796
444973
408777
218033
276885
674641
261061
974203
691268
102795
502600
927661
775052
338602
516096
467138
545688
439798
886383
884067
854520
318113
514799
99946
483448
811164
198247
744770
2591
308485
667017
543530
643457
546877
953413
573144
309953
465048
790733
681658
781863
469742
640966
54167
160858
577742
869960
465364
16634
787858
845714
618963
442268
809358
233037
275318
445667
849634
487931
471105
678967
83567
873276
242334
15397
260582
852733
238009
355155
168636
534013
87116
685598
948538
453629
496629
659282
843312
550596
421890
861701
705418
177292
530831
497104
559162
583757
599367
692523
260757
72419
882758
16740
787066
4894
110431
139900
297708
25702
837625
481374
259073
371849
961364
311101
567028
52579
949674
943497
889749
184617
787824
164173
696927
288210
646139
411048
984106
37218
393920
605222
390071
210067
521076
372538
221097
601635
573714
952346
195539
713653
361723
821751
720300
225636
694583
418328
714463
710315
615449
377298
442431
487786
461121
413542
321752
909078
173691
94711
458529
40000
121541
353574
603853
831744
908782
217100
306624
205246
106906
417299
480991
130140
135074
874417
574912
543171
132184
91074
179841
204809
240744
412929
203060
505660
214426
315428
666680
418510
137395
601745
680291
396317
799931
718464
17243
194653
209114
272494
209348
325924
905180
587706
599699
22865
31828
209697
457345
589082
421468
864657
390812
475825
349946
383339
917047
97619
176734
211930
101634
205293
509512
96075
534004
873771
167238
734728
646692
529118
369947
875061
751352
6728
454715
432869
770292
209607
512179
194777
169908
59548
29158
348695
980533
792280
670386
907428
244749
595426
150322
76254
118907
653479
233372
223864
677209
775390
438217
601938
761262
609463
560149
796468
210080
949791
384284
791463
825798
26226
517541
386480
799964
501502
638939
766698
424272
132848
15158
591615
211065
221534
759481
503298
226663
648816
779284
959084
624021
448683
844009
866546
207291
415964
58220
872255
821312
789533
732131
609683
176461
715975
155341
974199
689149
859892
219871
343580
487600
626671
711145
958864
393471
780027
74775
470748
318409
675389
557204
951932
649836
728262
664649
871931
546384
720897
465859
506731
120413
378614
108339
271742
759692
279928
725967
596613
94555
91057
40213
60930
809754
207304
419119
92267
270179
394732
748978
481662
704295
982656
346240
540155
513635
635619
659662
447107
3249
314714
890176
632523
732858
769949
592624
379005
464265
301435
637454
437483
669243
740650
401185
456432
396691
712303
211628
604197
372138
748902
210284
993917
363651
277295
195389
557566
197564
241397
958683
928732
743201
541852
934470
382964
225051
760519
593024
908898
737862
100867
498800
727935
569312
136723
119913
111162
504028
6744
846724
705554
817175
273949
621929
682093
310306
583549
661229
256408
849661
235761
284757
905436
123045
25722
690361
702777
535237
516775
538116
371522
21704
27908
166424
429716
994766
514655
412174
213748
76860
159928
913947
149636
975022
741636
578958
51618
48328
79326
647669
314334
743850
497739
154016
746389
493633
350504
956733
867822
431994
343602
399330
509553
433938
436978
100074
743167
258825
339011
491638
394162
677558
874945
110741
374226
867315
517904
636798
918064
853112
519046
582650
733219
508485
503478
22495
401244
270137
88730
976374
328680
585536
953116
628542
766915
698346
865601
508362
959699
741974
975474
987141
568968
225165
487785
907478
838413
600363
23925
864414
140587
979383
213993
549726
691771
274068
831591
311222
533382
357777
145412
530248
881531
182939
524184
343995
431563
968978
477669
803740
655333
636088
527010
658206
56201
419014
604835
375618
590347
761817
473254
811026
802278
309001
181180
18247
289979
253019
794833
829386
760997
877964
284443
385943
293689
25357
130971
513278
96095
318351
62483
461572
999815
278964
732677
895910
218059
941221
891683
339069
742304
621185
816216
628221
62903
794866
718897
783127
214646
9692
299690
690239
878670
380719
906129
201863
674680
365404
413145
417322
596241
23461
364094
155942
668432
860684
187279
71040
856864
277997
402205
786795
464094
974120
829566
474819
73009
410038
634430
84980
329472
875037
283235
559672
186772
128574
170524
203837
334668
95692
360390
882532
979767
711575
966426
685094
705874
851206
950709
20433
138845
803491
706117
543216
302044
176081
93261
560777
462311
991064
512918
521600
317038
920673
410611
946585
670541
612029
757423
899227
453832
128479
626005
120975
338787
689386
57755
788072
25505
636261
863659
576828
369303
645964
7759
167152
343339
368832
981689
990195
856750
972062
572973
492641
16404
626668
415180
695111
417804
391216
455806
596166
108288
806363
405754
658832
639787
99234
136501
267344
958801
5294
540453
655142
99360
652969
448880
173968
927969
379961
156470
374180
166043
914890
47096
82809
427076
108739
437667
747558
370021
365338
4413
731362
623305
405955
591083
291147
613281
873155
694492
420866
276663
684196
944342
316851
214925
622529
500763
937202
271442
298881
459255
595649
670976
191712
730601
380142
441301
522793
335019
880281
730219
368320
663648
330067
446582
58139
775002
321059
346842
866833
841541
329186
391719
399947
476403
456198
455346
313175
89412
978811
216849
791259
306097
311277
12018
816486
957238
716451
660952
61602
341082
808389
802355
963302
554972
529342
636252
473896
146811
145468
166698
922191
325730
419284
418035
891943
934319
915459
136291
72814
679263
389839
766898
24523
96279
768909
944965
847070
259665
473659
40867
579762
631585
877837
356754
341327
247971
815237
516110
988589
141380
805051
706341
593539
527721
948860
608050
455229
795455
901903
498547
762827
704416
639699
392457
848150
573663
780356
481549
67085
38384
681500
35017
359838
371767
799318
623194
288065
663979
872333
396512
346414
559015
266243
67487
704239
948877
120191
417973
495823
820759
55822
810104
300978
442043
515881
506603
617726
653434
460599
829789
754743
333766
730153
536415
925033
21134
361987
162912
156606
612903
532731
880743
901423
439896
569466
880619
148695
542594
376063
499474
454436
786730
983779
930629
564966
651557
419575
231532
692042
652319
638729
202955
567904
122887
841542
999736
123863
284379
476409
851896
169931
679307
984561
433270
9653
376397
970945
425183
524865
23100
547297
65117
487549
669037
959282
210989
365741
655953
955231
912735
672059
729472
617055
428266
712331
752168
237334
645097
163245
254033
648283
357558
49580
388876
367381
369953
354179
514552
238206
583950
495727
246384
280458
787624
869728
52308
23264
404229
232393
868787
163463
827928
763863
469202
569244
391501
611710
345755
967487
393605
429934
617509
912206
628590
359524
495196
405065
77437
493981
673293
37269
824331
948582
757905
997020
334538
87888
311699
768337
264418
881279
632511
596945
126892
367137
707080
672165
379466
795451
349718
17252
112992
293086
637643
679861
976308
986937
710449
229363
367070
796680
989313
408105
595627
948714
608658
256636
436692
787601
569693
490152
353174
431315
855273
686819
129582
369373
694103
72989
94835
517190
666444
42025
235279
629761
713974
466485
489307
592877
7357
208245
345431
13319
679688
848159
269571
458175
338025
44303
428572
378664
522790
186058
886902
238088
769765
304927
207986
502095
340723
393769
797789
427557
277681
766194
848038
880604
684827
564466
268537
748933
815990
161141
1148
465950
75414
582234
464101
332585
577801
232695
518710
976343
461668
659226
275350
637667
228904
100203
542605
82684
733519
685741
374748
879514
974137
820515
321207
893874
193774
144271
348512
690948
373583
382741
341025
197394
314846
825983
328678
83051
986534
419354
368436
485541
128521
666301
380746
145704
319780
161705
462675
752807
444321
502860
148356
554
704536
400096
145880
652487
313250
786160
438950
497072
452861
217211
144347
733797
798613
203057
310938
432458
288693
717018
433389
20627
316937
105110
755686
115291
867279
390399
242774
53396
432090
647083
261737
848409
384067
975373
406749
854816
265260
857467
483357
562763
210674
277450
913662
940189
493743
319381
401237
218634
996968
657181
293234
17255
858010
278602
248766
464576
255964
99472
901420
512584
802673
327213
960607
719147
387692
470862
499224
927552
366528
451473
325466
565530
349731
829221
829277
292606
548319
360270
760426
895662
337525
563141
966169
163492
734510
649788
7205
699610
305151
3263
972393
635590
226712
858678
743994
120548
502857
817031
996576
859627
488977
557400
388849
981345
80517
303986
867532
472138
402522
328321
956335
29244
956495
748856
342454
473870
679417
156561
363569
588718
782380
303922
245344
858514
568259
744171
347405
414215
50701
35356
696326
468197
940884
341044
849910
319716
814539
427540
53600
695687
497619
984018
452663
939254
665898
442009
217180
215465
320753
115629
184884
615744
584536
715724
93605
920433
753320
360624
980142
573913
499372
180145
267616
387571
248893
205576
405821
812326
494249
59119
812652
917688
644863
132771
255637
107425
36218
630987
729503
460538
425224
104563
491396
84820
459253
70769
189517
650341
398137
510696
525871
645342
213146
846251
274050
686424
746239
348537
954074
754924
915923
548198
390148
833953
926930
909019
845791
510208
61107
217844
15572
105668
557362
465671
119475
520366
975737
378693
192491
688756
644714
31544
480998
838489
660940
500844
117631
77144
774415
197098
383329
531706
558397
350815
50365
142023
226560
243228
234791
4185
54282
480695
267918
288524
386533
787982
170518
718609
3159
984107
118932
754978
625265
882563
692773
772368
858740
381081
423595
237112
625633
274112
341285
998612
404764
196285
82410
218093
353148
293259
340098
251118
331122
358455
8545
500052
507539
429292
438593
28930
954819
112649
390555
652785
879168
708654
96833
352325
722376
281238
829979
303866
967912
40542
15740
745341
269923
997092
813408
985047
861947
254859
935620
695556
926238
528666
735778
996194
229232
663492
624072
868485
23537
63810
695380
887207
169931
333404
640014
348797
39739
323976
701730
933156
658137
37865
56184
683578
121093
243768
363762
197066
725936
907584
920193
434911
579396
954819
817509
774201
974833
286202
558719
499358
215510
825082
76180
634183
418184
309554
6368
608635
98625
72017
380372
47226
554088
72260
279663
964879
485944
659293
344180
431689
863824
154319
711117
371011
986327
546902
725500
659166
232010
296628
282170
875472
277284
718421
217134
125078
420201
399380
888203
386117
221454
852886
161990
629630
34568
215124
131635
773824
173807
985655
360187
14808
684239
296220
988220
90611
88972
873207
516093
177172
434799
684883
482700
366496
519313
566135
572407
63959
231522
596005
347747
404637
504662
162428
876172
693942
198382
361725
29209
352721
313439
866410
392987
587707
642656
333962
883106
609140
212373
436298
201020
669471
493395
132030
403851
133266
532624
987204
562114
394318
917864
41929
691132
5384
112142
895845
291384
880742
771405
508066
812213
97797
540346
828698
118630
221495
10745
873598
747859
745290
306408
582003
364620
160579
870251
880982
566282
667626
769365
885984
675619
967743
225839
37541
14761
961290
995369
206583
572257
130384
979930
167655
109339
723425
984310
41131
489074
75471
723851
640475
205410
973305
354295
488918
573057
885637
526058
36482
471836
663660
16468
365680
223983
340014
431659
365085
296704
992423
880154
610964
948824
49466
393737
506481
910239
981481
53637
589377
251539
570183
244685
728582
361125
357060
565816
45655
95344
800616
124614
617699
639190
536987
184129
350550
417977
691168
946127
866132
95059
848546
196439
269730
52147
320359
637326
101540
856469
63201
921501
429505
278812
751587
668657
712674
746990
896433
770014
168346
514476
522864
591216
327328
7245
79228
150928
338551
997142
36504
515856
170990
725944
642176
660243
933571
10949
288091
456412
933923
934608
7117
776305
924429
288801
588136
780011
593940
976082
668034
298269
776963
970506
319905
348191
687771
899027
571219
727542
189751
413337
45211
344289
197969
761025
297861
733251
680029
567459
655707
332456
874643
822822
305840
323189
705290
473143
393561
800561
706560
645989
51196
393898
211894
842781
593984
518405
508280
673469
286116
742502
848954
369110
84524
743544
419038
292099
604789
996185
281683
52384
807914
387045
150295
574185
904463
147678
403356
933297
247995
252725
843337
239932
9954
981303
923799
711289
833104
609687
72028
904991
65714
377364
653157
975970
420559
189703
797243
613330
516436
170891
816648
379089
243212
736200
654292
535215
77678
101534
739560
960292
642896
318955
891283
669289
943930
379898
54666
560947
606869
396168
137770
898125
737603
394996
122266
332880
95624
457986
555916
154178
988133
637963
877666
831497
634309
781701
656173
568458
84049
197931
131728
285475
895390
897225
169923
486784
398982
57446
710388
879454
512468
666061
243207
664538
605529
329850
752894
77493
93019
579614
972468
280935
159789
635791
187012
936604
546074
919632
36359
26639
699003
77880
979577
76802
949928
767361
214141
806487
59339
164655
738999
932686
681808
617306
306583
718748
878712
440538
393526
553828
14797
427599
200216
545173
913008
275274
195537
98015
167310
55132
337221
514514
655793
887865
630920
840726
982067
708167
906916
508929
501389
207305
684088
515416
206093
250467
529981
336230
43558
624393
459236
756466
112417
640584
565723
473759
387826
562993
505775
346789
379941
214238
274188
853224
736247
245090
378463
298546
258753
954321
23900
54930
745295
466920
113051
330512
88847
278683
117214
113867
207013
192442
956717
989297
346716
691967
763362
583771
873846
462070
475393
853315
645796
896521
193983
963170
933009
97575
203236
390378
349784
505937
448010
584541
51927
42625
865797
778057
763547
649335
678941
123616
382331
24609
185334
849848
349824
715301
623505
840859
628289
26895
30251
425676
361614
943058
894787
334935
228867
737277
97657
417107
661180
228859
443026
173752
33959
641542
933016
536471
41588
484650
99550
655930
393641
585330
699425
797336
285587
24049
359691
793461
584791
673646
76049
481620
998951
243309
393531
451418
512976
224406
37124
826305
254319
873029
244375
892661
561348
23085
869369
873678
461343
699433
25862
203563
977654
352097
691924
144423
644632
903957
709556
764923
374652
361161
315799
392560
130547
924621
669580
314367
434301
801256
145703
972615
437943
979680
898238
374249
333809
773545
352589
881092
943646
5032
333945
551496
602277
137122
861234
632697
134164
67078
652849
107010
533172
38419
51425
235763
986871
446055
708378
373081
555470
364390
830472
751033
809431
961347
32298
348136
443892
989294
728438
372234
554039
623130
217754
129529
207466
379294
366433
659018
411127
121317
60382
207746
35072
358483
82098
23030
11311
70536
171966
894791
475396
855241
557483
872724
266912
587392
201286
476239
937456
250650
736886
87789
353076
157774
35990
450103
396395
793854
879155
691774
440477
56758
192803
632811
38725
343121
561152
342900
500440
309946
720384
735979
266486
186704
605938
785392
686764
637411
791127
48391
272356
724955
943515
892484
799978
191353
925487
609379
496859
933812
42116
636020
410732
140805
927973
270067
662420
641343
994609
551862
818775
917333
810292
891455
917360
296320
121890
67889
128539
399032
514543
116704
484156
462559
948174
997057
152559
997629
737475
421441
129837
494054
654631
480561
749399
323832
135736
519326
566179
164033
356058
754175
503008
498365
278191
135239
157735
398140
957774
376539
245536
296994
498466
494878
485038
55945
898850
347559
343800
636993
34152
960084
894805
845367
778225
610296
134739
476531
878320
643695
136036
953467
217295
338707
6118
575317
476483
736583
759374
429802
986634
500336
823152
121094
111748
137604
492973
915068
66411
414778
473913
817703
231473
184993
995079
138315
818036
809933
850708
455065
87137
847148
815245
318289
586466
98614
559582
688706
74693
516035
504728
649325
401387
643510
116094
853192
631336
898455
471277
822110
185470
72127
583397
718931
740017
797740
661624
763013
864391
424372
898189
158095
526430
17367
313105
661735
700009
851949
812540
442599
971977
551294
661435
327913
857732
95408
492672
36875
484452
242203
414818
50385
5486
518329
8561
308266
695613
298361
19034
357579
232572
260978
153395
579128
138429
6517
629477
941153
255480
749051
15539
464361
768418
438205
64235
607617
588073
571683
866343
300787
553866
45844
708352
50875
186384
732012
414161
281040
864938
337163
331747
852352
295463
132170
60538
334393
191696
806217
924219
886180
500066
597220
497592
791723
151398
717892
539226
69467
679215
73617
597866
424613
215792
517573
200700
219263
51575
454748
81464
461416
722634
169000
45254
481032
481692
558145
659093
636981
778284
64217
653257
462674
309051
552045
171455
239698
938856
793623
419197
270234
902825
320640
733755
656837
22632
877428
63624
845057
456568
509774
553307
825302
121650
919122
305655
860295
115696
273433
243449
360977
532325
593383
549569
448144
218072
80728
234107
547649
455867
464761
179273
153186
807788
700980
388303
411638
830919
417507
235738
395940
743909
394437
567277
534079
684150
16910
855978
69025
390583
762776
906202
453744
959055
222392
903513
220226
798156
906539
673441
87965
698933
146672
287537
845719
234507
926319
821657
315676
730721
291158
520293
147726
748309
561157
149668
492039
687530
343071
730964
697914
699267
84481
33963
405495
789054
24271
720772
303821
533611
257962
708516
420297
219112
576894
888553
781917
156506
459319
530638
183068
649162
550931
627741
247650
208218
423058
226482
463697
350882
159179
459431
480438
549355
853913
366689
681481
844806
566514
146934
582227
42698
517207
68730
243882
243817
76455
734565
375512
878574
874063
453858
209434
722710
497244
577846
279876
5576
277041
748043
780226
485745
136212
934297
828793
385344
449058
460464
695115
194107
440931
704292
750586
899260
238840
788309
875300
779084
624497
818777
886956
143963
440315
320393
159545
794521
824887
46565
140440
681203
206245
847012
991293
998253
714495
470045
565671
27288
278114
648395
161953
135921
749671
311616
335204
600918
567761
872425
993498
656165
226398
321722
