861634
528778
479408
496074
720653
245032
743539
969819
476792
536115
719560
713147
650322
308440
677568
838479
4061
86413
306873
93607
219874
295518
187456
526882
401007
353701
414305
763697
701167
889432
915982
666612
839588
253692
447720
519872
72259
28408
889388
634754
962347
301636
947325
253949
499972
430976
473610
410287
71409
541025
755803
474385
192945
798918
156542
95998
327255
766633
97096
536491
280356
236209
256842
415060
116350
928676
696466
588856
311759
333625
223130
507450
558845
962251
153298
836137
600897
912170
49093
144089
592678
657804
768170
654128
312416
743777
894282
674237
454855
658436
420680
358018
782574
773005
110738
650002
738148
520835
209379
25749
28487
364335
8690
803881
805439
340491
757882
486563
546014
71706
315239
166387
437138
692945
644122
701349
779973
220403
890713
860932
50834
176634
923414
193305
695203
173617
424154
863697
563243
50079
583054
106876
59965
872861
597670
889394
713096
495113
266923
773200
950767
917459
549475
430560
672457
273460
985950
754391
429746
572223
998752
654135
938252
218896
639526
187477
135766
920800
762263
652661
462438
846075
151816
655313
479302
83528
690988
823353
35945
798855
737751
488980
493513
235802
219629
424708
807518
597370
178731
681064
45884
49354
366993
948603
94730
508232
751403
186329
147610
664672
249211
723938
395946
545371
452357
882359
158582
864756
734583
984289
628984
126411
729586
895506
741886
104499
832057
493571
749797
114150
983541
799036
963511
352920
639138
854386
815775
714728
917274
975114
299653
489075
468668
968124
814090
21443
90105
644307
715489
244581
1723
811728
954056
894425
832945
974126
539682
766242
127291
516353
22899
688892
337903
489976
956535
622637
580102
519361
707999
947380
212327
108171
521321
827742
66445
726503
450715
989496
879959
78344
3227
109535
972908
497705
894190
760755
650696
204174
663371
735466
619752
231330
665947
83200
497742
292671
23312
733388
386993
419533
181727
579886
392389
554881
143451
33701
600802
124935
538544
544189
388756
973882
434616
312357
722494
376720
945149
626719
456235
995731
424652
553232
34035
79882
974898
436151
321158
569782
426454
649531
394072
87864
806194
930204
91177
805648
436015
434956
578479
667264
704669
921175
817507
235599
365836
381309
766437
363497
649930
913056
205197
486051
124409
259032
699727
919325
893003
225508
730186
39105
212253
539132
593389
859943
229549
372162
372806
859611
155578
76118
418281
346422
567
93448
252665
885672
928811
736424
302294
442008
796008
975354
322403
604962
550821
706886
679282
451391
661434
614539
26959
460227
886136
847828
967654
345599
732515
751778
832338
705094
975118
11720
985922
982349
63185
722326
675402
288556
308776
474669
877636
202305
568107
891314
711521
922163
648997
336734
403472
454100
249876
697329
838792
505824
600445
812486
573366
211682
124841
752002
920766
132726
766975
671014
56432
593961
763391
812420
470729
849532
921433
47567
614243
559432
816552
420171
187130
861627
751118
502691
588955
729280
981868
227801
819563
500925
949182
320024
599697
527286
660946
45797
850753
590351
506531
356212
315110
63342
665366
852055
596523
935807
133392
187601
729895
454737
797490
203145
31395
83422
657970
223898
179784
918888
423767
828999
45418
765054
889553
238732
595883
420126
749298
946703
341261
239796
29005
295861
384152
768577
424297
526866
866852
820439
947618
628984
615940
124800
28701
848624
489487
265342
601126
812359
505612
357102
50216
555263
683129
273286
688712
996647
59896
360765
680990
265989
746711
735306
54160
282607
838778
508804
413261
984249
764391
816104
68643
77192
761518
32633
199038
480389
389619
699138
638270
119598
914778
569207
493363
385606
836429
501946
480952
861357
391853
692601
766505
667274
639506
622068
998722
29604
699969
946972
419221
769104
367145
431703
449128
5573
298970
817440
578985
399499
250883
24908
896462
693010
754918
995559
281165
749855
697690
44157
464565
270625
626940
822388
458984
358562
842484
390998
507637
366041
14815
763053
470102
48796
484126
686087
412419
668018
199674
808538
517552
176518
482994
976320
732202
322104
795748
623971
126730
404238
779476
377332
512915
348104
918619
140180
689454
667281
751214
800790
773055
282129
848074
906716
730979
287392
192761
542749
478472
971412
221892
106889
538410
144827
524790
714947
804838
141604
901256
265421
961468
241624
549550
498626
72358
117030
62973
214268
999247
469084
204343
176341
670258
460370
328629
560459
596752
529248
716079
370813
994701
15087
58091
877970
875176
684013
623680
626361
550421
706202
274886
574666
846329
98368
80349
163276
572482
866303
28054
937552
171808
983302
643777
137978
99555
296542
688916
587743
821234
779040
636212
141450
404773
555463
136163
499673
155008
93664
553863
287109
503501
975006
856019
459455
12373
979466
683668
409141
279802
567383
589786
243251
178036
971219
371969
757991
694182
734010
842907
338749
359068
794917
447675
101545
642468
104992
652833
437891
619462
871705
40893
344395
568416
267635
805794
136526
615907
633146
527112
847650
23524
607089
38269
673931
751840
784648
902826
82560
152399
456938
440702
875719
662307
141618
545081
666429
974173
439933
744599
173362
395532
132186
928791
50289
171236
228126
242342
510813
851895
158229
588589
110134
201234
538515
474292
389051
632055
817320
638641
113706
968306
896817
879921
490531
271578
173067
903458
306218
770214
226083
923579
725387
205865
362217
282440
192280
746731
760483
934549
299534
200166
91742
370550
609622
558554
17023
627186
222055
499981
741175
542538
189320
401315
630613
924521
772659
410965
46005
323817
651222
241169
635094
134527
95987
907118
351050
552645
809190
269514
873926
794275
930439
964483
202265
723353
941669
543054
15994
779242
594227
583287
792633
104232
372287
197173
494104
280409
903965
713961
990131
724163
656354
135731
46042
109465
88908
238577
360191
323650
721663
22101
16138
359810
152234
526178
57867
493767
633352
621443
449671
695122
445379
955528
229299
850368
613054
766719
131317
471171
116649
831305
675620
304756
887200
672178
761724
369212
398918
178254
992498
684486
374432
414325
528743
33629
890648
685302
929783
465891
334541
206571
755934
504955
985685
254888
599110
818759
128784
424397
794993
537867
300202
418427
885887
82992
754220
305635
393949
348645
513088
704250
96266
164192
833023
871561
282055
543746
366648
454752
583515
759897
799168
171755
483840
227135
32369
892572
422829
723935
43905
947592
241537
266904
267903
819726
862409
897338
861099
52721
109038
507821
247475
481031
185598
542256
199686
407435
755733
619263
152919
637581
781095
619790
915120
979785
787693
386483
157232
548564
577066
57888
342627
360818
732057
736909
602300
259205
170037
179892
297777
638112
806116
446070
413299
338938
502721
878171
836361
131966
172805
747511
443144
189631
8913
657192
535409
821961
664602
435707
730215
138579
301105
128110
633931
180176
417582
374608
177014
51428
221241
82949
21266
666932
961204
204582
169237
924182
598216
392453
104924
767592
122891
36301
470944
658492
703307
255240
308887
631409
557114
556667
570345
937245
199285
663084
686605
141478
960178
32196
712192
563888
824326
314127
849442
455728
91025
611551
212269
272031
588743
666129
43922
404427
865691
865127
236722
832647
185546
697428
616949
126211
231745
277271
265803
441334
748651
977599
424957
287287
597979
131468
235567
824876
584339
543414
419828
435801
321647
737095
633166
362842
706353
240035
958657
518060
334826
474024
912914
514597
934849
484528
19105
746756
215011
592307
258464
406883
34503
728906
905007
932681
330524
132878
772694
126236
709138
385567
495454
60019
869186
821121
178444
722890
783099
996000
444411
155215
649258
650164
996501
552217
359525
352511
308973
98296
848916
421235
525948
547303
95932
940146
496631
440862
998953
456877
139017
173508
119096
568877
784754
602114
880063
474480
693308
909939
281945
708907
323029
865591
423185
835759
336142
510439
36970
511270
693615
156898
354888
53564
446388
274566
433855
130970
784553
812091
970167
599373
281245
361769
380216
679301
304774
753802
797784
156858
552817
723481
426494
93225
881827
350633
550802
784637
226706
986707
66243
296904
517881
529672
820
611056
940572
585029
808900
617319
289752
213284
199480
412050
851365
82510
522632
960139
545836
532622
703747
124162
175935
587137
229855
504062
123961
793066
756833
803649
862068
246626
627877
717770
112096
962028
825611
366708
600582
668198
907454
918396
491482
706460
446306
27744
297270
574455
780633
301538
761273
275027
471986
521836
527803
721134
204080
452813
321131
870651
138290
411937
920712
405271
754372
93967
635704
415571
15873
113261
226632
463919
559202
594430
87937
466920
901032
401627
87907
805417
538210
318255
509569
234525
996059
914971
803001
166820
583204
940859
545037
228707
504697
970560
25955
346934
987795
655996
626005
360321
94858
839421
350390
7908
757412
315536
8482
232972
317758
948391
585857
61606
196117
421013
452376
68847
262577
193269
482571
823272
932528
124203
50227
244389
160491
573378
371672
870403
502791
73333
542859
702969
57882
37385
35683
274760
616247
106647
697234
630924
205400
409704
505379
339061
924327
721401
725074
30287
496873
618461
121095
15804
565831
148994
988529
962308
2235
613963
510075
958211
182099
523933
436718
864064
221861
318070
312867
743902
228944
790839
246307
862444
491946
817666
534237
638743
205195
315902
177667
12351
540853
410103
56577
560230
218015
965155
203802
838277
541660
130111
50273
206009
771949
693656
128978
491227
890528
526822
857867
463021
12066
445203
702314
750831
698024
41369
442884
416594
262006
305352
769982
717828
466507
473831
301324
777258
943913
729139
194756
105324
341636
536963
518878
121193
891847
349323
679178
903051
446333
330367
723118
448886
885218
382159
673467
51546
583623
592977
37291
519016
794588
389757
26521
395746
774429
118929
290236
68042
985116
701141
674433
431484
730791
908793
837061
803672
58837
259930
586540
38231
61810
271523
927649
389439
838724
267216
757098
638001
402234
435150
919270
789664
633008
100415
5350
19868
409761
983769
424550
407180
183082
280494
912231
683515
512823
231174
770346
143049
213324
207848
23626
749825
1138
164344
951
879499
500284
991098
202379
115128
13685
47988
188554
63547
665639
58354
646779
487031
428554
787043
923933
462259
942024
953761
443656
596843
503529
783566
962146
881600
226656
929945
157178
88399
926705
87840
967748
826910
605949
743728
778993
144691
153452
562727
501418
446911
168949
419131
87018
485944
252621
32147
474038
81796
189033
381011
340601
904273
382642
845109
194752
160961
328517
115987
533774
897603
377635
687425
704797
908669
241148
31894
77234
649317
593363
540492
907547
886319
477069
925693
31496
222304
352796
890189
182404
827970
367619
9255
169486
501744
569605
661663
44760
32721
32430
238839
167131
816865
155197
591293
803989
262891
731308
193106
883232
957203
844318
948613
690608
637967
20388
500445
896937
265334
840812
3446
329819
524913
624711
758658
26267
942030
381462
637937
53375
772851
530128
572779
461301
760047
429233
585466
291136
198060
204418
820421
534673
629313
913922
651191
888958
895396
56750
478079
143905
930493
489586
532848
946384
335445
736748
621448
292020
579949
600217
339917
872904
290859
133086
429139
548080
284847
914997
969179
818355
621764
770482
970902
802583
259955
958961
678983
467224
382833
98718
508422
345412
136440
825633
642272
117622
689843
909092
13468
530797
12818
355010
722392
960840
859134
84813
710866
878560
758310
894908
87172
293890
454008
921968
546662
368071
541612
607265
595287
455442
623290
771817
969238
413286
379948
453677
677802
246113
455629
314532
5730
944537
590657
544581
650423
602962
355246
871249
586317
679833
609304
670458
75032
338368
858123
34799
812380
661621
205041
592645
895884
386241
204995
368835
16340
593307
603292
2442
816498
879654
279530
890655
145087
584718
868797
476439
678604
745658
406210
65438
481959
214894
795337
695523
363197
858369
841793
155748
536345
395445
805382
59217
184843
248632
559057
998623
823524
585398
761358
433452
410141
625753
850315
39818
383831
186462
515788
464555
91581
830229
431227
88551
776069
5813
323644
139820
779542
348313
355551
177794
947844
556507
318127
276921
482486
994572
898983
816498
779945
530701
215812
840200
249421
149005
686646
424473
434893
563167
647344
323636
169644
214390
684511
472481
680523
663872
568375
715527
476039
244253
467048
79870
252671
798267
130159
928306
531251
856464
187786
332784
393671
476530
410756
93968
72167
509526
845806
828607
301382
754403
811822
142056
297343
497650
229297
587839
987100
264741
125692
286890
388596
136801
327136
940108
801454
103785
291596
773806
880868
570264
554364
901068
865252
289979
310031
110842
24720
944009
288247
918321
748069
283391
623754
598523
264472
303068
781109
291766
805660
428726
334159
422856
619073
3256
80907
915359
463286
749433
195400
535459
618607
311417
31811
702843
556769
565754
83308
285497
720170
726201
64918
264739
849102
553287
179719
41055
828317
708169
514927
237370
912112
331592
45622
601877
285073
233462
505134
608684
750266
860094
550504
60996
68150
798022
999714
395505
810789
982660
651934
226049
478683
51770
644045
651593
157543
320335
253098
913481
697200
1420
421476
357694
342971
904111
446899
876101
259210
740271
754188
854055
951135
42958
200943
673669
362463
877908
562846
387553
664785
72557
934504
590278
452101
584353
609763
128790
754897
534763
42231
238574
448247
473401
398487
658487
730531
92992
33867
253132
990607
831032
185193
954435
597577
481979
303907
384218
468941
315638
117497
64576
882764
470665
919503
59389
512398
313409
16537
481470
536947
513263
246514
252481
95381
795173
407437
185497
400969
179724
832578
504479
601413
647333
873418
304373
423259
529178
837446
255864
957731
259648
886905
871361
915063
709164
503063
256536
122520
269487
533685
797879
346863
60975
408479
161206
624237
718755
594184
653399
114963
709866
223708
658864
647310
947529
723250
400561
688250
952831
950749
598737
320455
614983
62562
697626
560889
812266
88387
508557
774857
551294
311098
34483
893673
23167
838529
499329
948389
913863
664398
543591
218405
963885
366877
954933
54927
392120
105893
269610
996169
969919
644076
866395
581148
776030
430966
636221
657140
499990
499353
134223
542915
595714
151404
98150
903558
73842
805662
192534
545056
741222
968162
536570
239394
620201
359112
962465
337708
622855
837927
832853
927661
549932
323959
865417
810437
297562
769787
77662
19020
258822
139419
608402
167916
210576
370639
89094
187305
646622
539768
706026
479425
933204
773961
60359
91567
828977
542242
646632
406921
459145
72125
721062
748361
117402
139009
150735
62760
278606
918772
693490
857894
406605
981070
252746
807655
628347
383592
413701
875191
37141
303699
765935
977646
505379
604677
820672
560175
59867
864559
731582
210186
822802
365610
379024
318721
747807
772751
766753
151400
299086
947109
239597
836454
573374
735157
351339
738520
544600
657530
25431
18964
65964
793269
330139
2890
797418
959197
120089
74375
393209
71282
778136
481491
780087
20018
718152
660091
442062
435301
625139
846569
3887
282963
182979
731951
241838
432534
47594
268834
759162
259786
215473
459363
462071
672416
99361
896441
875706
546962
904264
49690
905312
367537
207976
155209
828427
788314
58946
206296
443451
795719
293818
493071
337797
423105
730215
802149
638386
152883
993145
572651
383798
806426
949703
60744
904970
887257
728629
472799
647081
810025
597118
163853
791524
877422
140068
669582
816803
402660
621489
744191
469625
694968
840872
371134
780706
833651
679373
530413
134684
165841
163534
734870
554463
488432
591885
596776
140217
697060
579019
663456
654410
88871
466866
235523
321754
641006
395583
672583
529042
181527
273098
457938
634206
283197
187763
222106
364508
201966
608235
269739
614273
735668
746012
814919
710089
48016
918454
68647
269912
353285
718807
614688
165042
461264
526294
840161
148244
891061
478573
780761
998893
712564
340352
244021
152636
421275
902990
804743
657543
977781
951347
749570
735285
207392
423063
990946
990409
767036
421431
288808
796475
560959
366798
399427
490164
322982
800351
725002
445798
351366
855970
191398
938951
131073
194633
580941
384808
408531
603181
681769
883574
200076
413402
834391
288971
534488
695347
304330
102194
470970
353860
119248
63414
169879
748579
183149
597029
125231
160705
895779
306150
814758
468050
314963
934068
219520
902039
636925
47478
170988
343684
135140
819005
194935
140627
792269
323545
342753
469541
902949
206424
28621
612432
818690
678300
451921
813193
905730
272216
690414
76655
953488
226407
226393
152690
326277
232265
841016
97758
95850
763450
677672
354952
664412
46641
559163
457427
331529
396530
17471
267359
466518
535504
285625
878992
749987
234627
353457
231926
900966
323041
978919
351262
201012
491901
628515
300084
637854
718361
226538
924819
475896
878664
170253
30059
228277
20389
400411
164814
951150
272297
810422
313943
163393
384237
591811
82871
359958
466813
137659
453725
777341
231893
721695
388290
934387
882043
61384
421262
390084
615928
275996
360810
878986
34292
947804
708963
422035
682733
510235
985847
288225
872020
35594
502144
109578
183684
762350
605754
519424
351264
34610
10035
458475
234247
20184
313550
438514
819639
678539
496115
863577
339259
465
896407
651205
523090
186908
681187
110810
696926
695551
638276
197381
995845
670270
399694
555413
243112
600062
291021
455812
993406
863067
229098
582932
45836
361113
241527
814677
65219
628914
38999
359299
40950
592717
634573
892236
368054
382288
887135
867886
264652
592076
825254
245503
781138
175639
164981
541766
894958
269751
228324
372999
591596
660026
846840
129117
915383
631331
814640
479807
214580
407999
172783
902757
727739
155285
388737
39299
799795
920891
1355
287028
656521
538053
147604
520178
154957
108313
858538
604034
758825
913566
891698
336685
507134
151123
543568
785064
777437
482108
404142
366741
930654
492214
387757
161250
300897
475052
103526
169295
292703
629346
181724
328846
680875
642543
221568
369795
349643
16775
793951
174571
153773
987574
471148
977816
607368
843305
246438
641434
861584
177127
165413
894330
658453
605853
145479
54368
968633
488086
176369
440852
646988
134729
69764
828577
996230
685068
816222
941014
249120
645095
219082
451174
335311
839363
41413
108719
649502
474690
906798
47639
721895
888040
624073
220307
107053
591350
814639
963074
66713
340055
814230
254581
80463
2484
620409
103314
812973
824290
680036
66126
765600
290747
69406
382231
11490
104970
989618
346580
290324
955872
625052
405636
402611
891971
181901
133187
920314
10246
419163
795563
996373
587828
644040
520535
268093
818470
84782
335107
438708
621684
838020
562255
145119
182280
502607
281442
781819
732366
829159
427627
881917
799239
184996
996035
991370
216573
669926
226927
539792
831121
718334
135361
727039
963952
325565
611165
38440
499108
404182
857305
180144
874247
676146
331390
270768
298514
603409
846636
175405
406035
76248
881497
762479
523389
386619
774586
145152
703385
854023
747322
962051
782811
66444
664423
161646
347727
614182
519596
985189
545650
626280
831225
121332
794909
365540
872255
411113
403804
222488
520727
226380
532702
741624
396290
300412
996484
919187
266379
716328
584156
373221
851977
720870
925415
637178
217537
66739
331862
680826
187048
637448
624660
314261
407813
774805
354813
204747
593013
351837
361324
600088
158664
132205
660849
270459
223689
466234
689314
385634
430428
187926
828296
146868
313087
411023
304826
943866
177138
152612
864904
561707
421107
126885
863694
559954
50723
609062
718568
720030
535812
619743
662404
156422
971108
900195
43154
515671
464083
255867
96217
965339
7503
856159
166819
410728
764609
757072
243289
175426
335904
463509
71017
799790
81268
479055
734819
826388
991541
867195
645155
683727
902162
540932
979177
870549
388557
142339
436485
839294
137027
961876
869485
711859
903754
724054
822001
927604
392243
838206
909701
828165
165166
787032
210941
183350
371661
721692
973464
41486
428193
876329
14515
505107
473792
391329
606238
571321
202216
760224
241036
665509
582654
426905
572580
939996
639343
625999
782708
23116
618744
825390
878789
251383
230976
340932
624073
258040
368354
264351
634161
841332
208329
648195
934235
826718
899765
315976
56425
685990
10842
974478
262573
645375
583015
661406
375744
378635
734756
128799
530738
345062
264756
390898
2715
390732
270714
642602
73360
354280
137496
545963
279730
260794
739539
257950
808416
656739
330002
955150
192780
835472
9733
499042
846507
691457
363427
280055
723270
700341
162123
598233
149294
186292
221324
48415
755212
379960
966400
8800
326038
420857
55315
953749
594782
541012
515362
292109
52037
255895
849662
257479
802060
83499
667471
707119
184139
853087
281045
949624
426810
947533
734218
205650
366124
243755
81572
296329
469916
42992
542070
205370
784352
439264
817078
42738
845242
671670
351769
492964
381966
298734
358042
483527
253485
868908
581274
458314
859919
381644
975202
720949
246688
466247
172932
322077
109617
457406
185951
626179
985807
113574
345280
407051
868465
997073
615206
961236
696778
828117
559582
341304
589951
600155
797389
43553
664435
559110
350924
270278
701693
603773
106861
659777
964667
442135
919196
564943
385088
670818
855585
301603
605096
267152
350786
692839
736781
23807
940934
725968
748434
412451
539924
482780
441308
436435
146361
329515
667745
399276
598600
380471
355608
148134
76187
943474
395664
591217
818616
715963
245789
404363
810256
35132
138093
550177
164705
753315
85496
816671
653242
670458
170454
989462
766558
994469
571946
431497
377858
479352
555132
468244
941873
890802
65893
881978
878288
387418
890915
100042
450427
193525
469644
999148
388941
435489
195104
588941
499903
878802
572983
967141
56872
808486
279321
826529
576802
142246
511084
652146
214221
651867
120328
833906
210733
31307
277415
201262
937071
306447
263736
975316
717705
945298
912466
291770
955006
385448
434502
97736
988353
479624
257997
708228
829361
272680
962272
844728
963779
782131
767719
588674
781374
717546
427401
42360
585055
408596
926754
997877
11868
773283
206738
192005
858886
928037
599602
757929
522183
641123
737698
715591
46475
854490
891646
809777
989884
282643
457263
173904
693605
834209
362909
57005
543992
943607
664322
159387
910698
791587
523354
594885
114876
342827
713399
930768
40661
523971
945009
637804
212363
845479
242170
658684
175553
621787
92367
600096
102634
573757
818890
667995
293100
531332
105684
339046
688671
29591
889017
596624
34164
45516
435540
228048
50419
75323
925673
966697
306780
897215
192401
497592
287023
312329
817744
250397
151624
399008
792898
215492
652834
904569
34100
860815
493244
27822
249360
695522
853528
333406
573232
555466
766816
472418
450259
109834
866916
25383
404205
565636
239038
450285
16536
289153
526807
773595
949993
168925
813954
46972
250142
492498
526469
90266
594931
561951
510457
881077
342419
894996
593223
768032
391723
190269
802258
881657
119451
457961
61491
644355
504454
695317
490527
704290
797513
878522
348262
217202
485128
88880
63124
96772
196196
538941
211706
983925
786441
376767
201863
925869
557923
271985
902991
405041
260208
585501
459502
583270
732977
106398
533766
452323
528250
227729
383907
148401
153321
105240
72512
368098
331059
556810
588515
552202
617690
915003
718499
598303
529786
219363
672842
472489
603011
964781
929045
846885
684033
157854
666712
947836
208983
662688
423102
786971
13963
907243
61806
127471
563642
212431
512842
710846
987244
391519
805393
515173
676290
9469
507300
77290
260620
847743
209510
930301
270455
264123
607164
724240
904676
35829
836148
536335
578131
633249
211393
822078
932926
695510
571428
731631
251906
840402
681511
606300
96120
540324
939652
866470
610339
124090
815842
455083
460737
940999
663487
173374
857732
461712
167529
27526
775195
962388
594150
894644
319849
258518
513075
532066
279191
627400
468585
560517
191301
390998
397244
466191
790619
689036
871198
867620
39294
105956
445953
585142
290463
166000
645241
462335
391661
940384
953279
949018
466218
946161
722450
623679
357851
54451
875959
958873
278105
912884
584866
202054
885381
569934
462893
570858
997849
262474
124997
40112
118489
786096
366692
954975
227112
687981
169720
42900
687862
215071
170723
140898
966295
50175
52636
826754
940399
841835
171186
621113
857418
451855
536241
905989
723592
136367
645661
428547
636981
146004
169819
678304
449527
417041
326575
187065
451360
285105
692320
718866
666724
215424
920568
582000
216548
510898
637352
381652
598056
351155
379528
480276
835308
307467
525627
553751
595025
314093
423729
196076
191540
379358
217478
606983
69916
982013
380231
360218
625229
390579
466325
781645
536889
551927
579043
115225
268630
380350
194778
844614
986187
282558
163035
114623
854596
945246
984996
339407
175205
155260
855564
255546
274010
891610
976936
56250
165645
372261
326032
115157
450673
673316
872444
750743
235260
441914
172615
306225
978865
14871
444310
407982
354011
39489
218578
548238
386709
947067
282512
165185
372998
271375
379154
303361
499435
470077
359847
748364
732173
566848
992749
482429
168849
160633
69815
52550
734510
717179
906377
390989
143929
86962
780928
457056
931100
753904
416719
673301
710757
523606
916388
911618
548666
680347
54056
78933
802283
574140
624614
618258
991072
713280
117059
978216
741873
768679
102763
444654
90772
458798
718733
28351
819889
476482
742652
500718
391378
730431
304246
876584
798838
501667
806466
676965
761221
53523
347826
122058
127709
899338
988232
295071
402250
498010
906549
36904
655125
440288
329020
25634
940595
680841
604214
723163
533726
233978
267630
962926
169154
985889
261228
291867
758221
593622
974415
603839
852329
398893
397971
169972
115142
368154
160307
602887
268304
97665
226280
162514
656768
239642
754639
826870
541839
157630
348136
439927
129156
743504
842427
635380
401710
756810
570773
674817
114350
625379
354352
93347
108588
340506
203824
583079
607210
387426
410250
502367
999861
387434
118015
900538
764983
439880
304838
538879
492778
816257
29384
436134
988583
670135
956293
121875
371101
618672
823188
452848
232477
628223
541127
122789
243985
186897
359341
926711
20173
852566
393136
404410
973053
762889
714079
946868
310526
149278
452487
852368
864330
305352
516794
835132
20171
459812
348529
394783
376272
573125
905805
397434
482013
242012
87289
918170
346268
726532
748524
548855
252274
130984
221323
408365
531629
88146
163755
757012
436313
446736
168052
417470
43186
514629
151905
869644
922931
172937
176291
277805
588045
230590
39782
504117
121267
113072
286763
730262
274322
746856
232724
313917
420894
726926
196606
43083
97544
839224
372552
194286
959372
506771
390707
934044
20774
336108
39778
381164
184228
903004
361024
204368
46999
509902
984320
429555
408547
119790
23551
547243
19446
698608
718791
881499
941397
761978
690029
350760
909842
20911
721306
96534
42650
168409
271846
794750
713259
506930
329952
924590
453410
947216
404394
738781
931634
851562
444481
619913
368241
913035
525403
812783
419532
730897
480745
108518
663707
914978
845756
440921
388367
435437
696260
594399
196488
173464
874355
440953
570756
948555
752639
226855
33393
176600
931911
987495
67555
980742
522509
127115
430432
447801
346018
629750
869849
773439
51615
963635
736116
46777
367183
968945
158468
502628
949930
119199
122650
201539
742396
755040
406901
285675
243173
250795
911892
510955
607929
191363
772332
282005
209223
952909
529270
862381
23287
420307
452128
538606
48653
597716
43171
637235
94410
52037
569716
948233
240241
293160
986132
639822
861543
67464
132098
57733
10995
998542
263441
789498
392806
240707
712468
527564
369876
727971
722037
185244
645952
202458
60261
570641
117782
442974
919853
652357
696657
593384
6435
331151
865853
476560
366009
600557
973078
363716
256176
266766
442192
534628
974698
1082
40624
855038
841308
897119
835479
788001
201570
454841
96287
126752
780780
665628
33438
17189
825366
158241
705096
11055
241302
569643
914353
229929
183118
706005
827695
524264
131202
297722
446558
683201
804067
139040
586237
300037
250954
736769
472245
166619
411136
797944
521338
276600
466170
854981
277386
44029
907682
685309
497107
473196
351824
822801
522993
400456
953943
153784
342421
117257
192636
273212
540097
494009
917442
284766
425711
572974
588769
674919
905554
985252
905493
691981
192756
761462
530258
308734
576702
540089
11348
600971
817174
472566
908821
854644
534050
58049
276056
484300
500716
100282
842531
617225
823006
833440
123657
832298
484204
223501
904229
993605
156624
210770
445219
382124
497073
328367
289272
286011
371677
87215
510642
585409
183797
358302
564265
204425
64616
702760
868693
177604
901079
166096
651193
85972
405656
809737
937022
7031
493591
740981
544026
225998
966422
842807
804527
416969
765524
76983
655792
939890
890060
6130
135038
566738
734932
403258
107345
388612
438310
772817
681361
370580
918012
709982
978885
7698
50196
741514
404962
910969
161299
380986
542917
205559
483206
501545
746941
240857
848771
529504
443775
234837
536750
944277
620028
439155
573912
50590
207312
360024
162241
744144
557585
50736
478782
990136
366920
636791
260150
476789
730044
476581
841350
205489
448361
661492
670020
347066
812560
68303
498465
738689
830248
685848
955240
103341
801202
76950
521187
343069
689962
129466
716828
308473
679257
755852
34305
197107
570824
971575
716449
353440
591695
365421
638739
980461
288075
847608
657589
980927
724141
684255
395602
463275
526191
275569
888157
462735
664482
680561
882906
662475
631716
480989
325468
44831
337197
750237
596777
461539
271688
300869
547001
928413
458526
906183
826717
385282
324205
266552
235389
712012
88408
657277
567482
668980
685849
611346
160498
806285
676114
967542
43553
873725
758400
882359
86116
6104
515024
255893
487770
58394
167948
345046
459043
250241
371438
715878
599306
465093
532181
812968
706367
190133
232533
831389
484157
711344
394409
227567
76426
548668
101508
113819
206237
942598
890565
70906
599065
60598
413704
160298
218488
713006
712664
380573
737731
129248
750019
138430
620349
427657
866183
142843
977952
469326
368552
296243
27135
844145
508579
840510
324298
397744
283708
121619
826224
539962
46324
834586
956639
919759
142231
197327
916967
521843
976497
638927
140220
271182
382304
235587
5914
748579
765637
814630
598467
922539
827540
701364
39460
311565
428363
970481
811605
882045
649088
355922
806591
374318
623443
337612
130969
600757
512514
768312
501899
458748
927258
590880
41523
990303
274315
78889
357957
71974
317525
238300
931725
684128
203487
434258
329808
380376
803494
163644
589904
165111
770770
89357
321711
223414
755300
255748
403563
993469
902284
556377
501512
44957
900568
570563
541259
236839
552134
692068
558370
419495
855930
945235
178913
263872
468811
757059
323367
472229
334583
130196
127903
274033
871863
150198
853794
112420
746094
972534
62138
764219
640443
846311
324738
604587
552493
317614
887593
203897
969046
647337
418069
613049
86584
84284
185827
786913
581340
159866
519565
72456
665538
867757
707237
582145
510323
95171
20798
707534
163570
421653
622890
141891
140305
735828
504477
651193
905183
146514
247600
346859
465215
442923
86466
685744
615956
787726
97401
503317
30232
287083
694694
869782
115980
733819
650054
607801
867146
518055
453861
888840
10998
251862
418142
681065
489875
372502
196925
343451
423537
328358
376581
367759
554436
18141
348685
441121
750609
665275
732165
661937
356993
629515
911382
221603
537624
536113
152935
296239
445119
850390
498813
858725
622077
892780
611322
718209
659204
245600
652998
137318
733928
452636
601099
128507
992363
435254
715866
353439
857715
331512
836715
431882
713565
625932
174849
686657
749034
604740
567084
454005
527511
814340
98024
207545
987915
74061
191779
125022
877354
372774
560284
990958
759495
386984
119207
594497
788150
796967
919565
263422
643006
930552
27408
573810
682925
628516
575884
981382
421382
235048
637688
84704
112726
851301
783756
384025
486821
245418
815165
820246
11975
188828
808036
184389
595602
962240
843324
158006
432170
912485
35722
480467
637047
726833
612055
28030
882040
794118
917081
3654
797297
759440
705904
171653
837824
686317
499020
24792
882638
351930
525547
62268
536736
165815
540928
306369
736461
91926
847727
442926
852682
2981
725301
484082
951777
791252
680613
546754
696513
323045
342157
829267
409774
473585
823
583862
181785
450001
562635
303115
856714
157359
617426
983843
213945
233321
668565
823286
107325
617054
325988
136445
784796
286425
6386
129902
147265
524504
494110
948818
215819
41912
546636
161348
314049
609790
246898
977992
108580
838148
781935
169477
743005
791934
52437
5728
168790
962792
376327
200823
931493
716174
447358
654903
352034
20087
77542
553051
48601
504687
626213
614785
78235
981168
926203
752490
57903
197484
975812
954446
153510
861562
905883
996890
247756
364506
728537
779848
293242
388518
732219
771160
755721
360856
912417
934704
314913
69554
352499
347149
673007
623054
17502
506405
222005
682242
822780
410651
812091
36271
539346
627678
400291
698983
578674
216159
535834
962680
754817
273005
8875
305241
974931
636590
604781
950896
473074
442940
375517
288254
833534
153241
976262
896872
684270
426449
127964
532067
191924
945067
722857
490682
375743
417931
319647
42111
215514
323175
105419
972044
964338
216612
810283
104309
577781
671500
549142
994956
348053
443886
436505
939855
794283
975315
742051
282994
758265
384664
164630
859909
818888
48749
875517
881155
558832
257192
15005
60086
895222
261703
643812
397833
145167
664257
749182
988332
150467
691591
434503
389150
857453
936156
399771
545626
448415
323982
872392
488672
409890
655056
581349
512542
603162
219125
127292
245755
18888
114699
9570
921473
109610
472530
671592
603813
796861
78807
117354
404275
280227
688754
704324
904602
534559
813016
50341
545746
633404
86750
304635
364837
4237
390219
865550
708065
293584
746072
838633
730841
980844
387590
695218
902994
529690
991068
135195
406417
285024
912892
684721
724223
792567
716833
89874
527670
587534
209720
414524
228970
160039
357271
780480
394743
977056
959710
780757
884418
193804
509161
539208
737999
205056
963951
420881
990367
177706
342138
271489
102468
906842
169859
38168
209987
853285
908457
654900
721699
125790
590350
203299
181912
209733
442126
659801
19783
623420
910877
925309
310198
63604
456764
655902
248978
412711
412632
340867
713051
165054
646719
2527
401200
322002
105279
475491
741747
457359
560989
609710
508760
834357
21679
180896
523023
783096
179415
815436
289612
188104
104668
364299
206511
277995
927078
528301
972309
932037
198294
157387
307578
672506
682496
471480
838921
541738
810822
32790
699715
340891
320850
898116
825735
478325
186543
200373
401475
294438
147461
