999935
999919
999850
999795
999673
999630
999530
999528
999456
999419
999231
999206
999180
999167
999148
999068
999033
999027
998924
998894
998768
998756
998688
998475
998342
998253
998207
997662
997594
997527
997516
997468
997453
997375
997352
997308
997179
997172
997118
996997
996910
996838
996797
996574
996476
996432
996353
996332
996331
996202
996160
996160
996149
996140
995940
995858
995842
995796
995783
995428
995006
994762
994701
994630
994595
994423
994318
994247
994007
993967
993859
993804
993540
993474
993448
993445
993371
993326
993293
993282
993151
993147
992870
992749
992674
992552
992548
992511
992316
992274
992226
992157
992017
991888
991788
991709
991431
991345
991031
990970
990943
990916
990908
990848
990777
990549
990542
990380
990347
990341
990279
990006
989967
989934
989728
989561
989485
989457
989449
989339
989317
989268
989236
989176
989143
989051
989006
988952
988946
988940
988879
988871
988786
988425
988380
988307
988255
988221
988185
988184
988135
988036
988019
988013
987884
987643
987541
987369
987276
987155
987106
987039
986874
986687
986422
986307
986160
986103
986029
985859
985852
985731
985712
985556
985545
985449
985299
985272
985161
985144
985143
985081
984991
984603
984577
984566
984407
984333
984223
984200
984120
984090
983770
983685
983676
983622
983608
983310
983274
983093
983089
983072
983067
982769
982753
982741
982525
982289
982208
982174
981872
981844
981678
981650
981613
981608
981592
981514
981391
981303
981253
981195
981162
981137
981060
981012
980876
980613
980601
980414
980251
979924
979695
979673
979625
979423
979333
979182
979086
979053
979043
979038
978794
978674
978580
978571
978489
978421
978161
978072
978026
978014
978005
977869
977685
977541
977493
977465
977403
977329
977102
977099
976813
976697
976532
976382
976233
976231
976136
976061
975953
975890
975705
975648
975594
975588
975517
975407
975362
975173
974919
974588
974441
974265
974248
974232
974192
974121
974070
974029
973999
973897
973742
973559
973517
973448
973445
973397
973241
973119
972925
972834
972821
972363
972009
971931
971872
971766
971702
971358
971200
971188
971080
970653
970621
970550
970313
970226
970207
970158
969959
969936
969908
969875
969839
969780
969694
969661
969560
969545
969510
969396
969213
969105
968929
968799
968514
968513
968321
968105
968005
967877
967745
967664
967660
967653
967585
967486
967464
967426
967379
966819
966675
966455
966387
966220
966116
965884
965660
965525
965442
965437
965266
964974
964821
964646
964462
964455
964226
963922
963911
963835
963765
963705
963585
963507
963472
963457
963453
963275
963193
963055
963053
963044
963041
962921
962729
962612
962581
962557
962531
962388
961708
961067
960830
960819
960804
960765
960588
960394
960366
960301
960104
960009
959996
959835
959818
959731
959677
959601
959573
959569
959552
959427
959377
959224
959052
958944
958931
958575
958496
958373
958293
958194
958186
957899
957871
957596
957577
957521
957476
957112
956800
956786
956778
956774
956640
956607
956558
956538
956410
956390
956340
956283
956279
956189
955778
955677
955673
955631
955407
955110
955028
954881
954768
954367
954305
954192
954168
953892
953742
953705
953611
953523
953427
953356
953320
953253
952944
952724
952563
952490
952442
952336
952014
951960
951952
951860
951776
951493
951423
951382
951132
950998
950969
950918
950889
950768
950606
950487
950454
950393
950338
950319
950210
950167
950016
949936
949805
949802
949774
949756
949572
949464
949163
949125
948964
948930
948859
948760
948742
948568
948508
948498
948472
948245
948167
948124
947926
947923
947701
947657
947609
947607
947561
947543
947510
947500
947290
947001
946998
946766
946397
946064
945960
945918
945816
945812
945530
945440
945426
945229
945185
945073
945067
945009
944996
944975
944972
944965
944961
944867
944735
944098
944068
943959
943941
943912
943668
943486
943453
943405
943402
943210
943108
943099
943052
942860
942846
942777
942759
942408
942317
942268
942245
942244
941900
941893
941883
941782
941709
941530
941465
941326
941300
941287
941259
941235
941181
941042
940951
940833
940808
940547
940410
940311
940220
940219
939838
939743
939426
939387
939338
939240
939217
939200
939165
938720
938572
938314
938246
938209
938050
937756
937678
937595
937509
937480
937418
937114
936515
936492
936466
936428
936292
936256
936190
936064
935945
935906
935701
935454
935209
935086
935035
934590
934433
934303
933993
933982
933902
933781
933675
933433
933109
933071
933015
932950
932890
932681
932511
932443
932433
932198
932087
931920
931822
931659
931655
931468
931429
931331
931115
930965
930700
930591
930579
930556
930552
930417
930325
930203
930118
930092
930065
929789
929744
929639
929539
929523
929522
929507
929214
928836
928755
928700
928691
928469
928439
928387
928379
928344
928248
928028
927899
927806
927776
927640
927569
927531
927424
927346
927223
927013
927006
926990
926854
926767
926644
926579
926348
926332
926313
926266
926218
926201
926116
925919
925900
925878
925843
925685
925649
925529
925243
925199
925023
924754
924692
924353
924218
924194
924160
924066
923912
923866
923863
923796
923537
923489
923441
923389
923306
923174
923026
922963
922956
922941
922935
922887
922658
922493
922301
922184
922124
922065
921911
921836
921825
921787
921763
921716
921565
921390
921164
920955
920922
920889
920804
920691
920662
920467
920383
920238
919856
919737
919590
919547
919511
919509
919417
919385
919165
919080
918690
918541
918526
918265
918225
918194
918041
918025
917944
917732
917641
917571
917550
917411
917207
917196
917055
916914
916835
916791
916666
916610
916403
916357
916269
916188
916096
916051
915787
915424
915365
915179
914668
914463
914430
914360
914296
914201
914186
914179
914162
913956
913949
913893
913736
913655
913388
913337
913110
913036
912973
912922
912892
912829
912800
912780
912751
912722
912631
912531
912428
912275
912241
912095
912091
912047
911995
911736
911555
911507
911502
911471
911460
911244
911117
911018
910940
910784
910773
910665
910603
910345
910256
910158
910148
910060
910028
909937
909802
909738
909730
909651
909650
909516
909359
909336
909305
909296
909264
909238
909050
908991
908948
908794
908704
908677
908634
908447
908387
908371
908301
908270
908189
907664
907595
907578
907551
907466
907430
907324
907166
907129
907074
906970
906881
906737
906606
906584
906417
906286
906225
906193
906186
906078
905970
905948
905840
905832
905804
905773
905309
905267
905208
905185
904982
904934
904812
904811
904772
904750
904591
904224
904118
904023
903873
903674
903562
903422
903389
903321
903167
903069
903032
903016
902984
902939
902907
902886
902859
902811
902770
902485
902457
902446
902393
902277
902189
901979
901781
901650
901497
901438
901363
901298
901145
901097
901073
901066
900937
900812
900741
900739
900689
900602
900513
900480
900446
900255
900087
899811
899603
899553
899423
899370
899214
899182
898934
898912
898817
898800
898732
898705
898607
898510
897984
897922
897885
897841
897834
897807
897746
897706
897695
897522
897412
897226
897051
896978
896968
896879
896779
896655
896574
896573
896513
896134
896062
895968
895939
895804
895574
895544
895512
895512
895422
895344
895344
895268
895025
895023
894916
894744
894636
894574
894527
894475
894418
894061
894020
893998
893888
893884
893787
893742
893593
893390
893382
893280
893100
893069
893038
892992
892967
892844
892656
892466
892385
892236
892139
891975
891935
891903
891882
891842
891818
891728
891684
891621
891519
891310
891253
891166
891157
891134
891035
890894
890728
890707
890658
890609
890540
890521
890499
890451
890326
890237
889952
889878
889860
889801
889553
889508
889173
889153
889128
889056
888934
888848
888837
888811
888739
888311
888215
888132
887893
887843
887807
887754
887639
887537
887499
887356
887119
887022
886910
886767
886750
886609
886504
886355
886321
886245
886231
886199
886162
886116
886111
886080
885961
885951
885914
885831
885827
885788
885708
885516
885470
885327
885280
885225
885113
885035
884981
884975
884743
884694
884449
884246
884003
883931
883572
883511
883474
883445
883302
883260
883222
883173
882940
882923
882758
882741
882581
882440
882439
882421
882336
882066
882041
882027
881953
881892
881839
881798
881716
881593
881585
881444
881348
881302
881242
881170
881081
881039
880982
880871
880820
880714
880673
880589
880383
880338
880192
880191
880178
880111
879996
879890
879693
879592
879515
879393
879245
879211
879188
879113
879097
879056
878990
878942
878924
878779
878659
878388
878322
878295
878280
878198
878192
878043
877895
877840
877786
877631
877626
877599
877527
877471
877436
877407
877288
877227
877039
876958
876760
876704
876613
876395
876308
876213
876123
876085
876054
875994
875960
875827
875738
875713
875711
875527
875339
875335
875238
875159
875133
875076
875061
875049
875013
874961
874943
874876
874875
874802
874675
874664
874579
874567
874482
874439
874348
874308
874205
874182
874076
873802
873793
873773
873636
873527
873331
873329
873257
873204
873176
872564
872412
872265
872180
871851
871800
871752
871725
871589
871572
871491
871400
871349
871112
871075
870968
870817
870814
870713
870615
870593
870570
870316
870165
869912
869876
869640
869308
869038
868932
868885
868776
868577
868525
868407
868032
867950
867889
867725
867594
867538
867490
867440
867388
867367
867360
867284
867017
866908
866877
866810
866761
866652
866405
866386
866374
866261
866203
866093
866062
865898
865889
865821
865817
865816
865796
865745
865711
865661
865653
865618
865613
865572
865519
865506
865374
865299
865292
865214
865192
865185
864940
864898
864868
864857
864850
864807
864644
864488
864353
864302
864263
864233
864013
863908
863825
863707
863639
863401
863280
863203
863161
862712
862607
862065
862060
862052
862036
861925
861866
861864
861830
861713
861700
861641
861609
861472
861293
861290
861248
861215
861205
861178
860969
860838
860745
860692
860570
860477
860475
860412
860377
860324
860271
860247
860240
860230
860041
860004
859886
859846
859780
859662
859604
859513
859394
859342
859256
859141
859131
858792
858769
858729
858658
858461
858413
858315
857967
857732
857592
857583
857518
857372
857314
857211
857164
857120
857104
857093
856763
856668
856491
856347
856303
856250
856063
856022
856001
855956
855930
855843
855703
855462
855355
855264
855228
855044
854952
854902
854823
854790
854773
854508
854499
854480
854232
854209
853999
853998
853696
853557
853478
853453
853148
853137
852975
852917
852904
852839
852624
852423
852378
852280
852162
852153
852141
852131
852021
851967
851926
851835
851792
851703
851689
851670
851572
851359
851336
851259
851054
850948
850938
850895
850892
850881
850860
850777
850696
850662
850632
850475
850463
850361
850239
850220
850193
850121
850039
849947
849891
849578
849519
849135
849072
848959
848923
848906
848870
848638
848627
848579
848558
848510
847973
847957
847889
847853
847662
847541
847434
847258
847246
847152
847115
846939
846920
846780
846777
846773
846644
846547
846221
846119
846010
845916
845786
845735
845687
845657
845597
845421
845336
845255
845243
844921
844806
844768
844713
844701
844688
844683
844629
844571
844524
844470
844413
844363
844339
844325
844258
844232
844217
843943
843792
843707
843484
843445
843379
843250
843209
843071
843061
843027
843009
842997
842967
842558
842539
842489
842426
842412
842350
842293
842244
842222
842164
842126
841986
841909
841906
841878
841773
841709
841703
841510
841486
841408
841367
841355
841345
841211
840822
840707
840615
840533
840525
840519
840490
840488
840479
840477
840341
840176
839906
839893
839817
839765
839714
839603
839565
839539
839395
839350
839178
838906
838754
838611
838570
838557
838473
838105
838092
838046
838046
837940
837844
837833
837604
837553
837498
837295
837171
837114
837090
837042
836954
836932
836907
836690
836678
836519
836506
836419
836331
836327
836307
836279
836120
836120
836086
835908
835401
835152
835118
835060
835059
835051
834959
834842
834839
834729
834728
834532
834531
834500
834446
834336
834252
834086
834057
834026
833953
833740
833680
833664
833634
833578
833516
833448
833418
833353
833313
833183
833177
833117
833115
833016
833003
832943
832766
832758
832560
832455
832268
832100
832059
831577
831438
831379
831376
831280
831193
831172
831149
831035
830933
830882
830835
830725
830499
830434
830142
829996
829963
829895
829726
829628
829524
829496
829345
829277
829237
829168
829033
828973
828972
828902
828775
828479
828374
828361
828319
828248
827988
827856
827627
827574
827471
827458
827146
827080
827074
826955
826894
826880
826825
826587
826424
826394
826368
826318
826284
826272
826213
826197
826009
825942
825893
825803
825604
825498
825448
825236
825222
825193
825103
824962
824943
824937
824913
824810
824751
824700
824269
824224
824208
823973
823922
823907
823880
823829
823688
823589
823585
823574
823564
823517
823371
823268
822925
822922
822920
822869
822702
822657
822604
822245
822093
821977
821956
821685
821641
821498
821431
821415
821375
821227
821121
820892
820724
820572
820272
820193
820091
819986
819104
819034
819026
818927
818913
818864
818793
818721
818565
818543
818498
818275
818170
818055
818020
817915
817810
817542
817173
817112
817060
817046
817003
816725
816624
816549
816526
816460
816368
816236
816076
815929
815845
815812
815785
815678
815577
815440
815410
815243
815168
815001
814714
814669
814525
814428
814141
814138
813821
813647
813579
813542
813528
813463
813376
813064
812948
812869
812781
812736
812572
812559
812481
812422
812420
812368
812366
811878
811836
811811
811659
811582
811576
811429
811360
811260
811099
810894
810858
810698
810692
810589
810579
810454
810419
810217
810171
810058
810054
809990
809940
809902
809806
809791
809725
809694
809642
809462
809419
809414
809395
809254
809135
809108
808940
808919
808850
808740
808461
808451
808144
807846
807826
807600
807419
807339
807305
807261
807230
807166
807138
807086
807084
806949
806886
806866
806728
806679
806556
806473
806446
806407
806289
806174
805707
805590
805423
805393
805099
805044
804891
804853
804753
804741
804582
804513
804497
804472
804441
804355
804346
803943
803811
803725
803677
803663
803652
803458
803419
803411
803362
803281
803036
802763
802728
802317
802142
801976
801910
801726
801580
801295
801098
800864
800849
800822
800796
800771
800683
800680
800551
800541
800474
799998
799993
799914
799828
799698
799569
799537
799534
799272
799261
799231
799167
799149
799126
799023
798993
798907
798781
798769
798561
798252
798199
798111
798068
797744
797726
797497
797418
797369
797352
797331
797155
797030
796974
796930
796868
796747
796721
796622
796538
796366
795972
795884
795882
795833
795599
795483
795454
795444
795368
795285
795194
795168
795122
795106
794887
794871
794777
794755
794734
794667
794591
794491
794404
794376
794305
794277
794243
794216
794186
794052
794023
793621
793596
793497
793396
793366
793294
793252
793179
793166
793162
793128
793049
793036
792878
792845
792661
792658
792496
792433
792399
792305
792302
792194
792122
792011
792004
791870
791866
791733
791538
791457
791376
791025
790997
790963
790958
790827
790752
790716
790606
790432
790245
790170
790133
790108
789680
789597
789546
789541
789330
789327
789067
789047
788997
788970
788929
788828
788766
788752
788714
788631
788621
788588
788588
788368
788354
788169
788134
788133
787983
787971
787706
787615
787615
787543
787533
787379
787295
787251
787248
787209
787159
787141
786972
786966
786932
786874
786807
786749
786724
786701
786649
786586
786503
786342
786305
786294
786291
786192
786181
786037
786036
786030
786029
786004
785959
785903
785900
785875
785816
785563
785449
785420
785317
785083
784860
784701
784648
784634
784484
784216
784154
784151
784098
784010
783894
783813
783717
783668
783570
783416
783266
783159
783037
782990
782861
782844
782734
782399
782015
782006
782002
781980
781806
781586
781500
781437
781106
780985
780946
780864
780799
780696
780594
780503
780311
780268
780155
780042
779925
779841
779736
779669
779508
779293
779227
779163
779143
778981
778910
778766
778761
778722
778683
778370
778345
778086
777983
777929
777768
777682
777596
777510
777395
777322
777301
777106
777086
777077
777033
777013
776820
776784
776764
776653
776622
776569
776568
776530
776486
776350
776320
776268
776226
776190
775785
775596
775557
775314
775247
775219
775141
775137
775078
775077
774896
774871
774840
774807
774797
774671
774651
774569
774534
774368
774275
774224
774181
774166
774057
774040
774014
773934
773930
773784
773688
773638
773504
773443
773328
773302
773270
773229
773222
773016
772928
772709
772657
772644
772596
772429
772361
772275
772187
771761
771574
771492
771369
771272
771242
771063
771059
771044
770939
770937
770656
770653
770619
770596
770594
770484
770435
770290
770087
770068
769959
769819
769720
769712
769667
769665
769468
769245
769111
769108
769033
769011
768846
768467
768433
768345
768175
768140
768095
767978
767835
767828
767787
767756
767665
767591
767455
767402
767326
767178
767175
767110
767086
766985
766592
766241
766230
766079
766037
765997
765758
765646
765608
765457
765451
765206
765176
765119
765029
764538
764509
764407
764371
764315
764245
764218
764192
764156
764098
763929
763909
763466
763431
763306
763180
763122
763052
762910
762863
762591
762554
762506
762485
762451
762352
762341
762329
762297
762197
762149
762111
762034
762031
761822
761578
761407
761318
761277
761168
760789
760757
760731
760611
760426
760320
760169
760120
760100
760046
759974
759963
759900
759790
759314
759304
759115
758991
758901
758668
758593
758565
758528
758515
758473
758462
758381
758326
758316
758305
758291
758262
758249
758143
758106
757946
757875
757712
757602
757538
757370
757341
757203
756813
756649
756632
756622
756560
756485
755938
755932
755766
755750
755613
755607
755348
755329
755241
755208
754911
754779
754775
754550
754457
754170
754083
754048
753925
753923
753906
753843
753635
753349
753322
753279
753267
753261
753245
753137
753129
753048
753004
752968
752508
752506
752115
752019
752014
752004
751921
751871
751849
751820
751692
751524
751470
751433
751386
751375
751367
751345
751237
751140
751042
750994
750982
750957
750544
750487
750345
750329
750282
750276
750198
750078
750060
749945
749936
749675
749653
749599
749591
749580
749462
749395
749390
749267
749145
749133
749129
749015
748934
748932
748863
748829
748722
748673
748652
748573
748521
748298
748062
748031
747961
747805
747515
747508
747460
747338
746905
746855
746667
746554
746462
746368
746248
746099
746032
746002
745970
745879
745862
745812
745773
745712
745708
745685
745599
745556
745276
745176
745146
745082
745044
745015
744964
744602
744072
744032
744032
743960
743923
743923
743774
743718
743683
743519
743448
743443
743374
743288
743230
743128
743110
743014
742970
742857
742840
742744
742675
742604
742590
742318
742313
742222
742089
742083
741950
741827
741766
741422
741419
741291
741274
741236
741132
741109
741086
740633
740460
740292
740281
740038
740030
739925
739922
739920
739713
739582
739381
739366
739265
739254
739231
739197
739150
739058
738952
738848
738797
738418
738360
738253
738167
738069
738030
737947
737760
737659
737640
737331
737210
737177
736845
736516
736355
736317
736022
735987
735945
735906
735817
735767
735736
735630
735603
735596
735594
735490
735407
735367
735335
735277
735162
735105
735032
734834
734766
734723
734698
734631
734597
734518
734312
734280
734144
734143
734040
734038
733953
733952
733765
733677
733426
733174
732957
732899
732890
732661
732645
732470
732371
732266
732188
732105
732043
732003
731919
731825
731562
731540
731481
731473
731459
731365
731278
731009
730994
730903
730897
730838
730769
730425
730408
730371
730274
729995
729762
729411
729393
729382
729336
729193
729147
728984
728926
728623
728562
728537
728410
728289
728247
728218
728173
728148
728034
727891
727855
727844
727653
727526
727325
727222
727087
727035
726574
726332
726111
726085
726047
726040
725970
725935
725721
725640
725594
725571
725478
725419
725404
725389
725307
725146
725023
724987
724898
724655
724490
724384
724295
724242
724215
724213
724183
724173
723968
723839
723793
723774
723736
723486
723401
723308
723303
723289
723245
723164
723127
723120
722776
722769
722739
722502
722469
722331
722308
722296
722258
722012
722010
721803
721778
721734
721549
721256
721144
720885
720832
720750
720732
720727
720624
720413
720006
719960
719872
719573
719333
719297
719295
719216
719112
719035
718993
718849
718777
718770
718747
718639
718632
718497
718445
718430
718253
717964
717752
717646
717640
717072
717071
717052
717010
716996
716943
716825
716741
716600
716347
716245
716180
716157
715998
715974
715795
715729
715700
715645
715535
715283
715124
714748
714688
714628
714384
714375
714239
714236
714160
714121
714046
713740
713644
713616
713588
713398
713382
713364
713361
713331
713127
713053
712976
712870
712556
712500
712209
711904
711883
711564
711510
711494
711431
711193
710946
710917
710847
710742
710619
710547
710285
710260
710189
709991
709929
709927
709909
709861
709659
709512
709321
709297
709251
709170
708941
708917
708909
708687
708666
708444
708428
708318
708250
708247
707963
707695
707550
707377
707256
706981
706902
706734
706514
706508
706508
706496
706207
706135
705919
705776
705653
705552
705248
704927
704782
704726
704715
704714
704680
704441
704406
704369
704268
704267
704042
703940
703907
703518
703296
703115
702827
702818
702503
702466
702460
701963
701762
701716
701692
701427
701369
700775
700661
700545
700496
700327
700246
699993
699978
699946
699828
699760
699601
699584
699422
699131
699092
699090
699076
699056
698943
698874
698856
698637
698603
698592
698583
698535
698322
698041
698020
697977
697900
697804
697783
697679
697579
697367
697323
697274
697134
697017
696994
696825
696780
696774
696747
696698
696631
696628
696621
696605
696585
696348
696297
696119
696073
695725
695654
695578
695471
695385
695368
695187
695173
694923
694831
694685
694628
694410
694360
694289
694246
694195
694074
694027
694010
693899
693793
693624
693602
693209
693202
693198
693185
693065
692884
692872
692779
692687
692515
692367
692288
692036
691861
691845
691839
691736
691664
691592
691585
691461
691384
691374
690976
690895
690752
690746
690738
690713
690579
690565
690448
690403
690341
690283
690123
690055
689975
689912
689761
689687
689670
689419
689415
689281
689258
689181
689087
688983
688750
688745
688722
688616
688560
688549
688527
688515
688360
688321
688173
688047
688036
687933
687916
687808
687798
687750
687654
687605
687553
687399
687193
687122
687046
687033
686879
686874
686852
686635
686506
686339
686040
685447
685346
685338
685135
685062
685060
685046
684985
684885
684849
684693
684638
684602
684552
684423
684350
684309
684289
684246
684229
683861
683784
683763
683585
683309
683173
683141
682846
682815
682564
682560
682400
682325
681987
681831
681739
681688
681668
681559
681552
681493
681489
681368
681185
681074
680913
680908
680712
680685
680681
680680
680677
680667
680645
680622
680492
680363
680149
680139
680105
680063
680028
679916
679899
679873
679851
679816
679716
679600
679420
679143
678638
678526
678519
678279
678089
678005
677966
677848
677776
677761
677600
677543
677494
677491
677325
677111
676987
676755
676743
676705
676556
676524
676503
676413
676107
675965
675852
675825
675803
675651
675560
675330
675323
675161
675139
675138
674805
674752
674733
674719
674696
674661
674627
674408
674254
674114
673979
673817
673636
673441
673405
673365
673328
673311
673203
673189
673138
672834
672729
672712
672506
672143
672111
672062
672029
671935
671846
671791
671642
671605
671570
671488
671460
671378
671352
671083
671079
670984
670870
670864
670728
670710
670658
670615
670576
670479
670467
670305
670281
670211
670140
670134
670034
670007
669977
669874
669860
669576
669436
669350
669179
669171
669050
668940
668866
668790
668739
668638
668577
668472
668242
668215
668111
667827
667720
667287
666992
666894
666823
666788
666687
666617
666590
666569
666525
666318
666259
666244
666210
666125
665882
665846
665765
665691
665562
665539
665323
665248
665244
665235
665056
665028
665022
664886
664754
664730
664726
664688
664688
664658
664574
664504
664485
664390
664099
664023
664018
663909
663908
663900
663523
663427
663397
663293
663123
662936
662820
662567
662459
662453
662294
662212
662198
662192
662059
661954
661859
661765
661671
661550
661463
661244
661152
661025
660721
660594
660553
660373
660268
660042
659989
659817
659754
659568
659366
659282
659220
658859
658855
658822
658620
658559
658252
657951
657714
657664
657501
657376
657343
657131
656828
656601
656510
656442
656096
656076
656064
655971
655865
655805
655781
655774
655763
655626
655200
655068
655059
655029
655005
654994
654925
654917
654761
654728
654660
654639
654617
654594
654578
654550
654545
654533
654460
654412
654359
654195
653931
653795
653711
653617
653504
653395
653234
653044
652916
652698
652546
652064
652005
651903
651830
651770
651706
651448
651425
651353
651350
651090
651044
651022
650936
650883
650714
650596
650522
650508
650401
650378
650298
650282
650270
649981
649929
649861
649852
649835
649737
649676
649526
649067
648926
648868
648838
648660
648599
648310
648259
648219
648111
647999
647990
647964
647877
647766
647682
647635
647544
647542
647535
647489
647449
647442
647243
647087
647077
646854
646655
646521
646357
646273
646256
646206
646116
645791
645610
645455
645238
644986
644880
644707
644676
644672
644592
644478
644340
644314
644289
644094
644088
644051
643972
643892
643781
643761
643642
643541
643473
643287
643259
643230
643230
643113
643084
643013
642971
642794
642774
642698
642685
642453
642387
642373
642286
642183
642143
642117
642060
641841
641820
641701
641549
641445
641343
641322
641257
641190
640902
640857
640715
640665
640609
640437
640406
640362
640180
640167
640140
640066
639999
639943
639797
639564
639526
639462
639442
639311
639303
639079
639079
639047
638878
638877
638819
638802
638787
638677
638485
638306
638271
638218
638180
638010
637827
637798
637746
637604
637450
637116
637070
637059
636922
636911
636847
636596
636586
636499
636475
636347
636343
636307
636019
635699
635484
635115
635059
635023
634976
634899
634882
634868
634765
634692
634665
634551
634521
634482
634457
634421
634341
634084
634041
633845
633764
633745
633637
633609
633372
633361
633323
632994
632987
632873
632555
632475
632386
632355
632341
632333
632199
632182
631986
631883
631872
631834
631625
631576
631543
631303
631210
631139
631057
631004
630991
630937
630877
630822
630811
630676
630545
630543
630538
630499
630491
630398
630317
630229
630028
629989
629754
629665
629587
629490
629435
629385
629310
629266
629162
629089
629034
628936
628915
628813
628799
628725
628625
628617
628598
627949
627914
627769
627755
627633
627446
627335
627033
626948
626908
626849
626776
626732
626649
626605
626592
626416
626271
626181
626106
626093
625950
625843
625759
625587
625328
625243
625236
625221
625216
625158
625135
625072
625059
624873
624475
624414
624326
624288
624134
624113
624004
623997
623933
623798
623719
623664
623630
623412
623393
623365
623319
623294
623197
623129
623118
623087
623055
623037
622821
622694
622618
622590
622475
622474
622334
622274
622224
621981
621940
621795
621774
621643
621587
621582
621267
621254
621239
621234
621123
621120
620883
620882
620764
620711
620676
620624
620618
620536
620468
620286
620208
620190
620171
620167
619955
619941
619859
619842
619640
619533
619422
619406
619314
619193
619155
619147
618761
618567
618486
618474
617870
617791
617654
617497
617485
617451
617408
617378
617258
617179
617129
617086
616991
616874
616868
616778
616727
616665
616586
616548
616324
616141
615901
615680
615608
615449
615423
615272
615059
615042
614805
614805
614594
614442
614437
614377
614375
614342
614212
613957
613955
613791
613784
613673
613475
613273
613212
613209
612952
612846
612841
612785
612783
612547
612468
612393
612365
612155
612103
611518
611493
611484
611421
611245
611171
610906
610710
610542
610508
610431
610391
610386
610259
610247
610190
610144
609940
609864
609772
609738
609694
609688
609612
609495
609456
609240
609191
609176
609171
609011
608996
608956
608875
608505
608484
608459
608422
608112
607928
607880
607762
607747
607747
607679
607257
607163
607162
607152
607144
607138
606997
606818
606507
606409
606406
606347
606340
606144
606101
606052
605860
605856
605848
605815
605698
605387
605178
605154
605151
605034
604941
604925
604922
604912
604901
604692
604234
604059
603973
603903
603854
603823
603764
603746
603723
603623
603581
603529
603175
603133
602998
602963
602902
602893
602868
602737
602541
602514
602410
602382
602337
602283
602003
601994
601994
601971
601930
601802
601771
601541
601333
601286
601285
601221
600817
600803
600487
600470
600458
600399
600361
600045
599886
599852
599842
599809
599707
599699
599580
599421
599315
599295
599250
599171
598809
598649
598480
598422
598419
598388
598384
598309
598272
598099
598023
597942
597929
597862
597816
597802
597640
597540
597460
597290
597237
597212
597206
597044
596905
596896
596807
596794
596713
596687
596632
596555
596102
596033
595977
595961
595905
595685
595601
595429
595427
595418
595374
595205
595178
595157
595115
595001
594978
594882
594787
594763
594519
594512
594504
594483
594226
594142
594127
593846
593822
593501
593349
593286
593249
593234
593174
593146
592914
592736
592631
592596
592501
592495
592377
592209
592183
592167
592121
591896
591877
591637
591478
591286
591249
590813
590785
590744
590623
590483
590434
590385
590369
590243
590010
589932
589871
589649
589292
589223
589165
589164
589004
589000
588942
588334
588311
588194
588067
588057
587991
587886
587825
587761
587609
587561
587349
587186
587060
587060
587014
586940
586905
586883
586873
586824
586775
586448
586339
586069
586004
585974
585801
585761
585635
585616
585334
585027
584939
584717
584680
584672
584649
584627
584626
584605
584564
584507
584395
584295
584243
584159
583942
583936
583930
583865
583569
583356
583271
583204
583182
583063
583054
583000
582970
582892
582877
582665
582567
582442
582438
582397
582382
582379
582353
582228
582070
581748
581685
581651
581626
581566
581349
581280
581151
580741
580716
580571
580489
580377
580305
580080
580031
579899
579887
579783
579736
579207
579076
579040
578899
578594
578567
578529
578004
577982
577878
577769
577638
577604
577553
577317
577233
577018
576740
576722
576690
576642
576610
576335
576277
576268
575657
575650
575574
575548
575500
575305
575298
575191
575179
575094
575078
575056
575001
574981
574977
574923
574896
574880
574878
574822
574763
574680
574642
574403
574266
574152
574023
574003
573932
573682
573442
573440
573367
573211
573181
572838
572791
572720
572492
572461
572293
572156
572123
572071
572025
571840
571785
571566
571544
571351
571222
571177
571117
570962
570830
570705
570620
570454
570446
570229
570124
570042
570000
569998
569982
569962
569899
569880
569786
569716
569597
569447
569257
569171
568947
568903
568901
568877
568854
568695
568568
568370
568213
568114
568055
567980
567924
567700
567690
567662
567384
567100
567069
566967
566880
566687
566559
566355
566277
566239
566217
566193
566009
565904
565860
565852
565598
565575
565524
565482
565297
565200
565200
564888
564861
564858
564796
564762
564697
564670
564638
564581
564496
564472
564463
564445
564412
564392
564365
564263
564241
564007
563872
563833
563788
563716
563634
563602
563093
563049
563032
562975
562869
562824
562575
562526
562503
562311
562195
562103
562061
561882
561847
561823
561739
561733
561617
561567
561541
561517
561482
561408
561389
561317
561229
561042
560799
560719
560695
560693
560564
560543
560535
560371
560315
560296
559982
559980
559903
559489
559314
559273
559262
559072
559049
559046
558972
558956
558909
558893
558835
558809
558750
558670
558582
558421
558365
558345
558223
558176
558103
558076
558045
557996
557867
557849
557817
557773
557523
557352
557347
557116
557096
556974
556852
556846
556832
556825
556775
556669
556554
556374
556320
556106
556044
556026
555835
555712
555654
555596
555590
555234
555168
555083
555011
554962
554957
554942
554913
554842
554750
554563
554543
554533
554437
554247
554235
553722
553611
553593
553582
553501
553237
553230
553223
553202
553116
552930
552485
552485
552461
552102
551584
551559
551444
551400
551051
551044
550862
550607
550313
550208
550102
549793
549780
549776
549549
549541
549497
549439
549119
549025
548990
548818
548768
548759
548758
548725
548450
548247
548242
548206
548168
547992
547795
547661
547658
547553
547490
547432
547322
547059
546869
546840
546725
546659
546626
546578
546509
546499
546462
546458
546458
546452
546440
546401
546354
546268
546202
546112
546055
546027
545944
545828
545790
545626
545607
545515
545451
545328
545318
545311
545274
545252
545157
545133
545041
544875
544815
544810
544554
544380
544232
544192
544179
543840
543698
543657
543483
543314
543311
543305
543282
543206
543061
543036
542975
542824
542625
542580
542508
542429
542373
542350
542224
541749
541592
541582
541572
541393
541287
541218
541198
540898
540859
540554
540486
540383
540295
540288
540208
540174
540115
540067
539970
539956
539722
539712
539618
539540
539530
539503
539219
539209
539100
538735
538714
538675
538577
538522
538513
538293
538266
538220
538167
538069
538006
537816
537660
537624
537529
537450
537443
537404
537347
537316
537183
536949
536889
536882
536869
536766
536725
536694
536657
536479
536425
536385
536325
536254
536207
536169
536092
536075
536037
535881
535873
535806
535757
535560
535507
535440
535408
535405
535228
535181
535171
535077
535063
535031
534733
534643
534635
534446
534385
534272
534240
534088
534069
533904
533325
533276
533183
533154
533046
533038
533006
532876
532775
532570
532518
532463
532317
532238
531922
531817
531811
531612
531584
531538
531464
531463
531312
531237
530996
530863
530806
530683
530392
530322
530173
530058
530022
529955
529912
529669
529612
529587
529564
529534
529205
528930
528868
528631
528095
528040
528014
527690
527489
527230
527071
526990
526958
526870
526740
526695
526682
526669
526654
526565
526525
526450
526397
526240
526173
526019
525941
525918
525868
525863
525815
525693
525639
525456
525454
525260
525105
525034
524997
524801
524634
524615
524524
524405
524266
524242
524217
524183
524047
524042
523928
523595
523575
523475
523414
523396
523234
523197
522972
522945
522675
522505
522403
522363
522328
522170
522137
522053
522037
521686
521636
521589
521431
521421
521225
521014
521005
521002
520873
520831
520644
520641
520574
520538
520399
519949
519578
519527
519438
519359
519326
519303
519225
519142
519136
519003
518715
518698
518692
518630
518566
518500
518401
518311
518177
518167
518132
518040
517987
517900
517819
517809
517806
517555
517544
517483
517393
517176
517175
517114
517051
517046
516927
516724
516651
516630
516526
516424
516325
516143
516117
515923
515715
515712
515704
515684
515672
515648
515629
515564
515489
515044
514999
514874
514742
514631
514589
514416
514164
514045
514011
513990
513977
513971
513839
513723
513693
513594
513467
513395
513366
513138
513031
513020
512992
512920
512686
512594
512557
512226
512127
512117
512080
511823
511648
511528
511525
511432
511422
511306
511292
511135
511077
511038
510960
510854
510697
510586
510583
510471
510392
510350
510290
510280
510227
509982
509887
509789
509716
509655
509654
509617
509455
509173
509101
508963
508945
508901
508793
508790
508776
508571
508412
508369
508350
508326
508256
508198
508186
508015
507872
507844
507841
507831
507753
507657
507636
507614
507583
507396
507339
507203
507073
507026
507003
506878
506874
506835
506606
506252
506198
506095
505990
505735
505718
505702
505349
505286
505224
505192
505178
504993
504819
504684
504548
504434
504172
504170
503790
503787
503782
503734
503729
503708
503690
503655
503552
503372
503174
503032
502946
502807
502697
502577
502242
502154
502100
502048
502031
501971
501825
501615
501230
501168
501086
501052
500949
500824
500742
500219
500159
500040
500006
499968
499795
499768
499752
499747
499743
499692
499615
499380
499368
499343
499072
498962
498947
498834
498808
498803
498606
498600
498542
498478
498417
498351
498062
497805
497716
497597
497535
497399
497278
497102
496899
496836
496602
496452
496452
496408
496308
496286
496194
496079
496077
496047
495962
495921
495744
495612
495610
495419
495323
495231
495217
495197
495177
495160
495141
494923
494900
494797
494773
494649
494555
494505
494412
494331
494287
493817
493632
493618
493599
493400
493327
493209
492919
492891
492796
492748
492510
492441
492368
492132
492064
492061
491969
491968
491755
491623
491370
491291
491276
491271
491156
491004
490967
490753
490588
490549
490532
490473
490368
490134
489760
489736
489678
489656
489627
489487
489478
489464
489418
489150
489015
488994
488899
488802
488705
488418
488418
488365
488309
487924
487693
487621
487588
487554
487499
487351
487329
487110
486965
486959
486928
486859
486512
486499
486462
486445
486420
486411
485991
485985
485872
485755
485727
485632
485579
485418
485253
484939
484887
484688
484569
484387
484352
484346
484113
484057
484031
483784
483759
483756
483734
483693
483626
483598
483573
483432
483302
483157
483003
482990
482981
482765
482688
482638
481923
481867
481426
480963
480847
480806
480542
480458
480346
480323
480257
480224
479949
479898
479857
479845
479771
479622
479615
479597
479484
479380
479339
479182
479100
478969
478967
478965
478961
478951
478872
478752
478630
478542
478478
478478
478341
478335
478258
478105
478052
477942
477889
477864
477849
477837
477545
477032
476903
476793
476653
476618
476595
476335
475830
475131
474891
474694
474667
474415
474387
474355
474208
474086
474066
473985
473928
473850
473698
473646
473600
473152
473090
473035
472815
472795
472559
472558
472532
472475
472451
472441
472261
472260
471951
471924
471828
471818
471734
471661
471590
471586
471507
471180
471042
470859
470786
470671
470615
470490
470418
470155
470140
470105
470022
469897
469876
469147
469075
468914
468838
468741
468682
468485
468478
468428
468246
468220
467978
467875
467845
467826
467822
467738
467718
467637
467609
467597
467491
467398
467387
467382
467325
467232
467119
466912
466671
466605
466085
466034
465971
465967
465822
465805
465700
465697
465619
465589
465514
465332
465309
465238
465058
464989
464930
464713
464514
464490
464340
464128
463855
463802
463768
463703
463608
463410
463361
463159
463117
463094
462928
462815
462750
462724
462685
462198
462174
462170
462102
462078
461999
461907
461856
461854
461805
461713
461707
461603
461602
461584
461532
461521
461498
461358
461336
461250
461237
461206
461168
461070
461021
460817
460625
460578
460566
460462
460391
460295
460258
460168
460086
459988
459931
459856
459849
459839
459822
459749
459597
459531
459503
459476
459472
459356
459176
458798
458789
458645
458614
458426
458245
458226
458102
458024
457937
457888
457882
457871
457762
457741
457683
457441
457307
457187
457154
456849
456763
456740
456664
456580
456430
456379
456324
456278
456190
456165
456047
456022
455971
455782
455720
455621
455552
455352
455331
455282
455219
455160
454927
454453
454440
454431
454366
454143
454096
454040
453982
453971
453406
453191
452980
452922
452899
452891
452696
452531
452427
451901
451829
451758
451716
451695
451659
451649
451568
451457
451433
451129
451078
450981
450918
450834
450823
450751
450667
450638
450450
450417
450360
450326
450266
450158
450155
450123
450110
450031
450026
449803
449759
449700
449584
449474
449385
449223
449208
449049
449044
448944
448759
448711
448696
448590
448572
448556
448538
448457
448375
448340
448098
447898
447719
447632
447575
447367
447287
447124
447121
447077
447064
446943
446676
446501
445994
445701
445509
445453
445441
445046
444863
444780
444746
444736
444593
444276
444081
444028
444020
443887
443778
443713
443672
443667
443223
443184
443148
443131
442873
442647
442514
442449
442391
442346
442334
442241
441926
441754
441740
441651
441603
441290
441209
441079
440895
440776
440669
440427
440423
440360
440258
439971
439911
439815
439421
439406
439386
439379
439025
438977
438796
438717
438714
438636
438628
438402
438385
438092
438070
438036
437997
437977
437884
437850
437653
437597
437510
437477
437435
437383
437312
437197
437076
436803
436709
436378
436266
436042
435759
435620
435540
435470
435350
435301
435104
435054
434998
434971
434950
434900
434840
434705
434610
434533
434527
434395
434145
434134
433997
433964
433622
433442
433333
433329
433318
433284
433154
433116
433021
433015
432962
432947
432923
432899
432795
432541
432435
432278
432107
432064
432044
431924
431881
431604
431484
431456
431405
431359
431328
431281
431247
431008
431005
430940
430606
430564
430458
430428
430319
430239
430228
430158
429905
429872
429850
429536
429513
429428
429348
429192
429165
429070
429027
428957
428938
428885
428694
428692
428521
428477
428343
428291
428214
428029
427990
427817
427812
427730
427728
427654
427314
427075
427060
426892
426769
426341
426239
426137
426136
426111
426053
425971
425813
425470
425412
425363
425311
424941
424932
424817
424805
424783
424476
424454
424445
424414
424335
424090
424039
423649
423477
423424
423363
423269
423073
422971
422929
422702
422566
422272
422247
422240
422206
422095
422081
421896
421869
421616
421519
421307
421280
421248
421141
421024
420948
420608
420566
420393
420251
419999
419933
419781
419780
419707
419119
419104
418893
418878
418823
418817
418765
418581
418564
418539
418510
418481
418444
418328
418294
418216
418125
418124
418105
418037
418034
417860
417785
417764
417697
417686
417637
417632
417590
417498
417405
417348
417149
417108
416989
416986
416974
416852
416657
416573
416176
415984
415981
415803
415772
415686
415651
415285
415144
415105
415080
415010
414877
414858
414806
414754
414704
414500
414316
414192
414108
414102
413869
413868
413660
413608
413559
413427
413373
413085
413040
412843
412828
412729
412678
412385
412381
412336
412225
412118
411948
411721
411699
411676
411522
411508
411378
411298
411231
411210
411140
411058
411054
410870
410869
410694
410367
410355
410321
410284
410275
410158
410050
409957
409871
409713
409706
409578
409578
409496
409425
409377
409221
409007
408916
408752
408572
408284
408248
408227
408003
407994
407939
407797
407480
407442
407385
407318
407276
407234
407231
407117
407069
406964
406821
406721
406525
406507
406438
406030
406020
405991
405908
405785
405756
405723
405635
405629
405585
405473
405375
404955
404946
404815
404780
404728
404684
404656
404591
404581
404566
404380
404174
404089
403667
403626
403187
403114
402887
402871
402869
402806
402803
402665
402634
402616
402480
402479
402379
402376
402372
402336
402254
402210
402179
402125
401683
401254
401193
400940
400856
400611
400476
400395
400239
400163
400072
400066
400030
399906
399648
399602
399434
399225
399198
399096
399005
398831
398631
398303
398260
398178
398095
398007
397729
397649
397260
397132
397121
397099
397025
396878
396874
396863
396596
396451
396427
396381
396341
396268
396209
396092
396063
396035
395903
395784
395678
395546
395455
395445
395277
395237
395149
395079
394959
394931
394838
394706
394669
394637
394592
394534
394467
394107
394083
394051
393697
393476
393406
393263
393246
393216
393206
393187
393172
393144
393044
392874
392792
392715
392709
392538
392525
392299
392199
392177
392173
392026
392016
391994
391942
391850
391839
391800
391566
391559
391455
391452
391389
391359
391153
391132
390993
390911
390585
390536
390535
390332
390139
390086
389619
389206
389205
389157
389100
389015
389004
388992
388769
388709
388570
388187
388144
388124
388085
388065
387964
387918
387900
387851
387845
387640
387616
387578
387540
387469
387294
387278
387245
386924
386920
386781
386691
386675
386661
386658
386649
386585
386522
386514
386354
386199
386130
385932
385889
385876
385747
385735
385687
385552
385537
385515
385427
385422
385370
385278
385082
384998
384942
384884
384877
384766
384619
384561
384452
384410
384376
384131
384001
383675
383618
383370
383363
383341
383276
383078
383036
382989
382974
382956
382791
382678
382577
382423
382372
382334
382298
382108
382075
381989
381911
381882
381673
381587
381541
381412
381368
381231
381167
381050
381045
381031
380918
380775
380767
380698
380626
380480
380375
380223
380167
380047
380035
380032
379844
379585
379574
379521
379363
379238
379082
379001
378907
378794
378789
378429
378310
378191
378178
377746
377744
377651
377637
377621
377493
377422
377350
377335
377158
377021
376883
376872
376859
376682
376285
376059
375978
375930
375844
375664
375546
375526
375470
375190
375168
375166
375050
374883
374862
374781
374465
374331
374277
374053
373967
373928
373875
373856
373841
373832
373821
373692
373558
373359
373229
373159
373125
373010
372941
372937
372932
372881
372705
372694
372653
372602
372453
372107
371948
371931
371893
371673
371596
371445
371431
371388
371349
371151
370885
370826
370733
370640
370594
370580
370497
370313
369976
369821
369812
369638
369426
369341
369280
369254
369223
369091
368823
368555
368526
368503
368391
368281
368266
368160
367971
367774
367644
367617
367532
367413
367197
367182
367036
366836
366722
366564
366552
366548
366528
366505
366474
366460
366311
366282
366127
366127
365817
365788
365719
365712
365681
365600
365591
365580
365489
365343
365155
364861
364758
364711
364647
364550
364486
364193
364185
364147
364068
363986
363958
363809
363771
363666
363544
363364
363255
363233
363229
363207
363182
363032
362978
362866
362764
362723
362712
362644
362617
362600
362413
362353
362030
361978
361865
361681
361680
361563
361271
361210
361157
361032
361031
360976
360903
360864
360622
360613
360579
360571
360494
360472
360356
360267
360201
360168
360093
360052
359749
359489
359364
359359
359236
359126
358612
358564
358475
358447
358282
358217
357903
357725
357666
357612
357595
357455
357406
357310
357257
356693
356521
356176
356121
356088
356067
355880
355049
354920
354821
354734
354702
354673
354566
354497
354496
354306
354100
354085
354066
354016
353885
353802
353763
353694
353693
353208
353182
353109
353088
353071
353022
352904
352878
352827
352739
352593
352587
352563
352539
352493
352305
352186
352015
351987
351980
351945
351906
351863
351855
351838
351361
351277
351258
351077
350994
350895
350894
350792
350638
350533
350504
350455
350308
350173
350134
350076
350075
349960
349926
349902
349826
349663
349647
349437
349258
349163
349128
348972
348921
348860
348756
348621
348518
348486
347949
347892
347842
347604
347502
347394
347371
347098
346922
346829
346699
346618
346580
346482
346459
346452
346405
346397
346368
346090
346087
346058
346015
345892
345878
345861
345848
345844
345794
345773
345760
345692
345663
345611
345563
345562
345527
345437
345436
345378
345280
345175
345127
345087
344863
344781
344382
344194
344170
344154
344143
343972
343733
343677
343598
343591
343577
343564
343493
343470
343260
343245
343201
343158
343112
342923
342903
342667
342491
342475
342418
342139
342105
341988
341830
341688
341638
341587
341460
341363
341348
341100
341061
341010
340928
340615
340603
340517
340446
340157
340004
339930
339657
339634
339591
339313
339282
339204
339177
339132
339054
338868
338749
338402
338313
338295
338163
338133
338028
338026
337951
337790
337709
337643
337536
337492
337424
336897
336823
336660
336646
336435
335918
335793
335787
335508
335472
335447
335433
335417
335179
335018
335008
334997
334992
334863
334860
334755
334657
334654
334580
334499
334374
334294
334241
334129
334016
333988
333930
333811
333753
333737
333642
333469
333376
333324
333077
333047
332906
332768
332716
332715
332548
332536
332377
332356
332305
332286
332277
332213
332185
332155
332135
332045
332032
331828
331819
331713
331636
331626
331573
331533
331526
331476
331453
331414
331319
331176
331152
330914
330880
330827
330778
330753
330613
330463
330431
330428
330331
330076
330063
330029
329839
329702
329643
329567
329552
329502
329450
329396
329089
329054
328993
328988
328884
328863
328675
328560
328259
328230
328166
328048
328038
327969
327804
327770
327526
327454
327397
327354
327347
327322
327277
327221
327206
326950
326771
326759
326601
326549
326549
326511
326488
326474
326409
326377
326360
325947
325869
325802
325687
325514
325204
325194
325004
324899
324819
324650
324585
324491
324312
324297
324155
323624
323602
323585
323528
323442
323416
323216
323003
322994
322945
322938
322921
322504
322500
322228
322150
322078
321599
321528
321394
321229
321177
321154
321092
320975
320958
320871
320760
320588
320566
320516
320474
320263
320102
320010
319938
319707
319668
319544
319121
319046
319016
318929
318917
318847
318598
318492
318446
318425
318376
318018
317876
317711
317583
317225
317216
317036
316904
316736
316711
316689
316577
316373
316319
316298
316111
315798
315742
315618
315499
315471
315236
315223
315126
315046
315027
314643
314627
314440
314372
314340
314269
313901
313656
313636
313601
313513
313172
313074
312772
312603
312519
312345
312240
312197
311755
311611
311458
311354
311296
311243
311092
310848
310599
310474
310274
310222
310219
310198
310107
310032
309989
309940
309653
309550
309474
309473
309401
309241
308932
308707
308683
308589
308584
308538
308483
308337
308200
308145
308141
308101
308021
308013
307972
307937
307708
307700
307602
307564
307553
307379
307375
306874
306873
306630
306439
306399
306327
306077
305865
305835
305734
305720
305674
305625
305567
305552
305537
304988
304685
304545
304471
304459
304236
304189
304106
304082
304006
303993
303922
303857
303836
303828
303820
303742
303715
303601
303584
303355
303280
303188
303155
303105
303054
303022
302962
302867
302839
302681
302558
302482
302302
302273
302156
302016
301981
301804
301569
301563
301458
301340
301191
301189
301157
301136
301043
300999
300920
300549
300451
300228
300213
300207
300187
300035
299970
299911
299888
299880
299876
299720
299601
299584
299550
299310
299282
299282
299032
299012
298766
298707
298521
298498
298374
298345
298202
298177
298138
298071
298023
297997
297964
297896
297844
297750
297609
297193
297144
297078
297034
296962
296954
296946
296936
296879
296806
296786
296542
296386
296217
296059
296054
296011
296005
295976
295748
295673
295596
295407
295182
294896
294795
294759
294758
294521
294230
294209
294018
293440
293438
293334
293225
293205
293173
292860
292798
292760
292479
292468
292435
292416
292339
292288
292179
291964
291748
291625
291555
291173
291091
290955
290898
290819
290815
290779
290674
290530
290504
290478
290299
290262
290127
290104
290081
289781
289586
289537
289428
289272
289255
289233
289227
289209
289032
288928
288728
288401
288394
288292
288040
287781
287767
287721
287707
287662
287582
287462
287405
287391
287360
287250
287044
286993
286964
286907
286846
286720
286635
286477
286356
286246
286240
286129
286089
286043
285894
285775
285551
285422
285380
285359
285345
285171
285032
284762
284728
284643
284609
284566
284541
284537
284422
284338
284295
284267
284047
283942
283927
283805
283427
283331
283144
283142
282977
282876
282826
282739
282672
282481
282412
282374
282239
282152
282046
281957
281896
281891
281853
281811
281712
281602
281583
281561
281554
281457
281447
281293
281232
281087
281076
280863
280695
280670
280603
280535
280455
280352
280151
280089
279954
279878
279673
279435
279324
279036
278843
278475
278159
278041
277804
277754
277740
277647
277620
277567
277529
277520
277492
277263
277242
277216
277146
277022
276957
276887
276543
276523
276515
276051
275888
275856
275837
275662
275592
275552
275497
275243
275195
275068
274959
274942
274870
274800
274702
274668
274449
274305
274019
273944
273833
273705
273625
273611
273383
273272
273269
273241
273119
273036
272863
272849
272402
272326
271860
271760
271526
271100
271095
271005
270840
270782
270664
270574
270546
270517
270511
270469
270450
270358
270274
270090
269947
269940
269901
269863
269846
269662
269530
269281
269226
268987
268878
268585
268522
268515
268480
268258
268244
268010
267751
267694
267658
267342
267256
267156
267013
266257
266071
266071
266026
265968
265750
265732
265693
265411
265382
265369
265291
265230
265065
264778
264622
264564
264495
264486
264403
264334
264304
263993
263924
263895
263878
263795
263750
263634
263489
263480
263470
263383
263378
263314
263165
263097
263043
263004
262780
262544
262523
262501
262360
262322
262193
262152
262141
262006
261936
261858
261486
261425
261396
261387
261363
261134
261046
260630
260498
260294
260261
260257
260050
260044
260023
260021
259875
259824
259802
259586
259486
259482
259385
259112
258955
258935
258903
258897
258662
258631
258577
258535
258509
258455
258343
257684
257611
257586
257420
257410
257255
256898
256726
256704
256597
256568
256365
256304
256115
255988
255954
255921
255828
255769
255573
255561
255429
255260
255246
255143
255141
254969
254868
254849
254649
254570
254532
254434
254185
254131
253882
253873
253852
253767
253755
253744
253715
253617
253572
253544
253472
253355
253321
253283
253214
253178
253133
252967
252942
252898
252800
252725
252696
252681
252587
252508
252504
252334
252156
252125
251943
251771
251712
251614
251535
251270
251154
251121
251013
250744
250699
250434
250220
250083
249999
249880
249763
249680
249620
249619
249614
249578
249474
249410
249304
249067
249059
248955
248944
248893
248801
248785
248768
248398
248397
248193
248192
248173
248077
248048
247734
247707
247664
247232
247193
247163
247117
246957
246691
246412
246258
246186
246120
246004
245959
245926
245809
245495
245489
245449
245419
245328
245173
244872
244841
244772
244638
244505
244490
244476
244355
244313
244110
244022
243979
243845
243717
243557
243548
243466
243458
243429
243389
243206
243177
243017
242927
242902
242848
242827
242755
242741
242674
242662
242532
242476
242209
242025
241921
241857
241808
241747
241265
241230
241030
241002
240714
240499
240468
240457
240315
240257
240150
240038
240035
240029
239955
239859
239729
239634
239617
239597
239551
239468
239167
239087
239004
239000
238894
238769
238721
238695
238658
238657
238573
238553
238259
238253
238201
238181
238170
238098
237948
237916
237872
237845
237671
237502
237418
237296
237205
236826
236726
236698
236643
236440
236181
235991
235703
235697
235686
235616
235485
235324
235302
235221
235047
234735
234618
234308
234254
234116
234099
234027
233967
233873
233768
233637
233540
233509
233308
233262
233250
233156
233152
232956
232953
232870
232765
232620
232523
232456
232300
232290
232189
231966
231958
231588
231583
231549
231530
231479
231418
231404
231285
231113
230939
230656
230544
230538
230501
230367
230342
230078
230000
229975
229927
229925
229592
229583
229577
229438
229330
229148
229110
229052
228936
228927
228904
228871
228832
228749
228747
228518
228472
228360
227970
227953
227879
227823
227728
227520
227447
227441
227397
227378
227282
227260
227245
227232
227071
226951
226902
226857
226764
226672
226543
226437
226319
225767
225471
225150
224785
224738
224579
224550
224410
224246
224217
224185
223964
223961
223936
223872
223581
223515
223328
223232
223222
223192
223038
223037
222959
222928
222833
222798
222760
222500
222471
222213
222153
222097
222052
222001
221973
221855
221806
221797
221711
221639
221574
221563
221478
221439
221328
221196
221069
220896
220779
220638
220499
220394
219807
219793
219782
219778
219773
219742
219644
219617
219225
219132
219092
219066
219050
218867
218818
218802
218657
218412
218351
218312
218260
217955
217848
217820
217748
217715
217664
217595
217551
217527
217136
217097
216799
216613
216539
216310
216249
216225
216195
216177
216121
215910
215789
215756
215465
215441
215414
215342
215306
215218
215186
215158
215055
215020
214779
214764
214762
214684
214656
214587
214469
214355
214161
214070
213962
213943
213735
213684
213622
213550
213546
213129
213055
212964
212928
212861
212830
212732
212558
212228
212046
211887
211831
211664
211585
211416
211117
211007
210890
210709
210617
210547
210360
210191
209678
209531
209299
209077
208969
208863
208484
208426
208382
208270
208237
208236
208187
208048
208003
207981
207823
207669
207344
206862
206861
206735
206734
206664
206600
206519
206445
206278
206118
206089
205917
205916
205851
205617
205612
205560
205529
205455
205395
205386
205223
205183
205175
205050
204947
204930
204906
204837
204776
204760
204698
204589
204182
204109
203918
203888
203866
203541
203466
203330
203243
203213
203194
202948
202918
202602
202496
202487
202263
202254
202144
202124
202027
201949
201800
201731
201720
201417
201308
201296
201243
201203
201124
201090
200932
200761
200756
200744
200357
200272
200133
200084
200063
199940
199875
199869
199434
199333
199268
198781
198637
198586
198546
198321
198306
198291
197920
197773
197703
197695
197668
197613
197515
197228
197111
196982
196907
196802
196793
196749
196737
196592
196520
196035
195993
195809
195665
195662
195516
195397
195360
195319
195067
195044
194908
194834
194529
194519
194467
194283
194279
194156
194039
193702
193438
193195
192943
192887
192880
192782
192773
192538
192537
192421
192414
192328
192182
192136
192086
192031
191373
190926
190777
190691
190581
190577
190545
190541
190431
190379
190175
190142
190031
189771
189763
189742
189691
189439
189404
189371
189266
189231
189043
188989
188563
188516
188478
188380
188306
188121
187999
187945
187855
187600
187273
187205
187194
187188
187146
187062
187052
187011
186945
186714
186542
186454
186454
186451
186369
186224
186172
186152
186089
186087
186035
186002
185974
185967
185930
185664
185627
185499
185212
185075
184996
184905
184775
184756
184707
184699
184682
184627
184455
184451
184398
184276
184274
184138
184112
184019
183872
183808
183800
183721
183698
183676
183551
183455
183289
183274
183195
182996
182883
182652
182578
182553
182500
182309
182158
181985
181875
181833
181831
181778
181547
181544
181534
181389
181315
181274
181253
181229
181195
181067
181041
180927
180800
180738
180718
180488
180396
180255
180015
179817
179698
179560
179185
179050
179035
179012
178953
178355
178330
178307
178253
178206
178116
178104
178055
177574
177345
177232
177052
176999
176886
176689
176682
176670
176657
176568
175738
175493
175437
175166
175033
174831
174632
174620
174379
174347
174346
174114
173957
173800
173747
173603
173504
173501
173481
173234
173191
173041
173026
172591
172380
172317
172170
172151
172140
172002
171875
171766
171745
171628
171530
171426
171406
171391
171328
171218
171124
171048
171027
170872
170865
170815
170657
170595
170521
170433
170300
170128
169981
169926
169890
169755
169670
169573
169553
169436
169425
169340
169105
168969
168862
168829
168684
168512
168367
167601
167445
167192
166986
166756
166726
166492
166372
166259
166069
166014
165921
165873
165827
165748
165661
165475
165307
165266
165176
164955
164953
164872
164834
164825
164419
164389
164324
164280
164226
164156
164132
164118
164046
163957
163954
163925
163836
163650
163619
163518
163126
162953
162838
162742
162719
162634
162547
162540
162503
162438
162391
162160
162103
161808
161757
161603
161529
161502
161337
161025
161008
160589
160572
160509
160494
160442
160425
160283
160278
160211
160204
160058
159532
159440
159333
159201
159090
159056
159009
158911
158833
158647
158623
158615
158551
158363
158340
158206
158193
158191
158179
158126
158114
158040
157917
157897
157756
157684
157591
157496
157476
157405
157344
157258
157133
157081
156407
156372
156338
156129
156080
156071
156037
155976
155899
155891
155798
155610
155232
155031
154980
154833
154756
154639
154566
154517
154196
154117
154003
153985
153945
153784
153708
153638
153481
153324
153226
153181
153114
152961
152915
152898
152787
152775
152691
152636
152631
152619
152561
152541
152500
152439
152363
152282
152246
152232
152214
152139
151922
151779
151661
151648
151596
151519
151457
151404
151364
151265
151036
150900
150883
150819
150477
150437
150391
150370
150272
150233
150227
150161
150063
149879
149745
149610
149545
149246
149126
148980
148825
148788
148788
148753
148528
148512
147839
147811
147695
147673
147659
147610
147603
147595
147282
147064
147060
147022
146921
146914
146668
146644
146445
146225
146156
146020
145703
145695
145631
145585
145560
145479
145464
145262
145260
145173
145173
145066
145010
144978
144897
144811
144667
144620
144569
144438
144337
144232
144180
144114
144106
144086
144043
144040
144031
143926
143826
143789
143761
143294
143173
142977
142765
142697
142526
142290
142173
142090
142044
142042
141770
141708
141702
141597
141474
141117
140956
140912
140840
140778
140762
140635
140472
140470
140424
140305
140107
140088
139766
139665
139563
139558
139495
139293
139093
139055
139038
138952
138932
138921
138760
138736
138621
138444
138364
137983
137896
137652
137592
137533
137318
137208
136863
136842
136754
136712
136536
136447
136406
136348
136288
135993
135926
135925
135804
135618
135401
135342
135326
135181
135140
135095
135069
134984
134953
134848
134770
134348
134321
134179
134038
133896
133762
133536
133142
133138
133116
133098
133070
132999
132966
132710
132678
132632
132119
132060
131928
131767
131642
131619
131599
131395
131305
131179
131129
130747
130728
130578
130474
130398
130385
130337
130089
129998
129958
129769
129766
129417
129414
129247
129145
128913
128864
128689
128672
128485
128164
128119
128031
127930
127900
127825
127603
127484
127419
127397
127395
127371
127292
127263
127204
127173
126778
126776
126762
126724
126656
126548
126522
126357
126235
126181
126123
125791
125753
125662
125624
125470
125438
125322
125263
125139
125101
124775
124739
124700
124586
124453
124443
124439
124065
124020
123876
123852
123817
123735
123651
123588
123480
123373
123370
123229
123150
122898
122883
122874
122791
122740
122666
122440
122203
122086
122074
122050
121960
121810
121793
121778
121680
121643
121609
121437
121295
121125
121033
120990
120949
120902
120886
120777
120562
120522
120483
120414
120195
120121
120104
120089
120050
120028
119992
119965
119921
119764
119721
119563
119395
119347
119268
119246
119229
119136
119136
119070
119019
118973
118867
118763
118715
118669
118637
118518
118384
118188
118163
118098
118008
117973
117920
117754
117576
117371
117348
117286
116995
116978
116957
116930
116888
116743
116735
116679
116577
116576
116486
116419
116334
116321
116266
116208
116056
115886
115772
115634
115604
115599
115580
115567
115483
115391
115290
115181
115179
114746
114734
114652
114523
114250
114129
114119
114059
113948
113947
113836
113696
113280
113112
113065
112992
112983
112710
112457
112426
112369
112325
112316
112292
112206
112154
112044
111696
111527
111524
111444
111441
111255
111247
111246
110932
110825
110801
110713
110684
110573
110566
110560
110347
110334
110183
110068
109948
109822
109664
109500
109474
109413
109328
109320
109188
109124
109115
109078
109008
108951
108927
108849
108676
108377
108325
108265
108042
107973
107851
107816
107780
107743
107551
107360
107354
107232
107199
107085
107076
107021
107006
106719
106695
106592
106589
106505
106407
106122
105995
105827
105518
105322
105207
105122
104995
104977
104944
104815
104809
104752
104628
104387
104070
103739
103617
103589
103585
103572
103476
103319
103271
103268
103233
103182
103178
103012
102764
102658
102482
102161
102052
102048
101880
101744
101631
101457
101384
101321
101170
101108
100669
100641
100632
100607
100306
100213
100210
100137
100088
100087
99968
99951
99911
99699
99665
99585
99414
99349
99288
99226
99116
98848
98736
98325
98278
98142
98090
97788
97738
97693
97498
97469
97285
97279
97268
97099
96935
96880
96819
96807
96651
96544
96378
96374
96369
96312
96207
95532
95314
95192
95132
95131
95045
94885
94771
94753
94708
94667
94585
94459
94359
94108
93441
93399
93351
93248
93101
93026
93022
92988
92801
92714
92616
92313
92268
92134
91863
91815
91713
91425
91285
91282
91210
91157
91148
91095
91042
91028
90926
90834
90530
90468
90418
90377
90201
90174
90010
89893
89844
89834
89820
89817
89742
89533
89466
89378
89150
89126
89042
88934
88678
88591
88287
88230
87941
87884
87748
87746
87556
87433
87421
87416
87246
87191
86686
86463
86438
86358
86301
86072
86032
86015
85904
85774
85420
85373
85324
85280
85245
85236
85063
84956
84951
84946
84862
84843
84767
84766
84728
84698
84681
84592
84566
84359
84330
84289
84194
84187
83989
83889
83760
83586
83523
83448
83166
83033
82906
82898
82889
82691
82649
82568
82561
82520
82153
82126
82084
81949
81942
81888
81858
81767
81698
81654
81457
81367
81298
81089
81000
80868
80710
80606
80567
80373
80344
80204
80198
80134
80083
80025
79967
79772
79554
79514
79493
79463
79334
79246
79059
79058
78960
78870
78730
78608
78393
78283
78215
78123
77996
77986
77856
77767
77673
77535
77503
77495
77439
77429
76932
76885
76770
76664
76618
76371
76321
76288
76215
75789
75630
75484
75391
75315
75300
75261
75049
74999
74957
74896
74859
74794
74698
74693
74638
74588
74369
74360
74161
74094
73959
73946
73837
73630
73475
73324
73299
73197
73136
73010
72999
72863
72735
72693
72630
72535
72183
72167
72057
71914
71901
71880
71781
71733
71576
71280
71108
71057
71035
71002
70830
70803
70762
70752
70672
70584
70564
70556
70470
70436
70420
70142
69955
69905
69749
69626
69474
69282
68987
68891
68621
68454
68412
68221
68078
68044
67980
67964
67934
67743
67543
67294
67285
67283
67129
67055
66949
66833
66650
66595
66512
66486
66293
66208
66064
66050
65833
65784
65622
65485
65467
65376
65361
65050
65007
64718
64526
64455
64396
64385
64311
64219
63990
63726
63678
63464
63383
63377
63073
62779
62755
62744
62687
62514
62318
62301
62207
61842
61749
61729
61622
61563
61449
61442
61438
61331
61175
61026
60974
60890
60849
60714
60555
60538
60530
60469
60093
59902
59817
59656
59654
59434
59409
59394
59369
59316
59200
58917
58760
58687
58684
58631
58561
58550
58523
58503
58365
58339
58094
57924
57867
57767
57629
57462
57411
57340
57161
57155
57016
56995
56989
56921
56920
56853
56757
56704
56612
56588
56447
56439
56398
56334
56295
56158
56074
56021
55857
55716
55579
55381
55343
55048
54955
54849
54767
54604
54595
54507
54455
54324
54204
54196
54171
54129
54098
54084
53968
53768
53760
53678
53615
53547
53478
53421
53363
53229
53038
52816
52732
52721
52515
52462
52444
52299
52095
52051
52022
52012
51964
51906
51871
51758
51694
51634
51603
51575
51297
51277
51220
51078
50972
50953
50907
50824
50790
50777
50772
50767
50722
50714
50477
50074
49979
49877
49836
49741
49637
49445
49424
49347
49218
49210
49070
49051
49047
48893
48817
48811
48771
48761
48543
48518
48472
48279
48216
48115
48043
47918
47817
47777
47577
47425
47312
47187
47077
46669
46635
46229
46227
46046
45904
45851
45721
45556
45412
45208
45138
45123
45062
44907
44838
44785
44578
44445
44347
44315
44313
44242
44177
44122
43919
43756
43550
43417
43413
43383
43363
42932
42847
42639
42485
42331
42202
42165
42020
42010
41864
41854
41828
41810
41685
41425
41331
41323
41019
40835
40724
40684
40517
40424
40412
40357
40297
39974
39932
39895
39665
39625
39612
39292
39037
38770
38750
38741
38735
38695
38602
38541
38501
38213
38125
37936
37847
37636
37601
37557
37531
37443
37399
36838
36817
36809
36805
36771
36708
36603
36488
36427
36363
36342
36308
36175
36012
35927
35780
35737
35703
35548
35484
35462
35374
35374
35044
34958
34951
34826
34732
34707
34573
34555
34387
34357
34334
34325
34227
33983
33961
33933
33928
33878
33701
33581
33326
33179
33124
32784
32713
32702
32617
32609
32421
32385
32376
32170
32165
32096
32003
31821
31642
31589
31442
31314
31311
31263
31250
30863
30719
30533
30498
30402
30284
30202
30158
30143
30036
29826
29820
29768
29708
29663
29643
29620
29566
29557
29259
29031
29024
28936
28923
28895
28818
28791
28691
28620
28579
28404
28300
28221
28199
28047
27878
27805
27804
27789
27667
27646
27641
27461
27412
27360
27216
27176
27159
27153
27153
26992
26466
26157
26016
25901
25804
25758
25627
25488
25387
25366
25258
25241
24986
24931
24839
24737
24735
24680
24456
24388
24320
24229
24224
24218
24127
24063
23880
23865
23819
23815
23785
23639
23538
23484
23271
23262
23147
22941
22903
22824
22785
22536
22435
22159
22022
21924
21904
21895
21779
21619
21516
21381
21369
21078
21072
20993
20799
20705
20562
20523
20494
20466
20393
20366
20309
20005
19951
19891
19823
19524
19303
19062
18591
18511
18489
18477
18346
18303
18261
18166
18151
18027
17970
17936
17913
17898
17842
17773
17655
17635
17581
17526
17502
17395
17284
17259
17086
17059
17019
16855
16839
16721
16603
16386
16232
16106
16074
15965
15937
15874
15448
15297
15246
14771
14770
14535
14494
14259
14227
14054
14036
13983
13786
13647
13609
13558
13536
13468
13362
13361
13194
13047
13046
12895
12890
12679
12616
12563
12408
12357
12182
12069
12043
12013
11966
11944
11906
11879
11788
11784
11780
11761
11714
11667
11624
11536
11513
11491
11161
11065
11064
10511
10331
10313
9633
9608
9564
9563
9429
9360
9324
9231
9152
9008
8918
8826
8796
8792
8666
8520
8422
8413
8349
8335
8303
8246
8193
8011
7930
7884
7728
7698
7626
7623
7548
7501
7418
7265
6908
6838
6831
6693
6554
6531
6464
6464
6414
6366
6245
6033
6006
5810
5516
5476
5407
5336
5285
5265
5252
5095
4941
4802
4590
4339
4316
4290
4282
4050
3947
3834
3831
3584
3428
3356
3257
3226
3117
3073
2928
2834
2440
2240
2212
2163
1865
1852
1812
1773
1579
1461
1439
1250
1191
1121
1042
931
909
662
653
466
415
258
223
210
202
68
