999918
999849
999770
999724
999673
999597
999558
999521
999496
999496
999342
999288
999176
999165
999101
999100
998969
998934
998877
998579
998478
998066
998001
997983
997888
997868
997618
997500
997466
997443
997425
997211
996998
996943
996739
996713
996554
996505
996433
996433
996378
996248
996028
995981
995882
995765
995720
995662
995642
995580
995567
995562
995474
995447
995100
994929
994885
994750
994606
994574
994524
994479
994478
994302
994175
994141
994119
994118
994063
994013
993992
993834
993815
993654
993507
993339
993060
993007
992972
992865
992779
992749
992646
992457
992426
992278
992140
991743
991728
991689
991551
991428
991046
990954
990835
990827
990800
990761
990699
990666
990559
990550
990330
990301
990290
990132
990050
990025
989933
989915
989892
989791
989701
989684
989680
989510
989483
989273
988933
988925
988835
988809
988434
988286
988241
988084
988063
988009
987967
987963
987855
987793
987726
987709
987549
987527
987519
987501
987380
987060
987002
986956
986870
986780
986677
986674
986568
986467
986318
986287
986274
986244
986239
986052
985955
985932
985889
985814
985784
985733
985621
985344
985308
985199
984869
984824
984571
984567
984534
984311
984278
984192
984166
984061
983950
983649
983586
983499
983186
983184
983125
982955
982934
982811
982688
982613
982607
982599
982504
982142
982060
982036
981842
981761
981661
981606
981548
981508
981488
981419
981338
981298
981197
981169
981101
981054
980951
980855
980806
980477
980454
980345
980259
980256
980081
980079
980049
979898
979570
979429
979334
979297
979282
979258
978946
978774
978582
978484
978453
978293
978225
978200
978136
978047
977944
977815
977709
977650
977605
977518
977504
977432
977410
977361
977320
977193
977062
976818
976718
976546
976176
976085
975920
975763
975725
975671
975551
975507
975146
975132
975000
974797
974787
974781
974548
974049
974006
973876
973834
973760
973750
973609
973564
973536
973378
973270
973241
973158
973147
973085
972895
972890
972669
972597
972479
972353
972161
972071
971970
971966
971651
971506
971496
971401
971185
971163
971050
970954
970854
970780
970712
970704
970613
970595
970587
970583
970576
970530
970349
970279
970216
970044
970005
969924
969890
969855
969852
969839
969776
969566
969546
969413
969405
969357
969252
968910
968858
968817
968813
968717
968637
968619
968577
968505
968400
968212
968096
968068
967749
967568
967556
967156
967120
967074
967069
966999
966913
966900
966803
966653
966619
966539
966525
966491
966485
966256
966220
965889
965570
965534
965398
965372
965363
965281
965222
965209
964877
964660
964332
964302
964248
964207
964173
964103
964096
964020
963910
963883
963873
963872
963755
963732
963731
963664
963631
963591
963325
963264
963238
963115
962970
962945
962924
962833
962593
962411
962396
962386
962337
962198
962176
962048
962007
961963
961934
961841
961686
961616
961472
961435
961420
961283
961247
961232
961183
961042
960993
960920
960890
960752
960715
960678
960532
960246
960114
959943
959776
959769
959703
959678
959587
959531
959484
959417
959291
959282
959269
959238
959178
959138
958992
958690
958565
958426
958269
958257
958218
957908
957870
957741
957564
957525
957435
957411
957372
957248
957230
957192
957189
957046
957020
956918
956785
956771
956616
956489
956438
956419
956359
956210
956140
956065
955897
955856
955783
955647
955631
955570
955431
955403
955336
955291
955285
955244
955211
955034
954763
954703
954694
954679
954667
954492
954474
954208
954021
954017
953918
953713
953609
953342
953062
952975
952895
952856
952784
952660
952290
952113
952003
951873
951640
951639
951578
951523
951466
951187
950877
950859
950715
950687
950563
950472
950381
950294
950224
950214
950084
950068
950058
949982
949701
949627
949300
949185
949062
949056
949040
948851
948834
948811
948632
948507
948461
948252
947967
947923
947906
947863
947647
947519
947475
947458
947364
947323
947192
946977
946668
946574
946536
946489
946402
946273
945970
945730
945296
945290
945157
945143
945122
945082
944893
944738
944685
944676
944480
944228
944208
944166
944101
944062
944042
943984
943882
943840
943733
943568
943312
943249
943185
942653
942614
942586
942471
942423
942274
942219
942145
942141
942135
942125
942104
942090
942065
942007
941755
941750
941674
941644
941632
941610
941603
941436
941363
941345
941343
941299
941235
940847
940726
940724
940605
940478
939996
939849
939812
939676
939581
939354
939246
939157
939157
939085
939000
938936
938589
938279
938050
937981
937724
937667
937562
937439
937340
937140
937016
936993
936840
936630
936593
936556
936309
936268
936152
936139
936119
936050
935714
935621
935559
935503
935499
935427
935208
935153
934952
934884
934850
934845
934801
934721
934586
934576
934537
934513
934508
934487
934419
934418
934393
934389
934259
934071
934045
933897
933852
933644
933572
933385
933284
933263
933100
933075
932886
932880
932862
932854
932758
932639
932593
932394
932288
932223
932095
932082
931942
931878
931853
931847
931756
931526
931340
931318
931168
931139
931135
931060
930997
930847
930610
930551
930309
930289
930242
930205
930131
930126
930040
930035
930027
929727
929638
929554
929553
929495
929382
929277
929220
929194
929140
929089
929046
928799
928633
928567
928447
928433
928353
928275
928196
928183
928116
927966
927811
927807
927787
927711
927677
927623
927515
927479
927434
927380
927066
926995
926860
926859
926840
926731
926451
926397
926316
926083
926063
926015
926002
925970
925949
925896
925774
925760
925542
925513
925479
925267
925067
924727
924346
924270
924263
924013
923997
923829
923730
923723
923570
923559
923509
923490
923460
923293
923053
922969
922872
922850
922635
922463
922395
922382
922177
922167
922033
921999
921988
921921
921759
921602
921583
921558
921443
921246
921215
921118
921021
920873
920577
920567
920527
920509
920236
920092
920068
920050
919959
919897
919879
919590
919477
919429
919367
919136
919120
918738
918596
918521
918519
918472
918436
918200
918137
918083
918030
917830
917667
917539
917499
917485
917421
916886
916781
916525
916493
916482
916289
916194
916166
916146
916007
915890
915857
915731
915586
915471
915214
915177
915168
914926
914923
914747
914740
914699
914504
914402
914393
914172
914169
914151
914088
914064
914059
913972
913908
913907
913850
913640
913582
913522
913339
912914
912625
912613
912513
912396
912388
912348
912301
912293
912256
912222
912026
911925
911750
911625
911592
911531
911529
911449
911423
911242
911190
911060
911010
910852
910832
910798
910726
910560
910441
910364
910351
910338
910266
910138
909987
909914
909789
909779
909597
909346
909231
909044
908861
908838
908790
908777
908468
908353
908317
908246
908142
908130
908049
908031
907855
907825
907736
907613
907555
907552
907433
907360
907314
907210
907123
907096
906925
906833
906826
906759
906686
906634
906403
906341
906247
906232
906084
905925
905752
905736
905659
905629
905512
905484
905440
905435
905293
905259
905246
905069
904971
904940
904936
904817
904777
904651
904603
904504
904458
904422
904341
904320
904083
903802
903641
903597
903527
903512
903337
903232
903107
902939
902905
902863
902587
902584
902583
902504
902253
902178
902019
901944
901704
901537
901492
901103
901061
900971
900784
900742
900677
900423
900420
900352
900165
900093
899997
899974
899769
899760
899757
899689
898851
898809
898809
898775
898648
898610
898596
898364
898033
897998
897859
897847
897821
897728
897689
897615
897606
897515
897407
897299
897205
896891
896671
896525
896323
896184
896023
895999
895948
895927
895882
895827
895777
895635
895444
895415
895375
895299
895131
895044
894862
894766
894707
894626
894452
894332
894221
894105
894072
893981
893974
893960
893846
893766
893729
893672
893423
893397
893305
893227
892991
892949
892476
892396
892121
891876
891570
891544
891389
891373
891186
891044
890897
890889
890846
890824
890775
890765
890764
890682
890606
890286
890046
889993
889980
889972
889819
889741
889533
889351
889097
889011
888983
888920
888887
888756
888717
888706
888630
888560
888302
888202
888111
888064
887917
887789
887771
887746
887711
887570
887418
887412
887366
887302
887300
887299
887284
887275
887088
886928
886704
886455
886385
886374
886359
886204
886187
886110
886014
885996
885910
885807
885782
885766
885516
885508
885405
884979
884902
884740
884714
884552
884526
884496
884389
884278
884267
884260
884089
884015
883978
883867
883432
883344
883198
883168
883043
883021
883013
882965
882751
882717
882707
882615
882574
882340
882256
882123
881744
881576
881517
881410
881388
881337
881299
881236
881218
881194
881087
881045
880875
880865
880836
880828
880525
880517
880450
880288
880230
880211
880118
880012
879977
879824
879806
879793
879712
879501
879337
879188
879130
878835
878819
878768
878747
878742
878734
878686
878548
878445
878230
878188
878087
877902
877821
877701
877671
877597
877556
877543
877401
877384
877292
877043
876996
876752
876694
876603
876211
876160
875978
875944
875642
875491
875380
875180
875130
875014
874959
874951
874841
874820
874744
874738
874730
874643
874449
874180
874070
874047
873884
873784
873654
873631
873592
873584
873323
873289
872770
872745
872603
872556
872537
872510
872494
872033
871888
871667
871664
871585
871556
871420
871391
871291
871173
870773
870769
870714
870450
870427
870247
870020
869990
869954
869932
869791
869781
869684
869644
869544
869427
869271
868941
868932
868766
868656
868655
868129
868022
867904
867850
867817
867514
867260
867203
867156
867145
866978
866870
866858
866667
866600
866250
866242
865952
865798
865507
865243
864909
864903
864848
864653
864598
864503
864341
864304
864265
864159
864132
864084
864084
863926
863684
863474
863474
863441
863374
863345
863317
863124
863049
862946
862842
862804
862590
862546
862251
862238
862204
862184
862090
862088
861933
861888
861843
861788
861773
861768
861647
861624
861599
861474
861470
861395
860938
860875
860654
860591
860575
860490
860485
860422
860407
860339
860299
860276
860266
860168
860147
859996
859962
859878
859866
859725
859674
859635
859621
859558
859551
859242
859148
859041
859035
858958
858548
858547
858232
858184
857896
857811
857647
857543
857477
857475
857363
857356
857089
857032
857003
856993
856592
856460
856286
856153
856113
856024
855929
855762
855755
855552
855550
855460
855432
855420
855369
855041
854823
854800
854766
854762
854753
854749
854708
854700
854605
854534
854505
854464
854339
854189
854110
854031
854016
854014
853956
853803
853798
853681
853611
853336
853238
853084
853029
852968
852850
852836
852768
852521
852351
852151
852131
852112
852103
852022
851830
851738
851474
851473
851449
851289
850830
850774
850747
850603
850493
850467
850402
850333
850213
850186
849980
849950
849912
849652
849514
849477
849332
849199
849190
848899
848691
848652
848591
848336
848155
848089
847995
847895
847882
847849
847539
847435
846890
846776
846727
846697
846666
846597
846506
846407
846401
846300
846112
846069
845530
845439
845432
845321
845212
844796
844751
844637
844523
844469
844371
844271
844258
844113
844060
844008
843816
843732
843578
843445
843363
843273
842669
842633
842580
842517
842376
842249
841794
841759
841641
841635
841564
841473
841362
841274
841155
840916
840913
840496
840492
840443
840386
840301
840175
840113
839900
839759
839737
839684
839454
839424
839006
838892
838817
838805
838789
838743
838665
838582
838373
838243
838210
838060
837969
837720
837712
837679
837619
837427
837382
837315
837191
837087
836967
836958
836940
836893
836862
836844
836720
836675
836645
836618
836590
836537
836449
836198
836167
836008
835997
835960
835764
835518
835455
835379
835342
835116
835108
835102
835053
835049
835031
834971
834877
834865
834810
834743
834652
834626
834625
834520
834095
834025
833740
833555
833527
833384
833349
833336
833049
832918
832895
832584
832558
832502
832412
832044
831978
831968
831954
831423
831259
831173
831128
830705
830574
830509
830435
830355
830273
830242
830220
830132
830118
830061
830050
829920
829769
829758
829532
829128
828530
828511
828386
828377
828169
828134
828132
828126
828058
827961
827836
827745
827259
827076
827032
826966
826890
826794
826757
826727
826543
826539
826465
826417
826392
826358
826346
826216
826186
826179
826175
826164
826001
825988
825746
825710
825641
825614
825602
825594
825560
825312
825278
825115
825099
824950
824896
824690
824619
824599
824487
824397
824240
824144
823954
823929
823742
823727
823629
823503
823348
823322
823086
822972
822908
822795
822678
822613
822597
822561
822464
822329
822226
821865
821829
821769
821681
821614
821572
821227
821220
821134
820989
820926
820652
820497
820478
820435
820394
820365
820011
819927
819914
819802
819760
819437
819435
819300
819043
819007
818795
818794
818777
818727
818675
818628
818582
818573
818170
818114
817974
817836
817791
817742
817660
817657
817630
817577
817456
817456
817451
817403
817338
817314
817307
817058
816713
816657
816645
816609
816427
816322
816267
815994
815984
815699
815595
815458
815435
815418
815324
815283
815267
815251
814890
814794
814720
814443
814365
814285
814279
814276
814185
814171
814115
813661
813537
813446
813406
813395
813359
813263
813240
813167
812944
812931
812909
812895
812629
812628
812573
812447
812441
812440
812374
812199
812059
811934
811786
811754
811738
811667
811583
811279
811231
811187
811062
810999
810854
810818
810727
810600
810562
810496
810288
809973
809939
809732
809696
809544
809463
809366
809252
809240
809156
809133
808673
807933
807858
807764
807749
807711
807519
807351
807294
807222
806984
806879
806674
806596
806424
806367
806340
806185
806107
805957
805717
805712
805520
805460
805409
805241
805169
805147
805143
805105
805035
804983
804865
804857
804719
804700
804683
804641
804635
804569
804412
804406
804357
804097
804019
803970
803737
803584
803577
803358
803130
803034
803012
802944
802943
802911
802820
802746
802733
802549
802527
802484
802380
802249
802107
802034
802004
801418
801239
801221
801214
801085
800941
800861
800858
800804
800698
800680
800599
800498
800301
800296
799609
799569
799332
799251
799186
799152
798952
798924
798762
798607
798525
798514
798467
798270
798006
797905
797882
797829
797475
797426
797304
797277
797186
797154
797004
796959
796715
796522
796465
796456
796447
796362
796329
796229
796117
796066
796024
795910
795897
795839
795815
795746
795357
795099
794980
794957
794930
794916
794666
794652
794524
794341
794201
794122
794050
794000
793817
793636
793518
793257
793240
793038
792962
792942
792780
792763
792639
792434
792410
792089
791875
791348
791310
791255
791244
791204
790953
790936
790899
790874
790833
790636
790626
790501
790462
790169
790150
790064
789959
789638
789588
789552
789454
789432
789413
789288
788978
788908
788805
788798
788770
788663
788480
788433
788361
788353
788332
788286
788178
788163
788000
787851
787810
787803
787629
787602
787562
787562
787461
787449
787388
787278
787218
787201
787154
787139
787122
787110
786935
786903
786760
786596
786506
786466
786411
786237
786137
786096
785929
785483
785082
785036
785026
784985
784843
784828
784713
784546
784360
784340
784299
784196
784099
783882
783720
783658
783649
783550
783239
783089
782703
782463
782219
782145
781926
781916
781729
781706
781699
781261
781168
781163
781116
781083
781083
781077
781073
781017
780740
780541
780464
780303
780267
780135
779718
779613
779595
779398
778874
778704
778675
778476
778346
778244
778146
778132
778126
778106
778084
778028
777782
777746
777724
777601
777580
777539
777322
777304
777275
777247
777213
777074
777009
776875
776802
776688
776648
776566
776560
776531
776403
776380
776231
776163
776119
776112
776089
776074
776030
776021
775996
775553
775537
775365
775341
775294
775283
775276
775209
774977
774913
774756
774686
774672
774656
774493
774387
774133
774039
774009
774008
773999
773759
773408
773262
773262
773221
773004
772812
772710
772669
772445
772281
772202
772095
771935
771791
771268
771127
771094
771064
770995
770839
770578
770446
770366
770292
770192
770140
770059
769907
769886
769872
769817
769734
769677
769675
769374
769346
769297
769260
769235
769173
768912
768882
768868
768828
768774
768754
768735
768701
768698
768688
768525
768517
768466
768459
768237
768067
767960
767949
767937
767724
767539
767316
767233
767170
767158
767042
766971
766870
766864
766863
766815
766743
766581
766575
766533
766233
766208
766168
766074
766054
766023
766000
765789
765598
765564
765347
765291
765283
765077
765014
764885
764778
764766
764750
764611
764587
764517
764392
764322
764321
764291
764159
764031
763939
763915
763911
763863
763588
763567
763453
763391
763120
762892
762685
762491
762467
762453
762314
762160
762130
762093
761955
761844
761751
761745
761727
761652
761643
761494
761465
761416
761383
761383
761323
761279
761247
761198
761106
761031
760933
760787
760658
760588
760555
760549
760373
759998
759993
759978
759921
759855
759804
759496
759169
759071
758692
758606
758600
758524
758520
758501
758417
758297
758264
758143
757844
757500
757418
757107
756663
756645
756592
756574
756382
756298
756004
755873
755817
755649
755622
755476
755395
755367
755296
755153
755064
754963
754961
754824
754800
754752
754722
754645
754612
754340
754326
754266
754113
753996
753939
753916
753697
753557
753205
752985
752952
752900
752859
752763
752688
752678
752468
752399
752349
752309
752182
752071
751808
751773
751759
751673
751624
751622
751180
751080
750929
750927
750889
750852
750848
750744
750738
750681
750623
750574
750497
750342
750246
750186
750120
750105
749732
749601
749486
749403
749361
749260
749044
749022
748969
748820
748665
748456
748243
748159
747996
747858
747835
747784
747760
747577
747458
747283
747217
747169
747107
747001
746785
746700
746658
746497
746243
746207
746136
746135
746007
746004
745901
745845
745659
745619
745583
745363
745359
745296
745279
745237
745023
744753
744494
744359
744288
744172
744170
744106
743857
743844
743642
743596
743460
743370
743316
743297
743284
743094
743023
743014
743002
742984
742982
742950
742908
742741
742564
742501
742480
742440
742373
742016
741864
741857
741683
741475
741450
741406
741310
741308
741260
741246
741235
741147
741088
741066
740936
740835
740827
740572
740536
740494
740480
740424
740278
740137
740103
740051
739944
739865
739702
739537
739537
739478
739406
739372
739169
739134
739001
738915
738890
738867
738788
738697
738497
738488
738484
738380
738275
738222
737975
737956
737659
737595
737584
737563
737551
737277
737106
737096
737068
737022
737008
736936
736774
736694
736624
736552
736371
736333
736252
735784
735658
735537
735409
735374
735366
735355
735186
735032
735011
734715
734516
734267
734020
733978
733977
733941
733828
733802
733751
733627
733462
733223
733152
733025
732728
732618
732570
732477
732462
732424
732417
732234
732188
732155
732073
732047
732040
731919
731880
731688
731648
731442
731115
731075
731038
731011
731004
731001
730979
730875
730863
730833
730796
730714
730508
730439
730295
730285
730157
730147
730039
729777
729628
729373
729171
728942
728798
728786
728777
728618
728528
728135
727994
727766
727757
727601
727524
727519
727395
727389
727362
727317
727195
727085
727069
726974
726912
726896
726823
726780
726761
726712
726407
725971
725812
725725
725663
725611
725228
725144
725028
725005
724943
724878
724725
724477
724469
724386
724352
724305
724083
724000
723904
723898
723730
723660
723616
723601
723415
723347
723220
722777
722721
722690
722578
722569
722460
722251
722155
722063
721994
721914
721801
721762
721738
721668
721516
721487
721468
721292
721140
721056
721022
721007
720739
720677
720571
720493
720438
719959
719948
719893
719857
719817
719745
719549
719502
719159
718974
718859
718844
718626
718177
718173
718030
717964
717958
717760
717658
717440
717433
717271
717213
717103
717094
717032
716879
716758
716708
716650
716604
716545
716471
716427
716322
716139
716128
716050
715716
715594
715533
715504
715458
715172
715055
714994
714983
714946
714829
714664
714568
714552
714443
714440
714426
714420
714374
714292
714248
714185
714111
714087
713749
713739
713623
713593
713538
713532
713475
713429
713313
713294
713143
713108
713028
712852
712709
712586
712435
712344
712280
712157
712151
712149
712125
712124
712092
711911
711850
711782
711619
711490
711467
711439
711354
711313
711260
710826
710797
710733
710634
710601
710437
710338
710214
709945
709828
709678
709647
709640
709561
709477
709449
709350
708918
708879
708788
708761
708682
708475
708454
708277
708254
707997
707983
707888
707777
707756
707620
707494
707196
707132
707067
706440
706390
706353
706341
706337
706309
706182
705825
705727
705642
705574
705564
705563
705531
705178
705067
705054
704939
704570
704429
704363
704344
704302
704274
704243
704094
703895
703509
703434
703294
703240
703153
703118
702672
702598
702466
702400
702245
702164
701942
701906
701763
701607
701483
701391
701312
701265
701044
700924
700816
700680
700595
700540
700389
700354
700255
700053
699983
699890
699807
699738
699527
699466
699398
699151
699043
698897
698820
698795
698795
698761
698699
698555
698545
698275
698221
698115
698072
698011
697791
697741
697615
697525
697428
697320
697278
697249
697148
697053
697041
697028
696987
696953
696943
696857
696840
696646
696544
696532
696486
696444
696357
696138
696118
696041
696016
695930
695905
695889
695785
695704
695626
695602
695474
695240
695158
695076
695034
694938
694912
694676
694347
694279
694250
694222
694173
694040
693975
693888
693818
693500
693248
693220
693127
692923
692911
692886
692788
692673
692650
692534
692496
692455
692411
692236
692069
691995
691856
691788
691758
691508
691412
691236
690899
690748
690693
690646
690503
690307
690230
690225
690117
690096
690079
690006
689935
689853
689755
689747
689663
689291
689265
689185
689167
689049
689045
688636
688524
688322
688232
688230
688128
688119
688091
688033
688005
687976
687815
687684
687525
687469
687403
687386
687354
687271
687209
687192
687135
687131
687126
687085
687050
687024
686565
686478
686442
686225
686135
686126
686104
686016
685990
685965
685892
685852
685815
685703
685589
685524
685466
685351
685299
685208
685197
685146
685084
684935
684921
684907
684798
684757
684363
684354
684351
684307
684221
684193
684075
683992
683982
683928
683876
683623
683516
683447
683443
683408
683346
683286
683198
683142
683140
683119
682888
682606
682298
682258
682040
681938
681840
681686
681573
681477
681164
681131
681097
680915
680514
680436
680436
680420
680373
680343
680339
680262
680200
680096
679981
679906
679751
679723
679500
679473
679357
679260
679246
679101
678906
678751
678701
678503
678491
678358
678181
678051
677977
677920
677782
677644
677580
677552
677517
677249
677135
677132
676877
676857
676810
676499
676485
676437
676208
676144
675910
675825
675611
675484
675473
675328
675141
675027
674950
674821
674715
674630
674510
674479
674411
674387
674315
674295
674291
673804
673764
673753
673617
673421
673208
673194
673128
673014
672965
672897
672465
672292
672186
672078
672039
671583
671529
671498
671380
671131
671020
670995
670153
670068
669913
669793
669739
669685
669506
669421
669203
668942
668722
668578
668524
668507
668506
668362
668305
668090
667673
667631
667631
667625
667413
667373
667300
667205
667113
667005
667000
666904
666840
666661
666632
666572
666500
666385
666236
666227
666009
665980
665823
665744
665731
665712
665668
665441
665384
665298
665290
665124
665097
665082
665042
664971
664916
664817
664794
664717
664305
664186
663941
663908
663868
663641
663440
663381
663338
663256
663043
662758
662330
662252
662128
662036
662015
661922
661376
661327
661156
661143
661105
661021
660974
660883
660783
660758
660749
660611
660598
660598
660552
660340
660180
660130
660029
659986
659968
659817
659691
659684
659443
659348
659272
659165
659067
659049
658995
658665
658597
658565
658545
658538
658440
658413
658251
658201
658069
657821
657820
657793
657661
657644
657593
657442
657362
657339
657259
657080
657068
656965
656747
656655
656570
656452
656382
656323
656275
656074
656022
655954
655896
655820
655797
655620
655251
655120
655048
654967
654662
654647
654643
654506
654230
654026
653899
653846
653737
653683
653642
653572
653283
653186
653134
652865
652833
652741
652406
652363
652203
652122
651834
651716
651658
651562
651523
651321
651229
651169
651118
651090
651057
650980
650964
650919
650789
650764
650711
650195
650107
650050
649744
649667
649636
649620
649467
649442
649404
649379
649359
649279
649031
649022
648718
648703
648564
648529
648464
648453
648334
648306
648296
648002
647928
647625
647590
647573
647505
647449
647429
647290
647244
647207
647126
647069
647017
646835
646316
646094
646085
646085
646077
645993
645915
645865
645792
645764
645723
645422
645363
645326
645295
645284
645265
645130
645127
645092
644776
644743
644736
644616
644496
643728
643639
643613
643456
643429
643325
643323
643279
643069
642990
642979
642813
642632
642538
642325
642319
642105
641807
641491
641446
641445
641426
641422
641240
640868
640837
640794
640709
640667
640560
640475
640394
640388
640307
640233
640040
640031
639729
639637
639593
639353
639317
639171
638951
638878
638875
638446
638424
638255
638133
638123
638089
637950
637946
637932
637733
637664
637574
637402
637309
637225
637126
637116
637006
636853
636710
636659
636579
636521
636379
636272
636248
636049
636041
635934
635927
635801
635687
635614
635489
635458
635346
635317
635302
635269
635182
634505
634455
634325
634324
634221
634145
634097
634007
633896
633805
633739
633705
633659
633588
633063
633012
632984
632936
632637
632555
632343
632305
632252
631879
631593
631525
631508
631368
631349
631218
631201
631159
631133
630763
630727
630552
630540
630245
629904
629818
629541
629434
629388
629377
628972
628955
628906
628813
628585
628439
628398
628337
628123
627724
627608
627599
627598
627508
627335
627215
627141
626465
626434
626413
626194
626121
625988
625695
625693
625685
625569
625386
625343
625262
625225
625124
625086
625010
625004
624968
624798
624686
624641
624244
624081
624041
624022
623966
623842
623813
623806
623671
623516
623277
623210
623206
623069
622913
622810
622754
622505
622274
622144
622120
621911
621349
621294
621175
621140
621103
621050
621049
621041
620914
620898
620790
620783
620757
620745
620734
620658
620625
620539
620234
620107
619846
619779
619277
619113
618627
618328
618305
618178
618166
618150
618072
617859
617696
617662
617653
617606
617518
617486
617473
617463
617339
616886
616734
616551
616379
616363
616351
616307
616189
616060
615982
615901
615895
615809
615658
615649
615597
615564
615529
615426
615005
614927
614598
614572
614508
614410
614276
614110
613983
613606
613457
613445
613364
613349
613308
613277
613136
613117
612988
612982
612952
612919
612640
612590
612438
612420
612360
612118
612103
612092
611937
611835
611834
611821
611758
611736
611620
611591
611512
611452
611442
611415
611360
611238
611237
611051
610979
610748
610544
610494
610467
610451
610445
610248
610181
610180
610173
610148
610027
610000
609957
609931
609891
609813
609718
609659
609265
609242
609207
609197
609085
609073
609063
608995
608967
608839
608768
608706
608443
608346
608255
607815
607792
607770
607699
607553
607506
607475
607398
607280
607270
607164
607118
607039
606883
606820
606752
606714
606563
606448
606440
606418
606337
606152
606148
606122
606102
606008
605896
605886
605831
605804
605670
605644
605643
605534
605349
605297
605284
605267
605267
605241
605204
605087
605073
604863
604750
604737
604737
604688
604682
604560
604409
604205
604080
604030
603981
603969
603934
603912
603901
603858
603813
603686
603590
603516
603362
603251
603220
603105
603066
602922
602856
602840
602819
602754
602641
602634
602605
602534
602418
602354
602298
602209
602142
601960
601871
601849
601839
601745
601342
601285
601190
601167
600917
600835
600777
600734
600263
600263
600237
600027
599826
599789
599771
599702
599698
599580
599457
599123
599079
599066
598813
598808
598769
598445
598348
598342
598176
597926
597877
597801
597701
597647
597556
597539
597490
597418
597409
597404
597297
597258
597175
597110
597065
596801
596673
596669
596618
596454
596445
596093
595981
595967
595762
595759
595734
595679
595550
595515
595465
595454
595362
595353
595281
595250
595211
595198
595113
595111
594996
594915
594906
594863
594835
594784
594728
594558
594411
594306
594185
594097
594071
594024
594023
593816
593761
593650
593510
593397
593382
592987
592980
592861
592776
592704
592677
592633
592549
592329
592304
592242
592163
592031
592001
591944
591922
591916
591751
591590
591294
591006
590984
590877
590720
590643
590551
590403
590377
590330
590198
590093
590060
589859
589835
589798
589710
589592
589476
589453
589295
589244
589242
589076
589065
588902
588756
588621
588595
588524
588409
588354
588344
588154
588114
588044
587899
587761
587745
587652
587631
587577
587365
587259
587157
587100
586911
586896
586705
586600
586458
586425
586106
586016
585976
585803
585699
585589
585454
585406
585291
585074
584967
584965
584947
584923
584921
584820
584717
584712
584692
584675
584600
584594
584569
584476
584057
583887
583760
583549
583372
583287
583273
583122
583099
582848
582843
582382
582350
582178
582157
581855
581843
581772
581652
581472
581382
581323
581226
580955
580955
580895
580685
580597
580490
580077
580066
580062
579838
579797
579793
579185
579138
579049
578993
578913
578797
578793
578745
578691
578665
578618
578585
578514
578246
577668
577633
577513
577463
577449
577177
576971
576943
576938
576886
576800
576746
576501
576301
576263
576138
576051
575986
575950
575914
575429
575240
575172
575172
574985
574984
574742
574616
574465
574429
574384
574344
574265
574257
574236
574108
573979
573942
573893
573742
573568
573513
573460
573456
573437
573412
573318
573313
573273
573261
573257
573245
573088
573004
572877
572768
572723
572619
572570
572425
572387
572337
572282
572214
571996
571950
571919
571858
571839
571657
571638
571618
571604
571582
571575
571535
571427
571364
571354
571173
571072
570925
570791
570631
570512
570462
570411
570344
570158
569982
569793
569652
569619
569596
569439
569373
569343
569283
569190
569154
569129
569026
568616
568475
568439
568418
568397
568260
568246
568181
568170
568161
568067
567950
567480
567479
567407
567306
567282
567167
567103
567072
566945
566744
566697
566684
566633
566216
566131
566094
565974
565596
565558
565464
565367
565334
565191
565165
565067
564975
564796
564767
564762
564757
564728
564443
564409
564393
564386
564297
564076
563970
563918
563912
563608
563608
563554
563526
563483
563282
563224
563138
563020
562912
562705
562664
562662
562598
562416
562415
562296
562104
562070
562066
562049
562010
561953
561929
561837
561796
561794
561758
561755
561709
561680
561537
561504
561395
561382
561375
561251
561153
561152
561071
561036
560935
560780
560749
560667
560482
560411
560390
560389
560315
560270
560263
560260
560221
560162
559924
559790
559744
559728
559565
559478
559450
559425
559320
558984
558781
558728
558609
558591
558562
558538
558404
558393
558322
558223
558197
558070
558041
557929
557721
557633
557539
557379
557365
557355
557334
557269
557234
557204
557191
557156
557050
557004
556956
556922
556900
556881
556828
556686
556664
556654
556500
556446
556370
556296
556197
556114
556042
555966
555944
555771
555729
555701
555518
555387
555368
555078
555072
555057
554918
554833
554831
554828
554788
554760
554627
554404
554248
554207
553825
553749
553733
553666
553642
553424
553135
552982
552981
552765
552707
552627
552530
552416
552251
552184
552155
552098
551987
551976
551796
551733
551713
551586
551567
551556
551403
551402
551349
551299
551257
551111
550873
550368
550310
550305
550287
550114
549952
549915
549703
549668
549626
549617
549412
549313
549080
548969
548903
548864
548846
548799
548668
548605
548453
548437
548426
548370
548359
548350
548263
548232
548156
548112
547987
547830
547271
547095
547055
546906
546901
546875
546859
546775
546750
546653
546346
546343
545922
545907
545810
545781
545735
545518
545483
545291
545267
545076
544727
544653
544651
544646
544289
544236
544228
543892
543746
543705
543481
543321
543291
543237
543232
543053
542925
542713
542677
542632
542632
542583
542491
542467
542454
542159
541747
541718
541630
541445
541427
541419
541407
541389
541176
541067
540946
540780
540675
540576
540497
540490
540485
540464
540309
540304
540158
540095
539974
539723
539651
539576
539484
539419
539338
538883
538783
538506
538428
538411
538336
538075
538052
538041
537813
537675
537659
537471
537409
537375
537294
537223
537203
537157
537133
537054
536974
536660
536431
535970
535546
535333
535284
535254
535150
534994
534814
534672
534543
534505
534415
534302
534281
534129
534117
534091
533988
533939
533926
533892
533816
533785
533701
533585
533582
533466
533417
533374
533371
533331
533023
532972
532732
532670
532665
532660
532652
532492
532461
532432
532310
532242
532191
531944
531552
531345
531341
531310
531178
531147
531024
531000
530989
530899
530833
530792
530787
530636
530508
530435
530397
530371
530289
530214
530197
530021
529989
529917
529636
529600
529477
529134
529127
529084
529066
528808
528566
528484
528467
528454
528365
528295
528245
528191
528061
528034
527985
527920
527908
527803
527690
527683
527642
527474
527463
527447
527434
527225
527154
527136
526871
526852
526761
526692
526554
526476
526468
526377
526353
526346
526342
526314
526243
526231
526193
526061
525965
525925
525855
525668
525595
525469
525440
525417
525263
525130
524920
524838
524752
524739
524508
524439
524416
524310
524296
524241
524119
524003
523811
523776
523699
523696
523530
523489
523379
523372
523330
523285
523267
523188
523171
523154
523033
522970
522713
522692
522675
522511
522492
522468
522453
522418
522409
522402
521951
521862
521766
521282
521236
521118
520832
520690
520657
520578
520447
520445
520388
520296
520152
520104
520030
519865
519817
519676
519494
519438
519379
519339
519205
519136
519128
519054
519036
518946
518678
518650
518599
518560
518489
518386
518266
518162
518158
518068
518059
518022
517985
517704
517091
517078
516928
516762
516744
516661
516616
516528
516476
516302
516248
516209
516136
516083
516069
515939
515878
515876
515761
515403
515149
515127
515125
515034
514981
514854
514653
514495
514441
514396
514367
514245
514193
514182
513964
513924
513861
513853
513704
513692
513609
513580
513476
513293
512924
512462
512332
512315
512297
512041
511999
511955
511920
511869
511855
511789
511597
511518
511515
511507
511433
511413
511371
511359
511321
511281
511257
511195
511160
511157
511147
511019
510995
510980
510944
510930
510883
510750
510521
510392
510366
510354
510267
510104
510094
510053
510007
510002
509966
509792
509756
509709
509695
509253
508970
508884
508798
508797
508752
508543
508521
508284
508249
507959
507951
507927
507675
507667
507547
507410
507317
507286
507160
507000
506982
506444
506411
506279
506182
506170
506044
506043
505969
505969
505805
505720
505597
505533
505469
505421
505235
504760
504595
504566
504427
504192
504059
503848
503691
503405
503400
503383
503326
503309
502845
502801
502800
502746
502683
502634
502478
502462
502450
502301
502300
502147
502147
502099
501878
501830
501796
501297
501283
501010
500976
500974
500768
500531
500417
500275
500272
500135
500121
500039
499910
499865
499801
499741
499617
499610
499558
499443
499366
499335
499227
498997
498794
498711
498293
498240
497822
497821
497777
497769
497760
497741
497712
497597
497486
497396
497329
497272
497242
497154
497137
497134
497117
497090
497039
496993
496980
496846
496753
496572
496539
496234
496018
495822
495776
495691
495641
495579
495397
495394
495314
495198
494927
494746
494726
494713
494496
494436
494272
494253
494150
493680
493585
493554
493499
493438
493340
493271
493267
493177
492944
492859
492805
492799
492399
492334
492326
492188
492151
492133
492020
491979
491947
491858
491817
491728
491672
491633
491610
491596
491396
491240
491238
491221
491080
490926
490856
490834
490709
490503
490447
490438
490052
490039
489982
489901
489719
489693
489692
489547
489486
489327
489307
489211
489156
489019
488958
488823
488801
488717
488681
488454
488384
488243
488194
488121
488104
487935
487812
487740
487701
487594
487538
487516
487331
487212
487126
486871
486778
486601
486539
486535
486432
486336
486286
486268
486251
486101
486059
485990
485895
485877
485863
485749
485737
485731
485623
485430
485428
485309
485247
485244
485187
485127
484813
484572
484526
484512
484413
484399
484387
484375
484306
484257
484021
483906
483590
483493
483460
483247
483083
483008
482907
482810
482774
482739
482708
482688
482659
482644
482627
482598
482364
482214
482154
482146
481893
481759
481532
481517
481470
481374
481320
481111
480771
480749
480604
480593
480574
480516
480490
480457
480347
480343
480338
480335
480269
480225
479716
479671
479508
479435
479351
479266
479211
478800
478774
478744
478720
478527
478455
478416
478390
478199
478175
478135
478095
478051
477966
477914
477871
477714
477640
477598
477574
477484
477337
477225
477152
476908
476732
476717
476687
476492
476473
476309
476164
476134
475867
475802
475775
475773
475654
475569
475509
475284
475209
475100
474923
474811
474284
474177
474164
474157
474085
474037
473946
473902
473693
473675
473511
473469
473461
473432
473276
473123
473090
472723
472583
472581
472541
472296
471955
471913
471904
471768
471651
471373
471220
471212
471169
470991
470670
470506
470505
470453
470442
470305
469975
469745
469634
469618
469614
469540
469508
469498
469220
469162
469148
469025
469011
468977
468950
468888
468828
468787
468432
468407
468407
468342
468250
468246
468138
467836
467762
467748
467645
467605
467576
467365
467271
467180
467002
466793
466782
466741
466509
466353
466208
466177
466154
465960
465706
465696
465670
465551
465446
465441
465410
465346
465319
465294
465280
464954
464889
464719
464657
464650
464647
464535
464526
464523
464472
464282
464008
463749
463731
463717
463605
463594
463527
463463
463439
463327
462905
462822
462632
462453
462434
462286
462260
462218
462182
462134
461990
461903
461875
461719
461715
461514
461469
461446
461274
461152
461117
461071
461025
460936
460843
460794
460686
460630
460589
460463
460336
460318
460271
459987
459921
459875
459833
459792
459730
459609
459452
459245
459154
459045
458995
458930
458646
458544
458537
458491
458463
458426
458402
458383
458243
458171
457871
457752
457701
457590
457520
457438
457334
457307
457194
457169
457056
456981
456925
456867
456770
456729
456586
456567
456489
456449
456399
456314
456082
456051
456017
456006
455854
455822
455788
455716
455659
455651
455599
455573
455531
455487
455343
455287
455255
455218
455057
454854
454765
454764
454741
454736
454351
454334
454241
454052
454012
453343
453209
452888
452833
452766
452592
452489
452432
452254
452235
452165
451956
451947
451839
451749
451739
451714
451711
451564
451521
451404
451397
451034
450933
450888
450558
450449
450353
450340
450210
450143
449937
449888
449858
449846
449660
449602
449490
449210
449105
449043
448981
448906
448805
448789
448692
448427
448369
448317
447944
447679
447655
447499
447379
447152
446951
446867
446612
446596
446589
446391
446288
446101
445706
445470
445430
445263
445045
445044
445000
444941
444936
444884
444872
444761
444647
444361
444342
444293
444255
444205
443979
443941
443890
443858
443796
443713
443690
443686
443684
443546
443420
443364
443310
443308
443081
442964
442611
442447
442314
442163
442122
441986
441930
441856
441851
441524
441442
440823
440736
440704
440590
440558
440514
440334
440146
440002
439963
439834
439771
439758
439645
439511
439479
439458
439426
439383
439354
439031
439025
439020
438894
438854
438832
438734
438689
438567
438107
437996
437950
437935
437724
437622
437607
437530
437526
437449
437352
436876
436851
436564
436447
436329
436076
435898
435897
435877
435759
435753
435603
435331
435215
435170
434953
434926
434925
434774
434476
434376
434095
433997
433989
433949
433926
433873
433850
433595
433438
433082
432690
432642
432616
432559
432468
432467
432357
432326
432301
432242
432140
432007
431952
431930
431893
431628
431623
431479
431403
431396
431230
431155
430689
430644
430638
430635
430405
430342
430239
430234
430211
430102
430067
429999
429870
429841
429773
429734
429695
429655
429625
429470
429416
429397
429392
429335
429252
429207
429161
428818
428708
428630
428604
428537
428536
428223
428172
428159
428037
427898
427774
427513
427412
427342
426998
426988
426802
426435
426395
426342
426075
425986
425856
425854
425844
425697
425493
425474
425330
425323
425269
425102
425045
424985
424947
424896
424802
424762
424710
424647
424618
424486
424402
424299
424071
424019
423961
423817
423705
423644
423443
423192
423062
423046
423045
422915
422624
422575
422495
422421
422367
422297
422272
422085
421834
421708
421662
421311
421095
421067
421034
420995
420856
420853
420830
420617
420409
420284
420277
420252
420139
419699
419670
419200
419155
419019
418951
418935
418879
418706
418512
418462
418347
418076
418044
417918
417870
417847
417609
417591
417579
417479
417469
417463
417307
417144
417086
416910
416861
416775
416707
416676
416642
416545
416378
416351
416290
416184
416051
416025
415920
415892
415878
415877
415677
415606
415586
415569
415489
415303
415278
415256
415135
414962
414958
414730
414602
414589
414514
414203
414174
413835
413831
413719
413718
413618
413582
413527
412989
412950
412893
412867
412864
412858
412650
412487
412431
412261
412132
412115
411974
411917
411792
411669
411457
411405
411294
411137
411041
410938
410883
410634
410610
410605
410577
410535
410467
410440
410434
410023
410001
409965
409948
409898
409859
409852
409818
409611
409378
409239
409230
409200
408865
408672
408663
408606
408580
408374
408324
408267
408224
408178
408104
407805
407626
407523
407443
407232
407186
407052
406945
406670
406376
406359
406259
406201
405716
405565
405542
405457
405401
405280
405280
405274
405125
405063
404984
404972
404960
404872
404855
404789
404749
404642
404542
404380
404355
404281
404192
404090
403898
403853
403789
403678
403450
403444
403421
403094
403074
403028
402861
402805
402801
402543
402523
402411
402380
402349
402217
402152
402150
402095
401746
401521
401473
401382
401380
401340
401332
401299
401233
401023
400715
400514
400384
400287
400238
400230
399920
399882
399807
399782
399683
399662
399564
399563
399379
399150
399079
398906
398898
398816
398651
398588
398585
398397
398121
398062
397848
397764
397747
397660
397650
397638
397564
397551
397402
397114
397108
397044
396998
396754
396689
396571
396435
396332
396326
396199
396168
395774
395706
395657
395624
395347
395221
395061
394930
394821
394758
394751
394714
394684
394581
394568
394558
394419
394374
394362
394278
394137
394122
394060
393863
393797
393793
393749
393688
393618
393576
393477
393475
393410
393378
393363
393309
393117
393063
392982
392908
392771
392663
392499
392449
392386
392075
391783
391763
391706
391497
391357
391347
391275
391102
391075
390926
390897
390816
390722
390716
390675
390625
390625
390326
390054
389704
389632
389616
389554
389551
389361
389349
389316
389223
389128
388756
388747
388736
388510
388277
388244
387795
387718
387438
387384
387268
387197
387174
387157
387101
386960
386824
386653
386590
386491
386279
386105
386099
386064
385907
385849
385650
385608
385540
385366
385298
385190
385086
385002
384995
384965
384880
384772
384733
384611
384529
384505
384395
384386
384384
384235
384228
384183
384126
383751
383662
383221
383094
382936
382862
382842
382817
382699
382652
382563
382529
382431
382382
382351
382259
382209
382200
382164
382123
382028
381915
381763
381688
381670
381618
381550
381399
381254
381230
380868
380802
380747
380637
380590
380564
380537
380360
380185
380044
379928
379911
379840
379806
379787
379738
379728
379708
379662
379656
379533
379490
379037
378898
378891
378842
378646
378074
377931
377839
377796
377438
377421
377333
377324
377260
377251
376944
376904
376872
376859
376809
376779
376651
376244
376119
376053
375879
375833
375675
375664
375218
375156
374858
374627
374604
374529
374384
374376
374288
374254
374006
373884
373675
373597
373590
373481
373446
373427
373385
373368
373295
373294
373210
372975
372928
372509
372429
372425
372381
372295
372255
371956
371777
371520
371495
371477
371410
371330
371140
371116
371082
370945
370871
370829
370781
370721
370715
370689
370674
370597
370514
370489
370396
370343
370250
369967
369689
369649
369647
369641
369570
369444
369214
369198
368988
368973
368635
368603
368473
368382
368189
367966
367958
367932
367798
367659
367572
367549
367253
367157
367114
366949
366595
366490
366449
366409
366349
366272
366164
366139
366101
366084
366002
365859
365858
365768
365503
365440
365319
365212
365027
364928
364847
364783
364709
364693
364659
364634
364621
364575
364481
364475
364437
364371
364360
364249
364207
363898
363873
363847
363664
363496
363382
363371
363303
363226
363155
363087
363063
363052
363037
362820
362724
362710
362652
362565
362558
362354
362310
362285
362252
362236
362136
361853
361822
361663
361641
361371
361276
361248
361197
361173
361134
361059
360949
360883
360806
360731
360456
360323
360308
360198
360165
360114
359904
359854
359757
359739
359387
359282
359183
359183
359108
359048
358974
358893
358872
358557
358551
358457
358298
358230
358192
358147
357897
357786
357733
357616
357446
357315
357244
356954
356899
356809
356598
356559
356425
356341
356251
356154
355846
355786
355671
355652
355434
355374
355302
355218
354521
354408
354374
354335
354322
354180
353871
353706
353613
353604
353574
353511
353508
353479
353437
353331
353285
353190
353154
353088
353076
353059
352891
352875
352795
352500
352340
352203
352189
351857
351730
351713
351708
351525
351456
351359
350986
350924
350839
350724
350697
350612
350439
350375
350365
350317
350311
350217
350213
350109
350081
349796
349654
349553
349548
349537
349277
349234
349150
349132
349108
349036
348955
348798
348565
348529
348212
348179
348140
347908
347830
347791
347656
347449
347400
347350
347253
347186
346976
346946
346727
346592
346574
346411
346345
346185
346140
346032
345917
345883
345684
345674
345649
345476
345396
345394
345213
345148
344999
344939
344630
344570
344500
344126
344077
343907
343871
343863
343674
343644
343539
343400
343276
343000
342862
342790
342654
342533
342508
342357
342327
341934
341849
341501
341286
341252
341185
341086
340991
340891
340815
340584
340334
340266
340135
340113
340105
340039
339994
339989
339984
339845
339396
339318
339314
338927
338914
338899
338734
338713
338640
338629
338535
338181
338149
337923
337709
337579
337573
337535
337462
337381
337252
337250
337248
337134
337112
337109
337068
337025
336969
336953
336885
336838
336708
336575
336571
336366
336009
335954
335934
335896
335694
335652
335594
335249
335215
335122
334832
334614
334464
334453
334444
334381
334331
334015
333905
333884
333869
333861
333821
333820
333759
333707
333691
333466
333172
332821
332463
332328
332058
331923
331565
331454
331431
331300
331283
331036
330910
330782
330555
330433
330266
330249
330051
329994
329798
329737
329686
329626
329400
329283
329176
329134
329111
329017
329017
328787
328687
328684
328642
328516
328431
328416
328408
328367
328194
328143
328064
327987
327980
327840
327812
327499
327359
327340
327280
327182
327177
326539
326526
326518
326382
326087
326062
325978
325879
325805
325763
325612
325558
325436
325088
325041
324973
324888
324736
324616
324376
324364
324354
324339
324309
324291
324142
324114
324046
324035
323922
323910
323805
323739
323622
323522
323342
323311
323155
323133
322966
322955
322951
322740
322681
322495
322365
322346
322154
322009
322009
321875
321847
321649
321621
321417
321188
321104
320970
320942
320552
320497
320396
320377
320288
320181
320064
320056
319985
319974
319684
319648
319647
319608
319595
319551
319409
319236
319171
318942
318794
318711
318537
318426
318260
318181
318123
318061
318057
317767
317688
317653
317648
317433
317426
317403
317315
317175
317012
316894
316833
316761
316672
316546
316542
316539
316182
316181
316121
316048
315938
315896
315799
315743
315533
315386
315360
315201
315170
315059
314810
314791
314789
314778
314445
314347
314191
314109
314089
314039
314006
313883
313839
313826
313822
313444
313354
313306
313111
313034
312869
312867
312852
312626
312622
312613
312442
312434
312364
312008
311905
311805
311711
311701
311664
311509
311389
311275
311097
310969
310562
310548
309982
309946
309845
309824
309803
309762
309725
309653
309647
309607
309207
309189
309019
309002
308947
308810
308807
308799
308707
308642
308447
308206
308138
308117
308063
307839
307768
307545
307407
307101
307052
307049
306974
306949
306903
306846
306586
306536
306523
306481
306364
306194
306144
305912
305647
305530
305347
305264
304939
304919
304900
304666
304551
304398
304388
304218
304011
303896
303735
303634
303579
303558
303358
303153
303133
303017
302830
302750
302707
302703
302579
302558
302421
302400
302399
302142
302074
301932
301897
301787
301614
301555
301490
301474
301148
300999
300863
300700
300615
300388
300343
300235
300231
300214
300152
299970
299828
299758
299498
299330
299019
298560
298487
298366
298224
298020
297785
297771
297715
297472
297402
297307
297206
297099
297032
296851
296807
296744
296690
296569
296432
296298
296272
296199
296197
296197
296103
295752
295667
295289
295210
295185
295179
295171
295098
294911
294903
294564
294554
294369
294335
294196
293801
293657
293579
293557
293493
293272
293077
293001
292953
292763
292663
292650
292612
292534
292492
292131
292122
292105
292099
292072
291848
291799
291786
291731
291698
291551
291484
291436
291304
291245
291105
291076
291049
291035
290998
290983
290946
290888
290874
290569
290120
290029
289951
289934
289749
289639
289546
289478
289425
288905
288813
288788
288706
288573
288539
288341
288089
287964
287949
287942
287890
287753
287738
287703
287676
287661
287562
287436
287255
287253
287145
287031
286974
286796
286744
286655
286510
286380
286304
286175
286164
285876
285591
285488
285340
285311
285309
285115
285104
285037
284927
284922
284899
284790
284778
284759
284627
284609
284607
284282
284148
284122
284026
283863
283801
283689
283476
283412
283389
283367
283240
282968
282822
282728
282689
282528
282301
282186
282158
282025
282007
281666
281407
281405
281043
280833
280817
280677
280537
280490
280380
280316
280035
279982
279808
279570
279515
279362
279221
279108
278959
278847
278348
278330
278067
277998
277904
277897
277893
277886
277861
277763
277726
277653
277568
277506
277458
277430
277353
277137
277125
277124
276979
276966
276918
276848
276837
276651
276439
276421
276412
276064
275903
275890
275832
275827
275797
275724
275554
275501
275460
275325
275220
275138
275124
275113
275061
274931
274560
274525
274515
274442
274163
273772
273769
273704
273627
273527
273464
273362
273175
273136
272725
272645
272628
272623
272515
272470
272330
272158
272125
271980
271881
271642
271589
271280
271231
271187
270942
270917
270827
270792
270723
270452
270372
270359
270335
270265
270000
269920
269758
269682
269662
269398
269354
269021
268883
268807
268746
268681
268527
268510
268478
268296
268213
267940
267854
267834
267805
267759
267649
267527
267519
267373
267365
267274
267188
267091
267084
267084
267029
266995
266955
266890
266828
266800
266790
266658
266584
266481
266363
266020
265978
265940
265924
265913
265850
265846
265649
265593
265584
265459
265331
265282
265182
265013
264986
264846
264839
264789
264687
264522
264308
264145
264007
263701
263696
263648
263547
263494
263093
263076
263005
262775
262750
262484
262400
262325
262213
262188
262180
261967
261950
261824
261814
261809
261773
261755
261732
261683
261569
261531
261419
261293
261268
261226
261035
260959
260959
260688
260542
260407
260331
260269
260248
259603
259537
259536
259476
259426
259334
259089
258970
258937
258851
258672
258521
258436
258387
258336
258283
258214
258047
258043
257867
257451
257164
257136
257096
257089
256914
256909
256637
256227
256160
256019
255808
255665
255611
255567
255564
255388
255367
255321
254900
254889
254863
254841
254533
254461
254262
253489
253394
253280
253209
252868
252683
252679
252660
252598
252382
252367
252316
252220
252181
252075
252067
251852
251767
251302
251301
251300
251281
251115
251099
251090
251008
250927
250886
250883
250771
250569
250559
250470
250437
250431
250429
250407
250334
250325
250287
250119
249919
249843
249771
249741
249692
249688
249422
249312
248961
248862
248856
248850
248775
248755
248554
248527
248197
248137
248117
248108
248015
247896
247780
247717
247678
247665
247630
247616
247469
247396
247343
247248
247173
247057
247043
246995
246949
246940
246884
246871
246780
246538
246259
246179
246118
245994
245954
245906
245899
245473
245434
245236
245184
244876
244735
244303
244235
244167
243868
243667
243641
243609
243551
243432
243425
243405
243337
243291
243211
243187
243173
243164
243152
243151
243053
242706
242690
242479
242230
241990
241850
241818
241726
241561
241319
241303
241246
241111
241028
240952
240920
240692
240546
240447
240389
240348
240297
240290
240181
240124
239957
239842
239835
239416
239336
239255
239177
239033
238976
238906
238883
238826
238750
238686
238657
238578
238516
238400
238176
237856
237758
237721
237707
237699
237684
237461
237453
237417
237052
236972
236599
236575
236560
236553
236526
236482
236433
236376
236329
236152
236071
236058
235428
235376
235362
235243
235224
235205
235151
235140
235074
234967
234858
234487
234374
234232
234212
233995
233873
233473
233279
233248
232959
232830
232716
232481
232429
232392
232384
232068
231627
231547
231444
231442
231248
231219
231155
231066
230955
230894
230680
230579
230519
230408
230343
230281
230274
230059
229827
229809
229734
229679
229315
229239
229233
229183
229170
229154
229025
228944
228887
228764
228679
228601
228503
228471
228463
228381
228366
228162
227809
227724
227720
227676
227673
227592
227358
227352
227241
227167
227108
227099
226844
226654
226643
226373
226309
226103
225972
225941
225911
225740
225711
225639
225635
225559
225548
225441
225307
225155
225108
225029
224960
224958
224953
224919
224907
224898
224808
224804
224545
224532
224399
224396
224379
224346
224321
224239
224192
224158
224130
223920
223838
223783
223632
223404
223394
223389
222991
222624
222615
222546
222527
222449
222389
222313
222303
222161
222047
222039
221963
221864
221832
221805
221700
221664
221656
221619
221610
221595
221555
221550
221494
221360
221000
220969
220906
220674
220610
220518
220352
220194
220193
220185
220108
220084
219871
219783
219716
219684
219642
219531
219374
219268
219239
219220
219205
218999
218762
218696
218590
218461
218380
218301
218276
218194
218008
217734
217618
217493
216971
216611
216596
216575
216509
216497
216365
216311
216127
215966
215945
215935
215912
215778
215722
215699
215698
215696
215683
215482
215338
215259
215154
214810
214732
214706
214653
214409
214225
213879
213813
213749
213691
213493
213449
213418
213268
213214
213204
213000
212878
212753
212443
212189
212121
212113
212035
212008
211269
211138
211055
210916
210754
210574
210437
210347
210131
210120
210074
209964
209963
209860
209345
209342
209252
209149
209080
209012
208965
208960
208925
208779
208528
208386
208335
208154
208116
208061
207948
207792
207711
207579
207528
207520
207510
207452
207427
207233
206999
206914
206878
206741
206623
206499
206481
206341
206204
206191
206120
205942
205876
205875
205760
205386
205328
205254
205234
205206
205097
205000
204749
204721
204596
204483
204383
204318
204219
204141
204117
203969
203919
203900
203830
203659
203628
203480
203421
203366
203364
203144
203137
202996
202976
202822
202779
202778
202747
202745
202678
202573
202561
202419
202388
202359
202341
202340
201654
201531
201476
201248
201157
201132
201084
200813
200810
200525
200417
199955
199869
199862
199759
199715
199676
199650
199547
199521
199481
199277
199205
199205
199157
199088
199047
198998
198986
198946
198650
198513
198352
198240
198210
198012
197796
197749
197650
197517
197442
197400
197362
197253
197128
197049
196796
196743
196717
196663
196600
196496
196455
196369
196347
196292
196276
196133
196081
196010
195999
195952
195826
195638
195504
195225
195192
195165
195154
194950
194539
194276
194052
193963
193798
193747
193666
193389
193241
193232
193179
193138
193122
193089
193026
193010
192993
192975
192792
192776
192773
192699
192613
192611
192449
192134
192002
191948
191838
191791
191746
191730
191498
191299
191284
191276
191197
191015
190380
190367
190288
190163
189938
189779
189744
189622
189617
189590
189504
189504
189305
189126
189111
188944
188936
188827
188605
188555
188454
188219
188201
188143
188114
187810
187740
187642
187484
187455
187435
187145
187132
187117
187088
187051
187016
186645
186597
186548
186434
186324
186114
186054
185998
185948
185891
185879
185484
185474
185333
185327
184906
184887
184848
184674
184581
184567
184560
184534
184471
184464
184345
184229
184158
184150
183968
183867
183717
183645
183589
183504
183464
183455
183109
183103
182881
182869
182627
182267
182046
182029
182010
181918
181913
181898
181867
181737
181705
181514
181456
181417
180336
180312
180176
180111
180087
179923
179878
179833
179603
179521
179486
179452
179312
179088
178908
178867
178860
178561
178356
178293
178100
177815
177638
177385
177282
177269
177033
176605
176551
176518
176510
176424
176359
176311
176188
176024
175945
175853
175828
175770
175699
175268
175239
175078
175024
174797
174784
174728
174503
174371
174332
174306
174303
174095
174068
174065
174052
173903
173718
173254
172830
172818
172767
172691
172416
172331
172274
172061
172042
172023
172012
171802
171757
171711
171694
171648
171298
171216
171051
171050
170976
170975
170900
170873
170698
170487
170235
170185
169995
169925
169846
169567
169540
169409
169228
169195
169047
169034
168944
168927
168922
168809
168805
168656
168648
168641
168514
168491
168365
168323
168274
168041
167896
167893
167717
167626
167595
167375
167350
167321
167304
167112
166912
166585
166446
166432
166189
166016
166008
165983
165683
165633
165590
165414
165265
165226
165220
165159
165066
165064
165049
164835
164817
164805
164723
164689
164636
164483
164477
164089
164072
164049
164004
163936
163865
163793
163587
163402
163287
163153
163064
163046
163037
162970
162808
162589
162459
162365
162327
162246
162171
162171
162072
161890
161837
161754
161739
161705
161611
161536
161436
161415
161237
161169
160955
160826
160812
160741
160720
160716
160611
160573
160561
160527
160352
160267
160222
160194
160173
159904
159727
159428
159412
159375
159183
158956
158906
158206
158162
158143
158132
158101
158067
157655
157586
157532
157412
157273
157104
157039
156975
156919
156791
156717
156713
156675
156660
156645
156540
156446
156434
156413
156257
156090
156059
156002
155949
155855
155816
155764
155755
155664
155613
155553
155522
155406
155237
155200
155178
154826
154736
154732
154658
154379
154351
154334
154275
154247
154184
154181
154099
153739
153709
153465
153364
153256
153099
152955
152513
152469
152448
152447
152344
152317
152293
152252
152081
152035
151633
151599
151591
151569
151474
151462
151433
151422
151384
151220
151182
150943
150935
150698
150659
150590
150491
150459
150420
150171
150047
150039
150015
149776
149634
149514
149450
149439
149436
149430
149430
149301
149239
149218
148950
148862
148807
148802
148541
148489
148479
148429
148394
148320
148317
148255
148130
147860
147697
147293
147276
147254
147214
147164
147110
147071
147059
146642
146618
146307
146174
146142
146058
146018
145648
145624
145586
145542
145534
145489
145479
145476
144969
144667
144648
144634
143956
143840
143801
143644
143589
143586
143443
143377
143223
143189
143004
142977
142907
142746
142680
142608
142605
142600
142500
142452
142346
142344
142156
142033
141994
141930
141804
141737
141603
141571
141152
141108
140924
140864
140319
140313
140103
140082
139945
139902
139778
139652
139620
139546
139468
139316
139301
139227
138777
138772
138671
138485
138421
138407
138381
138346
138325
138193
138035
137820
137666
137611
137321
137170
137028
137012
136994
136877
136870
136623
136573
136371
136357
136244
136173
136155
136040
135975
135725
135630
135608
135608
135442
135339
135110
134988
134973
134939
134826
134735
134665
134614
134499
134447
134357
134213
134018
133865
133806
133764
133693
133657
133552
133431
133281
133228
133187
133060
132821
132743
132672
132448
132078
132075
132065
131975
131960
131895
131874
131820
131801
131760
131696
131695
131689
131185
131151
131025
130959
130942
130884
130870
130863
130743
130656
130570
130517
130365
130263
130090
129681
129655
129616
129553
129541
129465
129349
129343
129333
129321
129315
129306
129304
129302
129163
129089
128926
128916
128694
128486
128409
128391
128343
128289
128247
128158
128074
128034
127984
127966
127827
127778
127656
127367
127326
127298
127246
127170
127146
127106
127033
126887
126858
126770
126601
126578
126277
126166
126102
125861
125826
125748
125358
125351
125347
125308
125194
125146
125095
124747
124487
124402
124393
124239
124203
124155
124146
124023
123994
123924
123870
123667
123604
123537
123435
123424
123228
123108
123057
122798
122765
122746
122460
121912
121839
121734
121673
121516
121488
121461
121267
121041
120975
120963
120952
120835
120808
120582
120567
120561
120553
120451
120344
120337
120260
120172
120167
120163
120154
119967
119889
119305
119167
118743
118712
118566
118456
118220
117984
117856
117811
117751
117500
117471
117411
117358
117237
117167
117130
117120
116838
116644
116536
116494
116428
116339
116267
116151
116095
116084
116011
115997
115933
115768
115739
115656
115489
115425
115347
115262
115187
115001
114956
114841
114817
114779
114673
114649
114435
114104
114097
114057
113960
113769
113746
113634
113467
113375
113352
113274
113210
113157
113145
113111
112941
112898
112875
112717
112665
112608
112580
112578
112265
112238
112173
112134
112077
111832
111434
111318
111301
111295
111247
111166
111115
111103
111102
111084
111013
110725
110652
110580
110373
110114
110069
109912
109722
109717
109705
109621
109590
109544
108967
108937
108676
108429
108424
108109
108056
107755
107713
107684
107673
107637
107606
107527
107388
107314
107305
107261
107242
107175
107155
107135
107096
107057
107022
107006
106771
106562
106471
106401
106304
106177
106175
106038
105868
105259
105259
105159
105108
104948
104878
104637
104613
104409
104379
104316
104283
104176
104112
103947
103831
103830
103791
103728
103705
103510
103466
103337
103209
103206
103112
103108
103031
102995
102974
102594
102509
102471
102467
102448
102193
102108
102106
102045
101889
101711
101655
101382
101381
101316
101239
101142
100930
100893
100836
100429
100424
100204
100195
100194
100051
99978
99919
99756
99628
99477
99459
99390
99335
99297
99085
98813
98763
98693
98644
98588
98517
98515
98367
98211
98079
97998
97943
97736
97735
97614
97593
97377
97299
97180
97076
97046
97026
96994
96953
96858
96795
96456
96402
96328
96201
96118
95988
95984
95902
95887
95737
95733
95217
95196
95141
95069
95014
95006
94846
94733
94573
94524
94506
94446
94382
94363
94323
94291
94203
94199
94047
94014
94009
93644
93591
93587
93427
93177
93175
93162
93007
92941
92912
92912
92858
92763
92721
92701
92456
92444
92418
92398
92337
92245
92230
92222
92215
91683
91663
91560
91306
91290
91165
91064
91019
90997
90812
90666
90650
90617
90412
90263
89941
89580
89537
89532
89415
89302
89201
89038
89023
89009
88973
88969
88873
88841
88826
88681
88557
88548
88383
88007
87980
87900
87795
87779
87733
87720
87714
87706
87630
87470
87438
87413
87333
87312
87311
87267
87094
87086
87067
86965
86535
86470
86460
86455
86451
86040
85989
85811
85719
85574
85388
85377
84975
84826
84673
84662
84626
84439
84386
84366
84365
84348
84325
84258
84166
84152
84035
84028
83859
83679
83589
83413
83352
83291
83213
83175
83104
83018
82720
82718
82647
82593
82448
82302
82285
82235
82063
81981
81870
81832
81643
81610
81605
81359
81356
81251
81233
81140
81011
80948
80842
80784
80636
80630
80542
80523
80509
80419
80311
80246
80203
79955
79951
79884
79851
79824
79771
79657
79536
79277
79226
79138
78935
78919
78844
78803
78782
78711
78706
78702
78544
78428
78375
78322
78259
78158
78118
78062
77973
77861
77492
77412
77327
77213
77104
76962
76908
76808
76552
76538
76352
76308
76276
76151
75666
75643
75515
75480
75332
75310
75107
75092
75033
74975
74861
74824
74740
74562
74517
74454
74016
74005
73985
73878
73793
73711
73597
73556
73504
73096
72697
72692
72288
72145
71928
71711
71556
71470
71429
71305
71294
70818
70717
70708
70639
70585
70474
70370
70026
69950
69890
69569
69507
69288
69206
69101
68951
68860
68647
68629
68549
68495
68484
68422
68270
68132
67840
67602
67573
67407
67114
67081
66959
66943
66929
66739
66641
66542
66526
66477
66353
66307
66284
66163
66035
65936
65853
65555
65418
65392
65119
64852
64835
64782
64722
64679
64676
64546
64413
64375
64261
64202
63726
63648
63606
63502
63317
63314
63279
63165
63124
63062
63044
62507
62411
62365
62333
62299
62171
62138
62109
62039
62005
61991
61961
61875
61792
61574
61561
61335
61265
61262
61117
61056
61012
60998
60860
60668
60626
60552
60508
60359
60323
60220
60218
60094
60003
59999
59991
59457
59426
59398
59378
59221
59198
59143
59132
58769
58634
58633
58609
58506
58432
58388
58383
58349
58304
58254
58020
57929
57736
57539
57509
57463
57419
57333
57260
57255
57095
56977
56540
56520
56358
56358
56194
56056
55985
55959
55951
55919
55919
55871
55727
55571
55421
55317
55175
55107
55103
55009
54334
54296
54235
54160
53862
53682
53443
53278
52997
52768
52710
52673
52573
52547
52265
52104
52064
51909
51846
51720
51664
51661
51516
51335
51253
51188
50768
50718
50691
50681
50657
50572
50538
50459
50451
50335
50306
50277
50265
50214
49888
49800
49705
49683
49542
49537
49507
49447
49350
49337
49309
49208
48985
48937
48918
48913
48860
48817
48805
48661
48646
48564
48443
48439
48406
47902
47733
47634
47580
47462
47445
47338
47274
47154
47106
47012
46939
46901
46698
46599
46559
46459
46282
46242
45676
45628
45446
45397
45377
45240
45129
45124
45107
45094
44909
44708
44677
44646
44325
44200
44176
44155
44117
44100
44091
44045
43968
43674
43610
43586
43470
43466
43346
43308
43304
43191
43155
43099
43032
42971
42947
42802
42784
42684
42609
42553
42290
42255
42184
42106
42085
41954
41940
41721
41528
41455
41394
41371
41338
41313
41155
41145
40950
40932
40679
40625
40623
40595
40586
40541
40510
40323
40150
39996
39907
39836
39744
39736
39670
39574
39570
39567
39255
38920
38829
38607
38599
38564
38454
38426
38376
38023
37928
37880
37839
37810
37766
37761
37651
37644
37625
37580
37361
37259
37251
37180
37177
37087
36934
36724
36544
36488
36483
36146
35562
35080
34567
34540
34486
34376
34146
34128
33882
33511
33380
33328
33253
33015
32974
32906
32884
32858
32830
32803
32763
32644
32598
32536
32502
32454
32453
32439
32386
32241
32207
32063
32035
31877
31858
31825
31761
31744
31647
31632
31550
31391
31347
31205
31151
31040
31027
30685
30682
30562
30527
30264
30208
30204
30168
29949
29930
29902
29800
29775
29593
29527
29524
29232
29196
28943
28647
28615
28523
28481
28362
28362
28308
28237
28209
28167
28126
28114
28095
28076
28072
27971
27869
27828
27770
27746
27607
27599
27597
27572
27464
27383
27286
27161
27094
27057
26909
26824
26816
26801
26581
26268
26148
26047
26000
25944
25784
25757
25698
25656
25635
25624
25597
25487
25300
25293
25269
25265
25164
25115
25004
24839
24815
24801
24726
24725
24685
24581
24571
24187
23986
23808
23788
23783
23773
23697
23648
23634
23615
23459
23422
23245
23195
23002
22996
22901
22579
22554
22507
22386
22235
22208
22177
22152
22058
21990
21965
21936
21744
21562
21291
21229
21091
21057
20997
20902
20812
20684
20521
20512
20478
20457
20436
20400
20347
20148
20097
20078
19990
19933
19835
19753
19714
19674
19541
19395
19395
19285
19253
19196
19181
19146
18648
18626
18562
18537
18518
18475
18396
18326
18305
18271
18226
18152
17909
17844
17778
17756
17749
17745
17637
17593
17505
17504
17490
17460
17063
17041
16886
16715
16624
16461
16305
16276
15969
15885
15815
15793
15783
15519
15316
15277
15245
15186
15083
14842
14777
14755
14750
14719
14654
14653
14581
14547
14488
14470
14167
13982
13871
13822
13667
13589
13537
13480
13399
13189
13051
13021
12696
12674
12645
12623
12496
12433
12326
12307
12250
12200
12190
12099
12077
12034
11782
11779
11710
11643
11615
11599
11590
11515
11312
11289
11273
11243
11181
11129
10924
10862
10759
10745
10588
10553
10535
10523
10517
10423
10378
10198
10022
9878
9687
9653
9588
9587
9531
9517
9494
9457
9454
9276
9267
9265
9193
9115
9110
9017
8877
8716
8612
8476
8459
8452
8327
8232
8158
8084
8062
7864
7813
7789
7774
7410
7377
6919
6904
6747
6724
6705
6620
6505
6409
6317
6192
6175
6146
6008
6006
5984
5914
5910
5866
5696
5630
5581
5553
5540
5366
5311
5219
5178
5080
5024
4987
4929
4916
4870
4660
4599
4567
4531
4422
4342
4303
4107
4057
3951
3902
3900
3881
3781
3695
3631
3585
3584
3545
3527
3105
2957
2795
2703
2650
2616
2611
2548
2501
2450
2240
2229
2209
2057
1880
1837
1780
1508
1500
1397
1375
1235
1222
1168
1092
1050
1022
1002
956
901
827
695
523
511
382
340
235
223
125
41
