999957
999914
999790
999612
999586
999456
999389
999387
999306
999258
999211
999087
999041
999003
998986
998885
998864
998840
998795
998770
998723
998626
998571
998419
998372
998358
998356
998246
998094
998022
997981
997859
997842
997703
997551
997340
997255
997098
997069
996999
996980
996925
996753
996705
996654
996571
996430
996383
996223
996179
996133
996128
996048
996021
995708
995678
995481
995464
995453
995452
995389
995351
995203
995096
994924
994889
994811
994811
994801
994730
994534
994525
994479
994295
994090
993990
993975
993811
993678
993674
993671
993388
993329
993268
993255
993081
993067
993066
993047
992849
992766
992648
992482
992352
992252
992226
991970
991933
991856
991573
991376
991359
991291
991223
991210
991110
991077
991042
990985
990936
990856
990802
990721
990659
990619
990480
990353
990105
989471
989417
989125
988888
988833
988743
988616
988494
988457
988419
988354
988337
988320
988070
987768
987753
987745
987657
987601
987575
987547
987378
987314
987308
987223
987221
986953
986717
986671
986664
986326
986254
986223
986174
986161
986121
986034
985909
985895
985847
985724
985677
985643
985520
985169
985061
984927
984782
984568
984563
984469
984428
984368
984177
984054
984047
983942
983911
983779
983639
983498
983498
983401
983388
983386
983383
983296
983241
983105
983095
982998
982973
982951
982828
982821
982652
982529
982402
982336
982259
982151
982048
981874
981792
981680
981573
981552
981496
981414
981401
981101
980996
980973
980952
980937
980882
980813
980718
980606
980540
980140
980132
980023
979984
979830
979769
979714
979668
979653
979403
979243
979200
979074
978865
978743
978535
978470
978469
978445
978390
978385
978339
978320
978320
978315
978309
978284
978166
978124
978103
978091
978075
977909
977852
977840
977696
977645
977615
977583
977454
977273
976642
976539
976417
976316
975877
975873
975844
975829
975740
975715
975673
975657
975652
975461
975335
975211
975162
975132
975034
974940
974850
974614
974361
974350
974268
974208
974147
974027
974019
973850
973827
973599
973599
973555
973553
973549
973518
973451
973242
973145
973115
973049
973009
972919
972870
972867
972815
972536
972518
972434
972386
972382
972360
972167
971987
971958
971950
971914
971897
971784
971538
971429
971289
971275
971148
971110
970781
970686
970679
970358
970352
970344
970213
970185
970144
970092
969781
969563
969385
969361
969175
969163
969100
968924
968840
968678
968596
968560
968426
968349
968241
968143
968128
968042
967964
967546
967532
967521
967221
967059
966673
966621
966530
966520
966441
966280
966179
966096
966043
965988
965810
965644
965540
965520
965405
965400
965386
965339
965234
965035
965007
964922
964805
964707
964645
964594
964148
964113
964072
963921
963877
963529
963322
962952
962911
962752
962745
962723
962711
962504
962489
962464
962382
962333
962315
962292
962248
962177
962136
962134
962103
961992
961868
961452
961433
961430
961423
961338
961248
961221
961083
961082
961004
960977
960699
960357
960177
960069
960067
959738
959734
959584
959528
959508
959477
958947
958903
958836
958764
958685
958622
958442
958315
958303
958085
957916
957886
957521
957499
957432
957339
956979
956967
956812
956744
956706
956705
956637
956430
956430
956150
956121
955903
955816
955669
955518
955512
955392
954883
954856
954765
954762
954645
954559
954546
954537
954436
954364
954261
954248
954191
953936
953826
953569
953527
953453
953369
953357
953304
953300
953164
953152
952841
952819
952787
952769
952751
952576
952511
952082
951981
951924
951466
951396
951195
951190
951014
950922
950892
950554
950547
950483
950404
950258
950135
950041
949879
949849
949845
949745
949726
949663
949450
949392
948994
948857
948819
948786
948756
948631
948483
948220
948081
947915
947609
947530
947527
947503
947400
947278
947276
947237
946968
946897
946877
946853
946829
946578
946297
946244
946162
946147
946097
946094
946049
946036
945964
945710
945662
945542
945415
945343
945330
945309
945306
945255
945217
945183
945179
945083
945073
945025
944820
944814
944638
944580
944559
944212
944197
944071
944002
943933
943869
943820
943795
943791
943600
943462
943409
943153
943089
943079
942978
942903
942790
942782
942769
942722
942519
942433
942338
942316
942239
942064
942041
942037
942022
941772
941711
941582
941580
941232
941136
941077
940988
940916
940787
940756
940706
940620
940525
940513
940301
940171
939802
939655
939649
939562
939419
939182
939036
938907
938812
938747
938624
938511
938471
938162
938107
938092
937869
937867
937803
937645
937580
937444
937443
937333
937300
937269
937100
937061
937004
936990
936924
936851
936844
936778
936766
936663
936584
936467
936408
936381
936352
936298
936109
936099
936000
935971
935765
935723
935708
935699
935426
935307
935156
934986
934793
934657
934540
934513
934350
934318
934252
934228
934209
934137
933928
933906
933844
933773
933709
933657
933573
933533
933377
933221
932984
932611
932582
932545
932379
932308
932212
932031
931854
931848
931711
931585
931395
931328
931316
931297
930957
930918
930710
930693
930563
930475
930437
930416
930356
930310
930305
930252
930083
929812
929742
929711
929697
929647
929599
929305
929085
928954
928819
928752
928713
928610
928519
928463
928366
928240
928232
927947
927784
927732
927645
927611
927585
927570
927567
927527
927383
927305
927281
927073
926744
926402
926344
926342
926338
926326
926290
926133
926069
926063
925869
925748
925699
925674
925353
925348
925114
925079
924959
924733
924710
924652
924638
924412
924371
924334
924283
924264
924060
924043
923866
923866
923763
923719
923631
923621
923468
923153
923057
922954
922926
922665
922639
922547
922542
922500
922379
922234
922118
922078
922074
922050
921926
921822
921711
921667
921453
921407
921331
921132
921118
921091
921090
921074
921021
921000
920683
920544
920452
920401
920339
920327
920278
920154
920151
920144
920054
919456
919072
919061
918997
918980
918944
918798
918797
918747
918691
918650
918647
918542
918449
918109
918054
917955
917744
917705
917705
917661
917463
917359
917320
917232
917080
916954
916810
916794
916669
916409
916310
916296
916190
916127
916073
915978
915838
915650
915631
915422
915290
915276
915231
915139
915101
915015
915008
914953
914854
914827
914685
914539
914440
914192
914104
914021
913903
913886
913885
913840
913677
913660
913490
913369
913301
913300
913000
912979
912932
912643
912610
912295
911868
911811
911499
911348
911165
911146
911046
910996
910957
910747
910691
910611
910600
910575
910553
910528
910340
910261
910232
910042
909909
909906
909796
909657
909569
909549
909315
909287
909232
909161
909143
909134
909091
909064
909046
908880
908710
908532
908225
908157
908003
907729
907578
907537
907501
907415
907408
907383
907328
907318
907054
906886
906835
906743
906740
906517
906448
906224
906150
906042
905860
905762
905722
905634
905606
905470
905413
905328
905310
905309
905067
905015
904789
904755
904746
904639
904548
904526
904482
904242
904063
903947
903658
903656
903624
903553
903374
903371
903324
903195
903123
903050
902816
902769
902639
902197
902095
901993
901985
901956
901831
901768
901713
901561
901407
901254
901095
900830
900828
900351
900153
900115
900088
900021
899920
899714
899631
899606
899601
899567
899472
899453
899386
899258
899105
898996
898981
898895
898719
898607
898517
898482
898304
898167
897969
897828
897631
897251
897229
897169
897080
896972
896958
896711
896658
896561
896434
896315
896241
895934
895298
895238
895218
894954
894855
894757
894627
894538
894533
894454
894435
894347
894282
893855
893840
893777
893723
893700
893684
893438
893264
893258
893144
892940
892803
892593
892542
892514
892402
892287
892238
892124
892032
891924
891899
891712
891484
891388
891350
891295
891162
890751
890721
890703
890680
890559
890484
890428
890386
890245
890166
890092
890027
889905
889831
889705
889526
889475
889410
889392
889361
889299
889290
889204
888975
888915
888904
888543
888435
888312
888248
887945
887940
887906
887669
887646
887630
887510
887415
887366
887254
887186
887185
887170
887159
886914
886802
886775
886656
886633
886440
886351
886174
886154
885976
885785
885579
885503
885222
885158
884939
884922
884793
884707
884523
884374
884341
884085
884011
883951
883838
883719
883661
883619
883613
883478
883446
883340
883259
882877
882859
882742
882680
882570
882544
882348
882321
882230
882168
882091
881942
881919
881911
881846
881722
881710
881682
881620
881605
881560
881499
881458
881113
881104
881028
881012
880918
880789
880785
880722
880638
880532
880240
880159
880110
880106
880011
879945
879917
879837
879826
879749
879740
879698
879621
879520
879373
879345
878885
878555
878373
878197
878180
878139
878119
878059
878050
877816
877815
877750
877663
877631
877552
877442
876869
876750
876504
876413
876291
876265
876183
875953
875800
875639
875638
875635
875630
875421
875380
875361
874620
874508
874460
874356
874256
874201
874105
874014
873977
873915
873884
873870
873800
873739
873737
873441
873290
873236
873141
873081
872953
872775
872752
872742
872574
872489
872462
872432
872388
872177
872141
872110
871997
871965
871899
871883
871883
871870
871795
871728
871696
871616
871570
871546
871481
871164
870978
870951
870907
870751
870738
870629
870544
870291
870046
869998
869807
869691
869457
869456
869375
869231
869206
869184
869061
868980
868964
868958
868864
868840
868624
868479
868269
868224
868069
868054
868048
867929
867825
867733
867712
867574
867557
867478
867434
867057
867037
867030
866984
866960
866910
866864
866820
866716
866685
866447
866213
866091
865939
865933
865916
865902
865872
865867
865778
865777
865669
865554
865473
865375
865225
865217
865088
864476
864459
864341
864150
864111
864078
864012
863891
863721
863714
863614
863510
863354
862986
862820
862813
862802
862601
862522
862240
862104
862076
862043
861995
861857
861324
861165
861138
861006
860459
860346
860294
860269
860206
860199
860072
859984
859853
859370
859278
859221
859141
858979
858937
858919
858913
858879
858869
858537
858536
858445
858336
858139
858029
857912
857881
857878
857727
857697
857665
857622
857600
857427
857362
857208
857120
857103
857103
856854
856555
856546
856503
856321
856275
856145
856032
855770
855651
855470
855362
855336
855165
855026
855010
854870
854544
854533
854501
854499
854340
854128
854107
854046
854017
853940
853843
853793
853769
853528
853513
853454
853448
853243
853241
853139
853074
852944
852601
852488
852455
852314
852312
852136
851874
851853
851585
851470
851416
851394
851384
851282
851219
851159
851093
850960
850535
850424
850419
850384
850324
850128
849993
849739
849543
849412
849406
849291
849228
849184
849156
849143
849090
849072
849046
848919
848802
848790
848289
848113
848083
847745
847648
847644
847570
847551
847518
847139
847135
847113
847067
847041
846898
846862
846808
846806
846793
846790
846767
846658
846625
846431
846321
846249
846237
846192
846172
846150
846088
846000
845667
845400
845154
845140
845012
844967
844895
844759
844704
844686
844509
844209
844173
844092
844014
843914
843547
843518
843371
843329
843298
843028
842993
842977
842916
842822
842762
842587
842574
842557
842476
842438
842126
842056
842045
842043
841911
841790
841644
841508
841283
841273
841183
841152
841140
841109
841082
840938
840726
840698
840691
840652
840642
840484
840449
840442
840355
840283
840153
840097
840089
840087
839821
839810
839764
839609
839558
839460
839426
839323
839321
839307
839228
839212
839140
839097
838981
838803
838803
838699
838698
838636
838594
838583
838462
838397
838394
838310
838288
838080
837760
837727
837711
837685
837612
837370
837110
836907
836829
836725
836588
836408
836031
835845
835725
835680
835451
835395
835374
835373
835329
835317
834817
834795
834782
834743
834715
834625
834270
834246
833999
833953
833797
833647
833592
833393
833233
833054
833049
833003
832961
832810
832580
832446
832115
832048
831978
831851
831809
831719
831669
831450
831436
831407
831353
831198
831148
831036
830947
830946
830838
830838
830820
830815
830805
830777
830719
830419
830384
830197
830187
830133
829953
829871
829773
829722
829473
829360
829208
829093
829091
829077
828838
828745
828730
828704
828689
828662
828543
828427
828417
828276
828103
827942
827546
827210
827154
827115
826969
826667
826569
826549
826343
826340
826328
826235
826198
826020
825948
825939
825853
825830
825822
825762
825653
825543
825215
825033
824979
824868
824489
824473
824072
824051
824049
823923
823792
823624
823608
823583
823496
823215
823179
823049
822970
822579
822569
822456
822277
822236
822191
822157
822126
821966
821874
821679
821637
821462
821451
821418
821219
821179
821160
821145
821092
821034
820996
820919
820822
820638
820576
820512
820428
820377
820211
820111
819993
819964
819933
819844
819692
819680
819665
819572
819463
819378
819370
819281
819119
818923
818799
818536
818509
818397
818224
818145
818098
817992
817989
817951
817898
817848
817680
817665
817617
817569
817451
817388
817219
817088
817074
817049
816973
816821
816809
816752
816672
816513
816352
816293
816231
816216
816002
815941
815784
815564
815385
815343
815328
815319
815203
815105
815098
814795
814605
814519
814325
814178
814065
814029
813961
813853
813835
813794
813604
813568
813561
813453
813359
813327
813289
813227
813034
812947
812908
812902
812876
812770
812749
812652
812374
812349
812242
812068
811921
811809
811750
811745
811640
811600
811481
811435
811426
811401
811399
811351
811313
811288
811258
811135
811096
810979
810622
810593
810579
810553
810322
810238
809981
809936
809923
809898
809827
809791
809676
809647
809570
809537
809443
809304
809293
809238
809217
808959
808949
808815
808618
808563
808536
808485
808353
808227
808216
808048
807883
807834
807393
807385
806468
806254
806223
805948
805808
805779
805649
805531
805364
805334
805315
805146
805034
804967
804874
804866
804606
804589
804582
804566
804534
804328
804287
804262
804185
804153
804148
804111
804094
804051
804016
803931
803926
803749
803385
803335
803208
803170
803140
803106
802955
802953
802860
802650
802586
802270
802019
801955
801940
801939
801886
801851
801738
801671
801545
801473
801380
801275
801228
801173
801145
801076
800950
800852
800841
800702
800545
800541
800513
800405
800124
800059
799978
799977
799757
799718
799634
799414
799095
799090
799051
798980
798924
798871
798615
798332
798204
798129
798102
798011
797729
797629
797479
797457
797447
797235
797131
797079
796990
796959
796888
796867
796674
796645
796299
796263
796239
796215
796045
795941
795798
795785
795432
795413
795079
795051
795046
794942
794939
794870
794810
794798
794760
794735
794730
794677
794452
794450
793868
793816
793647
793500
793461
793206
793137
793119
792967
792902
792624
792415
792394
792381
792244
792240
792234
792197
792192
792099
792080
792063
792050
792000
791749
791716
791693
791619
791445
791349
791270
790905
790831
790643
790584
790465
790322
790316
790231
789978
789960
789757
789681
789533
789520
789374
789341
789315
789305
789160
788996
788745
788604
788550
788480
788301
788095
788086
788047
787910
787770
787729
787648
787433
787068
787062
786941
786918
786873
786739
786531
786462
786372
786361
786239
786207
786154
786138
786077
786072
786004
785991
785968
785892
785889
785625
785595
785541
785503
785487
785318
785274
785251
785231
785119
784835
784769
784707
784650
784618
784589
784564
784452
784293
784255
784198
784070
784055
783910
783847
783689
783683
783357
783310
783168
783136
783126
782931
782898
782807
782684
782206
782181
782061
781804
781798
781743
781728
781461
781330
780934
780725
780700
780645
780544
780465
780462
780451
780375
780329
780228
780213
780083
780023
779968
779923
779922
779853
779785
779579
779114
779104
779099
779070
779018
779009
778922
778902
778773
778604
778597
778577
778565
778495
778460
778446
778365
778279
778176
778137
778023
777850
777772
777518
777323
777317
777251
777209
777189
777185
777157
776929
776708
776692
776643
776356
776342
776166
776084
776016
776015
775594
775535
775324
775321
774844
774611
774568
774353
774318
774303
774143
773770
773687
773504
773477
773471
773395
773386
773301
772835
772682
772630
772558
772529
772291
772112
772084
771912
771656
771552
771552
771533
771515
771450
771350
771318
771234
771217
771134
770944
770934
770829
770251
770236
770102
769977
769847
769682
769650
769605
769564
769544
769399
769289
769280
769226
769214
769098
768952
768899
768564
768482
768374
768354
768288
768113
768091
768033
768015
767976
767706
767604
767300
767089
767061
766936
766904
766882
766848
766702
766691
766641
766613
766572
766404
766369
766363
766327
765858
765813
765669
765607
765319
765179
765138
765099
765042
765038
764963
764932
764909
764869
764733
764566
764554
764434
764291
764248
764245
764192
764073
764011
763957
763936
763911
763731
763627
763496
763481
763358
763309
763291
763130
763096
763043
763042
763036
762981
762971
762941
762464
762429
762381
762268
762078
761817
761569
761497
761363
761301
761192
761039
760962
760804
760675
760627
760620
760592
760494
760375
760349
760020
759936
759782
759778
759685
759680
759637
759616
759378
759372
759352
759341
759336
759298
759139
758889
758761
758471
758399
758329
758060
758016
757963
757780
757458
757446
757330
757213
757065
757058
756937
756830
756643
756530
756482
756349
756234
756189
756122
755806
755806
755732
755729
755725
755560
755327
755307
755246
755234
755062
755016
754963
754943
754863
754721
754694
754685
754645
754612
754602
754531
754499
754239
754212
753956
753893
753863
753728
753430
753258
753227
752982
752975
752956
752879
752858
752834
752688
752580
752409
752189
752170
752125
752060
752021
751996
751832
751810
751733
751530
751508
751477
751470
751382
751377
751375
751361
751347
751217
751123
750920
750780
750615
750348
750283
750170
750011
749750
749627
749616
749555
749460
749426
749368
749207
749181
749125
749040
748998
748991
748952
748881
748694
748358
748315
748270
747923
747879
747843
747712
747686
747610
747601
747379
747342
747153
747123
747062
746915
746746
746635
746413
746358
746350
746239
746116
746049
746048
745741
745513
745499
745488
745268
745224
745088
744960
744916
744864
744590
744582
744576
744493
744384
744336
744305
744304
744273
744170
744137
744012
743803
743781
743745
743652
743560
743463
743462
743439
743392
743297
743082
742807
742456
742421
742406
742341
742304
742294
742209
742197
742193
742129
742114
742008
741653
741450
741390
741354
740744
740483
740313
740304
740302
740295
740290
740223
740160
740117
740007
739766
739583
739552
739361
739310
739286
739232
739106
739099
738658
738602
738599
738479
738390
738345
738015
737879
737818
737809
737738
737682
737651
737591
737587
737285
737252
737203
737163
737145
737005
736979
736973
736865
736664
736581
736530
736394
736357
736284
736275
736248
736246
736126
736011
735968
735792
735733
735708
735539
735443
735399
735087
734983
734717
734709
734632
734594
734531
734391
734226
734163
734104
734094
733857
733537
733510
733316
733309
733254
733158
732570
732491
732478
732217
732145
732074
732059
731970
731949
731944
731834
731783
731750
731693
731476
731375
731354
731251
731212
731106
730939
730939
730906
730883
730832
730809
730462
730402
730163
729910
729850
729821
729800
729684
729622
729310
729133
729059
728957
728888
728851
728710
728685
728652
728608
728608
728552
728497
728438
728394
728180
728143
728123
728104
728032
727992
727948
727667
727474
727268
727216
727182
727044
726951
726810
726696
726692
726687
726597
726224
726185
726181
726017
726010
725997
725853
725534
725474
725455
725454
725074
725009
724841
724594
724513
724487
724393
724271
724086
724053
723997
723952
723858
723710
723636
723372
723313
723139
723027
722835
722718
722651
722608
722415
722175
722103
722070
722028
721940
721903
721854
721705
721493
721408
721343
721270
721230
721089
721034
720982
720961
720855
720656
720640
720601
720215
720215
720083
720017
719966
719876
719660
719527
719395
719360
719315
719138
718706
718620
718609
718557
718404
718081
718032
717972
717959
717938
717913
717684
717576
717480
717341
717120
717001
716583
716533
716468
716079
716010
715816
715576
715173
715015
714854
714839
714823
714820
714695
714318
714311
714134
714098
714008
713730
713592
713579
713501
713207
713202
713019
712606
712448
712438
712386
712314
712163
712129
711959
711684
711624
711569
711500
711474
711462
711233
711050
710853
710785
710724
710697
710693
710364
710303
710220
710208
710105
710030
709776
709607
709553
709512
709462
709390
709369
709365
709249
709087
709028
709014
708981
708967
708964
708650
708570
708365
708276
708108
707996
707900
707893
707854
707759
707675
707664
707586
707583
707520
707332
707312
707161
706832
706821
706623
706505
706365
706193
706106
705993
705935
705430
705314
705306
705288
705223
705200
705137
704942
704919
704879
704820
704792
704736
704644
704551
704516
704443
704364
704183
704130
704104
703972
703913
703756
703458
703398
703168
703121
702432
702388
702328
702312
701977
701733
701684
701403
701320
701016
700945
700915
700865
700784
700681
700558
700488
700477
700314
700305
700293
700078
699922
699828
699737
699551
699548
699431
699337
699293
699248
699236
699218
699076
698980
698936
698933
698711
698618
698610
698594
698518
698517
698509
698495
698487
698339
698309
698289
698271
698206
698169
698129
697891
697615
697497
697287
696926
696859
696853
696802
696746
696385
696335
696325
696322
696309
696300
696258
696182
696032
695941
695602
695589
695190
695111
694978
694870
694696
694630
694596
694422
694104
693995
693991
693946
693911
693705
693465
693411
693258
693170
692874
692496
692489
692002
691981
691896
691372
691129
690916
690580
690500
690372
690318
690131
690040
690000
689755
689622
689325
689176
689138
689069
688908
688908
688883
688836
688805
688475
688363
688174
688159
687946
687811
687787
687765
687723
687681
687671
687592
687451
687370
687282
686878
686709
686534
686478
686388
686326
686155
685923
685917
685584
685203
685126
684981
684968
684900
684844
684449
684413
684316
684162
684001
683794
683462
683462
683445
683355
683304
683192
683163
683160
683018
682572
682456
681735
681706
681696
681411
681307
681242
681232
681139
681129
681041
680688
680420
680390
680359
680335
680322
679901
679780
679754
679632
679610
679498
679456
679323
679044
679021
678973
678935
678819
678815
678788
678762
678646
678641
678542
678486
678396
678306
678140
677881
677763
677477
677324
676847
676774
676597
676589
676576
676464
676433
676415
676410
676358
676322
676080
676062
676000
675985
675947
675882
675718
675666
675657
675619
675570
675449
675381
675369
675150
675100
674998
674906
674901
674870
674716
674584
674547
674523
674438
674361
673957
673784
673454
673375
673281
673132
673060
672979
672842
672840
672832
672720
672684
672627
672594
672394
672355
672263
672099
672037
671973
671831
671693
671678
671372
671030
671000
670888
670820
670754
670699
670615
670589
670583
670376
670348
670026
669925
669923
669880
669663
669454
669274
669246
669054
668616
668448
668092
668046
668010
667956
667940
667932
667841
667821
667698
667524
667519
667076
666973
666966
666966
666686
666505
666443
666155
666035
666027
665998
665938
665660
665622
665567
665318
665285
665206
665136
664780
664777
664755
664734
664657
664559
664518
664483
664482
664355
664108
664049
663985
663861
663771
663735
663629
663623
663586
663535
663496
663436
663168
663056
662852
662829
662681
662581
662569
662559
662530
662525
662499
662461
662458
662423
662395
662234
662189
662154
662093
662021
661996
661876
661872
661861
661344
661312
660996
660950
660931
660753
660696
660659
660627
660262
660060
660042
660000
659830
659743
659568
659469
659443
659423
659406
659341
659337
659261
659235
658867
658653
658620
658545
658540
658456
658398
658090
658046
658043
658026
657716
657666
657610
657559
657495
657399
657330
657311
657220
657134
657106
657083
657056
657034
656892
656736
656499
656383
656294
656248
656198
656195
656016
655858
655853
655751
655552
655517
655431
655265
655074
654985
654846
654681
654644
654520
654097
653965
653955
653944
653736
653617
653557
653535
653395
653373
653317
653226
653072
652977
652911
652872
652806
652621
652353
652336
652316
652194
652160
652096
651986
651835
651728
651612
651471
651456
651363
651350
651301
651279
651211
651048
650836
650831
650752
650689
650679
650573
650556
650351
650241
650185
650181
650045
649901
649598
649518
649376
649342
649334
649278
649110
648952
648894
648602
648295
648063
648016
647739
647683
647560
647534
647511
647283
647091
647086
647021
647018
647018
646930
646809
646784
646741
646641
645917
645884
645627
645610
645489
645461
645387
645372
645328
645229
645219
645166
645032
644900
644571
644555
644457
644033
643998
643990
643936
643851
643596
643552
643356
643328
643280
643166
643164
643086
642940
642888
642875
642814
642721
642422
642404
642270
642116
642066
641961
641956
641953
641635
641558
641412
641378
641306
641058
640915
640824
640759
640637
640590
640373
640191
639996
639960
639935
639783
639709
639597
639490
639245
639086
639002
638879
638852
638848
638729
638594
638449
638425
638311
638199
638187
638130
638051
637943
637693
637545
637493
637357
637328
637231
637139
636989
636827
636806
636580
636539
636401
636223
636156
635894
635859
635846
635808
635783
635741
635687
635357
634939
634923
634818
634646
634646
634485
634442
634240
633942
633865
633766
633604
633587
633521
633370
633290
633137
633097
632876
632840
632691
632689
632436
632296
632135
631984
631789
631685
631625
631565
631551
631533
631531
631497
631414
631314
631178
630871
630857
630784
630701
630653
630526
630020
629787
629687
629672
629607
629600
629519
629485
629478
629469
629229
629207
629204
629100
629083
629012
629009
628864
628822
628708
628408
628369
628295
628127
628052
627962
627923
627918
627747
627554
627553
627517
627223
627171
627081
627016
627003
626993
626993
626954
626914
626726
626529
626515
626285
625963
625961
625811
625795
625783
625690
625412
625364
625263
625212
624979
624975
624748
624626
624536
624329
624301
624241
624215
623554
623360
623052
623016
622675
622644
622493
622450
622346
622226
622103
622049
621934
621858
621825
621660
621455
621414
621407
621347
621325
621233
621209
621178
621033
620957
620715
620527
620425
620381
620228
620219
620095
620037
620011
619932
619908
619860
619733
619731
619680
619553
619489
619481
619398
619345
619227
619148
619018
618987
618978
618929
618841
618697
618593
618332
618325
618256
618255
618108
618072
617672
617510
617474
617253
617228
617199
617040
616999
616903
616705
616410
616367
616300
616185
616126
615741
615659
615644
615628
615491
615435
615153
615147
615082
615058
615055
614974
614762
614747
614745
614705
614702
614682
614604
614496
614432
614339
614338
614262
614178
613963
613885
613772
613747
613577
613530
613511
613135
613102
612896
612833
612638
612565
612333
612303
612208
612206
612185
611995
611859
611587
611558
611480
611310
611281
611260
611024
610698
610520
610502
610486
610054
609970
609954
609891
609843
609677
609658
609430
609412
609392
609359
609296
609247
609050
608852
608843
608555
608496
608476
608447
608410
608403
608395
608392
608212
608199
608157
608157
608153
607925
607681
607544
607543
607497
607433
607299
607232
607220
607071
607051
606899
606687
606683
606622
606586
606529
606471
606451
606276
606190
606135
606123
606084
605919
605875
605659
605599
605597
605567
605276
605212
604703
604601
604357
604218
604165
604140
603991
603961
603919
603895
603842
603790
603617
603204
603120
602927
602848
602786
602570
602407
602339
602297
602264
602214
601822
601717
601687
601575
601540
601528
600935
600831
600805
600727
600704
600680
600561
600541
600384
600357
600207
600193
600085
600023
600007
599745
599556
599446
599391
599389
599266
599219
599215
599030
598753
598752
598679
598606
598523
598485
598474
598439
598266
598235
597803
597559
597385
597346
597116
597049
596979
596802
596797
596694
596676
596619
596603
596577
596295
596207
596118
596048
595982
595831
595814
595710
595636
595482
595418
595361
595136
595082
595069
594303
594194
594161
594128
594021
593699
593556
593549
593170
592986
592964
592851
592716
592477
592389
592249
592080
592060
591845
591827
591456
591376
591311
591197
591180
591136
591098
591086
591013
591006
590997
590921
590879
590873
590866
590695
590674
590663
590193
590019
589856
589856
589847
589844
589696
589687
589686
589542
589431
589010
588985
588960
588953
588913
588873
588800
588599
588450
588231
588211
588157
587999
587809
587761
587717
587673
587539
587409
587397
587267
587085
586932
586786
586760
586743
586574
586476
586419
586297
585742
585732
585597
585213
585061
584968
584936
584695
584635
584434
584024
583863
583854
583602
583571
583463
583456
583440
583286
583236
583118
582950
582734
582590
582552
582446
582410
582313
582280
582170
582041
581958
581933
581931
581679
581311
581268
581242
581196
581155
580970
580945
580868
580661
580501
580495
580485
580445
580199
579876
579837
579485
579463
579439
579295
579283
579135
579068
579049
579008
578962
578482
578415
578381
578267
578171
578101
578029
577672
577491
577428
577300
576932
576854
576839
576703
576498
576324
576299
576101
575924
575894
575804
575557
575498
575081
575033
574967
574964
574816
574748
574736
574450
574419
574184
574137
574130
573959
573835
573576
573545
573378
573329
573248
573234
573193
573183
573061
572992
572890
572840
572765
572659
572576
572506
572360
572317
572221
572156
572115
572049
571988
571951
571950
571912
571843
571810
571781
571645
571533
571064
570821
570644
570639
570583
570374
570365
570267
570212
569967
569918
569752
569295
569193
569170
569148
569067
569044
569011
568813
568805
568799
568679
568655
568559
568435
568307
568193
567821
567784
567766
567641
567309
567303
567244
567241
567012
566784
566762
566714
566688
566617
566476
566342
566331
566166
566075
566051
566044
565889
565859
565853
565692
565666
565600
565545
565523
565428
565422
565347
565326
565255
565239
565125
565071
565024
565016
564984
564941
564610
564576
564486
564463
564445
564241
564230
564081
563916
563600
563577
563350
563043
563008
562980
562626
562625
562515
562450
562406
562357
562330
562290
562276
562239
562188
562152
562071
562040
561939
561829
561563
561540
561471
561457
561140
561138
561100
561010
560979
560934
560914
560851
560795
560714
560682
560267
560154
560094
560048
560022
559936
559907
559900
559704
559605
559597
559311
559285
559202
559176
559107
559063
559062
559048
559038
559029
558959
558833
558824
558793
558660
558650
558620
558617
558258
558171
558134
557968
557834
557821
557769
557767
557706
557605
557594
557594
557588
557265
557197
557190
557139
557128
556951
556938
556909
556904
556775
556754
556696
556658
556624
556605
556547
556389
556377
556074
556066
555993
555991
555877
555807
555757
555695
555537
555400
555345
555272
555033
554398
554368
554289
554174
554171
554146
554052
553881
553834
553830
553653
553645
553626
553625
553604
553472
553324
553186
552862
552774
552626
552493
552404
552280
552139
551990
551844
551711
551696
551478
551413
551376
551257
551114
551055
551034
551002
550969
550879
550837
550770
550757
550723
550661
550574
550146
550070
549788
549705
549655
549623
549612
549549
549456
549157
549106
548850
548758
548604
548562
548514
548424
548349
548178
548046
547993
547922
547734
547724
547611
547136
547091
547029
546953
546937
546883
546827
546705
546682
546416
546351
546342
546340
546293
546267
546119
546087
546070
545840
545743
545726
545658
545535
545393
545290
545222
545127
544985
544949
544690
544662
544609
544509
544505
544502
544490
544342
544183
544147
544109
544092
544049
543996
543949
543885
543851
543805
543748
543738
543723
543689
543365
543365
543305
543222
543150
543087
543078
543007
542869
542799
542710
542604
542325
542287
542271
542233
542052
541847
541797
541781
541749
541648
541642
541613
541557
541428
541387
541164
541163
541102
540949
540942
540900
540873
540769
540756
540433
540431
540214
540170
540148
540139
540100
539947
539923
539868
539838
539804
539765
539593
539378
539338
539319
539175
539063
538924
538714
538569
538403
538279
538266
538145
538127
537927
537882
537855
537794
537692
537629
537615
537595
537536
537410
537304
537217
537140
537092
537070
536997
536826
536813
536760
536705
536686
536437
536289
536120
536097
535890
535839
535452
535298
535297
535132
535103
535012
535001
534866
534754
534626
534335
534275
534177
534130
533929
533918
533743
533717
533523
533375
533308
533204
533190
533159
533152
532965
532920
532663
532625
532431
532380
532331
532203
532056
532010
531939
531909
531877
531784
531700
531524
531451
531445
531359
531276
531022
530941
530851
530759
530448
530417
530393
530115
530046
529986
529981
529781
529774
529541
529423
529364
529330
529203
529164
529154
528908
528713
528687
528675
528479
528425
528248
528165
528148
528118
528049
527895
527839
527828
527767
527711
527687
527676
527675
527418
527342
527285
527190
527140
527086
526986
526633
526556
526463
526440
526215
526196
526174
526143
526094
526053
525981
525913
525900
525844
525720
525620
525544
525454
525451
525422
525318
525308
525211
525149
525103
525021
524987
524944
524933
524710
524607
524541
524428
524343
524276
523993
523929
523810
523772
523685
523676
523502
523395
523382
523363
523237
523072
522582
522486
522468
522300
522073
521980
521822
521813
521755
521736
521626
521565
521412
521408
521187
520929
520841
520747
520723
520586
520427
520393
520365
520350
520281
519980
519795
519596
519565
519538
519204
519076
519011
518997
518985
518978
518634
518626
518411
518290
518181
518147
517948
517732
517543
517410
517388
517381
517379
517250
517104
517086
517068
516991
516941
516911
516854
516793
516670
516514
516387
516274
516148
516137
515954
515953
515675
515358
515149
515073
515068
514990
514834
514679
514645
514618
514494
514381
514189
513994
513683
513466
513448
513371
513143
512569
512479
512416
512398
512318
512160
512159
512093
511785
511751
511699
511660
511640
511423
511298
511158
511120
510950
510730
510503
510436
510386
510367
510300
510292
510286
510181
510010
509822
509757
509667
509605
509574
509500
509348
509003
508970
508901
508770
508648
508632
508442
508402
508222
508033
508032
507910
507625
507454
507381
507301
507272
506969
506878
506875
506862
506836
506748
506729
506510
506370
506363
506352
506080
506061
505983
505898
505887
505617
505590
505525
505146
505095
505036
505002
504966
504882
504766
504713
504586
504341
504316
504268
504083
503905
503884
503878
503755
503728
503689
503595
503472
503327
503308
503267
503255
503120
502949
502926
502902
502759
502746
502682
502661
502497
502374
502291
502258
502183
502174
502169
502154
501914
501910
501677
501619
501332
501194
501163
501120
501081
501032
501026
500997
500866
500840
500746
500737
500707
500546
500541
500468
500468
500293
500276
500221
500100
500068
499766
499652
499533
499340
499324
499314
499166
498969
498873
498707
498663
498620
498608
498509
498389
498358
498256
498228
498162
498138
498062
497964
497960
497920
497836
497784
497672
497544
497466
497256
497199
497196
497021
496975
496692
496450
496364
496319
496295
496061
496020
496006
495940
495868
495851
495780
495711
495584
495580
495472
494989
494972
494880
494802
494703
494403
494225
494128
494014
494003
493992
493929
493912
493855
493706
493665
493592
493435
493411
493329
493319
493309
493308
493170
493109
493092
493044
493023
492975
492922
492904
492844
492801
492780
492774
492743
492714
492522
492416
492410
492115
491895
491871
491853
491589
491494
491455
491417
491312
491225
491050
491026
490926
490777
490775
490763
490575
490247
490220
490181
490065
489859
489846
489825
489776
489742
489739
489428
489390
489352
489259
489029
488895
488817
488752
488735
488475
488458
488402
488250
488195
488058
487954
487802
487668
487318
487313
487228
487175
486980
486888
486727
486700
486615
486440
486157
486151
486102
485851
485840
485776
485758
485665
485519
485519
485434
485370
485295
485271
485240
484685
484664
484371
484327
484140
484069
483957
483855
483818
483773
483698
483680
483622
483553
483450
483438
483394
483381
483188
482957
482685
482669
482529
482288
482270
482194
482102
482099
481692
481620
481397
481338
481337
481225
481219
481170
481139
481021
481017
480862
480623
480610
480447
480410
480324
480276
480143
480092
479905
479788
479676
479665
479653
479496
479407
479314
479164
479111
479038
479021
478931
478924
478923
478802
478744
478506
478499
478349
478000
477999
477992
477935
477919
477731
477681
477563
477490
477428
477147
477107
476955
476741
476548
476325
476267
476227
476198
476111
476090
475918
475912
475844
475804
475788
475786
475782
475744
475728
475684
475599
475416
475357
475353
475341
475269
475085
475043
475042
475015
475009
474916
474728
474566
474551
474541
474466
474315
474313
473908
473864
473601
473582
473239
473236
473209
473199
473187
473159
473126
473103
473030
472992
472987
472692
472479
472311
472242
472225
471962
471954
471947
471876
471873
471859
471837
471829
471672
471621
471585
471558
471501
471259
471217
471160
471158
470888
470748
470644
470615
470592
470590
470545
470523
470401
470228
470198
470060
470046
470004
469904
469889
469887
469808
469768
469759
469589
469283
469169
469086
468922
468812
468722
468679
468621
468610
468541
468460
468419
468407
468395
468394
468053
468041
467940
467806
467798
467616
467568
467539
467474
467362
467305
467300
467295
467220
466985
466814
466762
466740
466707
466359
466169
466017
466007
465989
465988
465950
465838
465800
465773
465687
465646
465580
465526
465523
465278
465198
465103
465052
464955
464930
464803
464693
464602
464377
464256
463736
463638
463281
463229
463033
462700
462683
462537
462460
462353
462343
462049
461837
461752
461750
461648
461631
461540
461517
461394
461360
461259
461151
461094
460905
460680
460592
460476
460378
460336
460293
460002
459986
459744
459670
459643
459643
459533
459456
459438
459427
459060
458984
458936
458636
458432
458372
457901
457650
457475
457222
457155
456926
456881
456807
456800
456700
456630
456627
456567
456452
456270
456152
456111
456025
455994
455716
455694
455693
455624
455524
455510
455440
455187
455099
455069
455012
454894
454875
454766
454576
454536
454378
454246
454156
454090
454066
453748
453691
453680
453582
453480
453420
453323
453282
453188
453077
453070
452872
452847
452842
452692
452569
452562
452479
452430
452354
452325
452310
452293
452221
451916
451891
451805
451749
451641
451609
451575
451568
451478
451402
451295
451293
451264
451257
451224
451130
450923
450800
450764
450763
450718
450698
450652
450614
450217
450029
449874
449757
449686
449633
449442
449156
449048
449042
448949
448923
448784
448650
448623
448595
448567
448503
448487
448374
448283
448125
448100
448008
447962
447722
447670
447610
447575
447535
447459
447457
447441
447326
447152
447112
446776
446596
446507
446487
446422
446256
446227
446159
446144
445668
445664
445663
445561
445546
445368
445359
445204
445100
445036
444867
444572
444572
444558
444237
444177
444103
444102
443884
443594
443511
443492
443417
443414
443284
443198
443026
443018
442898
442691
442544
442501
442454
442422
442392
442315
442254
441950
441925
441893
441732
441579
441564
441524
441463
441264
441258
441249
441138
441129
440888
440716
440577
440499
440380
440176
440156
440073
439971
439955
439776
439346
439161
438905
438758
438451
438326
438158
438036
437988
437943
437807
437771
437610
437541
437368
437213
437118
436654
436578
436510
436340
436309
436282
436209
436092
436049
435990
435918
435761
435710
435592
435523
435453
435416
435166
435117
435045
435034
434958
434870
434860
434740
434581
434481
434348
434340
434068
433958
433950
433811
433498
433456
433438
433396
433352
433308
433216
433101
432923
432802
432706
432695
432356
432328
432293
432143
431928
431914
431826
431782
431555
431365
431252
431223
431107
431094
431035
430886
430879
430843
430465
430318
430208
430164
430013
429937
429773
429705
429620
429548
429479
429346
429295
429256
429135
429119
429113
429099
429047
428788
428768
428507
428429
428411
428313
428124
428073
427866
427687
427375
427241
427083
427038
427021
426975
426915
426830
426672
426475
426353
426328
426148
425512
425380
425346
425345
425266
425113
424731
424641
424407
424239
424175
424117
424051
423592
423579
423553
423364
423284
423085
422941
422859
422801
422761
422549
422491
422465
422444
422343
422292
422249
422003
421816
421750
421630
421422
421280
421253
421201
421171
421161
421116
421044
421004
420957
420954
420745
420721
420638
420535
420533
420476
420422
420338
420333
420314
420309
420186
420129
420124
420037
420015
419852
419631
419625
419620
419618
419608
419328
419144
419140
419089
418933
418830
418672
418560
418476
418431
418326
418066
417966
417934
417629
417571
417262
417116
417055
417009
417007
417005
417003
417002
416784
416679
416464
416164
416071
416058
416039
415985
415867
415862
415854
415848
415778
415689
415640
415598
415539
415337
415332
415226
415182
415161
414971
414912
414874
414808
414652
414538
414360
414298
414139
414058
413898
413582
413469
413464
413252
413131
413100
412965
412950
412895
412728
412693
412692
412457
412412
412330
412178
412137
411978
411967
411874
411848
411848
411833
411767
411721
411673
411632
411520
411501
411245
411212
411093
410698
410606
410536
410389
410305
410299
410256
410242
410228
410098
409955
409948
409892
409858
409738
409524
409422
409419
409388
409294
409269
409231
409059
408882
408846
408758
408438
408260
408127
408127
408085
408062
407983
407887
407733
407581
407479
407451
407261
407092
407053
406995
406668
406623
406567
406522
406436
406423
406333
406332
406315
406292
406120
406119
405996
405962
405550
405500
405393
405345
405186
404995
404896
404789
404437
404334
404207
404182
404142
404127
403978
403957
403846
403842
403795
403718
403716
403692
403598
403584
403571
403470
403354
403075
403026
402989
402606
402514
402445
402444
402381
402265
402243
402141
402057
401980
401823
401703
401667
401451
401424
401322
401273
401256
401208
401033
400978
400895
400833
400807
400626
400487
400398
400293
400224
400054
399930
399927
399839
399836
399686
399669
399443
399327
399247
399202
399116
399105
399082
399081
399022
398996
398813
398646
398424
398409
398063
398055
398039
397815
397761
397731
397684
397665
397544
397409
397356
397170
397073
397006
396991
396966
396793
396776
396743
396680
396672
396417
396303
396227
396217
396207
396145
396129
396112
396004
395872
395868
395842
395805
395728
395534
395444
395261
394998
394950
394947
394919
394800
394732
394688
394482
394140
394093
393826
393798
393784
393635
393634
393463
393261
393238
393152
393030
392769
392762
392728
392696
392681
392612
392505
392472
392449
392382
392351
392333
392294
392250
392186
392163
392058
392046
391948
391859
391729
391677
391611
391519
391479
391040
390982
390924
390824
390736
390667
390502
390321
390267
390137
389982
389932
389767
389639
389507
389321
389312
389177
389147
389105
389073
388981
388875
388853
388802
388726
388645
388406
388343
388295
388127
388007
387913
387851
387699
387675
387534
387500
387459
387449
387441
387411
387393
387222
387165
387127
387065
386833
386747
386728
386725
386489
386417
386316
386315
386301
385588
385229
385222
385112
385021
385008
384950
384948
384843
384839
384218
384181
384181
384099
383942
383838
383736
383556
383430
383428
383265
382993
382732
382693
382506
382375
382276
382253
382247
382166
382145
381999
381999
381922
381818
381797
381516
381439
381419
381352
381327
381234
381216
381212
381175
381163
381057
381054
380950
380490
380475
380473
380461
380351
380085
379889
379846
379775
379721
379588
379571
379562
379367
379041
379037
378988
378767
378605
378560
378507
378424
378113
378015
377933
377888
377752
377660
377638
377419
377383
377019
376719
376698
376623
376481
376242
376207
376177
376069
376056
376051
376044
376017
375976
375918
375726
375619
375592
375472
375295
375129
375059
375030
374907
374901
374810
374784
374731
374722
374655
374501
374444
374420
374401
374354
374336
374243
374017
373986
373902
373836
373803
373634
373568
373477
373349
373235
373035
373030
373009
373000
372953
372588
372572
372541
372229
371751
371593
371520
371387
371374
371335
371171
371154
371129
371121
371071
370969
370933
370669
370668
370632
370582
370529
370517
370507
370326
370191
370034
370008
369922
369912
369875
369796
369759
369672
369595
369492
369415
369245
369227
369189
369135
369079
369010
368856
368740
368705
368699
368583
368502
368411
368366
368113
368109
368023
368022
367931
367775
367598
367527
367474
367451
367440
367125
367067
366849
366733
366682
366621
366562
366514
366378
366350
366286
366015
365790
365789
365788
365646
365634
365541
365532
365493
365484
364984
364911
364445
364384
364317
364282
364132
364109
364076
363981
363893
363862
363701
363667
363437
363304
363249
363120
363099
362776
362769
362693
362646
362591
362497
362436
362307
362194
362130
362017
361791
361737
361626
361558
361476
361399
361316
361119
361069
361047
360797
360747
360727
360643
360634
360587
360443
360243
360132
360044
360020
359948
359911
359565
359504
359387
359371
359364
359254
359006
358958
358909
358774
358259
358183
357982
357621
357544
357537
357535
357478
357476
357334
357285
357242
357152
357150
357081
357077
357033
357009
356952
356914
356906
356825
356555
356444
356301
356271
356023
355798
355773
355521
355503
355427
355422
355253
355248
355161
355042
355021
355003
354823
354789
354784
354711
354564
354284
354146
354067
354059
354022
353987
353481
353434
353401
352947
352853
352749
352701
352593
352504
352433
352340
351961
351837
351766
351655
351629
351530
351276
351192
351098
350990
350944
350824
350736
350650
350564
350557
350450
350417
350409
350327
350234
350020
349970
349940
349934
349663
349606
349519
349248
349139
349076
348981
348973
348878
348826
348779
348749
348745
348653
348643
348391
348336
348149
347963
347962
347903
347872
347823
347761
347595
347581
347433
347319
347279
346755
346750
346363
346278
346181
346164
346117
345899
345436
345296
345254
345101
345066
345045
344935
344786
344731
344685
344597
344468
344467
344439
344378
344207
344167
344041
343924
343675
343580
343509
343468
343295
343261
342916
342727
342644
342633
342595
342568
342537
342530
342368
342291
342278
342236
342157
342122
342043
341681
341565
341524
341414
341372
341366
341353
341073
340967
340893
340882
340779
340769
340749
340747
340714
340566
340480
340304
340233
340174
340163
340084
340066
340058
340045
339903
339859
339857
339771
339717
339706
339695
339580
339506
339485
339409
339382
339255
339219
339154
339091
339064
339025
338928
338858
338766
338598
338580
338562
338560
338502
338380
338193
338047
338024
337827
337350
337064
337045
336764
336594
336556
336323
336311
336262
336146
336135
336090
336051
335963
335935
335893
335851
335846
335803
335799
335788
335525
335381
335318
335223
335075
335011
334790
334692
334566
334416
334278
334184
333998
333990
333965
333668
333583
333572
333512
333473
333412
333257
333178
333162
333097
333080
332965
332678
332409
332406
332403
332341
332294
332008
331977
331786
331774
331720
331661
331546
331489
331464
331426
331234
331220
331184
330842
330800
330789
330762
330760
330724
330666
330627
330372
330200
330165
329948
329866
329723
329569
329204
328990
328816
328525
328368
328296
328254
328081
327966
327689
327644
327577
327524
327396
327240
327175
327153
326991
326912
326797
326783
326629
326465
326378
326230
325849
325812
325707
325602
325555
325415
325036
325014
324694
324649
324636
324505
324490
324340
324109
323944
323790
323513
323470
323454
323283
323126
322922
322830
322752
322705
322477
322462
322346
322318
322300
322050
322020
322000
321887
321500
321450
321302
321118
321001
320732
320653
320598
320128
320117
319883
319812
319772
319609
319411
319379
319219
319158
319034
319022
318991
318930
318860
318786
318785
318751
318586
318582
318580
318483
318425
318373
318339
318323
318215
318185
318182
318125
318042
317776
317243
317237
317138
317138
316944
316878
316869
316842
316645
316631
316549
315965
315902
315831
315602
315442
315406
315392
315320
315292
315208
315191
315126
315033
314899
314582
314429
314428
314248
314094
313972
313970
313860
313757
313636
313600
313540
313509
313501
313139
312984
312884
312840
312832
312641
312627
312588
312438
312416
312360
312359
312077
312072
312042
311952
311580
311565
311289
311270
311260
311008
310937
310862
310667
310651
310543
310518
310440
310429
310401
310281
310277
310084
310033
309891
309707
309704
309561
309558
309549
309538
309465
309340
309161
308999
308981
308974
308853
308847
308716
308614
308445
308293
308197
307850
307608
307421
307382
307305
307285
307242
307198
307147
307126
307077
307023
306957
306781
306497
306448
306423
306273
306258
306127
305913
305834
305721
305666
305633
305621
305616
305235
304986
304870
304773
304719
304414
304338
304323
304015
303942
303844
303809
303753
303749
303682
303381
303169
303110
302833
302689
302479
302221
302220
302220
302202
302121
302063
301941
301869
301721
301629
301627
301519
301368
301162
301094
301084
300875
300695
300672
300574
300537
300336
300320
300286
300232
300232
300221
300036
299932
299741
299698
299615
299569
299562
299287
299246
299157
299124
299060
299003
298993
298926
298914
298885
298776
298164
298143
298124
298093
297435
297291
297151
297017
296935
296926
296836
296804
296770
296742
296571
296535
296419
296336
296319
295987
295961
295754
295596
295557
295458
295453
295428
295419
295365
295279
295034
294990
294823
294670
294292
294291
294224
294123
293727
293671
293611
293597
293575
293529
293270
292935
292899
292872
292850
292683
292666
292522
292493
292486
292328
292221
292178
292157
291951
291788
291737
291713
291672
291653
291571
291563
291554
291370
290824
290812
290723
290671
290567
290378
290329
290249
290211
290029
289920
289795
289764
289693
289608
289333
289049
289004
288691
288640
288575
288305
288160
288156
288076
287995
287778
287698
287698
287692
287666
287663
287587
287582
287519
287442
287411
287380
287253
287224
287218
287134
287119
287048
286848
286840
286724
286627
286457
286330
286131
286063
286045
286023
285512
285342
285201
285166
285113
284803
284787
284686
284652
284576
284477
284341
284253
283998
283988
283978
283970
283838
283757
283714
283665
283610
283603
283391
283352
283303
283025
282923
282918
282891
282848
282711
282687
282381
282348
282266
282180
282099
282093
282068
282046
281943
281934
281830
281710
281682
281679
281636
281499
281020
281018
280976
280900
280815
280776
280776
280701
280538
280382
280358
280349
280269
279925
279924
279808
279381
279379
279317
279262
279247
279241
279150
279006
278966
278842
278833
278705
278615
278468
278245
278215
278065
277834
277793
277654
277643
277472
277237
277197
277169
276977
276952
276948
276900
276795
276570
276520
276509
276394
276331
276188
276044
276000
275966
275758
275687
275477
275471
275438
275411
275147
275134
274913
274881
274859
274769
274695
274675
274632
274602
274535
274372
274290
274171
273999
273861
273837
273711
273615
273599
273517
273445
273161
272920
272856
272825
272733
272695
272468
272314
272297
272204
272111
272023
271843
271770
271751
271744
270806
270757
270672
270597
270593
270585
270469
270216
270211
270071
269940
269647
269633
269475
269420
269409
269335
269328
269302
269002
268908
268877
268754
268529
268260
268235
268229
267978
267961
267908
267764
267747
267697
267562
267510
267341
267249
267069
267029
266959
266817
266748
266690
266574
266511
266431
266426
266385
266382
266327
266204
266142
266094
265996
265922
265921
265900
265695
265632
265585
265166
265092
265071
265009
264921
264772
264763
264549
264321
264213
263873
263807
263776
263692
263635
263515
263456
263386
263298
263219
263102
262897
262849
262827
262827
262815
262768
262562
262434
262405
262401
262276
262044
261954
261842
261783
261777
261691
261557
261540
261273
261082
261053
261028
260940
260830
260725
260572
260554
260512
260322
260208
260192
260187
260147
260096
259984
259844
259797
259777
259462
259408
259208
259160
259137
259132
259102
258941
258933
258932
258850
258827
258683
258335
258181
258059
257867
257828
257753
257668
257619
257489
257296
257287
257264
257260
257248
257206
257166
257152
257088
257018
257015
257006
256878
256484
256052
255998
255811
255575
255519
255504
255503
255503
255316
255255
255190
255061
254920
254864
254390
254213
253947
253939
253827
253777
253740
253512
253390
253372
253214
253048
253044
252976
252972
252969
252885
252873
252837
252746
252608
252569
252550
252531
252494
252473
252444
252334
252211
252204
252132
252037
252033
251946
251729
251623
251599
251470
251416
251215
251145
251141
250981
250516
250487
250452
250409
250394
250380
250370
250119
249999
249920
249895
249780
249773
249630
249589
249583
249547
249520
249474
249468
249281
249227
248888
248629
248430
248409
248296
248291
248251
248179
248072
247972
247880
247832
247669
247443
247320
247285
246975
246918
246776
246730
246645
246551
246413
246396
246133
246106
245843
245836
245802
245681
245597
245543
245365
245314
245257
245168
244971
244959
244919
244914
244639
244598
244581
244572
244502
244447
244319
244312
244221
244035
244004
243830
243778
243740
243694
243621
243357
243302
243196
243154
243078
242904
242845
242622
242620
242548
242383
242336
242292
242215
242201
242129
241856
241656
241656
241611
241578
241569
241456
241428
241288
241275
240977
240724
240701
240695
240349
240346
240342
240337
240076
239921
239758
239736
239609
239469
239433
239115
239096
239024
238944
238830
238821
238660
238365
238318
238304
238170
238094
238065
237862
237855
237789
237657
237652
237636
237495
237449
237316
237303
237199
237005
236995
236867
236772
236647
236609
236326
236159
236080
236000
235946
235942
235877
235855
235627
235607
235589
235516
235514
235470
235424
235398
235227
235131
235111
234959
234955
234773
234706
234530
234512
234444
234328
234261
234208
234181
234146
233870
233811
233790
233784
233650
233648
233558
233479
233154
233129
232976
232947
232487
232485
232454
232301
232148
232057
232056
231982
231861
231728
231708
231571
231496
231491
231304
231131
231075
230975
230876
230654
230391
230307
230303
230207
230054
230028
229754
229752
229698
229696
229636
229518
229493
229481
229253
229086
229056
229036
228971
228856
228699
228588
228347
228317
228237
228114
227895
227770
227470
227268
227168
227078
226945
226944
226926
226864
226692
226648
226506
226455
226368
226290
226088
226087
225997
225943
225924
225650
225538
225517
225497
225411
225294
225266
225237
225146
224996
224986
224971
224942
224838
224830
224687
224672
224627
224555
224429
224401
224288
224264
224203
224145
224098
224013
223776
223503
223281
223176
223146
223119
223094
222835
222735
222663
222471
222182
222122
222095
221873
221823
221755
221680
221397
221304
221139
221134
221093
221019
220622
220532
220442
220069
219945
219793
219768
219761
219720
219624
219559
219518
219123
219069
218974
218818
218734
218653
218518
218351
218341
218165
218118
218112
218066
218063
218005
217901
217743
217737
217617
217518
217507
217454
217329
217279
217175
216841
216759
216742
216657
216550
216530
216487
216373
216242
216188
216073
215921
215847
215824
215565
215411
215333
215250
215089
214957
214885
214814
214750
214614
214585
214553
214361
214107
213918
213862
213565
213433
213342
213332
213204
213121
213071
213040
212855
212758
212700
212691
212654
212490
212457
212422
212401
212271
212180
212072
211962
211950
211805
211669
211610
211607
211446
211287
211121
211090
210912
210786
210669
210466
210407
210376
210369
210341
210340
210170
210071
209978
209953
209953
209863
209799
209563
209440
209427
209335
209248
209223
209165
209087
209067
208892
208796
208774
208524
208353
208233
208183
208091
208085
208059
208047
208014
207999
207966
207938
207892
207865
207852
207798
207752
207718
207640
207383
207257
207187
207063
207035
206981
206433
206405
206396
206221
206066
206063
206015
205974
205932
205805
205631
205497
205469
205324
205253
205177
205085
205083
204956
204908
204808
204670
204391
204330
204275
204208
204029
203832
203830
203814
203808
203768
203705
203602
203435
203433
203181
203130
203085
202986
202925
202826
202792
202743
202487
202486
202478
202290
202279
202202
201897
201876
201870
201793
201720
201523
201456
201387
201380
201246
201028
200990
200919
200797
200687
200681
200623
200613
200550
200421
200078
200001
199954
199816
199479
199457
199387
199225
199078
199067
198963
198928
198887
198885
198788
198774
198714
198529
198503
198450
198377
198344
198338
198257
198253
198236
198120
198112
198098
197975
197877
197873
197628
197340
197204
197185
197120
196986
196924
196890
196795
196738
196687
196552
196506
196383
196313
196295
196208
196149
196088
196080
195997
195884
195814
195782
195729
195710
195559
195524
195420
195419
195404
195383
195329
195229
195205
195145
195030
194998
194977
194955
194580
194556
194310
194029
193950
193924
193867
193741
193715
193680
193642
193458
193400
193396
193306
193246
193237
193052
192943
192903
192845
192792
192776
192763
192759
192612
192597
192462
192293
192183
192151
191979
191862
191713
191623
191604
191584
191549
191495
191480
191363
191124
191019
191011
190896
190829
190580
190495
190037
190034
189837
189514
188870
188806
188571
188498
188433
188401
188200
188173
188073
188073
188017
187814
187763
187719
187529
187484
187244
187225
186961
186945
186821
186655
186542
186525
186465
186372
186242
186206
186198
185939
185924
185890
185803
185803
185746
185667
185321
185315
185152
184821
184546
184195
184156
184126
183916
183573
183549
183480
183427
183380
183339
183329
183285
183208
182927
182908
182770
182699
182682
182650
182646
182572
182442
182385
182337
182295
182268
182154
181981
181950
181870
181826
181756
181704
181679
181621
181491
181448
181280
181081
181041
180870
180812
180732
180671
180655
180644
180247
179836
179750
179599
179588
179486
179404
179371
179250
179129
179099
179000
178848
178785
178478
178402
178369
178289
178262
178201
178151
178087
178037
177996
177663
177225
177221
177041
176992
176947
176788
176686
176596
176591
176591
176444
176421
176400
176337
176295
176287
176259
176210
176196
175938
175923
175921
175807
175648
175505
175488
175232
175039
175039
174993
174881
174796
174762
174703
174676
174643
174486
174442
174426
174344
174264
174161
174040
174021
173951
173839
173680
173653
173401
173240
172856
172640
172629
172422
172381
172346
172235
172234
172207
172196
171912
171575
171520
171295
171254
171071
170999
170795
170731
170444
170287
170068
170042
169894
169877
169870
169826
169771
169549
169535
169435
169411
169311
169278
168989
168888
168854
168835
168781
168739
168703
168589
168476
168424
168362
168299
168139
168056
167878
167803
167540
167387
166997
166969
166928
166748
166411
166341
166315
166184
166113
166089
165967
165791
165658
165617
165609
165571
165491
165353
165344
165245
165207
165192
165183
165151
165135
165080
165007
164796
164751
164691
164572
164411
164102
164043
164015
164014
163951
163935
163893
163886
163826
163787
163760
163754
163719
163708
163604
163547
163404
163308
163153
163143
162850
162753
162726
162645
162589
162492
162490
162425
162423
162145
162143
162102
162095
162022
161967
161950
161378
161055
160963
160897
160818
160702
160671
160522
160420
160414
160148
160126
160091
159963
159913
159889
159257
159215
159180
159019
158976
158975
158917
158764
158761
158645
158623
158314
158183
158181
158095
157705
157427
157298
156828
156660
156640
156601
156567
156519
156318
156251
156238
156173
156063
156027
155995
155970
155891
155494
155452
155412
155368
155233
154971
154910
154803
154735
154731
154694
154558
154525
154511
154439
154415
154346
154274
154107
153915
153884
153626
153577
153495
153402
153398
153373
153322
153194
153121
153063
153034
152828
152567
152230
152141
152109
152106
152059
152049
152031
151836
151821
151559
151489
151441
151393
151390
151378
151355
151348
151214
151210
151152
151132
151106
151034
151019
150798
150585
150547
150541
150431
150357
150053
149761
149642
149598
149552
149549
149185
148927
148836
148798
148613
148446
148327
148074
148061
148006
147977
147872
147866
147756
147711
147642
147345
146916
146791
146559
146555
146290
146268
146224
146148
146082
145976
145750
145699
145632
145614
145531
145469
145390
145266
145254
145154
145152
145099
145008
144916
144906
144785
144332
144147
144112
143998
143839
143687
143552
143523
143418
143399
143137
143129
142647
142639
142567
142567
142387
142349
142326
142072
141858
141823
141819
141782
141737
141615
141547
141537
141497
141394
141366
141129
141103
140952
140951
140896
140438
140264
140167
140031
139991
139955
139944
139941
139871
139837
139744
139698
139603
139583
139529
139496
139485
139370
139296
139226
139095
138986
138959
138875
138548
138541
138497
138210
138173
138152
137909
137655
137578
137107
136965
136888
136765
136704
136597
136530
136427
136411
136247
136187
136003
136003
135893
135601
135398
135372
135145
134970
134567
134552
134511
134510
134186
134109
134105
134071
133998
133739
133685
133537
133320
133146
133107
133052
132814
132743
132711
132471
132414
132359
132348
132307
132262
132123
132106
132027
131879
131841
131716
131340
131233
131086
131074
131067
130964
130925
130852
130795
130791
130714
130710
130651
130627
130538
130443
129913
129910
129638
129614
129558
129501
129444
129436
129426
129354
129291
129245
129086
128941
128766
128755
128567
128504
128497
128485
128473
128256
128235
127752
127685
127637
127608
127576
127517
127345
127328
127275
127222
127183
126978
126788
126530
126526
126514
126396
126318
125932
125917
125910
125837
125766
125531
125483
125396
125234
124993
124992
124877
124836
124821
124681
124641
124203
124199
124095
124028
124005
123879
123747
123742
123724
123686
123667
123583
123458
123259
123199
122785
122771
122737
122628
122627
122269
122268
122165
121916
121888
121485
121482
121435
121264
121213
121143
121099
121062
121026
120919
120880
120801
120743
120671
120562
120303
119878
119724
119602
119517
119357
119325
119224
118923
118892
118488
118483
118366
118362
118348
118287
117852
117816
117803
117580
117566
117525
117516
117507
117454
117260
117055
117034
117015
116994
116991
116844
116718
116704
116702
116679
116500
116476
116333
116267
116222
116178
116166
116101
115967
115816
115733
115692
115615
115460
115317
115217
115013
114973
114430
114370
114148
113994
113970
113691
113691
113673
113644
113643
113610
113592
113542
113470
113426
113384
113218
112859
112753
112594
112411
112218
112123
112071
112067
112028
111987
111471
111451
111447
111278
111260
111078
111000
110978
110901
110878
110692
110611
110610
110551
110495
110461
110381
110336
110278
110232
110214
109803
109772
109738
109506
109366
109334
109269
109092
108993
108984
108876
108752
108700
108512
108480
108425
108408
108367
108179
108100
108048
107987
107951
107859
107808
107693
107665
107644
107527
106925
106908
106846
106830
106827
106800
106753
106649
106281
106238
106059
106056
106029
105989
105840
105834
105740
105519
105512
105418
105408
105366
105348
105336
105191
105183
105172
105025
104939
104838
104715
104586
104566
104490
104440
104249
104240
104151
104005
103890
103770
103730
103729
103698
103555
103524
103018
103012
102990
102786
102645
102565
102516
102370
102075
102033
101997
101855
101854
101675
101345
101285
101109
101014
100894
100267
100216
99961
99899
99854
99210
99169
99135
99120
99051
99022
98856
98847
98744
98512
98403
98272
98257
98245
98081
98073
98035
97856
97808
97526
97479
97432
97380
97340
97263
97262
97220
97062
97004
96962
96902
96895
96869
96747
96517
96449
96325
96213
96187
96108
96076
96050
96005
95994
95408
95115
95041
94949
94908
94810
94691
94467
94424
94334
94269
94185
94059
93955
93915
93761
93410
93354
93282
93079
93071
93013
92955
92911
92905
92801
92799
92741
92689
92600
92566
92564
92459
92360
92132
92085
91918
91825
91710
91542
91515
91392
91340
91327
91292
91287
91157
91130
91099
91093
90996
90988
90820
90702
90588
90524
90345
90225
90201
90167
90053
89964
89685
89577
89525
89450
89419
89412
89356
89323
89260
89209
89205
88983
88892
88728
88723
88590
88579
88553
88506
88351
88178
88130
88080
88079
88078
88019
88017
88002
87932
87756
87649
87542
87515
87482
87213
86896
86788
86736
86699
86674
86657
86604
86535
86498
86466
86377
86231
86000
85982
85942
85838
85836
85806
85689
85615
85569
85253
85198
85090
84990
84898
84893
84681
84649
84605
84562
84546
84373
84345
84292
84213
84046
84039
83719
83633
83616
83603
83530
83356
83319
83310
83235
83192
83065
82966
82867
82812
82791
82788
82714
82687
82678
82361
82345
82322
82178
82144
81982
81835
81820
81636
81358
81304
81179
81165
81152
81101
81024
80658
80548
80491
80442
80417
80325
80292
80215
80142
80095
80081
80019
79996
79905
79894
79857
79853
79522
79508
79300
79137
79113
79067
78957
78844
78749
78724
78593
78571
78536
78118
77889
77884
77828
77743
77471
77389
77267
77165
77018
76739
76581
76225
76039
75990
75929
75899
75891
75852
75737
75684
75651
75591
75497
75497
75464
75384
75362
75288
75230
75191
75162
74756
74752
74392
74309
74149
74038
74000
73984
73965
73941
73838
73743
73693
73557
73382
73305
73216
73063
73039
72877
72528
72524
72283
72244
71762
71466
71387
71277
71237
71067
71027
70768
70674
70627
70610
70567
70522
70495
70278
70230
70157
70151
70123
70044
69909
69638
69556
69501
69491
69271
68962
68662
68611
68596
68592
68496
68347
68276
67811
67785
67759
67734
67681
67380
66950
66905
66892
66668
66583
66555
66317
66205
66149
65914
65886
65843
65754
65691
65634
65574
65476
65424
65424
65255
65076
65047
64935
64831
64744
64708
64673
64615
64484
64333
64317
64188
64170
64089
63910
63844
63739
63583
63340
63198
62984
62713
62609
62600
62387
62324
62221
62165
62126
62073
61993
61985
61945
61596
61540
61466
61119
61075
61008
60892
60673
60532
60445
60384
60298
60244
60018
59715
59709
59706
59588
59216
59192
59071
58757
58688
58671
58554
58539
58302
58220
58054
58012
57842
57794
57698
57660
57615
57611
57582
57537
57409
57386
57325
57298
57008
56519
56488
56476
56438
56243
56206
56184
56062
55952
55939
55935
55828
55809
55767
55737
55675
55629
55563
55326
55289
55255
55249
54739
54534
53945
53898
53878
53784
53697
53646
53619
53535
53466
53451
53449
53412
53382
53142
53010
52952
52822
52773
52773
52707
52648
52619
52529
52522
52489
52437
52385
52227
52207
52116
51964
51892
51738
51576
51465
51364
51126
51014
50788
50736
50580
50528
50367
50356
50327
50093
50008
49772
49649
49197
49105
48997
48895
48886
48469
48180
48154
48059
48041
48018
47895
47715
47594
47591
47448
47204
47201
47119
47075
46956
46789
46216
45872
45708
45690
45666
45643
45315
45271
45167
45069
45043
44801
44778
44605
44602
44581
44577
44440
43806
43782
43659
43630
43574
43475
43449
43199
43155
42851
42831
42663
42587
42583
42479
42400
42389
42296
42287
42095
41775
41751
41691
41675
41643
41584
41253
41114
41073
40928
40877
40813
40728
40727
40726
40707
40533
40526
40460
40409
40369
40292
40278
40234
40199
40158
39827
39790
39776
39730
39593
39422
39390
39366
39227
39138
38915
38866
38837
38803
38642
38636
38585
38530
38520
38517
38514
38347
38315
37928
37841
37831
37701
37613
37473
37458
37399
37281
37280
37152
36981
36917
36912
36901
36569
36521
36433
36093
35273
35158
35130
35067
35014
34973
34889
34829
34809
34641
34609
34299
34189
33931
33927
33901
33881
33753
33742
33709
33635
33571
33505
33498
33478
33430
33394
33170
33076
32893
32822
32744
32498
32462
32402
32336
32330
32222
31957
31782
31719
31403
31247
31236
31170
31116
31064
31025
31021
30987
30889
30887
30849
30791
30765
30615
30588
30454
30356
30338
30272
30205
30122
30073
29795
29777
29665
29646
29490
29477
29442
29429
29419
29291
29243
29155
29044
28997
28938
28662
28537
28475
28401
28345
28237
28116
28103
27933
27703
27592
27525
27314
27268
27062
26977
26839
26712
26560
26394
26336
26024
26004
25795
25751
25591
25439
25417
25386
25254
25151
25107
25011
24868
24844
24649
24616
24422
24374
24332
24308
23948
23626
23602
23524
23508
23308
23173
23156
23101
22879
22866
22839
22446
22312
22056
22051
21615
21425
21379
21361
21004
20944
20589
20573
20293
20228
20054
19867
19566
19377
19331
18942
18942
18855
18811
18724
18703
18625
18508
18149
18122
18092
17916
17700
17580
17564
17478
17464
17426
17410
17298
17230
17220
17083
17029
16967
16962
16916
16755
16699
16687
16623
16599
16565
16116
16093
15938
15866
15732
15683
15655
15561
15490
15401
15278
15011
15007
14673
14612
14583
14547
14372
14290
14271
14219
13948
13526
13395
13390
13229
13051
13004
12830
12794
12773
12771
12698
12511
12489
12429
12401
12368
12231
12230
12141
12079
12056
11970
11841
11737
11644
11537
11482
11433
11377
11355
11152
11024
10993
10905
10884
10823
10552
10525
10372
10286
9911
9866
9655
9425
9353
9339
9079
8995
8875
8740
8727
8696
8509
8474
8231
8156
7957
7769
7732
7304
7289
7258
7198
7195
7168
7029
7007
6936
6861
6683
6225
6165
6040
5916
5872
5851
5618
5549
5503
5212
5085
5071
5053
4961
4931
4833
4734
4699
4422
4346
4134
4118
4097
3943
3927
3673
3622
3593
3561
3507
3484
3464
3407
3386
3339
3332
3322
3280
2926
2797
2172
2088
1961
1793
1760
1656
1650
1475
1446
1400
1083
983
973
931
748
597
545
384
272
41
