997348
995624
994261
993295
991440
989513
989124
987822
982180
981544
980694
976100
976063
968868
967991
967718
967551
960971
959225
956264
955662
952948
951227
947669
947143
947024
938452
936465
935748
933822
931073
930408
930370
926617
925058
923399
922762
922187
920018
919868
919516
918351
916161
915743
914958
913488
913402
910459
910146
909359
909148
903774
901157
899560
898379
896832
896511
896033
894445
882031
881931
881879
881708
877698
876987
875541
875431
872393
869514
868812
867663
866547
864843
864316
854494
849286
847945
847455
846454
846336
845520
844887
841589
839476
835719
835069
834420
831475
826491
823663
821718
820424
818699
814712
814605
812092
808062
806119
806082
804977
801470
800462
795438
795372
793756
793574
792190
785672
785223
782393
779144
775893
773843
771896
771322
767425
767285
765409
763385
761961
758517
757346
756582
753267
750536
748242
746227
746073
741794
737417
730697
726738
726697
725905
717965
716710
715898
715553
714673
712176
708128
707604
706840
706750
705188
701144
697820
695940
695495
691975
690233
686098
680520
680431
679483
678065
675822
674892
671740
671242
670467
669204
668535
668002
665224
664959
661075
658459
657895
657630
656795
654770
653159
653153
652993
651317
648498
646712
646117
645174
644062
643866
643680
642508
631936
625619
624318
620374
620335
611852
609607
608626
607676
605110
603532
602144
602144
591967
587291
584803
582846
578805
576013
575907
571412
564981
557250
556296
553135
545714
544954
543984
541792
540251
537578
532107
529640
528864
527177
521812
519190
518555
517914
515413
515075
510923
509371
504077
495564
494523
494251
488119
488005
485202
484885
481234
480777
480440
477979
475375
473895
472254
471173
470158
467645
465555
462385
461241
455262
451773
448257
443678
442267
436389
435430
434315
434285
434217
431592
430943
429917
429349
429234
426202
424237
423885
422960
420851
420401
418484
413942
412452
412097
411336
407292
392668
391980
391408
386508
383619
383411
379119
377308
377283
375894
374615
371206
370573
366266
365181
359814
354556
353897
353117
353077
352800
349752
349363
346797
345734
345246
344950
342602
338430
335562
333443
333097
332397
329949
328522
327422
322310
320760
319372
318740
318610
316110
315718
315673
312547
310947
310046
308752
307254
302562
301877
297070
294889
294674
294277
290419
288482
288187
288111
287636
285043
283971
282857
282407
279496
277697
275884
273183
268521
268514
264377
261226
259551
258450
257098
252454
252355
251688
248684
247994
247117
244119
244034
241928
241916
241606
241053
240030
237351
232187
221892
221792
221346
218977
217641
217111
216175
215636
214952
214125
209491
207401
207375
204608
204347
197432
196456
193276
189494
189153
188566
188349
183763
182546
182479
182040
181325
175549
174864
173830
172883
170031
169517
167796
167025
165606
164632
162570
161565
160042
157147
156711
152096
151974
151426
151101
149897
149259
146885
146838
146031
144026
142303
141671
140821
138849
138531
137672
133107
131468
126481
126125
126055
123530
120232
116465
114973
113762
112581
108663
94962
94664
93080
91457
91307
89618
86903
86740
86227
85187
82668
82451
81956
81916
80692
78520
76049
75739
74725
73953
70841
69786
65871
64523
64477
60731
59404
58541
53440
53364
53317
51600
46974
46897
40879
38886
36960
35580
31294
30910
27607
25412
25087
24709
24452
24223
23230
23225
21873
21479
19842
19009
17387
16200
15409
14537
13125
12772
9596
9108
7674
3981
3448
3338
301
