998430
996564
995206
991662
991510
990790
989471
988979
987978
986660
985976
983616
980450
978879
977717
977417
971773
970099
962031
961661
961461
958319
956450
956442
955716
955307
953290
949803
943450
941667
940750
940055
935788
933179
929527
929059
928890
928151
927410
927219
921314
921259
916592
912967
910215
908984
905619
904498
903922
902120
898403
896522
893340
890661
885461
885278
883731
883124
881229
879727
878195
877334
876261
874524
871530
868745
867864
867105
865939
862941
861214
858939
858832
857845
850345
849374
848548
846202
843236
842956
840220
839074
834947
832192
829263
828161
827856
825750
823492
823467
823042
815689
814128
810777
807550
805750
803658
803281
802880
797289
796887
795760
795722
795156
786396
783555
782510
780136
769768
765170
765082
764448
761021
760468
751152
745086
743825
741908
741772
735177
734883
734723
734276
732286
729661
727582
727202
725532
721318
718432
717556
715170
714109
709471
707755
706094
706028
703724
696841
694818
690253
688236
687781
684195
680540
671040
670228
667110
666015
664665
663979
663261
663246
661079
657290
656475
653571
652592
652351
651890
651498
642745
640292
639816
638715
636819
634666
633270
633250
628857
624180
623487
621760
618683
615279
614501
612501
611639
604189
603391
597446
596301
595920
594686
593866
593395
585576
585192
584876
583684
582220
581743
581254
580032
579144
576621
575948
575408
571636
570295
567858
567082
566434
566233
564694
560784
559689
557708
556821
551183
550887
550681
549795
549645
549393
548246
546690
545979
544400
542626
536994
532802
530167
529061
527975
527532
526844
525746
525745
523349
522055
515643
512050
506572
506544
506174
504903
504712
504679
504640
502853
501036
498750
497910
495401
492340
488919
488282
487372
484750
483987
483103
478704
473125
472188
471808
468483
465106
462627
460446
460039
458760
458392
453961
453399
452901
452722
452548
451224
448157
444374
444183
444008
442730
441792
441519
437922
435182
435048
431730
429254
429188
424517
423026
422405
420051
418879
417676
417040
415386
414338
413934
412558
408791
404616
404233
393695
391586
389899
388611
387036
384065
383557
382938
380068
379792
378028
372668
372597
361835
359573
351489
350602
347054
346956
346624
346567
344779
344289
342974
340574
336781
336449
334627
331973
331248
326680
326659
324570
322940
321719
321210
319679
319508
318524
317175
315751
315746
314617
313415
310150
309998
309877
309330
307817
305315
304287
302256
301603
301441
300983
300410
299418
294445
292838
292813
286429
286258
280870
276054
273321
269998
269714
269187
267500
267142
266719
265065
263837
262213
256768
256035
254122
253730
252831
252302
251905
251444
250173
248891
248628
248360
247766
244761
242254
240427
234731
234484
233254
232717
231444
229809
229645
227894
226217
225972
225213
220943
219240
218484
213945
213737
209186
207693
207501
205655
205435
205009
204758
204287
203444
200676
198773
196473
193592
193490
186681
184057
184027
182264
181302
179012
178356
177578
176549
175797
173480
170877
168963
164947
162201
158391
158299
157706
156965
156505
154373
150658
147101
146217
140320
139196
139039
137865
136764
134953
129518
129341
128207
123671
120037
118391
114487
114049
110485
106870
106584
103571
101992
100457
96941
95956
92905
91480
88665
87846
84563
77542
76881
75406
72912
72673
71961
70875
68069
57490
56714
56489
54741
52306
51837
48349
45989
45103
40226
34165
28241
26022
25428
23655
21065
20658
12465
11192
10465
10394
6060
3491
1025
59
