997534
993702
992755
992561
991725
991436
990749
988907
987724
987428
982429
980683
980472
979584
974154
972413
967099
966907
962747
962148
961147
961031
959750
954748
951734
948063
947793
947597
947456
941998
940226
938349
938107
933306
930561
928496
925868
922691
922022
920520
918003
914982
914377
911771
911600
907421
903154
903050
902456
893011
892460
890839
890460
890391
888230
880919
880213
877817
876328
874117
873531
869969
866530
864575
863968
862199
861488
860194
860037
859636
856751
853098
852827
852044
850039
847364
845230
841839
839663
839375
834580
833026
832894
832716
832443
831393
830729
828252
825813
824015
823415
819613
818960
814824
811037
810717
809193
808182
805998
805587
803028
798439
797876
797445
797022
795734
795073
794830
790874
787088
786577
781495
777187
774472
770768
769431
768893
766706
766358
766173
764886
763172
762458
759947
759376
758679
757792
757192
756476
756104
751264
750260
747658
744785
743703
739423
738062
738061
737687
736999
732826
730614
722891
720063
717894
715102
713356
712762
710445
709325
706713
705393
703338
701931
699754
697157
693406
693275
692822
692361
691089
689845
687828
686870
686692
686506
686248
676666
671218
670527
668719
667659
663456
663023
657506
657505
655448
654798
651331
649426
647820
647176
644877
644735
639175
638663
635164
633712
629962
629255
628506
627779
627673
625178
624155
622108
619275
617208
615705
610822
607273
606784
606694
603269
595592
590252
583080
582845
579921
578849
576959
576155
575958
575585
574461
572293
569583
566646
563231
561966
560247
559719
556354
555997
548964
545686
544934
543140
542804
541008
535985
532141
528073
527270
525285
520206
518048
509898
508842
503484
502854
502342
501948
500626
494466
493191
490844
490446
488493
487706
486490
485662
485394
484962
480312
479600
479581
479568
479186
475077
473248
471854
469136
468774
462077
460880
456629
456443
455349
453445
453337
449498
447658
440206
438573
436882
434074
432712
432152
429080
428491
428265
424684
424020
423392
418067
416357
415029
414726
413391
412891
409479
407523
406621
405816
401689
401401
401018
400811
398168
396897
393777
391895
390432
389892
388266
385426
383843
382932
374995
364910
364052
362449
361612
360180
355763
354713
352072
351978
345286
344127
343069
337455
336289
334675
334219
332348
323769
321526
320897
320818
318427
316623
316448
314403
311855
309139
307982
303686
303175
301388
299759
295552
295541
294096
292671
291375
289141
286105
285924
284963
281343
280800
273677
264751
262150
260503
259483
259176
257643
256693
253177
248219
245379
240326
236691
230647
228896
228528
227499
224571
224423
221577
221508
218176
215730
213754
213568
208475
206524
204921
204372
204119
203436
203064
200519
200453
198750
196234
194656
191619
188639
187320
186951
184707
183964
183141
182004
181492
179757
175152
174649
174113
173950
170733
169363
167935
167811
164737
160860
155889
155786
155155
153115
150485
149670
147925
147376
144027
141522
140174
136814
136281
135795
134530
134396
133820
125486
123652
122715
122711
120091
119695
118574
117546
115643
109307
105086
104910
103733
103703
103343
102120
101502
100631
100038
98746
92358
87712
87072
85201
85110
84636
84060
83779
83190
77655
75558
69381
68228
68222
67333
63680
63217
61742
60880
57846
55304
54696
52618
52454
47870
47308
46092
43607
42843
41361
40930
40498
38548
37737
35277
35085
33467
32110
31538
29480
27961
27501
26686
26377
25222
24804
21574
19856
18923
14181
9917
7038
2589
