999629
999080
995172
992935
991902
991078
987071
986469
983229
980501
978740
978468
976667
976401
974799
970632
970476
969747
969236
966881
966391
963576
963263
962213
960653
960304
959821
958890
956757
953917
953058
951861
947412
947237
946994
946305
944776
941531
936499
933105
930544
926835
925653
924831
922579
918541
914158
911813
906901
906016
904022
902817
899375
892991
887493
887110
886925
881377
879719
877736
875988
875864
874647
874584
873620
871392
871230
870896
869901
869331
868669
863550
863009
861790
861050
860896
860471
858402
858335
858052
857845
856775
854263
854149
845236
844526
843676
842221
840618
839970
839561
838804
837360
836932
830676
822806
822388
820549
820313
820230
818289
813108
812073
811221
809944
809455
803277
801543
801214
799609
797567
793902
793206
791556
791477
791232
790766
784455
784413
783928
781665
781620
781600
780846
775643
770896
769085
768299
762934
761441
761178
757396
752105
751928
750946
749393
749357
749182
749127
745697
745348
742987
740990
735285
732964
731586
731316
731072
729229
728228
727952
726325
725556
724033
721966
714118
712415
712256
711183
710968
706338
705689
701047
700627
696027
693454
692211
688388
688054
686406
685389
683218
680261
678391
675595
671562
670414
669803
669190
667300
662815
662486
661039
660836
653602
653581
653503
652868
646061
645516
645237
641755
640255
639327
637221
630036
624398
622709
618958
616413
615637
613158
610972
609516
605087
597385
596449
595524
595091
594005
585297
584857
583816
581701
580155
577657
577143
575285
573558
573314
573154
570276
569880
569522
566211
565349
564456
561971
560032
558596
557947
556283
550179
545402
530176
529135
528631
524475
523079
522162
517604
515914
515219
512121
511377
509514
508771
507473
505548
505143
505017
504534
503983
503371
502730
501469
501105
501073
500097
497594
496837
495494
494332
486885
485093
484628
484407
483904
483198
480229
479930
478742
476218
472852
471109
469141
469033
467777
463513
460669
460485
459692
458510
455038
453831
452157
449912
445980
442120
440513
437795
436890
435356
434555
433894
432240
429454
428288
428066
425794
422612
420682
416584
414080
410996
403357
403017
402850
402514
394013
393861
388037
387085
386754
384100
383020
378535
377753
377423
376370
375614
375482
373499
369178
365226
364270
363732
362439
349144
341676
335704
330594
325373
321050
320783
316106
315705
315221
314351
313533
312924
310265
307500
300176
293396
291895
290813
289959
287501
286160
282442
279444
276514
271639
269947
268834
265175
263259
263013
257760
255721
255167
252431
250346
249071
246025
245904
245890
241084
240904
240891
239434
237185
236243
235984
232622
230407
226580
223893
212069
210498
209239
208628
208131
207681
204999
201553
200868
199871
199083
198962
198491
196040
194562
193295
192209
191353
191179
190538
188444
185928
182326
180934
180275
179998
178665
176096
173101
172523
170626
168613
164291
162799
160490
154703
153390
150242
147714
147000
145024
142779
140826
138839
133360
132409
132033
130269
129414
126113
125676
124819
124260
124183
118721
111612
110803
106793
105597
104703
104566
103706
95721
95343
89945
89837
87309
84672
84396
81965
80897
78914
78690
77066
75133
74331
74201
73841
73193
71865
71785
69493
68361
68318
66031
59612
58904
58133
55393
54390
53765
50638
50285
50272
49579
46610
45925
45394
40973
40499
38225
37891
37276
32404
31707
31116
30874
27679
26254
24038
22052
21673
19938
18416
16142
15020
12673
10466
4511
4333
4099
