999552
997736
986962
986897
983054
981655
980841
980457
978101
976839
976435
976307
976240
971374
970793
966004
963830
962160
960506
959410
957879
955798
954579
953578
944554
939166
936400
935767
933141
931276
930652
927172
924106
923198
914912
913691
912690
910809
907047
906651
905779
905722
905545
905094
902082
898883
898387
894883
894235
887266
885931
882855
881020
875867
874430
872171
868484
866117
865684
864257
863923
862730
862408
860767
859931
858491
857962
855320
854199
854051
849827
849157
848508
845539
845096
843749
843574
840854
839664
838152
836339
836325
835864
835822
834940
834933
833859
832706
832570
830056
828300
826670
821777
820508
820325
820062
819072
814712
814612
813544
813281
811711
808958
807293
806856
803112
800443
798304
795906
795877
795076
793399
791487
791337
789716
788061
785909
780582
779951
776455
775529
770200
769211
767805
767331
765040
764715
764202
757848
756772
756046
755324
751433
749238
746770
744925
743019
741833
732124
728109
726995
726720
724596
720450
715357
714888
714714
713005
712691
712040
708786
704860
703741
703570
700707
697606
696052
693745
691127
689885
688708
683648
683084
682332
681555
680918
678819
678301
677889
677640
676060
672220
668584
664947
664660
662336
661199
658821
658791
656517
653114
652018
651782
650080
649949
649028
644662
643953
643030
642592
641733
640747
640597
639608
637946
637135
634492
632345
627131
624683
623867
622940
621876
621117
619203
618847
612642
612302
612235
612080
610970
608434
603089
601867
601418
598163
597245
596049
592119
591431
589971
588784
588577
586877
585233
583702
583639
583017
579554
578893
578185
576561
574616
573911
572995
572741
572467
562146
561771
561460
559736
555990
555231
553582
548198
544226
540894
538899
536528
536501
535720
533991
528067
527498
525754
521651
520047
519683
517370
517177
514197
508758
504788
500790
499263
495750
495237
491313
489023
483859
483563
479882
477599
476961
476576
475030
474640
472890
472295
471818
471365
464059
462887
461130
459383
459232
459110
458155
457213
456500
449813
447921
447696
446263
445619
445471
442974
442112
439840
434803
434345
431309
426508
423031
422071
420616
420097
419969
417993
417355
413050
412597
402386
391306
391095
390402
388992
388651
387216
386889
386744
384659
381522
380587
376821
376737
375431
372818
372692
369577
363430
363189
362584
361935
361320
360206
353868
350754
348898
347381
341244
339269
338832
334813
331477
330325
328711
328540
325911
325469
323428
321831
320368
317527
315945
314619
312994
312572
311704
311415
303297
301859
299463
294710
294282
293572
292639
292053
289953
287411
284347
282077
281716
280032
276106
274057
266964
264573
261776
260773
260399
258899
256915
255153
254548
251064
249318
247851
247843
247315
244385
243276
232402
227133
224210
224132
222893
218490
215506
215380
210655
210336
205945
203938
200779
199990
199913
196398
195444
194529
192556
191953
186346
184011
176858
176198
175002
169149
167823
165560
163724
163546
157018
156197
153999
153683
153611
152852
152435
152201
143193
141740
141604
137482
134619
134042
133963
133584
127685
125123
122119
121496
117010
116291
108794
104822
103789
100243
99735
98267
96066
91763
90334
84649
83763
83286
80366
73463
72612
71447
69855
69316
68592
67151
67000
66871
64454
58892
58161
58160
57637
56381
53835
52187
51896
49781
47292
46327
44522
43860
43510
42797
40015
37165
34146
32375
31325
31118
31067
30150
27349
23504
19681
16196
15755
13827
11371
3694
3380
1219
