52
139
221
383
544
615
733
982
1001
1011
1042
1206
1344
1388
1515
1702
1725
1767
1798
1892
1967
2005
2027
2064
2064
2107
2207
2242
2246
2390
2403
2479
2669
2672
2809
2813
3104
3160
3420
3806
3868
3886
4075
4115
4391
4519
4616
4641
4643
4714
4940
4997
5044
5106
5181
5289
5305
5349
5400
5535
5609
5645
5882
6109
6116
6199
6385
6584
6673
6695
6746
6792
6968
6978
7035
7064
7067
7250
7267
7358
7414
7448
7460
7515
7518
7545
7577
7693
7790
8126
8165
8209
8330
8341
8568
8722
8858
8872
8960
9025
9063
9084
9516
9796
9804
9820
9824
10003
10114
10158
10232
10261
10268
10425
10438
10439
10662
10814
10816
10994
11207
11242
11402
11421
11422
11940
12056
12211
12363
12387
12511
12622
12652
13124
13415
13433
13486
13554
13619
13644
13801
13867
14016
14068
14177
14210
14254
14375
14447
14452
14459
14524
14562
14635
14661
14788
14794
15016
15016
15053
15349
15375
15398
15702
15729
15771
15924
16020
16210
16240
16322
16446
16582
16589
16724
16834
16986
17040
17180
17341
17497
17725
17787
17796
17831
18289
18433
18510
18549
18977
18997
19071
19089
19091
19380
19488
19698
19920
19927
20176
20180
20256
20624
20638
20934
20952
21123
21172
21261
21307
21437
21549
21797
21991
22030
22196
22375
22408
22443
22489
22511
22535
22542
22689
22982
23031
23060
23139
23229
23243
23295
23572
23630
23651
23692
23782
23912
23934
24023
24123
24217
24525
24553
24561
24567
24728
24852
24881
25128
25339
25390
25476
25497
25497
25548
25674
25792
25838
25935
25960
26036
26182
26218
26473
26823
26834
26843
27002
27098
27164
27166
27199
27654
27786
27894
28045
28167
28287
28548
28881
28887
28977
29021
29072
29128
29145
29154
29367
29491
29552
29584
29820
29842
29912
29942
29956
29980
30165
30215
30276
30330
30496
30792
30800
31050
31189
31208
31428
31469
31492
31645
31908
31916
32071
32183
32205
32207
32298
32389
32534
32555
32647
32942
33030
33054
33144
33237
33393
33904
34496
34506
34577
34796
34842
34922
34956
34972
35029
35038
35066
35112
35158
35164
35291
35605
36095
36118
36141
36181
36182
36313
36373
36414
36485
36491
36622
36792
37034
37040
37117
37203
37234
37338
37408
37483
37566
37798
37831
38139
38320
38348
39160
39275
39492
39493
39680
39717
39734
39826
39831
39905
40076
40161
40186
40241
40291
40473
40518
40765
40909
40952
41170
41263
41325
41450
41453
41559
41570
41622
41810
41831
41888
41997
42066
42158
42302
42373
42597
42650
42685
42912
43011
43011
43049
43272
43395
43542
43652
43729
43899
43911
43979
44043
44274
44304
44658
44910
44939
45273
45281
45368
45502
45611
45718
45865
45885
46119
46384
46679
46844
46845
47040
47085
47162
47251
47304
47393
47796
47990
48043
48089
48130
48172
48267
48606
48789
48877
48930
49035
49184
49245
49401
49461
49470
49577
49840
49887
49898
49967
49984
50036
50290
50348
50348
50547
50586
50588
50695
50719
50749
50755
50982
51001
51133
51165
51211
51314
51328
51371
51430
51662
51859
51942
52037
52086
52237
52287
52321
52814
52995
53334
53397
53448
53481
53506
53613
53633
53843
53889
53977
54007
54008
54226
54514
54528
54568
54591
54598
54623
54646
54650
54733
55201
55237
55378
55398
55400
55433
55563
55565
55674
55728
55931
55953
55970
56009
56187
56350
56490
56521
56631
56690
56876
56908
56922
57342
57605
57754
57816
58079
58157
58262
58399
58455
58609
58648
58849
58931
58953
59039
59064
59114
59149
59194
59455
59470
59516
59615
59684
59739
59960
60151
60158
60243
60257
60554
60591
60660
60741
60959
60993
61108
61178
61236
61347
61365
61479
61516
61561
61574
61639
61772
61790
61890
62099
62121
62329
62514
62775
62988
62994
63037
63204
63279
63392
63405
63426
63502
63651
63831
63841
63871
64022
64224
64337
64396
64571
64807
64825
64889
65008
65033
65193
65212
65413
65539
65617
66134
66333
66460
66473
66602
66652
66664
66815
66889
66996
67506
67732
67752
67796
68016
68260
68450
68527
68653
68960
69013
69064
69323
69483
69838
69881
70075
70109
70548
70646
70651
70738
70758
70852
71020
71030
71032
71144
71183
71290
71498
71759
71891
72004
72009
72040
72041
72050
72316
72800
72805
72822
73040
73177
73284
73358
73410
73559
73576
73805
73874
73895
73976
74057
74418
74440
74716
74965
75167
75167
75192
75211
75214
75218
75263
75270
75306
75400
75608
75647
75797
75896
75961
75963
76068
76269
76427
76486
76504
76592
76748
76752
76760
77188
77204
77221
77283
77311
77802
77982
77983
78169
78194
78295
78466
78694
78755
78857
78924
79041
79047
79090
79132
79148
79202
79380
79474
79483
79589
79647
79692
79720
79883
80084
80131
80220
80282
80485
80755
80800
80843
80861
80913
80952
81066
81128
81142
81178
81356
81459
81459
81615
81666
81686
81837
81867
82013
82037
82310
82541
82555
82600
82633
82689
82839
82878
83060
83155
83175
83247
83283
83344
83390
83443
83489
83538
83573
83706
83755
83813
83815
83902
83906
83967
84131
84219
84228
84442
84714
84717
84747
84831
84858
84938
85362
85438
85534
85818
85870
86045
86074
86124
86216
86223
86344
86483
86505
86785
86903
87056
87192
87195
87201
87227
87252
87300
87513
87571
87612
87673
87712
87898
87933
87996
88038
88193
88275
88351
88375
88499
88739
88797
88816
88917
89000
89097
89105
89115
89447
89535
89614
89615
89697
89857
89990
90016
90224
90321
90335
90365
90394
90417
90423
90441
90445
90509
90596
90620
90784
90960
91164
91228
91483
91517
91522
91604
91614
91786
91822
91891
91951
92150
92208
92322
92412
92518
92649
92679
92828
92872
92979
93207
93473
93508
93654
93842
94057
94062
94384
94410
94485
94508
94673
94971
95152
95214
95436
95617
95642
95660
95696
95707
95944
95973
96308
96501
96523
96764
96784
96793
96855
97106
97132
97152
97234
97427
97462
97662
97705
97838
97895
97935
98327
98396
98405
98493
98519
98546
98605
98883
98934
99061
99137
99354
99358
99387
99396
99516
99561
99583
99592
99799
99951
99957
100103
100104
100222
100251
100270
100734
100913
100934
101087
101176
101189
101276
101345
101350
101498
101614
101917
101976
102054
102448
102607
102640
102655
102748
102754
102871
102950
102998
103026
103248
103310
103320
103349
103457
103484
103561
103698
103830
103950
103987
104069
104157
104186
104210
104224
104472
104483
104863
104878
105139
105211
105375
105408
105482
105624
105638
105659
105661
105757
106179
106215
106238
106422
106542
106554
106632
106634
106670
106729
106800
106825
106854
106948
107196
107373
107573
107749
107943
108198
108241
108280
108287
108305
108319
108371
108466
108487
108492
108701
108806
108875
108987
109061
109239
109276
109440
109629
109843
109912
110086
110089
110302
110323
110516
110542
110732
110782
111041
111152
111166
111445
111697
111840
111910
111925
112010
112012
112076
112138
112204
112225
112259
112283
112293
112417
112488
112494
112597
112646
112787
112908
113079
113143
113289
113293
113354
113471
113521
113668
113782
113798
113846
113959
114110
114146
114184
114229
114295
114735
114963
115034
115067
115189
115205
115226
115399
115489
115499
115633
115738
115768
115836
115854
115903
115946
115992
116103
116105
116300
116342
116417
116419
116451
116507
116741
116778
116925
116941
117372
117444
117489
117541
117548
117611
117620
117625
117857
117880
117942
118140
118164
118451
118453
118530
118536
118684
119196
119224
119229
119358
119586
119622
119731
120004
120069
120234
120317
120368
120420
120504
120716
120858
120918
120964
121111
121215
121326
121348
121478
121503
121628
121745
121766
121853
122137
122295
122437
122578
122671
122747
122751
122763
122923
123088
123105
123269
123294
123319
123389
123454
123526
123601
123848
123983
124114
124116
124164
124286
124326
124379
124432
124433
124449
124457
124598
124725
124873
124912
124945
125131
125222
125374
125478
125614
125618
125637
125689
125696
125709
126017
126143
126149
126180
126248
126258
126301
126303
126406
126414
126439
126450
126710
126712
126747
126923
127207
127248
127461
127479
127485
127600
127675
127885
127919
128169
128264
128282
128581
128645
128686
128736
129070
129339
129479
129719
129750
129784
129795
129870
130363
130465
130587
130630
130770
130931
130934
131041
131116
131122
131248
131481
131558
131605
131743
131794
132216
132345
132357
132564
132657
132687
132698
132773
132823
132954
133040
133093
133263
133296
133349
133388
133441
133558
133805
133843
134016
134089
134139
134307
134474
134489
134581
134620
134626
134770
134777
134845
135082
135189
135226
135234
135274
135296
135429
135437
135481
135491
135523
135869
135956
135962
136037
136038
136348
136351
136503
136695
136747
136882
137031
137092
137140
137166
137270
137285
137474
137549
137816
137865
137903
138108
138144
138152
138339
138391
138412
138534
138656
138676
138758
138885
139139
139200
139206
139342
139502
139520
139532
139738
139813
139882
139893
139918
139970
140141
140417
140574
140643
140745
140866
140977
140989
141030
141141
141216
141338
141354
141374
141961
142038
142315
142487
142525
142564
142580
142631
142676
142735
142943
143003
143108
143237
143295
143310
143336
143442
143463
143466
143620
143644
144021
144110
144114
144205
144229
144518
144542
144546
144578
144596
144873
144873
144962
145043
145095
145147
145322
145338
145423
145456
145463
145717
145724
145727
145750
145771
146143
146181
146184
146266
146309
146342
146477
146482
146507
146754
146756
146772
146858
146862
146945
147141
147273
147415
147543
147748
147840
147907
147959
147985
148093
148241
148713
148766
148829
148933
149138
149187
149209
149445
149466
149547
149593
149888
149906
150128
150147
150203
150238
150275
150296
150299
150312
150438
150601
150631
150690
150706
150950
150992
151051
151096
151097
151172
151226
151482
151684
151734
151742
151828
151866
151943
152028
152280
152443
152470
152526
152598
152669
152717
152890
152891
152952
153170
153205
153478
153708
153806
153849
153935
153991
154331
154565
154613
154915
154942
155011
155138
155227
155245
155259
155652
155722
155788
155812
156250
156492
156576
156604
156642
156976
157012
157038
157151
157275
157307
157371
157411
157444
157498
157569
157742
157801
157931
157993
158088
158129
158187
158196
158415
158431
158461
158466
158576
158607
158692
158760
158784
158810
158881
158909
159111
159221
159422
159422
159485
159576
160062
160169
160192
160220
160308
160939
161013
161048
161331
161434
161534
161806
161824
161879
161974
162312
162475
162532
162596
162642
162732
162902
162926
163033
163062
163126
163364
163364
163437
163591
163612
163640
163727
163780
163932
164097
164124
164496
164545
164563
164669
164695
164742
164990
165027
165114
165444
165533
165653
165763
165792
165816
166043
166160
166195
166309
166310
166316
166324
166389
166416
166419
166461
166515
166553
166679
166704
166732
166770
166876
167010
167011
167207
167262
167334
167402
167433
167517
167726
167814
167847
167873
168000
168171
168222
169104
169147
169147
169152
169195
169239
169337
169451
169482
169505
169579
169821
169905
169936
169991
170238
170259
170284
170582
170724
170907
170987
171100
171203
171221
171382
171457
171538
171621
171687
171982
171998
172212
172288
172560
172728
172801
172869
172931
172950
172983
173025
173056
173249
173620
173795
174024
174076
174108
174168
174259
174456
174583
174784
174787
174832
174839
174871
175132
175276
175421
175460
175496
175753
175834
175845
175863
175899
175943
175993
175997
176196
176223
176257
176369
176477
176576
176689
176822
176899
177185
177191
177284
177285
177318
177517
177528
177532
177568
177575
177699
177740
178045
178062
178346
178347
178420
178475
178718
178789
178847
178962
178990
179025
179037
179043
179084
179470
179600
179676
179976
180037
180059
180067
180348
180394
180448
180469
180554
180594
180610
180650
180671
180772
180777
180819
180850
180863
180938
181035
181114
181273
181792
181865
181917
182180
182223
182254
182397
182430
182645
182655
182662
182705
182767
182819
182998
183085
183086
183093
183127
183256
183525
183715
183751
183890
183902
184206
184241
184725
184817
184881
185190
185207
185260
185339
185339
185345
185514
185706
185796
185944
185980
186018
186073
186160
186227
186399
186449
186536
186764
186790
186817
186818
186896
187217
187270
187276
187409
187465
187689
187885
187935
187950
188071
188086
188210
188413
188481
188503
188786
188811
189219
189310
189389
189650
189705
189728
189729
189782
189923
190160
190389
190509
190570
190697
190771
190811
190823
190856
190857
190876
190983
191018
191073
191118
191128
191246
191435
191543
191575
191737
191740
191861
191880
191888
191952
192041
192098
192260
192340
192374
192379
192444
192470
192806
192824
192854
192940
193014
193128
193292
193846
193949
194175
194182
194257
194305
194470
194482
194671
194762
195004
195006
195221
195262
195801
195828
195841
195892
196034
196299
196300
196601
196727
196925
197319
197337
197561
197601
197621
197654
197656
197687
197782
197856
197891
198039
198071
198101
198102
198102
198143
198200
198207
198393
198581
198682
198688
198702
198802
198806
198838
198865
198903
199037
199117
199303
199341
199349
199409
199679
199684
199700
199707
199789
199888
199904
200037
200140
200186
200260
200567
200575
200760
200764
200808
200940
200961
201279
201428
201435
201561
201587
201652
201672
201681
201789
201807
201870
202066
202196
202208
202226
202276
202381
202708
202720
202786
202931
203075
203311
203379
203486
203609
203628
203846
203970
203975
204061
204099
204270
204395
204673
204733
204809
204822
204935
204992
205210
205233
205528
205724
205733
205794
205808
205850
205949
206067
206128
206133
206220
206289
206297
206328
206391
206510
206638
206747
206784
207032
207306
207348
207459
207546
207564
207775
207783
207818
207940
207965
208189
208306
208311
208437
208486
208626
208691
208700
208712
208807
208895
209063
209157
209286
209305
209386
209610
209889
209929
209983
210050
210054
210882
210890
210910
211136
211147
211242
211261
211336
211389
211446
211497
211502
211644
211735
211801
211887
212228
212446
212713
212726
212799
212801
212922
213044
213161
213169
213182
213247
213257
213334
213469
213537
213697
213791
213846
214061
214123
214332
214348
214373
214422
214472
214519
214546
214629
214678
214792
214965
215091
215195
215205
215251
215267
215505
215545
215552
215646
215781
216013
216022
216116
216140
216171
216286
216392
216740
216871
216968
217014
217229
217549
217550
217616
217723
217836
217915
217927
217927
217936
217976
218179
218253
218293
218328
218513
218514
218623
218678
218712
218726
218861
218989
219100
219234
219261
219496
219528
219718
219753
219911
220100
220283
220350
220434
220580
220582
220979
221138
221148
221332
221458
221482
221545
221733
221806
221830
221962
222023
222296
222354
222368
222409
222436
222439
222545
222734
222862
222973
222983
223129
223257
223310
223336
223462
223506
223817
223837
223877
223881
224127
224287
224347
224437
224532
224561
224601
224672
224734
224739
224935
225067
225100
225144
225230
225237
225276
225480
225522
225525
225636
225729
225844
225922
225973
225989
226371
226568
226873
227157
227263
227712
227824
228228
228354
228370
228396
228460
228543
228667
228684
228788
228839
228844
229246
229353
229438
229469
229670
229677
229684
229685
229722
229764
229828
229928
230119
230157
230268
230281
230392
230501
230534
230705
230856
230968
231092
231108
231143
231151
231205
231278
231371
231444
231547
231684
231801
231850
232035
232053
232142
232212
232657
232702
232752
232769
232776
232796
232801
232952
233013
233129
233184
233224
233299
233343
233383
233415
233519
233523
233721
233822
233932
234084
234094
234194
234229
234350
234421
234585
234641
234708
234771
234779
234861
234870
234883
235015
235126
235174
235227
235247
235287
235312
235551
235622
235692
235694
235721
235755
235804
235888
235982
236052
236133
236227
236585
236695
236794
236875
236917
237225
237245
237254
237362
237379
237403
237423
237463
237577
237583
237743
237923
237926
237966
238137
238190
238201
238221
238251
238351
238415
238422
238534
238535
238665
238724
238938
239075
239222
239291
239457
239462
239544
239574
239688
239712
239752
239776
239798
239976
239988
240036
240100
240406
240653
240705
240780
240879
241024
241108
241110
241264
241287
241614
241879
242035
242056
242168
242816
242870
242896
242946
243006
243175
243241
243279
243297
244097
244157
244221
244503
244536
244546
244668
244682
244683
244716
244796
244801
244838
244902
245484
245521
245689
245765
245769
246092
246135
246138
246179
246462
246465
246580
246592
246620
246701
246772
246774
246867
247105
247299
247478
247491
247512
247558
247642
247673
247709
247935
248219
248242
248482
248611
248683
248717
248735
248769
248901
248945
248976
248990
249291
249381
249523
249670
249702
249729
249738
249855
250140
250321
250424
250548
250595
250641
250666
250863
251383
251467
251591
251647
251769
251970
252083
252157
252223
252227
252343
252479
252595
252606
252736
252741
252744
252801
252862
252884
253021
253226
253567
253651
253658
253692
253746
254073
254204
254463
254489
254524
254606
254692
254707
254750
254790
254809
254819
254950
254970
255005
255243
255317
255364
255398
255481
255618
255631
255639
255716
255794
255829
255862
255971
256010
256214
256284
256327
256506
256532
256663
256738
256846
256945
256971
256973
257149
257274
257311
257346
257484
257784
257845
257877
257880
258021
258036
258090
258212
258215
258455
258596
258615
258664
258948
258951
258999
259006
259155
259228
259252
259325
259427
259950
259957
260013
260119
260124
260212
260243
260323
260437
260464
260769
260791
260904
261334
261489
261714
261873
261914
262109
262122
262160
262333
262354
262469
262662
262854
263118
263134
263164
263190
263266
263295
263313
263354
263362
263456
263541
263547
263634
263659
263835
263985
264008
264287
264305
264390
264442
264572
264991
265053
265093
265132
265143
265171
265252
265256
265274
265284
265309
265455
265486
265555
265703
265762
265817
265865
266114
266142
266369
266450
266649
266840
266849
266902
266928
266939
266999
267153
267354
267447
267514
267589
267611
267658
267680
267751
267793
267905
267975
267980
268011
268057
268182
268331
268351
268525
268541
269029
269224
269273
269317
269414
269436
269535
269651
269683
269878
269881
270072
270373
270470
270550
270688
270744
270956
271094
271469
271677
271699
271787
271817
271938
271961
272099
272143
272178
272258
272442
272492
272538
273095
273100
273136
273215
273260
273261
273343
273409
273761
273827
273865
274192
274292
274331
274385
274452
274642
274767
274804
274808
274832
275083
275120
275127
275160
275277
275472
275886
275931
276015
276088
276103
276207
276324
276338
276344
276390
276425
276429
276638
276710
276711
276830
277042
277196
277230
277349
277417
277417
277671
278023
278092
278147
278328
278361
278406
278614
278677
278757
278769
278977
278988
279336
279384
279423
279577
279581
279735
279822
279854
279863
279873
279945
280042
280065
280066
280086
280098
280300
280323
280543
280548
280553
280585
280655
280663
280666
280708
280711
280733
281114
281115
281126
281163
281164
281266
281393
281706
281739
281832
281989
281998
282032
282169
282185
282189
282259
282618
282624
282628
282755
282842
282855
282962
283027
283030
283063
283369
283415
283504
283610
283616
283693
283783
283836
283982
283991
284394
284435
284785
284936
284957
285085
285166
285300
285302
285529
285705
285845
285981
286343
286408
286625
286644
286677
286774
286795
286840
286841
286956
287087
287103
287159
287221
287338
287364
287534
287643
287706
287788
287815
287851
288021
288081
288268
288329
288661
288743
288901
289029
289174
289262
289272
289286
289316
289322
289445
289447
289510
289578
289751
289768
290051
290090
290357
290587
290645
290687
291061
291066
291210
291468
291585
291669
291753
291790
291867
292007
292149
292241
292247
292284
292357
292603
292661
292721
293158
293326
293453
293845
294043
294072
294156
294159
294178
294613
294632
294720
294877
294944
294960
295034
295038
295118
295127
295173
295485
295542
295595
295616
295635
295719
295750
295869
295884
296066
296376
296680
296773
296799
296969
297111
297252
297275
297369
297401
297734
297800
297918
298064
298065
298225
298237
298364
298392
298397
298498
298535
299169
299324
299373
299507
299594
299722
299758
299889
299917
299984
300041
300251
300333
300434
300485
300582
300691
300726
300980
301004
301077
301111
301175
301177
301264
301280
301353
301551
301619
301626
301757
301803
301843
302227
302252
302327
302336
302420
302534
302595
302699
302838
302976
303408
303603
303626
303754
303804
303836
303941
304053
304179
304281
304286
304301
304355
304360
304380
304395
304556
304625
304639
304661
304760
304791
304851
304902
305108
305110
305173
305435
305441
305746
305758
305795
305801
306143
306234
306266
306730
306771
307046
307091
307606
307697
307765
307891
308200
308273
308350
308529
308563
308649
308974
309065
309113
309550
309552
309630
309698
309815
309935
310014
310240
310386
310449
310486
310606
310689
310792
310904
311056
311105
311243
311338
311365
311432
311512
311625
311652
311751
312055
312345
312417
312429
312449
312560
312916
313068
313136
313300
313334
313348
313385
313410
313587
313807
313902
313949
313990
313996
314332
314442
314699
314832
314852
315053
315221
315318
315436
315495
315588
315749
316113
316640
316664
316786
316841
316948
316961
317457
317511
317562
317665
317699
317750
317967
318011
318038
318048
318094
318376
318395
318772
318991
319013
319096
319421
319429
319698
319843
320036
320144
320168
320292
320343
320443
320534
320719
320802
320869
321212
321223
321268
321328
321424
321560
321592
321677
321738
321772
321810
321934
321973
322041
322052
322311
322389
322418
322504
322739
322815
322857
322890
322897
322964
323001
323002
323045
323430
323560
323748
324200
324453
324552
324796
324806
324975
325030
325039
325142
325250
325314
325336
325500
325511
325555
325671
325692
325799
325804
325830
325869
326030
326104
326187
326450
326591
326677
326718
326778
326925
326999
327008
327047
327123
327283
327431
327507
327685
327817
327907
327917
327925
327979
328119
328171
328295
328380
328497
328518
328549
328615
328749
328797
328827
328906
328957
329108
329108
329170
329181
329416
329530
329636
330022
330025
330150
330373
330386
330655
330754
330853
330854
330877
330889
331131
331263
331428
331441
331533
331552
331668
332044
332052
332070
332141
332293
332381
332650
332671
332792
332913
333147
333371
333522
333681
333687
333749
333771
333843
333904
334051
334283
334397
334471
334612
334755
334775
334885
334990
335294
335446
335572
335680
335696
335726
335834
335909
336078
336305
336601
336742
336746
336938
337115
337238
337274
337309
337355
337735
337819
337913
337972
338150
338221
338504
338574
338673
338713
338805
338815
338822
338917
339158
339285
339332
339372
339424
339495
339597
339643
339707
339745
340155
340169
340508
340780
340785
340942
341095
341104
341490
341566
341577
341614
341670
341753
341799
341819
341832
341863
342017
342387
342406
342474
342608
342688
342712
342751
342831
342907
343067
343070
343176
343212
343305
343306
343330
343339
343360
343475
343646
343721
343744
343748
343785
344513
344642
344731
344757
344779
344909
344959
345089
345162
345163
345512
345615
345817
345851
345897
345900
345920
345922
346023
346119
346213
346223
346227
346251
346290
346357
346370
346457
346560
346587
346762
346880
347101
347294
347336
347438
347575
347665
347810
347841
347863
348020
348033
348054
348181
348185
348217
348238
348407
348435
348469
348927
348972
349122
349158
349215
349296
349323
349661
349686
349692
350505
350532
350551
350651
350817
350880
350975
351081
351397
351583
351669
351684
351726
351745
351789
352081
352094
352097
352239
352380
352438
352585
352732
352754
352850
352906
352933
353078
353273
353344
353553
353676
354186
354266
354295
354350
354359
354393
354405
354409
354691
354840
354849
354866
355070
355239
355288
355339
355447
355626
355741
355768
355931
355965
356056
356473
356716
356795
356819
356909
356927
356999
357156
357197
357201
357270
357293
357533
357624
357770
357809
357876
357935
357976
358043
358058
358131
358283
358313
358391
358458
358465
358807
358983
359061
359145
359267
359285
359405
359423
359475
359548
359855
359946
360220
360360
360782
360904
361007
361207
361312
361462
361587
361668
361690
361778
361821
361907
362083
362230
362256
362282
362384
362414
362441
362632
362686
362808
362923
363020
363031
363117
363176
363315
363336
363571
363575
363816
363913
363964
364034
364073
364083
364153
364312
364395
364461
364511
364593
364812
364861
364882
365316
365334
365563
365585
365672
365720
365974
366064
366420
366429
366532
366848
366968
367137
367279
367292
367326
367340
367481
367687
367756
367810
367814
367939
367986
368006
368160
368176
368218
368401
368707
368777
368791
368806
369463
369605
369825
369904
369933
369943
369953
370025
370268
370284
370291
370307
370328
370444
370516
370952
370986
370988
370997
371007
371162
371225
371396
371685
371891
371910
372020
372122
372367
372450
372630
372697
372793
372976
373205
373244
373413
373423
373428
373448
373513
373577
373585
373641
373676
373708
373754
373809
373848
373994
374032
374049
374120
374359
374390
374491
374492
374709
374853
374915
374931
374996
375383
375396
375562
375581
375677
376194
376308
376309
376330
376468
376495
376536
376635
376764
377175
377178
377520
377553
377669
377704
377719
377770
377890
377921
377937
377961
378080
378223
378394
378428
378718
378806
378897
378962
379045
379154
379203
379221
379322
379378
379553
379658
379755
379761
380150
380240
380538
380539
380683
380700
380804
380907
381043
381063
381075
381126
381233
381297
381304
381605
381694
381715
381867
381903
381960
382120
382242
382470
382561
382587
382673
382688
382926
383135
383187
383357
383496
383502
383581
383648
383719
383730
383745
383783
383870
383878
383920
384188
384516
384516
384544
384562
384601
384625
384833
384866
384950
385090
385142
385167
385224
385266
385351
385366
385447
385648
385791
385802
386014
386107
386109
386169
386324
386425
386437
386478
386484
386991
387076
387137
387145
387183
387403
387554
387609
387687
387690
387705
387848
387861
387979
388004
388069
388078
388260
388267
388307
388672
388672
388902
388904
388928
389010
389051
389120
389187
389252
389318
389437
389547
389607
389659
389664
389717
389755
389807
389811
389835
389869
389937
390041
390043
390172
390183
390235
390341
390411
390440
390518
390631
390684
390881
390896
390936
391214
391235
391250
391428
391602
391614
391712
391791
391971
391988
392077
392141
392146
392348
392393
392394
392515
392592
392598
392863
392873
393188
393330
393346
393505
393644
393932
393934
394072
394184
394184
394220
394231
394236
394301
394501
394812
395251
395251
395405
395412
395576
395634
395808
395830
395842
395910
395970
395992
396065
396105
396258
396352
396709
396724
396745
396747
396756
396785
396898
396905
396954
397117
397282
397725
397873
397913
398002
398057
398194
398225
398233
398329
398333
398409
398667
398773
398879
398893
399013
399139
399275
399531
399698
399860
399940
399985
399986
400054
400179
400231
400336
400357
400365
400457
400499
400510
400607
400644
400724
400749
400774
400809
400893
401017
401225
401237
401280
401363
401435
401609
401806
401911
401923
402030
402143
402164
402193
402243
402327
402399
402445
402575
402601
402671
402687
402734
402793
402855
402960
402967
403043
403100
403154
403237
403310
403411
403435
403668
403819
403851
403860
404157
404363
404381
404384
404441
404456
404529
404550
404790
404837
405195
405224
405447
405459
405485
405514
405587
405647
405968
406030
406134
406192
406192
406413
406665
406910
407056
407099
407116
407252
407302
407345
407439
407555
407577
407605
407709
407725
407926
407933
407965
408048
408190
408221
408236
408447
408478
408696
408747
408977
409095
409111
409133
409230
409618
409633
409794
409959
410164
410248
410261
410286
410325
410376
410466
410480
410830
410870
411044
411142
411166
411215
411342
411354
411586
411607
411712
411914
411998
412106
412336
412355
412825
412985
413317
413394
413428
413476
413523
413705
413805
413885
414085
414086
414190
414302
414527
414594
414694
414918
414983
415009
415072
415150
415216
415317
415384
415413
415436
415500
415612
415931
416029
416060
416061
416180
416211
416253
416261
416368
416371
416463
416496
416611
416717
416761
416997
417120
417202
417402
417545
417676
417781
417797
418018
418056
418240
418295
418482
418831
419326
419341
419369
419486
419677
419794
419866
419895
419912
419998
420061
420062
420268
420310
420386
420771
421155
421338
421390
421638
421670
421900
421961
421980
422138
422262
422285
422298
422320
422485
422518
422520
422676
422942
422947
423081
423091
423222
423274
423367
423372
423598
423688
423743
423863
424010
424011
424061
424102
424281
424319
424476
424498
424705
424839
424875
424985
425293
425412
425471
425653
425763
425763
426056
426080
426292
426438
426451
426509
426513
426920
426951
427031
427204
427469
427567
427837
427972
428016
428026
428151
428159
428208
428355
428454
428532
428844
428969
428976
428987
429019
429065
429279
429338
429360
429365
429383
429479
429859
429876
430026
430109
430124
430336
430488
430601
430683
430699
430761
430887
430899
431070
431181
431183
431200
431309
431357
431500
431520
431531
431577
431666
431702
431836
431839
431853
431956
432004
432211
432396
432589
432627
432721
432972
433062
433120
433168
433185
433223
433421
433649
434238
434253
434323
434448
434646
434656
434761
434825
434850
434873
434918
434933
435043
435135
435231
435416
435425
435484
435522
435567
435630
435682
435684
435689
435690
435875
435921
436292
436321
436352
436434
436527
436536
436635
436645
436800
436841
436949
437163
437217
437323
437522
437546
437569
437613
437655
437675
437709
438266
438479
438487
438545
438641
438677
438772
438777
439063
439436
439583
439605
440126
440200
440350
440397
440397
440695
440792
440846
440871
440912
441124
441313
441346
441471
442151
442354
442371
442575
442637
442720
442896
442942
442955
443172
443223
443254
443347
443369
443456
443652
443794
443826
443830
443886
444035
444266
444278
444454
444548
444601
444652
444677
444854
445042
445344
445377
445518
445773
445786
445852
445959
446020
446191
446191
446379
446818
446835
446857
446880
446918
446936
446983
447053
447064
447143
447159
447240
447263
447266
447308
447373
447444
447469
447499
447621
447650
447678
447715
447961
448039
448040
448042
448053
448080
448158
448315
448352
448547
448559
448862
448925
449040
449256
449307
449507
449640
449844
449897
449956
450008
450049
450157
450189
450311
450326
450341
450433
450506
450549
450570
450579
450592
450683
450732
450878
450905
450983
451041
451063
451073
451138
451167
451266
451279
451531
451564
451854
451946
452137
452517
452724
453009
453017
453124
453190
453406
453415
453439
453466
453649
453651
453695
453881
454046
454073
454192
454228
454238
454292
454365
454523
454568
454574
454612
454645
454718
454956
455159
455385
455408
455559
455689
455737
455806
455830
455950
455960
455999
456308
456402
456453
456468
456483
456653
456687
456839
456859
456990
457013
457106
457129
457206
457243
457309
457314
457341
457347
457400
457472
457472
457551
457589
457648
457707
457797
457991
457998
458036
458123
458157
458206
458396
458468
458499
458526
458629
458899
458906
458947
459215
459230
459336
459362
459459
459563
459651
459664
459694
459699
459860
459897
460107
460116
460145
460206
460223
460296
460398
460483
460531
460597
461096
461112
461123
461259
461359
461375
461406
461441
461533
461558
461569
461609
461701
461743
461906
461923
462042
462044
462136
462342
462354
462513
462631
462733
463055
463116
463734
464089
464176
464179
464397
464464
464573
464773
464887
465445
465521
465525
465663
465692
465810
465847
465953
466029
466081
466447
466490
466521
466655
466881
467132
467149
467256
467260
467332
467652
467851
467979
468187
468262
468446
468559
468649
468819
468826
468843
468925
469050
469104
469106
469173
469264
469293
469353
469353
469571
469583
469621
469629
469750
469994
470063
470072
470128
470193
470195
470318
470346
470402
470421
470428
470447
470457
470468
470902
470975
471143
471401
471502
471585
471671
471709
471741
471744
471758
471898
471933
472169
472192
472245
472544
472668
472700
472709
473012
473034
473369
473381
473405
473444
473575
473589
473693
473832
473840
473980
474113
474193
474198
474329
474347
474445
474508
474556
474611
474640
474920
475169
475180
475301
475360
475417
475479
475509
475513
475698
475990
475999
476028
476123
476212
476625
476647
477311
477467
477518
477522
477745
477813
477988
478212
478341
478737
478812
478911
478977
479057
479238
479579
479844
480099
480246
480408
480548
480897
480899
481026
481045
481053
481146
481269
481323
481442
481509
481773
481782
481964
482069
482077
482137
482209
482251
482287
482363
482490
482498
482578
482603
482716
482758
482927
483104
483208
483459
483577
483661
483673
483679
483691
483753
483892
483974
484011
484023
484027
484301
484318
484410
484670
484707
484763
485232
485441
485475
485510
485591
485708
485833
485898
485919
486005
486034
486088
486216
486240
486250
486254
486429
486436
486450
486464
486474
486681
486756
486895
487023
487100
487106
487121
487413
487752
487941
487994
488016
488186
488278
488460
488521
488584
488604
488868
488881
488920
488931
488983
489061
489188
489195
489318
489372
489420
489536
489660
489817
489837
489884
490023
490023
490121
490159
490185
490186
490211
490219
490235
490414
490597
490618
490668
490966
490995
491056
491202
491209
491222
491273
491313
491317
491407
491473
491474
491643
491679
491744
491753
491930
492095
492151
492164
492614
492779
492780
492970
493011
493015
493077
493108
493126
493189
493397
493436
493491
493503
493550
493671
493721
493728
493818
493936
493944
493957
494036
494297
494533
494731
494959
495001
495009
495133
495262
495530
495581
495606
495887
495960
496077
496167
496178
496239
496316
496341
496523
496549
496629
496658
496705
496746
496910
496924
497108
497116
497152
497259
497459
497474
497627
497645
497828
497932
497954
498163
498188
498339
498445
498469
498481
498495
498613
498694
498770
498803
498997
499060
499113
499270
499283
499296
499471
499749
499769
499915
499959
499991
500107
500144
500231
500379
500469
500525
500674
500788
500828
500883
500898
500925
501093
501118
501232
501239
501350
501399
501603
501860
501917
501946
502002
502013
502033
502110
502317
502420
502561
502628
502695
502881
502966
502997
503176
503305
503357
503530
503595
503709
503851
504008
504037
504085
504187
504254
504274
504383
504413
504428
504612
504927
505034
505051
505063
505194
505357
505618
505662
505680
505789
505985
506152
506155
506350
506366
506440
506571
506606
506719
506821
506998
507060
507142
507244
507607
507828
507853
507951
508210
508252
508286
508320
508349
508367
508367
508516
508723
509021
509092
509114
509325
509353
509370
509544
509594
509612
509656
509960
509979
510030
510393
510432
510443
510480
510555
510560
510690
510973
510978
511087
511124
511393
511421
511774
511809
511845
512214
512228
512406
512447
512741
512805
512884
512998
513144
513375
513378
513613
513677
513682
513717
513917
513920
513979
514277
514419
514421
514534
514539
514644
514887
515158
515312
515349
515416
515509
515531
515914
515953
516082
516157
516286
516351
516539
516660
516742
516772
516952
517000
517266
517389
517464
517512
517589
517595
517641
517894
517969
518163
518290
518404
518499
518641
518654
518718
518896
519158
519270
519302
519553
519562
519801
519927
519998
520000
520027
520233
520248
520316
520326
520677
520884
520910
520936
521262
521628
521707
521715
521945
522116
522155
522672
522855
522925
522944
523012
523159
523547
523616
523698
523806
523831
523890
523989
524333
524347
524435
524596
524716
524810
524995
525100
525182
525200
525231
525359
525442
525506
525537
525568
525677
525835
525856
525892
525920
526247
526373
526386
526400
526734
526736
526739
526811
526887
527097
527120
527152
527339
527461
527496
527545
527546
527694
527755
527781
527887
527960
528069
528151
528167
528199
528338
528785
528826
528942
529003
529005
529107
529257
529287
529306
529555
529566
529598
529638
529877
530574
530739
530739
530816
530853
530879
531119
531169
531180
531189
531463
531562
531602
531717
531816
531832
531877
531940
532097
532202
532257
532273
532641
532683
532782
532816
532927
533020
533112
533136
533217
533326
533356
533413
533537
533554
533688
533692
533709
533800
533861
533966
534067
534107
534168
534173
534225
534319
534380
534575
534633
534734
534742
534759
534818
534886
534990
535069
535075
535233
535405
535444
535493
535534
535593
535616
535622
535761
535826
535935
536011
536305
536336
536347
536419
536446
536529
536532
536629
536665
536689
536713
537209
537274
537330
537417
537434
537516
537568
537710
537844
538058
538115
538255
538261
538264
538336
538354
538624
538659
538680
538781
538883
538944
539038
539046
539095
539133
539241
539402
539620
539727
540049
540052
540333
540704
540759
540816
540832
540881
540882
540998
541104
541190
541250
541434
541473
541483
541597
541709
541744
541752
541975
542066
542080
542174
542279
542291
542416
542456
542847
542875
542972
543382
543443
543463
543578
543669
543676
543685
544053
544084
544144
544181
544211
544255
544499
544865
544879
545051
545093
545112
545420
545470
545477
545525
545561
545634
545785
545835
545976
546010
546213
546277
546363
546608
546722
546972
546991
547218
547272
547421
547427
547724
547808
547821
547825
547896
547920
548029
548160
548333
548345
548391
548410
548581
548750
548881
548904
548975
548999
549211
549234
549507
549673
549710
549780
549781
550041
550105
550247
550335
550360
550409
550414
550465
550538
550646
550668
550881
551061
551095
551116
551207
551231
551270
551478
551716
551883
551951
552229
552568
552763
552769
552809
553066
553112
553183
553313
553473
553554
553608
553615
553620
553715
553799
553823
554286
554340
554404
554477
554501
554505
554526
554565
554777
554904
555137
555220
555421
555510
555554
555730
555944
555975
556021
556022
556084
556125
556166
556236
556288
556337
556437
556693
556752
556828
556853
556861
556898
557085
557141
557200
557322
557351
557444
557447
557496
557728
557771
557789
557943
558082
558084
558276
558348
558660
558749
559253
559287
559344
559388
559459
559529
559701
559759
559808
559896
559943
559964
560065
560083
560236
560301
560431
560497
560537
560689
560777
560794
561245
561275
561280
561291
561526
561574
561635
561651
562097
562172
562220
562372
562527
562603
562652
562771
562824
562854
562884
562900
563574
563705
563795
563875
564066
564145
564175
564221
564255
564304
564333
564380
564530
564531
564546
564565
564611
564706
564800
564934
564955
564979
565022
565120
565184
565237
565290
565340
565408
565550
565659
565716
565934
566063
566088
566279
566302
566367
566436
566448
566533
566564
566592
566645
566706
566761
566802
567262
567270
567412
567538
567592
567601
567809
567832
567838
567876
568100
568136
568194
568310
568318
568380
568404
568405
568703
568741
568787
569075
569121
569166
569250
569364
569607
569668
569700
569759
569933
570013
570060
570062
570131
570201
570210
570219
570228
570242
570300
570392
570666
570887
570906
571054
571114
571126
571136
571346
571370
571426
571516
571522
571752
571786
571808
571809
572060
572312
572530
572628
572757
572762
572897
573250
573358
573362
573426
573553
573727
573766
573796
574035
574180
574271
574275
574350
574378
574380
574400
574595
574607
574644
574708
574717
574841
574962
575034
575234
575254
575289
575475
575480
575513
575574
575639
575863
575906
576191
576410
576444
576582
576659
576725
576751
577031
577132
577183
577188
577267
577597
577684
577768
577783
577825
577918
577981
577999
578071
578126
578357
578360
578816
578917
579085
579110
579175
579186
579211
579223
579266
579399
579561
579755
579772
579791
579843
579942
579979
580017
580051
580539
580622
580731
580774
580805
580952
581073
581213
581297
581390
581429
581444
581696
581719
581721
582186
582314
582428
582622
582628
582631
582716
582722
582770
582785
582807
582992
583304
583370
583445
583622
583681
583825
583880
584066
584154
584187
584195
584305
584342
584539
585153
585164
585186
585247
585284
585610
585765
585778
586156
586172
586195
586353
586363
586496
586583
586627
587170
587238
587259
587287
587294
587365
587546
587579
587609
587698
587708
587831
587921
587928
587983
588032
588072
588118
588179
588287
588372
588520
588954
589066
589177
589178
589182
589258
589366
589513
589974
590232
590296
590312
590342
590386
590426
590675
590779
590818
590888
591013
591184
591212
591223
591368
591419
591842
592259
592353
592470
592560
592611
592663
592755
592759
592905
592926
593072
593084
593132
593144
593616
593667
593861
593937
594114
594265
594322
594456
594645
594797
594821
594862
594890
595037
595086
595148
595150
595225
595251
595469
595521
595954
596047
596072
596199
596216
596258
596288
596465
596495
596735
596750
596759
596763
596834
596889
597043
597214
597733
597797
597881
597916
598039
598144
598352
598853
598932
599011
599036
599099
599121
599241
599314
599357
599550
599586
599643
599812
599876
599989
600037
600040
600444
600464
600585
600610
600632
600747
600762
600950
601084
601253
601313
601359
601393
601428
601447
601457
601527
601567
601591
601610
601685
601784
601897
601976
602027
602345
602481
602598
602609
603082
603158
603190
603318
603346
603547
603549
603593
603625
603655
603686
603696
603698
603855
603928
603957
604037
604342
604415
604430
604965
605119
605175
605375
605489
605507
605520
605523
605788
605856
605995
606072
606393
606474
606556
606641
606647
606819
606901
606967
607013
607028
607102
607582
607744
607781
607806
607855
607892
607956
608053
608074
608075
608132
608391
608792
609012
609213
609286
609575
609630
609777
610029
610136
610278
610287
610317
610475
610683
610741
610856
610870
610884
611116
611157
611245
611391
611509
611624
611681
611683
611834
611842
611880
611897
612183
612206
612311
612339
612396
612543
613002
613009
613148
613354
613523
613703
613942
613989
614064
614118
614187
614197
614335
614380
614398
614430
614437
614608
614700
614822
615061
615202
615212
615408
615425
615477
615478
615840
616183
616240
616286
616313
616325
616352
616733
616734
616757
616757
616784
616866
616907
616982
617259
617275
617350
617481
617530
617534
617697
618078
618396
618625
618663
618754
618844
618925
619138
619226
619251
619331
619358
619453
619560
619773
619827
619993
620187
620514
620703
620938
620982
620993
621309
621368
621645
621664
621818
621935
622120
622318
622603
622672
622872
622909
622962
623032
623040
623108
623155
623183
623246
623285
623362
623425
623474
623561
623684
624025
624091
624201
624352
624360
624445
624513
624524
624627
624651
624660
624746
624770
624793
624878
625031
625128
625137
625275
625318
625349
625383
625424
625436
625450
625550
625550
625563
625741
625865
625907
626054
626144
626153
626368
626423
626434
626535
626620
626626
626749
626871
627068
627378
627476
627730
627802
627812
627878
627931
628225
628239
628464
628774
628918
628933
628966
629049
629149
629164
629269
629377
629387
629425
629616
629656
629689
629806
630107
630114
630351
630521
630529
630556
630733
630735
630913
630979
631091
631194
631247
631253
631329
631344
631374
631515
631906
632078
632189
632395
632492
632519
632598
632690
632836
632996
633196
633376
633393
633404
633435
633560
633706
633778
633786
633906
633917
634072
634098
634116
634215
634265
634272
634280
634330
634447
634570
634581
634623
634682
634697
634853
635106
635126
635141
635166
635191
635277
635345
635427
635671
635674
635705
635818
635893
635909
636001
636033
636133
636159
636161
636372
636701
636813
636837
636845
636889
637143
637162
637437
637533
637685
637737
637759
637863
637941
638008
638161
638211
638802
639174
639179
639330
639682
639697
639842
640408
640532
640640
640719
640917
641284
641341
641382
641746
641752
641809
642033
642034
642081
642273
642388
642474
642603
642963
643222
643447
643634
643645
643716
643792
643847
643887
643915
644124
644293
644362
644423
644481
644550
644676
644683
644813
645052
645075
645130
645276
645477
645557
645595
645625
645627
645670
645778
645920
645933
645985
645986
646012
646073
646101
646127
646271
646303
646355
646367
646538
646548
646633
646705
646734
646744
646780
646854
647061
647282
647502
647578
647723
647804
648070
648179
648601
648607
648677
648679
648743
648838
649005
649016
649028
649131
649190
649196
649251
649462
649703
649761
650176
650242
650388
650838
650893
650919
650980
651077
651232
651294
651330
651331
651356
651540
651547
651587
651752
652063
652182
652290
652451
652472
652527
652554
652650
652716
652858
652941
653014
653329
653428
653475
653535
653612
653622
653655
653717
653993
654038
654136
654144
654190
654260
654341
654404
654537
654539
654763
654767
654899
654981
655044
655189
655273
655391
655503
655576
655911
655925
656042
656596
656686
656716
656805
656874
657076
657180
657460
657518
657559
657713
657804
657811
657848
657989
658037
658069
658126
658276
658424
658598
658894
658929
658981
659079
659302
659327
659390
659428
659530
659573
659605
659609
659663
659784
659824
659838
659849
659874
660103
660164
660282
660308
660387
660405
660499
660511
660589
660776
660911
660914
660934
661267
661301
661429
661441
661495
661587
661639
661659
661911
661987
662053
662200
662305
662433
662564
662592
662852
662912
662977
663031
663041
663216
663234
663517
663631
663676
663824
663847
663853
663922
664198
664264
664345
664348
664403
664634
664787
664798
664983
665296
665331
665366
665369
665369
665371
665712
665741
665838
665865
665900
666003
666058
666094
666181
666250
666267
666338
666440
666569
666601
666732
666781
666851
666955
667090
667093
667152
667157
667168
667563
667663
667713
667797
667860
667967
668050
668149
668196
668220
668257
668649
668687
668860
668959
668961
669146
669228
669335
669424
669457
669499
669608
669633
669696
669735
669738
669789
670003
670256
670311
670351
670825
670872
670899
671030
671052
671067
671095
671164
671275
671454
671456
671461
671909
672174
672289
672412
672454
672592
672602
672604
672654
672735
672808
672863
673032
673079
673387
673462
673688
673814
674245
674494
674598
674616
674732
674779
674859
674961
675015
675276
675344
675602
675621
675941
675945
675979
675988
675991
676086
676198
676220
676350
676423
676426
676571
676574
676589
676672
676994
677088
677151
677180
677231
677440
677502
677543
677555
677707
677765
677770
677979
678229
678252
678442
678474
678479
678482
678742
679089
679245
679410
679628
679678
679858
679882
680074
680122
680135
680212
680293
680311
680324
680343
680457
680460
680611
680910
680922
680940
681064
681207
681262
681586
681789
682105
682233
682269
682434
682474
682706
682756
682761
682838
682858
683073
683086
683177
683400
683533
683598
683632
683706
684006
684060
684123
684199
684289
684454
684488
684545
684608
684636
684676
684727
684846
684895
684982
685090
685536
685769
686254
686381
686488
686609
686626
686768
686802
686949
687016
687053
687119
687120
687398
687618
687724
687854
688033
688103
688190
688210
688275
688480
688498
688636
688732
688879
689167
689193
689222
689255
689434
689512
689564
689867
690371
690401
690571
690737
690979
691040
691269
691341
691393
691511
691561
691703
691936
692070
692128
692197
692243
692406
692573
692791
692821
692883
692891
692892
693031
693181
693598
693790
693798
693834
693887
694259
694396
694410
694509
694652
694669
694678
694702
694922
695423
695460
695482
695648
695698
695707
695949
696171
696277
696471
696709
696793
696824
696834
696908
697032
697086
697138
697343
697460
697465
697635
697639
697669
697714
697862
697892
697994
698163
698187
698413
698519
698587
698589
698681
698698
698779
698927
698958
699019
699040
699125
699157
699223
699228
699380
699406
699728
699844
699933
700023
700229
700396
700413
700628
700638
700648
700769
700821
701152
701396
701465
701588
701603
701795
701957
702011
702490
702587
702702
702759
702775
702839
703094
703272
703338
703359
703490
703555
703591
703610
703611
703702
703838
703849
703879
704051
704067
704138
704196
704245
704317
704349
704459
704555
704607
704769
704771
704815
704822
704982
705078
705232
705233
705292
705307
705375
705447
705569
705905
706073
706076
706157
706211
706331
706430
706499
706705
706723
706791
707057
707071
707213
707370
707466
707612
707734
707827
707912
708041
708180
708432
708739
708863
708877
708917
709155
709168
709434
709476
709500
709515
709650
709767
709987
710083
710176
710314
710378
710767
710858
710956
711046
711153
711207
711264
711468
711555
711712
711807
712028
712144
712409
712431
712535
712539
712567
712647
712688
712777
713055
713209
713258
713283
713398
713492
713546
713597
713762
713769
713772
713781
713786
713926
714014
714052
714064
714064
714225
714328
714567
714596
714655
714818
714877
715004
715112
715204
715213
715261
715299
715392
715542
715589
715602
715699
715914
716050
716062
716063
716277
716301
716369
716478
716583
716842
717166
717272
717307
717393
717543
717674
717764
717809
717873
717978
718076
718129
718332
718376
718389
718455
718534
718588
718730
718888
718927
719047
719525
719598
719666
719844
719918
719986
720006
720025
720027
720232
720340
720504
720708
720738
720911
721179
721295
721412
721429
721662
721875
722051
722309
722440
722615
722735
723237
723388
723476
723479
723552
723680
723866
723874
723903
723941
724041
724048
724189
724242
724361
724402
724448
724491
724686
724721
724818
724883
725164
725217
725243
725377
725499
725660
725684
725776
725781
725798
725856
725932
726073
726103
726142
726190
726203
726232
726342
726411
726526
726552
726655
726698
726704
726732
726921
727000
727025
727074
727400
727535
727584
727741
727812
727999
728688
728925
728958
728977
729036
729089
729138
729177
729181
729216
729217
729440
729880
729984
730056
730257
730273
730288
730339
730414
730429
730543
730555
730578
730605
730969
731106
731178
731266
731443
731467
731486
731488
731501
731517
731529
731784
731940
732019
732048
732061
732313
732350
732353
732363
732561
732565
732578
732626
732680
732771
732951
732989
733098
733232
733256
733346
733454
733516
733595
733703
733704
733707
733738
733965
734034
734111
734283
734355
734507
734567
734596
734642
734883
734907
734921
734932
735237
735538
735643
735643
735712
735712
735787
735876
735997
736164
736191
736275
736355
736455
736594
736596
736619
736665
736771
736788
736900
737060
737297
737418
737544
737582
737595
737669
737683
737778
737810
737890
737934
737949
737985
738052
738084
738146
738381
738470
738571
738574
738596
738652
738664
738720
739130
739265
739397
739408
739560
739622
739693
739839
739875
740134
740183
740220
740389
740430
740687
740871
740893
740901
740950
740974
741045
741140
741157
741336
741366
741436
741513
741541
741658
741792
741794
741992
742132
742646
742698
742829
742832
743321
743358
743780
743824
743914
743925
744097
744298
744301
744322
744366
744458
744481
744513
744525
744532
744695
744721
744748
744939
744948
744953
745110
745169
745214
745679
745715
745909
745960
746160
746227
746300
746358
746405
746588
746772
746999
747147
747175
747178
747312
747515
747568
747623
747635
747743
747778
748105
748299
748427
748628
748655
748713
748826
748828
748876
748908
748923
748978
749003
749013
749038
749059
749098
749125
749216
749238
749301
749341
749361
749400
749409
749497
749564
749570
749678
749725
749741
749776
749826
749885
749950
749989
750015
750043
750062
750073
750139
750207
750246
750263
750375
750583
750730
751184
751210
751234
751290
751302
751359
751369
751409
751548
751712
751951
751966
752056
752085
752204
752227
752238
752386
752623
752816
752828
752867
753122
753192
753395
753471
753818
753869
753900
753953
753993
754063
754105
754171
754337
754445
754464
754588
754672
754700
754813
754824
754934
755009
755055
755125
755142
755368
755496
755624
755641
755670
755791
755922
756042
756197
756215
756292
756358
756707
756832
756878
756986
757103
757144
757329
757347
757424
757503
757619
757804
757884
757935
758014
758060
758304
758373
758502
758533
758546
758584
758610
758653
758716
758930
758943
758971
759052
759103
759381
759505
759689
759764
759843
759989
760076
760153
760180
760240
760247
760362
760443
760643
760713
760737
760760
760780
761076
761544
761681
761711
762106
762152
762185
762391
762523
762539
762625
762747
762795
762934
762953
762957
762958
762993
763182
763417
763663
763762
763770
763793
763846
763884
763956
763961
763991
764131
764346
764419
764628
764975
764980
764991
764995
765101
765187
765395
765644
765866
766113
766187
766282
766401
766474
766624
766737
766742
766789
766898
767381
767427
767558
767572
767727
767779
767819
767922
767950
768056
768179
768212
768284
768388
768462
768765
768787
768809
768850
768851
768967
769116
769139
769257
769342
769445
769476
769484
769750
769773
769794
769827
769832
769875
770006
770203
770392
770411
770510
770601
770725
770794
770844
770854
770865
770881
771120
771212
771219
771227
771366
771469
771567
771765
772019
772038
772207
772223
772276
772391
772638
772892
772942
773045
773203
773250
773255
773358
773402
773431
773659
773752
773989
774197
774246
774352
774362
774365
774418
774426
774498
774529
774697
774815
775123
775377
775628
775673
775676
775685
775686
775696
775849
775983
776130
776140
776561
776629
776754
776795
776799
776960
777035
777044
777224
777275
777287
777310
777482
777807
777947
778037
778195
778276
778500
778611
778750
778753
779229
779239
779248
779266
779474
779475
779635
779648
779742
779779
779786
779929
779952
780087
780455
780549
780700
780737
780763
780828
780835
780952
781064
781091
781176
781252
781265
781425
781503
781509
781569
781750
781893
782070
782362
782369
782379
782473
782588
782655
782687
782706
782778
782891
782923
782997
783133
783139
783228
783245
783348
783410
783525
783614
783672
783714
783726
783781
783879
783889
783909
784126
784300
784756
784758
784822
784889
784893
784928
785193
785464
785663
785689
785961
786280
786327
786348
786545
786607
786619
786689
786740
786752
786832
787036
787162
787192
787242
787252
787378
787441
787547
787663
787692
787721
787741
787769
787856
787859
787984
788060
788068
788085
788136
788250
788462
788751
788755
788810
788830
788836
788868
788967
789022
789189
789231
789277
789279
789349
789361
789419
789471
789486
789552
789580
789760
789997
790123
790236
790247
790247
790248
790451
790471
790814
790984
791014
791047
791049
791060
791064
791101
791165
791367
791723
791765
791823
791900
792057
792124
792408
792435
792560
792634
792656
792700
792735
792806
792821
792859
792910
792913
793023
793024
793096
793192
793292
793633
793779
793851
794147
794405
794445
794446
794491
794773
794802
794856
794876
794922
794936
795014
795067
795099
795220
795239
795391
795626
795647
795908
795956
795982
796357
796688
796744
797059
797071
797127
797134
797173
797225
797481
797533
797601
797687
797815
797858
797902
797913
798061
798106
798427
798442
798568
798594
798688
798778
798919
799079
799094
799209
799311
799498
799547
799621
799672
799711
800124
800298
800340
800386
800470
800506
800506
800584
800606
800737
800763
800815
800828
800887
801213
801271
801503
801857
801969
802007
802247
802281
802339
802412
802442
802499
802586
802813
802940
802998
803110
803486
803500
803583
803584
803632
803655
803660
803868
803896
803924
804246
804341
804368
804371
804416
804530
804556
804606
804634
804685
804691
805012
805054
805089
805095
805113
805586
805635
805805
806056
806092
806093
806113
806258
806259
806372
806536
806557
806816
806843
806912
806919
807144
807166
807281
807294
807454
807509
807672
808101
808159
808421
808560
808569
808677
808774
808997
809017
809179
809400
809421
809525
809819
809852
809919
810032
810041
810044
810285
810364
810466
810501
810534
810551
810675
810678
810703
810730
811061
811140
811230
811236
811618
811693
811709
811877
812077
812186
812190
812217
812236
812611
812669
812794
812977
812981
813050
813104
813346
813382
813463
813554
813562
813727
813800
813805
813975
814013
814159
814176
814315
814395
814419
814540
814827
814859
814864
814898
814947
815018
815045
815172
815195
815246
815295
815551
815627
815705
815791
815803
815898
815971
816049
816162
816204
816296
816348
816412
816453
816455
816601
816618
816619
816829
817005
817040
817148
817226
817242
817718
817756
817805
817919
817973
818055
818061
818067
818139
818224
818286
818505
818700
818761
818855
818942
819053
819192
819351
819405
819456
819565
819631
819632
819674
819699
819707
819810
819865
819869
819926
819941
820302
820319
820364
820733
821009
821045
821083
821163
821268
821631
821712
822019
822043
822187
822189
822212
822218
822317
822468
822669
822703
822731
822771
822826
822895
823058
823152
823330
823333
823348
823430
823500
823661
823895
824005
824118
824177
824409
824438
824490
824545
824698
824699
824749
824874
824888
825126
825147
825244
825489
825512
825518
825695
825801
825837
826200
826253
826279
826347
826469
826538
826684
826880
826900
827033
827069
827317
827434
827469
827702
827925
827961
828022
828022
828332
828382
828507
828536
828656
828988
829309
829469
829475
829561
829722
829951
829967
829971
830103
830145
830169
830205
830290
830298
830383
830437
830600
830667
830708
830755
831107
831110
831412
831420
831471
831486
831492
831548
831586
831617
831639
831701
831727
831728
832007
832067
832295
832495
832548
832561
832628
832701
832711
832723
832988
833039
833189
833223
833496
833575
833673
833721
833757
833796
834012
834099
834189
834202
834208
834366
834381
834513
834525
834562
834713
834992
835106
835251
835269
835333
835472
835789
835833
835844
835887
836005
836289
836529
836675
836772
836873
836895
836902
836914
837084
837128
837209
837478
837558
837647
837794
837896
837946
837952
838086
838160
838206
838362
838483
838624
838833
838944
838972
838987
839006
839224
839321
839329
839402
839428
839440
839899
839943
840145
840181
840271
840276
840351
840355
840360
840518
840645
840721
840970
841211
841223
841291
841338
841473
841619
841695
841718
841785
842024
842359
842362
842570
842617
842763
842777
842821
842940
843021
843099
843363
843393
843477
843573
843732
843760
843914
844078
844127
844129
844155
844229
844444
844492
844660
844673
844781
844795
844826
845077
845129
845144
845267
845417
845452
845531
845582
845667
845822
845894
845913
846014
846022
846070
846259
846350
846351
847138
847291
847377
847385
847436
847617
847691
847775
847812
847851
848185
848258
848266
848297
848465
848511
848624
848662
848740
848965
848985
849028
849030
849100
849107
849120
849136
849290
849305
849369
849399
849705
849789
849868
850033
850207
850232
850252
850303
850527
850652
850688
850758
850956
851069
851110
851220
851279
851288
851373
851446
851454
851525
851563
851684
851962
852218
852223
852272
852618
853060
853129
853159
853170
853173
853214
853264
853467
853516
853743
853750
853798
853841
853845
854021
854063
854104
854188
854322
854392
854426
854448
854790
854829
855134
855381
855443
855497
855542
855543
855735
855771
855825
855830
856029
856061
856089
856186
856250
856314
856412
856816
856919
857094
857195
857356
857511
857594
857742
857812
857933
857943
858062
858063
858148
858312
858657
859065
859296
859313
859321
859376
859669
859767
859782
859931
860048
860164
860483
860489
860648
860868
860891
861103
861138
861264
861283
861358
861441
861775
861820
861970
862002
862003
862081
862181
862259
862370
862393
862452
862754
862804
862981
863222
863227
863572
863603
863682
863692
863713
864108
864306
864356
864420
864426
864457
864460
864535
864570
864593
864612
864624
864660
864845
864879
864904
865006
865039
865045
865089
865212
865214
865599
865632
865679
865718
865724
865746
865749
866054
866068
866094
866130
866498
866611
866727
866891
867299
867354
867401
867527
867598
867628
867735
867815
867898
868022
868026
868039
868040
868132
868194
868284
868318
868434
868593
868606
868777
868806
869015
869240
869269
869310
869475
869561
869627
869848
869890
869930
869967
870065
870126
870170
870322
870340
870372
870404
870434
870535
870596
870855
870900
871081
871199
871216
871291
871329
871565
871581
871749
871782
871800
871829
871901
871952
872211
872263
872326
872446
872507
872526
872543
872614
872626
872629
872727
872786
872839
872891
872920
873087
873154
873261
873441
873575
873700
873703
873838
873987
873999
874032
874096
874190
874243
874295
874382
874396
874462
874479
874647
874774
874836
874884
875246
875567
875667
875717
875959
876027
876337
876413
876444
876589
876603
876744
877187
877194
877221
877265
877595
877760
877824
877928
878026
878044
878073
878134
878198
878323
878362
878418
878421
878544
878608
878640
878886
878905
878952
879112
879233
879277
879281
879303
879331
879361
879371
879543
879712
879718
879772
879824
879844
879987
880009
880174
880325
880746
880781
880938
881019
881100
881486
881742
881748
881837
881843
881864
882149
882178
882414
882424
882517
882524
882557
882566
882775
882836
882863
882956
883000
883139
883223
883505
883530
883711
883972
884027
884129
884132
884196
884331
884606
884638
884714
884860
884966
884967
885007
885161
885162
885183
885261
885270
885463
885599
885601
885642
885766
885982
886104
886254
886265
886423
886634
886699
886801
886855
886923
887133
887257
887325
887502
887504
887576
887682
887722
887726
887904
887953
887955
888075
888110
888172
888310
888621
888624
888637
888790
888965
889112
889139
889140
889144
889210
889217
889219
889254
889328
889419
889448
889491
889505
889512
889877
890010
890464
890536
890557
890563
890579
890688
890765
891409
891680
891691
891719
891724
891784
892042
892064
892268
892333
892524
892653
892908
893047
893113
893120
893129
893421
893486
893756
893902
893972
894157
894168
894183
894198
894278
894358
894387
894525
894633
894869
894991
894993
895130
895221
895229
895806
895912
895923
896003
896033
896074
896122
896364
896387
896568
896601
896638
896646
896741
896944
897008
897025
897038
897113
897117
897477
897496
897622
897671
897684
897783
897954
897956
898017
898132
898254
898326
898446
898469
898624
898826
899004
899041
899119
899126
899199
899252
899258
899271
899284
899334
899356
899669
899727
899793
899852
899866
900117
900119
900135
900163
900190
900306
900387
900435
900447
900646
900671
900820
900926
900989
901102
901117
901162
901221
901233
901682
901852
901858
902177
902356
902485
902666
902686
903036
903133
903312
903346
903412
903444
903526
903533
903759
903862
904054
904123
904134
904149
904301
904424
904449
904588
904646
904703
904933
905163
905188
905197
905207
905359
905365
905527
905631
905642
905687
905716
905726
905729
905730
905791
905794
905823
906080
906194
906305
906435
906490
906501
906517
906530
906559
906580
906689
906961
907106
907381
907434
907471
907586
907603
907617
907965
908059
908193
908204
908318
908379
908467
908553
908556
908570
908636
908893
909075
909269
909316
909356
909385
909455
909554
909624
909727
910051
910150
910321
910644
910655
910679
910779
910801
910850
910999
911099
911166
911232
911244
911253
911272
911444
911511
911770
911814
911861
911913
911951
911979
912190
912353
912392
912464
912570
912655
912733
912848
912993
913096
913308
913504
913603
913604
913651
913662
913765
913924
914287
914303
914327
914345
914518
914536
914581
914686
914854
914949
915003
915424
915614
915686
915727
915873
915953
916102
916197
916204
916441
916573
916918
916972
916987
916993
917101
917101
917151
917186
917375
917513
917518
917620
918056
918079
918111
918218
918268
918295
918390
918484
918518
918585
918725
918753
918824
918852
919132
919290
919518
919568
919607
919643
919654
919725
919848
919851
919878
919928
920030
920075
920198
920640
920673
920700
921083
921138
921239
921244
921267
921330
922051
922249
922286
922338
922360
922703
922707
922719
922819
922863
923001
923278
923310
923403
923562
923601
923694
923705
923768
923809
923834
923882
923999
924057
924073
924142
924189
924289
924294
924355
924417
924576
924768
924965
924978
924994
925148
925317
925340
925425
925581
925603
925780
926025
926154
926157
926159
926164
926323
926615
926675
926932
926939
926980
927022
927043
927099
927269
927299
927641
927684
927882
928134
928146
928251
928323
928493
928500
928564
928571
928576
928597
928602
928788
928800
928918
929077
929232
929242
929279
929395
929472
929496
929599
929687
929719
929849
929915
929966
930006
930010
930056
930406
930425
930478
930485
930588
930599
930686
930817
931051
931125
931157
931286
931321
931478
931553
931563
931614
931621
931696
931812
931930
932198
932802
932828
932968
933169
933172
933354
933463
933554
933682
933747
933892
933938
934047
934048
934183
934186
934225
934252
934360
934389
934625
934772
934792
934857
934874
934936
934965
935125
935133
935139
935221
935305
935384
935443
935479
935522
935524
935592
935795
935864
935949
935973
936049
936053
936064
936070
936073
936090
936141
936246
936276
936297
936327
936511
936564
936650
936741
936921
937000
937139
937282
937284
937392
937469
937745
937807
937808
937920
937942
937953
938064
938071
938080
938101
938251
938260
938277
938324
938597
938619
938644
938730
938773
938788
938929
938971
939019
939174
939255
939331
939419
939647
939890
940100
940255
940261
940325
940771
941209
941307
941377
941536
941647
941651
941725
941899
942051
942101
942205
942400
942507
942534
942664
942911
942919
942948
943001
943135
943212
943248
943279
943301
943356
943465
943481
943487
943673
944124
944149
944211
944268
944399
944413
944542
944565
944801
944847
944882
944999
945026
945178
945244
945313
945369
945493
945555
945721
945903
945922
946058
946097
946107
946432
946506
946773
946918
947083
947266
947386
947397
947516
947541
947547
947566
947697
948081
948093
948215
948270
948513
948601
948639
948796
948807
948823
949042
949205
949296
950078
950165
950228
950303
950305
950319
950321
950373
950516
950853
950879
950885
950898
950994
951032
951069
951155
951271
951450
951457
951461
951478
951541
951557
951593
951607
951830
951902
951908
952050
952144
952409
952525
952531
952653
952654
952703
952983
953044
953069
953292
953438
953454
953473
953718
953806
953856
953935
954043
954222
954339
954440
954500
954541
954596
954707
954728
954745
954751
954804
955046
955046
955062
955129
955298
955321
955342
955423
955486
955549
955635
955865
956043
956080
956090
956142
956188
956216
956334
956380
956424
956433
956637
956657
956776
956838
956979
957055
957326
957442
957446
957551
957582
957836
957963
957970
957977
958170
958313
958351
958520
958538
958593
958683
958694
958785
958836
959096
959104
959227
959274
959363
959418
959465
959496
959505
959535
959598
959769
959824
959827
959882
959936
960135
960203
960519
960662
960714
960865
960923
961045
961105
961236
961339
961481
961642
961770
961892
962021
962300
962386
962420
962481
962525
962735
962804
962827
962861
962874
962878
962937
962967
962994
963013
963152
963329
963348
963375
963380
963492
963528
963584
963586
963601
963876
963922
963929
963941
963975
963999
964084
964171
964205
964595
964606
964614
964714
964790
964896
965049
965113
965236
965541
965549
965619
965683
965921
966049
966064
966071
966612
966641
966700
966808
966817
966960
967027
967229
967253
967262
967339
967339
967441
967847
967997
968273
968284
968511
968514
968672
968964
969101
969107
969238
969705
969709
969732
969778
969877
970202
970237
970391
970401
970454
970503
970559
970575
970713
970733
970874
970878
970987
971139
971173
971225
971253
971262
971333
971380
971398
971399
971493
971525
971563
971627
972011
972014
972037
972044
972240
972261
972295
972305
972310
972387
972503
972575
972673
972691
972859
973030
973497
973688
973704
973734
974159
974182
974259
974262
974291
974417
974423
974483
974487
974526
974838
974954
974995
975025
975163
975258
975265
975630
975711
975803
976001
976015
976221
976221
976279
976298
976411
976550
976758
976815
976950
976995
977065
977303
977336
977420
977475
977519
977540
977799
978242
978259
978303
978324
978393
978421
978434
978480
978493
978656
978676
978845
978936
979074
979284
979402
979594
979614
979622
979942
979960
979980
980015
980024
980026
980065
980067
980160
980166
980210
980221
980392
980402
980464
980473
980692
980839
980879
981374
981398
981405
981490
981680
981745
981888
981912
982081
982091
982240
982265
982358
982580
982607
982815
982855
982895
982905
983092
983179
983410
983506
983637
983649
983664
983786
983857
983865
983948
984047
984106
984359
984517
984636
984645
984686
984748
984771
984882
984908
984953
985046
985076
985121
985206
985262
985283
985357
985618
985660
986087
986145
986198
986277
986742
986883
987010
987438
987612
987678
987686
987929
988080
988096
988118
988248
988380
988460
988481
988554
988668
988842
988937
989363
989378
989379
989621
989972
990025
990037
990102
990135
990164
990342
990550
990556
990643
990852
990988
991089
991248
991668
991681
991716
991749
991793
991833
991843
991875
991940
992003
992269
992407
992862
992965
993227
993284
993385
993415
993567
993660
993663
993724
993756
993800
993820
993945
993984
994206
994494
994951
995012
995230
995270
995337
995417
995550
995560
995608
995617
995706
995846
995959
995970
996021
996187
996335
996423
996552
996666
996783
996909
996913
996938
996950
996951
997253
997297
997323
997404
997497
997662
998054
998207
998229
998237
998305
998306
998354
998384
998407
998433
998536
998618
998655
998907
998991
999043
999087
999125
999173
999213
999240
999317
999541
999605
999685
999782
999870
999947
