12
86
112
163
309
331
577
671
702
761
1076
1148
1241
1258
1486
1503
1540
1602
1674
1697
1771
1835
2292
2578
2594
2694
2748
2897
2932
2978
3036
3073
3090
3233
3902
3961
3990
3998
4071
4178
4551
4589
4635
4652
4660
4742
4811
5060
5107
5116
5295
5299
5335
5371
5544
5544
5566
5586
5635
5798
5866
6065
6101
6209
6234
6323
6350
6384
6387
6388
6814
7130
7218
7402
7418
7436
7571
7632
7653
7700
7803
7962
7979
8017
8098
8308
8338
8374
8415
8417
8419
8475
8772
8785
8797
8985
9705
9742
9845
9937
10021
10138
10156
10254
10306
10338
10395
10416
10417
10537
10669
10837
10879
11072
11099
11186
11348
11513
11630
11802
11822
11850
12131
12292
12404
12529
12585
12654
12739
12890
13008
13100
13184
13219
13241
13458
13479
13514
13603
13703
13947
14115
14366
14394
14468
14678
14818
14868
14895
14997
15083
15123
15167
15338
15445
15460
15622
15654
15763
15846
15928
16030
16284
16501
16505
16600
16751
16819
16990
17021
17090
17094
17162
17211
17351
17475
17535
17741
17800
17880
18050
18101
18348
18412
18462
18559
18561
18584
18591
18802
18934
19014
19041
19104
19184
19206
19562
19654
19769
19770
19815
19837
19896
20142
20193
20211
20250
20386
20581
20600
20774
21141
21171
21259
21281
21483
21639
21723
21780
21961
22069
22075
22155
22205
22364
22385
23152
23183
23311
23600
23634
23791
23860
24109
24144
24514
24592
24640
24653
24832
24840
24869
25521
25786
25816
25823
25945
25981
26144
26160
26350
26372
26443
26444
26485
26605
26653
26765
26984
27185
27212
27266
27423
27552
27669
27711
27838
27896
28090
28288
28325
28419
28508
28617
28820
29047
29178
29178
29198
29519
29641
29661
29689
29765
29811
30073
30114
30269
30340
30359
30457
30597
30646
30708
30759
30794
30854
30970
31159
31263
31496
31537
31726
31870
31953
32071
32399
32506
32520
32670
32710
32862
33013
33118
33124
33127
33358
33406
33457
33500
33524
33769
34029
34182
34297
34339
34429
34498
34855
34896
35334
35469
35514
35715
35824
35961
36392
36576
36676
36723
36923
37077
37158
37514
37634
37667
37673
38117
38121
38161
38258
38299
38304
38310
38367
38387
38402
38455
38580
38655
38681
38739
38746
38876
38942
39161
39522
39813
39827
39879
40081
40124
40142
40193
40233
40358
40381
40804
40872
40935
40968
41009
41010
41039
41077
41097
41291
41764
41875
41977
42003
42182
42217
42235
42499
42550
42556
42645
42666
42827
42879
42932
43252
43307
43522
43549
43566
43615
43632
43635
43781
43796
43929
44090
44348
44520
44654
44796
44890
44902
45037
45062
45077
45143
45198
45232
45292
45533
45540
45542
45992
45993
46135
46187
46296
46521
46600
46808
46830
46919
46952
46970
47031
47089
47132
47296
47306
47325
47343
47419
47442
47696
47749
47836
47971
48046
48165
48314
48687
49020
49082
49207
49219
49266
49290
49421
49513
49560
49652
49693
49998
50134
50203
50293
50378
50522
50599
50659
50834
51138
51190
51595
51600
51633
51678
51699
51827
51994
52028
52085
52158
52158
52293
52340
52421
52480
52645
52854
53128
53203
53373
53511
53543
53582
53783
53898
53908
53954
53998
54234
54316
54332
54332
54350
54355
54382
54508
54519
54650
54666
54713
54932
55010
55020
55033
55168
55272
55423
55435
55464
55514
55584
55750
55798
55820
55833
55875
56134
56156
56212
56214
56345
56350
56380
56741
56785
57178
57241
57246
57424
57657
57906
57999
58062
58164
58188
58396
58483
58494
58494
58523
58591
58650
58689
59037
59206
59241
59274
59382
59408
59439
59571
59644
59758
59781
59894
59949
59959
60067
60178
60218
60227
60253
60445
60499
60673
60677
60762
60815
60879
60901
60902
61014
61117
61264
61535
61661
61665
61777
61958
62023
62273
62326
62402
62900
62924
62963
63057
63116
63139
63230
63307
63337
63375
63533
63714
63830
63899
63951
64016
64050
64154
64368
64579
64587
64814
64853
64956
65078
65198
65450
65566
65606
65667
65785
65901
66219
66254
66332
66397
66596
66702
66736
66949
67112
67206
67265
67271
67285
67488
67508
67557
67610
67669
67803
67859
67932
67938
68122
68160
68205
68372
68491
68587
68838
68937
69040
69085
69211
69230
69310
69344
69354
69411
69416
69417
69700
69705
69904
70082
70232
70246
70355
70363
70391
70510
70556
70563
70578
70706
70852
70939
71049
71077
71338
71582
71595
71661
71838
71857
72008
72011
72029
72071
72128
72156
72325
72354
72382
72435
72519
72815
72834
72930
72952
73002
73114
73121
73474
73500
73658
73761
73821
73854
73867
73940
73950
74063
74123
74315
74343
74569
74645
74697
74799
74858
74900
75039
75056
75302
75388
75594
75653
75719
75767
75850
75889
75897
75990
76239
76580
76670
76753
76773
76822
76951
77143
77175
77188
77253
77329
77366
77731
77849
77901
78095
78205
78426
78428
78773
78968
79369
79399
79436
79458
79555
79647
79702
80094
80104
80198
80245
80337
80388
80395
80620
80633
80661
80710
80869
80997
81056
81346
81353
81536
81560
81770
81827
81947
82259
82362
82657
82776
82806
82818
82895
82973
82980
83046
83197
83264
83311
83448
83764
83890
83971
83985
84106
84172
84228
84409
84555
84582
84707
84737
84772
84935
85116
85142
85196
85209
85239
85253
85317
85348
85490
85567
85572
85623
85722
85927
85935
85950
86052
86165
86170
86250
86338
86396
86656
86796
86862
87154
87199
87492
87495
87554
87687
87708
87742
87822
87928
88072
88076
88156
88169
88243
88297
88767
88798
89043
89107
89355
89360
89483
89715
89898
89988
90033
90049
90059
90060
90459
90551
90664
90730
90750
90795
90824
90923
90949
91015
91052
91066
91099
91121
91180
91369
91640
91810
91983
92090
92168
92169
92771
92784
92846
92964
93240
93252
93265
93301
93352
93354
93355
93378
93421
93512
93538
93551
93645
93646
93697
93727
93795
94122
94187
94466
94486
94732
94766
94932
94935
95008
95032
95257
95426
95453
95652
95709
95720
95921
95989
95995
96032
96143
96157
96748
96950
97060
97114
97130
97264
97532
97713
97832
97839
97968
97985
98012
98018
98040
98079
98116
98246
98361
98379
98550
98576
98578
98613
98759
98991
99005
99252
99385
99717
100032
100111
100244
100362
100420
100468
100501
100769
100891
100892
100910
101320
101533
101560
101568
101751
101805
101823
101877
101904
102263
102406
102481
102493
102703
102801
102846
102866
102951
102994
103014
103079
103173
103185
103282
103453
103589
103724
103799
103803
103946
103974
104053
104140
104395
104398
104419
104564
104595
104719
104752
104778
104854
104962
105038
105386
105779
105880
106051
106138
106142
106222
106256
106286
106290
106430
106503
106722
106745
106800
107041
107059
107088
107089
107110
107249
107434
107507
107578
107608
107696
107706
107716
107847
107871
107876
107927
108130
108155
108196
108247
108379
108403
108762
108902
108906
108913
109000
109144
109154
109171
109296
109306
109324
109355
110070
110357
110496
110631
110737
110899
110918
111027
111094
111180
111226
111261
111273
111284
111457
111514
111545
111758
111891
112024
112097
112197
112261
112736
112851
112903
112913
112956
112992
113022
113104
113161
113238
113255
113277
113633
113713
113728
113824
113875
113962
113996
114022
114045
114151
114237
114241
114253
114256
114481
114569
114608
114824
114851
115210
115232
115279
115356
115382
115413
115425
115455
115482
115508
115593
115910
115920
115941
115982
116314
116794
116850
116936
117067
117214
117230
117336
117506
117526
117763
117881
117945
117967
117986
118004
118285
118417
118468
118538
118695
118863
118930
119116
119184
119255
119307
119324
119582
119584
119611
119716
119979
119980
120511
120511
120583
120640
120715
120899
120990
121124
121174
121213
121250
121569
121700
121743
121827
121885
121892
122087
122147
122225
122380
122407
122431
122467
122522
122628
123034
123043
123230
123301
123411
123577
123584
123589
123647
123853
123854
124097
124146
124160
124173
124286
124350
124403
124450
124456
124599
124644
124669
124763
124784
124839
125089
125097
125205
125278
125327
125581
125644
125677
126069
126205
126337
126380
126700
126735
126791
126864
126894
127038
127044
127046
127129
127162
127256
127397
127498
127708
127952
127966
127969
128194
128458
128499
128537
128688
128787
128878
128880
128891
128934
129062
129123
129353
129466
129696
129854
129886
129965
129982
129994
130008
130060
130213
130365
130546
130616
130623
130679
130824
130864
130946
130959
130993
131041
131119
131326
131560
131618
131639
131852
131970
131979
132128
132164
132412
132476
132497
132526
132576
132577
132778
132967
132994
132995
133068
133218
133219
133232
133475
133513
133535
133548
133630
133786
133800
133965
133967
133998
134193
134219
134225
134244
134251
134255
134262
134325
134454
134542
134584
134736
134792
134793
134843
134902
135014
135141
135172
135365
135470
135531
135642
135665
135718
135885
135932
135938
135982
135998
136003
136012
136041
136184
136234
136409
136441
136567
136585
136719
137166
137239
137284
137357
137457
137487
137671
137695
137887
137899
137929
137938
137986
137995
138063
138258
138313
138406
138511
138640
138725
138758
138765
138798
139019
139123
139211
139321
139350
139388
139389
139444
139690
139695
139717
139918
140039
140245
140849
141129
141328
141359
141533
141583
141713
142052
142063
142069
142159
142178
142298
142513
142557
142595
142696
142732
142861
143068
143120
143129
143381
143389
143395
143481
143699
143709
143867
143868
143929
144256
144692
144835
144961
144969
145008
145029
145075
145121
145144
145402
145433
145477
145789
145930
145933
146063
146064
146105
146367
146432
146530
146629
146689
146752
146764
146893
147296
147379
147398
147401
147716
147814
148011
148130
148202
148314
148318
148319
148326
148383
148573
148656
148697
148809
148917
149008
149342
149384
149444
149448
149491
149647
149745
149831
149858
149864
149891
149901
150058
150071
150096
150167
150182
150190
150200
150248
150295
150394
151003
151095
151263
151563
151670
151688
151765
151922
151977
151982
152123
152153
152198
152282
152357
152395
152426
152520
152671
152696
152813
153113
153150
153176
153208
153385
153667
153754
153867
154027
154202
154231
154429
154627
154701
154860
155077
155188
155400
155470
155782
156033
156064
156239
156255
156258
156320
156647
156982
157092
157165
157442
157507
157508
157873
158027
158088
158378
158455
158483
158496
158515
158584
158672
158678
158735
158746
158949
159016
159176
159181
159215
159310
159454
159467
159469
159480
159655
159687
159705
159795
159879
159900
159919
159935
160065
160399
160713
160741
160782
160958
161039
161164
161281
161362
161564
161634
161708
161832
161854
161884
161909
162034
162068
162172
162332
162354
162400
162429
162520
162537
162587
162657
162662
162721
162892
162936
163052
163073
163091
163193
163239
163244
163287
163333
163343
163389
163405
163490
163636
163760
163863
163947
164243
164272
164366
164623
164710
164843
165047
165052
165088
165390
165479
165662
165743
165853
165903
166088
166118
166175
166238
166588
166602
166787
166859
166862
166986
166994
167010
167013
167236
167311
167528
167567
167740
168029
168067
168070
168210
168243
168290
168313
168434
168510
168672
168696
168735
168858
169268
169472
169556
169664
169804
169862
170037
170063
170116
170377
170402
170535
170551
170631
170851
171107
171227
171615
171627
171735
171800
171991
172032
172108
172109
172118
172534
172598
172620
172774
172959
173189
173213
173396
173442
173459
173553
173602
173617
173648
173858
174075
174282
174486
174534
174540
174927
174931
175195
175370
175672
175771
175797
175988
175989
176054
176085
176085
176095
176121
176122
176210
176235
176314
176363
176505
176526
176654
176682
176757
176760
177082
177100
177146
177160
177236
177250
177269
177342
177496
177744
177898
178323
178352
178409
178439
178492
178636
178792
178866
178916
178931
179208
179389
179601
179634
179648
180008
180017
180056
180265
180314
180318
180536
180542
180560
180683
180775
180869
180965
181178
181248
181296
181464
181470
181510
181630
181746
181830
181913
181918
181939
182027
182155
182448
182455
182487
182557
182703
182860
182871
182954
182960
182972
183055
183356
183360
183547
183629
183750
183936
184192
184254
184265
184277
184419
184424
184472
184592
184791
184832
184868
185036
185160
185334
185526
185552
185777
186195
186449
186512
186629
186756
186816
186960
187191
187368
187420
187441
187480
187682
187825
187928
188308
188426
188500
188695
188749
188820
188833
188835
188856
188867
188941
189038
189064
189512
189665
189799
190016
190055
190062
190223
190548
190724
190790
190869
190875
191059
191071
191153
191182
191187
191205
191612
191833
191836
191898
191910
191943
192003
192127
192264
192496
192621
192643
192788
192814
192850
193236
193381
193472
193534
193539
193799
193825
193826
194142
194253
194401
194553
194561
194653
194671
194715
194845
194912
195276
195353
195485
195754
195759
195768
195975
196210
196286
196392
196456
196581
196666
196691
196845
196936
197154
197190
197242
197469
197477
197498
197704
198035
198148
198180
198185
198321
198410
198685
198794
198854
199011
199123
199147
199691
199713
199823
200012
200082
200151
200309
200378
200465
200495
200693
200738
201060
201151
201213
201220
201226
201428
201448
201737
201863
201897
201932
202041
202096
202163
202188
202226
202228
202233
202246
202246
202319
202408
202414
202508
202536
202611
202682
202774
202826
203013
203040
203065
203120
203129
203192
203304
203320
203330
203464
203553
203585
203672
203700
203905
203967
204044
204061
204083
204425
204470
204485
204581
204636
204638
204846
204927
204965
205025
205178
205194
205309
205513
205526
205538
205549
205827
206078
206146
206252
206450
206544
206567
206631
206807
206841
206897
206978
206984
207043
207097
207186
207198
207424
207573
207876
207914
207917
207973
208194
208479
208539
208953
209146
209149
209201
209211
209401
209544
209694
209744
209793
209826
209904
209936
210041
210090
210298
210301
210344
210547
210721
210832
210965
211703
211874
211926
212148
212215
212232
212293
212424
212651
212788
212897
213053
213058
213405
213476
213494
213659
213687
213690
213697
213816
213844
214072
214190
214190
214264
214336
214424
214542
214621
214683
214739
214879
215024
215130
215374
215404
215452
215595
215600
215719
215950
216031
216103
216505
216575
216678
216697
216955
216998
217282
217310
217369
217374
217677
217715
217728
217744
217808
218063
218113
218198
218313
218450
218493
218594
218892
218911
218967
218984
219140
219151
219349
219365
219393
219880
220161
220329
220375
220395
220529
220551
220613
220615
220705
221230
221266
221266
221430
221433
221489
221490
221508
221639
221681
221705
221903
222050
222306
222468
222727
222955
223088
223322
223342
223459
223623
223986
224104
224296
224341
224345
224676
224856
224963
224992
225175
225226
225262
225335
225411
225415
225488
225635
225661
225864
226078
226193
226194
226279
226640
226644
226657
226893
226926
227183
227216
227296
227619
227637
227974
228214
228281
228316
228373
228467
228576
228589
228701
228707
228769
228826
228930
228955
228967
229070
229086
229352
229612
229917
230138
230449
230805
231198
231220
231287
231332
231605
231615
231650
231724
231966
232028
232054
232408
232414
232421
232464
232645
232696
232777
232961
233023
233199
233480
233534
233622
233735
233807
234004
234020
234043
234060
234080
234223
234363
234560
234632
234776
235014
235046
235118
235142
235180
235454
235554
235589
235613
235666
235820
235849
236035
236148
236182
236289
236323
236372
236437
236733
236747
236831
236913
236919
237002
237161
237208
237271
237281
237355
237418
237436
237600
237606
237638
237664
237710
237729
237793
237860
238490
238583
238710
238940
238998
239139
239170
239174
239234
239295
239349
239474
239569
239592
239604
239636
239734
240113
240167
240247
240272
240366
240427
240696
240787
240855
240894
240901
240937
241045
241058
241125
241145
241374
241408
241539
241571
241722
241919
241938
242102
242198
242223
242340
242538
242558
242643
242805
242866
242932
243093
243124
243312
243398
243449
243470
243470
243522
243670
243726
243929
243978
243999
244361
244532
244571
244571
244604
244620
244632
244652
244845
245108
245440
245792
245928
246149
246534
246815
246991
247000
247057
247164
247236
247237
247323
247534
247576
247634
247906
247985
248268
248297
248712
249029
249099
249198
249299
249432
249489
249574
249716
249946
250058
250214
250268
250341
250681
250712
250730
250783
250993
251176
251213
251292
251305
251511
251558
251775
251818
251824
251869
252095
252170
252426
252432
252439
252511
252612
252618
252817
252851
252903
252932
252946
252988
253148
253241
253345
253413
253528
253600
253670
253709
253720
254019
254065
254124
254338
254401
254419
254427
254511
254555
254568
254600
254604
254774
254951
254959
255110
255234
255306
255318
255396
255575
255660
255671
255739
255940
256046
256060
256193
256203
256258
256307
256503
256594
256692
256725
256852
256864
256884
257041
257087
257215
257433
257496
257635
257724
257856
257933
257981
258081
258111
258238
258284
258296
258302
258370
258372
258377
258432
258620
258656
258681
258846
258852
259056
259080
259095
259200
259310
259589
259719
259819
259901
259917
259981
259990
260127
260199
260286
260367
260596
260770
260805
261023
261025
261096
261254
261354
261391
261493
261628
262127
262311
262339
262566
262650
262673
262993
263129
263231
263285
263366
263480
263482
263663
263750
263823
263844
263847
263875
263920
263998
264227
264238
264311
264776
264809
264853
264887
265014
265181
265269
265278
265391
265446
265528
265665
265809
266111
266289
266488
266674
266761
266769
266858
266873
267057
267131
267181
267187
267203
267313
267533
267663
267735
267765
267811
267995
268036
268039
268079
268295
268490
268629
268709
268920
269028
269129
269132
269151
269195
269235
269253
269397
269403
269562
269610
269784
269810
269829
269928
269989
270154
270191
270194
270315
270334
270387
270443
270467
270557
270845
270857
270950
271147
271212
271320
271481
271542
271618
271740
271774
271865
271895
272082
272245
272305
272617
272877
272917
273393
273525
273561
273677
273719
273885
273992
274008
274215
274401
274429
274631
274888
275150
275256
275400
275481
275645
275791
275870
276071
276097
276106
276260
276345
276923
277113
277156
277382
277461
277524
277741
277872
277975
278019
278025
278166
278176
278287
278431
278558
278652
278710
278978
279089
279099
279121
279327
279371
279411
279517
279597
279776
279814
279924
279929
279982
279999
280327
280354
280509
280665
281133
281236
281292
281303
281434
281476
281582
281916
281949
281974
281981
282225
282249
282257
282534
282577
282639
282751
282816
282935
282944
282986
283021
283206
283472
283578
283585
283722
283903
283946
284364
284437
284657
284663
284812
284855
284858
284972
284986
285018
285021
285163
285167
285305
285332
285388
285391
285514
285712
285714
285718
285925
286002
286032
286086
286145
286159
286257
286264
286492
286545
287020
287149
287180
287380
287385
287513
287773
287861
287975
288030
288190
288303
288785
288804
288805
288816
288845
288898
288958
289020
289284
289318
289351
289496
289502
289511
289633
289668
289803
289831
289879
289953
290096
290173
290226
290425
290436
290460
290467
290511
290621
290759
290786
290897
290919
291009
291084
291284
291287
291313
291548
291553
291654
291662
291771
291856
291952
292226
292369
292403
292438
292444
292551
292592
293004
293074
293197
293226
293264
293268
293336
293442
293447
293584
293679
293715
293731
293821
293942
293950
293978
294002
294026
294116
294193
294283
294361
294406
294451
294520
294607
294631
294838
295190
295254
295263
295860
296055
296243
296343
296582
296781
296842
296948
296969
297030
297199
297349
297481
297756
297772
297803
298101
298168
298343
298372
298759
298881
298915
298922
299142
299245
299411
299437
299486
299573
299739
299762
299788
299812
299814
299866
299918
299992
300034
300169
300244
300248
300356
300380
300546
300606
300681
300820
300840
300975
301014
301381
301563
301595
302111
302242
302350
302507
302585
302753
302773
302781
302783
302792
302843
303058
303321
303416
303443
303510
303521
303567
303966
304077
304083
304538
304684
304718
304871
304970
305006
305060
305498
305660
305660
305712
305940
305996
306093
306300
306560
306579
306946
307064
307140
307212
307236
307285
307373
307449
307654
307693
307903
307934
307946
308131
308246
308311
308365
308423
308451
308609
308623
308641
308721
308839
308892
308963
309136
309183
309310
309397
309400
309462
309481
309504
309645
309649
309755
309802
309969
310006
310015
310017
310096
310317
310407
310501
310515
310540
310973
311145
311237
311478
311511
311530
311573
311616
311915
312102
312189
312210
312259
312281
312335
312393
312412
312571
312638
312711
312798
312855
312911
313007
313103
313130
313168
313367
313501
313530
313590
313673
313726
313746
313848
313886
314019
314043
314085
314179
314189
314287
314482
314536
314631
314661
314695
314728
314786
314802
314805
314812
314846
314860
315122
315264
315283
315327
315349
315463
315487
315517
315669
315802
315962
316139
316230
316348
316461
316556
316658
316765
316802
316972
316979
316983
317064
317166
317290
317855
317914
317989
318031
318362
318416
318469
318606
318634
318668
318830
319018
319177
319475
319500
319540
319546
319591
319637
320062
320064
320135
320210
320268
320268
320278
320313
320449
320467
320471
320796
320830
320905
321276
321354
321422
321598
322035
322117
322202
322208
322294
322493
322621
322911
323019
323087
323159
323188
323330
323364
323603
323659
323687
323694
323736
323805
323850
323907
324019
324088
324152
324234
324288
324390
324804
324971
324988
324990
325173
325192
325309
325350
325382
325390
325488
325540
325616
325748
325781
325929
326058
326208
326232
326262
326429
326436
326437
326596
326607
326799
326934
326995
327339
327366
327438
327440
327584
327601
327652
327732
327746
327793
327844
327851
328075
328075
328247
328278
328317
328360
328376
328395
328665
328670
328879
328956
329210
329258
329277
329633
329669
329771
329794
329966
330018
330028
330055
330063
330233
330363
330401
330505
330627
330689
330691
330714
330741
330881
330901
331019
331092
331129
331233
331406
331429
331506
331618
331728
331853
331951
332089
332392
332400
332571
332620
332651
332703
332794
332926
332944
332977
332996
333139
333182
333267
333293
333333
333341
333392
333421
333665
333881
334004
334006
334055
334071
334136
334154
334177
334288
334306
334391
334488
334775
335021
335219
335380
335487
335573
335668
335723
335739
335754
335758
335816
335930
335935
335946
336010
336022
336263
336288
336527
336528
336566
336687
336702
337173
337247
337284
337285
337339
337654
337835
337902
338029
338364
338538
338687
338919
338939
338995
339317
339388
339477
339522
339541
339579
339708
339749
339864
339898
339984
340196
340218
340284
340297
340325
340447
340718
340736
340861
341059
341197
341264
341315
341381
341419
341521
341549
341587
341739
341781
341790
341858
342084
342158
342439
342454
342563
342629
342721
342807
342814
343009
343017
343177
343199
343236
343242
343247
343296
343312
343352
343366
343458
343595
343778
343814
343890
343990
344067
344094
344402
344420
344503
344729
344735
344850
344888
345092
345100
345132
345214
345228
345252
345313
345322
345564
345609
345699
345848
345863
345984
345994
346061
346148
346519
346644
346866
346975
347201
347332
347479
347622
347665
347816
347966
348184
348372
348662
348683
349004
349133
349174
349185
349254
349358
349418
349485
349525
349630
349690
349712
349831
350093
350105
350121
350328
350396
350398
350566
350628
350646
350696
350808
350887
350998
351219
351258
351275
351401
351474
351868
351869
352139
352273
352329
352342
352365
352502
352607
352623
352741
352855
352858
352892
353003
353082
353281
353331
353569
353962
354090
354137
354138
354169
354199
354270
354439
354439
354512
354731
354789
354927
355018
355128
355154
355174
355176
355194
355195
355377
355468
355693
355767
355908
356217
356277
356349
356536
356609
356748
356757
356847
356880
356955
356967
357792
357884
357929
358128
358219
358290
358574
358588
358890
359045
359119
359492
359499
359521
359990
360013
360029
360061
360074
360227
360271
360295
360313
360619
360718
360746
360947
360986
361035
361180
361223
361236
361271
361431
361572
361596
361817
361964
361965
362061
362078
362090
362220
362350
362705
362772
363045
363055
363137
363224
363300
363428
363639
363687
363818
364144
364181
364451
364455
364613
364632
364952
365021
365297
365442
365496
365659
365812
365885
365969
366207
366212
366229
366325
366383
366453
366468
366515
366785
366838
366874
366914
366967
367010
367161
367264
367292
367504
367562
367621
367669
367675
367690
367925
368245
368267
368555
368576
368609
368716
368870
369195
369288
369306
369704
369718
369844
369855
369897
369915
370079
370162
370461
370812
370852
370947
371110
371250
371283
371658
371768
371803
371831
371862
371917
372128
372137
372193
372218
372437
372513
372529
372575
372778
372831
372841
373032
373243
373382
373425
373494
373946
373968
373969
374081
374115
374141
374207
374342
374358
374392
374392
374412
374420
374427
374526
374712
374775
375106
375110
375175
375218
375244
375260
375434
375526
375593
375647
375649
375659
375687
375763
375794
375963
375969
375984
376028
376208
376522
376609
376709
376866
376938
376982
377005
377182
377379
377509
377592
377633
377682
377751
377884
377891
378193
378274
378570
378608
378643
378752
378768
378831
378955
378982
379021
379236
379545
379560
379634
379641
379689
379719
379776
379842
379844
380011
380038
380058
380131
380158
380196
380498
380617
380826
380845
380979
381024
381151
381197
381217
381373
381548
381595
381767
381977
382291
382380
382510
382607
382642
382806
382810
383654
383847
383931
383944
384016
384038
384253
384267
384469
384491
384494
384729
384998
385070
385101
385162
385305
385391
385660
385734
385778
385849
385986
386123
386222
386249
386315
386404
386433
386528
386549
386600
386682
386764
386765
386820
386965
387004
387044
387053
387162
387374
387492
387644
387805
387825
387955
387994
388076
388184
388204
388241
388742
388778
388849
389128
389132
389287
389299
389324
389530
389613
390004
390130
390175
390182
390420
390474
390481
390490
390601
390699
390849
390967
390980
391131
391139
391321
391356
391494
391765
391907
392042
392154
392406
392449
392594
392625
392851
392856
393028
393103
393302
393369
393524
393525
393564
393574
393604
393751
393795
393801
393848
393939
394051
394241
394417
394436
394466
394477
394524
394689
394770
394885
395030
395257
395583
395766
396006
396193
396301
396318
396492
396517
396528
396622
396717
396750
396756
396775
396798
396833
396878
397019
397124
397155
397195
397261
397503
397581
397689
397724
397776
398050
398131
398348
398544
398765
399107
399138
399297
399584
399703
399775
399776
399846
399919
399922
400242
400392
400674
400738
400993
401011
401299
401376
401429
401569
401652
401670
401685
401782
401789
401813
401873
401919
402134
402252
402270
402274
402466
402707
402798
402837
402919
402980
402999
403144
403183
403403
403446
403573
403834
403883
403921
403934
403955
403970
404037
404079
404116
404199
404261
404425
404493
404714
405056
405057
405185
405353
405373
405525
405754
405762
405765
405782
405973
406056
406153
406365
406385
406480
406620
406697
406792
407050
407096
407174
407388
407543
407574
407716
407787
408101
408154
408276
408281
408572
408603
408611
408821
408853
408934
408937
409060
409112
409471
409474
409691
409725
409767
409925
410015
410169
410228
410363
410373
410430
410432
410768
410833
410841
410960
411008
411097
411391
411508
411603
411640
411739
411973
412182
412264
412301
412337
412415
412755
412856
412882
413010
413019
413024
413166
413336
413391
413458
413461
413493
413538
413626
413658
413785
414151
414162
414241
414313
414423
414543
414551
414586
414772
415016
415067
415179
415249
415411
415425
415642
415658
415708
415765
415872
416024
416072
416076
416430
416694
416719
416783
416906
416939
417026
417136
417207
417263
417352
417370
417513
417747
417887
417952
418038
418120
418295
418362
418454
418543
418798
418803
418837
418939
418977
419028
419205
419206
419467
419626
419846
419852
419917
420338
420492
420560
420582
420693
420776
420952
420986
421273
421309
421361
421362
421451
421513
421515
421571
421661
421701
421725
421941
422011
422023
422064
422066
422068
422279
422560
422691
422760
422877
422953
423069
423094
423345
423663
423958
424039
424093
424189
424238
424301
424388
424429
424560
424724
424759
424772
424785
424830
424841
424933
425114
425332
425343
425580
425822
425933
425943
425952
426049
426219
426275
426283
426465
426476
426498
426588
426590
426689
426703
426706
427030
427118
427363
427384
427427
427509
427732
427760
427809
427818
427924
427957
427968
428048
428117
428161
428273
428354
428414
428522
428577
428597
428703
429220
429379
429403
429438
429520
429607
429740
429801
430078
430250
430281
430432
430565
430588
430681
430697
430700
430764
430804
430836
430851
430851
430902
431001
431042
431056
431071
431073
431339
431435
431495
431549
431586
431588
431621
431876
431916
431941
431942
431946
431987
432008
432009
432085
432094
432336
432504
432562
432571
432643
432797
432863
432988
433467
433610
433663
433835
433853
433865
434166
434225
434324
434341
434390
434416
434466
434628
434697
434770
435011
435172
435331
435332
435524
435549
435559
435600
435718
435735
435776
435826
435918
435924
435972
436011
436027
436253
436284
436299
436359
436664
436765
436766
437028
437248
437359
437628
437855
437905
438082
438094
438117
438142
438320
438461
438480
438667
438754
438815
438882
439073
439086
439088
439093
439171
439216
439350
439531
439552
439556
439676
439780
439880
439893
439950
440062
440131
440282
440282
440317
440498
440669
440783
440819
440923
440966
440999
441086
441152
441368
441724
441836
441948
442285
442408
442418
442487
442543
442762
442955
442967
443477
443488
443548
443653
443678
443710
443772
443823
443891
443931
443962
444016
444035
444251
444430
444492
444541
444585
444610
444751
444826
444838
444879
445064
445114
445236
445265
445272
445309
445313
445446
445496
445696
445731
445758
445802
445932
445933
446038
446088
446149
446181
446227
446263
446282
446396
446438
446448
446615
446842
446909
447003
447013
447077
447084
447120
447166
447285
447317
447423
447787
447790
447833
447899
447910
448183
448357
448514
448518
448717
448885
448890
449071
449339
449509
449511
449554
449568
449637
449650
449668
449693
449722
449923
449948
449984
450311
450362
450376
450476
450532
450698
450701
450854
450856
450976
450995
451036
451071
451454
451500
451564
451880
451967
452115
452232
452277
452299
452622
452629
452974
453357
453368
453421
453474
453510
453551
453560
453633
453642
453690
453710
453881
454100
454203
454294
454370
454402
454543
454622
454856
454908
454929
455114
455283
455543
455546
455656
455759
455899
455959
456165
456198
456275
456369
456414
456424
456473
456601
456639
456912
457233
457259
457342
457371
457435
457564
457618
457733
457909
457995
458046
458189
458202
458303
458314
458633
458860
459084
459123
459147
459330
459557
459620
459653
459706
459722
459724
459726
460112
460226
460285
460390
460469
460498
460757
460781
460819
460964
461042
461146
461264
461281
461416
461618
461736
461884
461960
462006
462014
462018
462046
462236
462279
462300
462551
462587
462650
462685
462882
463186
463203
463308
463785
463798
463988
463990
464027
464075
464109
464341
464440
464454
464513
464701
464765
464841
465039
465168
465190
465355
465462
465481
465590
465620
465634
465898
466062
466116
466151
466221
466301
466427
466570
466576
466645
466685
466778
467080
467109
467173
467246
467298
467308
467381
467593
467706
467744
467999
468023
468173
468200
468295
468366
468468
468592
468671
468682
468716
468811
468838
468917
469088
469109
469139
469190
469454
469495
469850
470281
470371
470393
470503
470517
470583
470636
470643
470658
470693
470867
470898
471076
471181
471194
471424
471543
471604
471647
472004
472010
472045
472066
472109
472145
472159
472220
472247
472305
472547
472639
472712
472713
472825
473033
473037
473041
473181
473182
473323
473405
473439
473459
473493
473557
473563
473676
473696
473751
473843
473854
473894
474026
474049
474103
474203
474245
474284
474345
474659
474825
474949
474976
475183
475309
475375
475693
475960
475961
476137
476203
476279
476292
476331
476350
476482
476600
476652
476883
477040
477109
477380
477733
477922
478033
478061
478104
478193
478255
478404
478634
478666
479127
479260
479324
479419
479425
479474
479653
479690
479739
479812
479927
479931
479976
480040
480067
480230
480245
480358
480745
480862
480869
480946
481083
481113
481126
481163
481241
481430
481439
481552
481558
481760
481853
481857
481891
482088
482200
482480
482513
482565
482613
482621
482726
482771
482860
482863
482929
482952
483052
483104
483347
483406
483419
483427
483458
483545
483593
483670
483711
483810
483819
484003
484080
484150
484275
484357
484358
484457
484627
484817
485014
485196
485200
485288
485313
485433
485491
485632
485818
485851
486288
486299
486365
486557
486607
486735
486882
486934
487109
487256
487274
487346
487421
487642
487683
487699
487796
487841
488025
488032
488320
488373
488411
488947
488982
489094
489158
489310
489491
489520
489647
489954
490109
490214
490272
490390
490409
490711
490852
490870
491020
491142
491161
491409
491421
491609
491654
491680
491733
491747
491759
491793
491930
491962
491988
492005
492019
492105
492114
492338
492380
492575
492658
492708
492762
492831
492850
492953
492958
492967
493137
493175
493338
493414
493447
493541
493793
493870
493895
493940
493940
494075
494113
494285
494364
494535
494752
495027
495230
495262
495309
496228
496284
496422
496569
496701
496711
496792
496880
496919
496954
496990
497046
497061
497122
497292
497404
497530
497585
497598
497863
497929
497950
497965
497976
498028
498233
498332
498548
498581
498617
498731
498732
499173
499251
499261
499367
499485
499572
499678
499684
499707
499738
499817
499922
499924
499935
500287
500318
500360
500570
500721
500740
500745
500861
500973
501094
501100
501213
501220
501221
501282
501577
501740
501798
502101
502135
502278
502521
502582
502654
502965
503101
503142
503176
503364
503538
503733
503763
503892
503925
504008
504188
504219
504252
504339
504403
504425
504553
504658
504665
504803
504834
505081
505216
505232
505256
505330
505424
505511
505752
505930
506135
506164
506236
506404
506542
506558
506614
506642
506662
506843
506944
507171
507296
507713
507806
507963
508035
508257
508269
508280
508356
508495
508556
508596
508690
508801
509078
509122
509257
509282
509524
509601
509671
509840
509888
509897
509976
510034
510133
510596
510597
510744
510890
510947
511004
511013
511039
511125
511312
511355
511433
511501
511651
511759
511834
511928
512258
512283
512420
512467
512558
512615
512635
512710
512728
512789
512795
512917
512976
513005
513104
513344
513385
513407
513411
513460
513528
513538
513589
513600
513607
513672
513690
513812
513971
514188
514202
514219
514269
514386
514394
514505
514644
514705
514739
515070
515075
515146
515155
515187
515322
515333
515508
515591
515615
515814
516006
516357
516389
516435
516441
516444
516670
516705
516711
516743
516808
516813
517083
517186
517430
517487
517533
517651
517683
517767
517784
517834
517948
517951
518503
518540
518553
518636
518699
518718
518739
518878
518881
519129
519132
519187
519219
519236
519250
519299
519377
519428
519610
519656
519685
519821
519883
519889
520029
520181
520189
520212
520302
520390
520659
520727
520731
520794
520801
520872
520902
520906
520951
521001
521043
521105
521139
521289
521394
521546
521587
521595
521622
521625
521641
521784
521831
521858
521896
522008
522110
522132
522146
522223
522227
522248
522283
522334
522708
522814
522848
523047
523057
523112
523199
523392
523421
523454
523528
523532
523596
523997
524355
524382
524573
524608
524711
524718
524818
524945
525047
525151
525182
525211
525326
525368
525387
525590
525696
526017
526049
526059
526204
526280
526750
526812
526885
526935
527021
527025
527102
527164
527422
527501
527529
527536
527542
527610
527701
527720
527744
527758
527872
527900
527924
527937
528017
528027
528037
528110
528111
528318
528711
528733
528770
528878
528886
528937
528946
529001
529223
529257
529535
529582
529626
529871
529894
529997
530089
530204
530334
530446
530454
530461
530477
530555
530703
530727
530861
531176
531278
531324
531441
531502
531522
531759
531799
531847
531868
531878
532022
532028
532030
532056
532083
532089
532270
532318
532392
532678
533022
533103
533215
533299
533402
533499
533704
533908
534046
534106
534181
534319
534455
534490
534581
534616
534784
534881
534899
534953
534973
535045
535222
535238
535391
535444
535563
535674
535698
535699
535837
535936
536259
536614
536646
536690
536714
536723
536741
536750
536754
537003
537143
537146
537551
537820
537829
538188
538294
538468
538599
538603
538839
538881
538965
538987
539088
539511
539617
539644
539917
539958
540192
540211
540235
540255
540273
540410
540412
540600
540680
540725
540746
540889
540947
541119
541364
541381
541487
541618
541825
541868
541896
541924
541948
541960
542028
542114
542115
542147
542402
542438
542752
542776
543066
543114
543115
543170
543232
543245
543379
543381
543383
543415
543818
543822
543957
544195
544331
544356
544398
544418
544438
544525
544666
544848
545176
545195
545427
545526
545578
545630
545700
545827
545969
546004
546473
546498
546521
546734
546951
547075
547252
547272
547487
547506
547526
547557
547573
547617
547656
547957
548126
548130
548178
548188
548195
548317
548335
548752
548982
549181
549318
549347
549354
549451
549473
549713
549929
549974
550423
550515
550644
550896
550928
551005
551185
551185
551242
551544
551628
551803
551809
551880
551978
552046
552164
552183
552455
552488
552784
552871
552919
552965
552966
553045
553229
553328
553385
553402
553415
553489
553581
553589
553607
553625
553640
554138
554161
554198
554357
554453
554498
554521
554929
554956
555150
555184
555199
555226
555403
555408
555479
555617
555635
555786
555971
556089
556106
556132
556165
556759
556772
556795
556828
556846
557048
557108
557229
557328
557424
557579
557797
557853
558149
558249
558265
558471
558650
558774
558804
559250
559273
559436
559462
559633
559644
559717
559745
559772
559814
559986
559986
560125
560131
560235
560271
560351
560494
560506
560522
560767
560901
560984
561023
561199
561243
561251
561279
561499
561571
561664
561670
561777
561964
561966
562153
562165
562228
562396
562473
562501
562843
562845
562952
563016
563149
563255
563280
563337
563346
563472
563486
563529
563555
563570
563584
563605
563676
563815
563922
564149
564312
564347
564441
564535
564543
564557
564805
564813
564987
565099
565141
565158
565202
565328
565451
565625
565672
565759
565775
565884
565931
566107
566130
566140
566192
566542
566569
566637
566706
566797
567009
567116
567199
567215
567466
567498
567623
567628
567651
567732
567752
567833
567949
568049
568081
568177
568216
568291
568644
568902
568936
569018
569063
569135
569168
569362
569374
570190
570363
570507
570853
570947
571007
571206
571248
571303
571356
571386
571472
571583
571731
571796
571908
571999
572126
572170
572174
572294
572345
572544
572832
572911
573164
573319
573326
573397
573452
573576
573647
573757
573835
573968
574120
574246
575081
575107
575246
575253
575333
575466
575577
575684
575710
575716
575854
576100
576153
576176
576271
576293
576551
576645
576822
576854
576897
576955
577021
577134
577224
577378
577424
577438
577453
577555
577566
577693
577763
577770
577853
577855
578117
578174
578196
578463
578681
578772
578781
579034
579118
579174
579249
579405
579584
579588
579634
579666
579667
579781
579817
579941
579977
580209
580216
580397
580420
580478
580866
580922
581265
581372
581432
581435
581468
581476
581580
581600
581911
581938
582022
582156
582172
582299
582534
582565
583062
583087
583230
583243
583351
583354
583435
583446
583536
583711
583712
583743
583849
583931
583945
584017
584036
584045
584249
584343
584374
584374
584376
584489
584650
584743
584874
584876
585226
585478
585519
585777
585816
585860
585943
585977
586032
586229
586339
586398
586544
586568
586727
587023
587081
587179
587377
587407
587468
587627
587882
587919
588162
588201
588262
588279
588488
588633
588677
588838
588893
589042
589092
589104
589138
589492
589500
589671
589688
589956
590361
590382
590386
590442
590666
590811
590813
591023
591158
591214
591423
591528
591586
591593
591596
591660
591732
591861
591898
591916
591964
592014
592080
592291
592386
592683
592720
593157
593170
593285
593317
593418
593471
593478
593554
593599
593667
593686
593944
593993
594063
594149
594377
594379
594383
594566
594756
594895
594944
595013
595046
595086
595198
595337
595383
595427
595548
595624
595714
595726
595727
595790
596108
596193
596239
596296
596334
596498
596518
596556
596606
596799
596802
596809
596945
597097
597101
597103
597162
597194
597399
597441
597458
597647
597669
597763
597801
597801
597900
597962
598279
598418
598532
598794
598826
598854
599227
599249
599271
599275
599439
599455
599813
599989
600175
600371
600454
600725
600729
600755
600810
600953
601117
601170
601298
601335
601390
601402
601504
601552
601589
601595
601617
601653
601661
601733
601773
601773
602016
602088
602250
602280
602314
602459
602523
602602
602769
602941
602966
602990
603085
603121
603168
603221
603282
603461
603516
603558
603713
603750
603805
603823
604061
604074
604100
604138
604398
604429
604506
604631
604706
604779
604871
605060
605083
605117
605143
605206
605224
605344
605491
605494
605611
605686
605938
606124
606130
606201
606252
606388
606420
606455
606492
606564
606585
606620
606658
606805
606890
606947
606972
607026
607072
607125
607151
607221
607288
607425
607482
607571
607804
607931
607955
608033
608098
608119
608195
608267
608586
608609
608651
608726
608743
608749
608939
608958
609031
609155
609156
609176
609284
609384
609498
609509
609513
609523
609546
609671
609775
609883
609900
610056
610181
610189
610338
610600
610702
610708
610943
610987
611011
611025
611040
611055
611062
611266
611346
611394
611598
611609
611738
611907
612129
612136
612177
612225
612369
612450
612474
612565
612598
612598
612630
612783
612802
613100
613125
613279
613444
613698
613701
613959
613993
614007
614026
614029
614122
614363
614487
614518
614605
614623
614862
614889
614956
615117
615171
615344
615396
615498
615899
615965
615993
616021
616031
616067
616143
616451
616493
616584
616585
616605
616621
616657
616668
616812
616849
616913
616973
617200
617325
617390
617399
617407
617462
617476
617615
618093
618157
618263
618336
618454
618634
618647
618827
619007
619017
619328
619374
619445
619969
620140
620207
620345
620382
620474
620490
620613
620799
620834
620985
621073
621078
621119
621202
621278
621295
621322
621365
621594
621649
621791
621843
621902
621952
622092
622096
622234
622343
622431
622451
622522
622567
622648
622677
622712
622817
623062
623163
623237
623534
623637
623646
623789
623801
623832
624285
624313
624316
624344
624476
624480
624522
624574
624592
624680
624721
624799
625180
625374
625523
625542
625587
625639
625985
625989
626046
626059
626149
626197
626486
626615
626654
626669
626722
626928
626971
626979
627038
627080
627095
627393
627467
627493
627505
627772
628056
628172
628190
628317
628467
628481
628550
628744
628845
629161
629190
629191
629286
629593
629831
630111
630265
630268
630371
630413
630418
630439
630453
630464
630503
630723
630781
630860
631059
631094
631194
631228
631305
631434
631448
631497
631537
631566
631612
631778
631844
631998
632009
632063
632176
632297
632481
632487
632507
632583
632615
632672
632788
632832
632868
632940
633118
633129
633173
633218
633311
633578
633637
633686
633702
633728
633834
634260
634292
634380
634391
634550
634576
634646
634726
635048
635052
635105
635322
635359
635397
635433
635514
635635
635815
635918
636216
636221
636244
636596
636615
636640
636672
636942
636970
636970
637032
637306
637407
637776
637849
637864
637951
638013
638021
638120
638145
638232
638277
638345
638376
638631
638893
638924
639111
639238
639393
639423
639560
639738
639759
639829
639979
640119
640436
640543
640641
640657
640864
640950
641126
641182
641215
641240
641312
641339
641386
641428
641540
642004
642078
642116
642267
642385
642475
642595
642674
643002
643273
643293
643348
643409
643740
643769
643880
643978
644045
644253
644290
644382
644398
644446
644454
644821
644862
644912
644939
645099
645109
645260
645319
645462
645501
645542
645654
645918
645952
646095
646299
646376
646509
646544
646569
646682
646939
646954
646993
647101
647142
647271
647311
647392
647452
647515
647571
647594
647616
647654
648071
648092
648159
648170
648251
648292
648364
648682
648685
648713
649184
649213
649259
649288
649487
649493
649538
649567
649633
649713
649752
649774
650045
650196
650407
650775
651165
651246
651257
651673
651695
651787
651969
652064
652070
652075
652181
652535
652571
652667
652724
653011
653034
653037
653069
653099
653117
653199
653351
653400
653493
653494
653506
653619
653923
653934
653969
654012
654093
654101
654117
654161
654163
654444
654465
654537
654551
654707
654759
654797
654861
654916
654984
655061
655076
655082
655224
655264
655354
655401
655459
655478
655478
655489
655559
655684
655797
655988
656052
656128
656611
656641
656670
657070
657255
657356
657373
657414
657432
657438
657846
658024
658028
658134
658475
658476
658493
658562
658592
658831
658854
659218
659621
659654
659656
659956
660031
660046
660184
660190
660276
660493
660553
660769
660826
660832
661073
661235
661364
661577
661645
661734
661845
661894
661904
662045
662052
662054
662099
662185
662306
662322
662339
662371
662411
662683
662823
662835
662891
662894
662896
663048
663115
663281
663364
663617
663622
663763
663783
663959
663972
664303
664465
664682
664760
664797
664798
664801
665138
665309
665328
665409
665601
665641
665660
665680
665783
665799
665984
665999
666017
666130
666134
666216
666301
666353
666542
666582
666611
666715
667089
667169
667211
667435
667450
667633
667698
667878
668084
668294
668373
668442
668448
668681
668834
668896
668909
668976
668976
669604
669610
669659
670115
670139
670156
670289
670348
670422
670441
670521
670699
670768
670855
671049
671092
671227
671347
671396
671591
671682
671700
671732
671902
672021
672022
672068
672244
672550
672578
672645
672859
672880
672920
673124
673352
673392
673393
673454
673473
673507
673510
673523
673721
673732
673743
674093
674099
674384
674557
674585
674600
674629
674632
674842
674882
674972
675112
675139
675221
675342
675516
675664
675679
675800
675829
676101
676125
676195
676259
676285
676387
676602
676829
676838
676941
677034
677220
677346
677527
677547
677575
677608
677747
677751
677801
677877
677878
677882
677989
678024
678027
678030
678158
678330
678352
678525
678587
678597
678613
678643
678646
678752
678833
678860
678894
678927
678973
678986
678997
679164
679251
679256
679396
679611
679676
679795
679841
679882
680098
680183
680227
680301
680450
680453
680501
680610
680883
680894
680918
680961
681009
681046
681047
681201
681440
681453
681700
681821
681845
681862
681963
682119
682266
682386
682426
682453
682470
682827
682875
682982
683340
683350
683785
683853
683892
684185
684229
684297
684432
684589
684748
684793
684861
684957
685002
685287
685385
685699
685827
685864
685874
686121
686121
686149
686219
686240
686249
686329
686475
686499
686514
686717
686771
686846
687333
687588
687812
687912
687972
687984
688142
688230
688231
688317
688328
688413
688449
688531
688844
688857
689079
689127
689159
689363
689528
689623
689708
689765
689857
689888
690296
690297
690332
690378
690382
690399
690612
690663
690909
690958
690963
691180
691222
691254
691261
691887
691906
692027
692217
692308
692490
692522
692626
692704
692771
692778
692797
692900
692928
692970
692977
693012
693060
693215
693316
693408
693601
693688
693705
693743
693753
693772
693772
693839
693850
694340
694443
694451
694489
694520
694791
694806
694812
694938
695254
695259
695276
695318
695757
695900
696085
696407
696468
696496
696537
696664
696787
696821
697079
697090
697359
697555
697596
697672
697863
697909
698019
698125
698253
698456
698535
698710
698891
698974
699090
699135
699148
699157
699265
699428
699522
699529
699707
699778
699846
700018
700040
700119
700289
700672
700784
700976
701062
701134
701142
701191
701332
701341
701596
701625
701801
702208
702288
702411
702515
702596
702597
702649
702662
702732
702758
702787
702970
703053
703130
703335
703371
703495
703592
703667
703704
703913
703981
704024
704229
704361
704428
704438
704526
704681
704782
704785
704793
704813
704858
704896
704930
705187
705257
705274
705353
705462
705467
705584
705709
705748
705754
705817
706025
706048
706231
706347
706369
706373
706396
706493
706542
706767
706828
706963
706980
707214
707273
707334
707361
707413
707761
707884
707928
707947
708015
708052
708055
708099
708224
708232
708258
708281
708308
708461
708505
708547
708998
709087
709238
709343
709397
709547
709596
709702
709760
709952
710222
710225
710225
710253
710257
710268
710367
710399
710435
710501
710640
710715
710809
710922
711092
711106
711354
711652
711685
711729
711812
712152
712241
712375
712511
712512
712552
712663
712751
712760
712986
713236
713314
713324
713347
713521
713745
713776
713894
714228
714241
714258
714339
714342
714456
714795
715022
715041
715059
715213
715374
715380
715420
715519
715602
715649
716076
716185
716370
716383
716416
716481
716645
716702
716783
716791
716819
716832
716841
716991
716998
717005
717394
717442
717722
717759
717848
717994
718024
718092
718182
718241
718277
718443
718505
718508
718532
718859
719107
719174
719190
719483
719568
719597
719629
719656
719840
719855
720054
720112
720188
720305
720435
720672
720758
720801
720930
721093
721104
721198
721363
721475
721477
721497
721524
721718
721751
721808
721910
722186
722212
722267
722329
722377
722380
722618
722824
722937
723100
723235
723264
723367
723380
723506
723584
723608
723732
723769
723786
724013
724067
724102
724114
724129
724132
724306
724389
724417
724469
724548
724613
724892
725064
725289
725396
725437
725645
725718
725748
726063
726096
726173
726213
726311
726348
726372
726586
726702
726743
726830
726861
726866
726872
726872
726954
726964
727082
727140
727258
727265
727304
727414
727671
727782
727984
728060
728067
728158
728159
728159
728179
728306
728409
728708
728737
729003
729071
729719
729756
729816
729830
729846
729925
729941
730054
730667
730701
730870
730962
730970
731090
731159
731232
731499
731669
731670
731805
731986
732089
732116
732174
732278
732422
732587
732623
732716
732736
733034
733038
733042
733076
733221
733226
733232
733365
733471
733663
733723
733752
733864
733887
733908
733914
734289
734352
734353
734400
734428
734481
734621
734846
734861
734942
735053
735076
735228
735456
735705
735947
735953
735995
736067
736081
736653
736752
736822
736943
736956
736961
737036
737044
737387
737404
737516
737638
737669
737795
737811
737819
737915
738204
738412
738458
738640
738818
738821
738893
738935
738964
739121
739173
739181
739320
739439
739517
739577
739690
739867
739977
739995
740153
740309
740335
740610
740614
740806
740838
740907
740937
740939
740977
740983
741074
741098
741178
741250
741589
741648
741801
741882
741898
742011
742060
742250
742339
742362
742373
742421
742440
742531
742672
742703
742958
742980
742999
743092
743115
743419
743427
743561
743603
743614
743796
743933
744047
744271
744379
744394
744587
744623
744633
744712
744831
744879
745291
745453
745639
745671
745846
745847
745884
745956
746295
746344
746490
746710
746899
746929
746992
747256
747318
747457
747520
747660
747815
747978
748006
748300
748345
748550
748687
748761
748852
748892
749262
749719
749772
749962
750061
750064
750262
750481
750650
750650
750653
750655
750719
750729
750855
750977
751287
751316
751333
751387
751479
751500
751554
751673
751848
751982
752012
752131
752167
752186
752395
752427
752588
752605
752643
752720
752887
753320
753388
753392
753570
753662
753679
753855
753958
754047
754059
754117
754144
754311
754476
754560
754641
754701
755066
755224
755294
755325
755399
755479
755487
755509
755532
755565
755583
755666
755786
755824
755893
756013
756074
756246
756774
756904
756956
756980
757020
757139
757171
757220
757255
757406
757669
757682
757754
757831
757998
758156
758158
758165
758216
758355
758419
758488
758582
758655
758674
758676
758722
758787
758866
759026
759092
759142
759250
759764
760047
760141
760162
760395
760698
760736
760860
761302
761317
761564
761568
761870
761988
762180
762262
762390
762426
762485
762557
762636
762682
762714
762815
762868
762951
763100
763167
763262
763263
763270
763278
763333
763449
763611
763684
763693
763776
763830
764062
764248
764287
764439
764455
764779
765174
765301
765315
765731
765834
765975
765991
766169
766212
766333
766340
766360
766391
766603
766660
766853
767096
767133
767174
767253
767259
767311
767344
767489
767538
767645
767665
767722
767928
767940
768179
768216
768331
768383
768457
768581
768598
768603
768684
768702
768713
768921
769056
769134
769158
769270
769298
769518
769605
769636
769669
769678
769722
769800
770039
770261
770513
770634
770715
770717
770836
770870
770876
771030
771056
771127
771377
771423
771470
771561
771592
771733
771748
771786
771810
771891
771993
772019
772038
772042
772200
772292
772594
772681
772748
772788
772871
772923
772941
772990
773027
773314
773501
773504
773603
773699
773769
773793
773798
773853
773903
773953
774016
774093
774102
774322
774563
774589
774692
774736
775062
775128
775134
775257
775299
775354
775504
775572
775879
776047
776096
776206
776222
776505
776549
776708
776794
776802
776846
776866
777238
777347
777418
777627
777653
777700
777743
777758
778258
778292
778368
778382
778415
778456
778492
778596
778691
778698
778753
778890
778981
778982
779161
779275
779505
779584
779662
779749
779762
779851
779876
779957
779982
780113
780130
780319
780360
780378
780598
780687
780688
781004
781242
781243
781324
781571
781714
781757
781815
782186
782309
782493
782494
782544
782617
782717
782766
782782
782785
782803
783174
783284
783325
783336
783662
783754
783791
783877
783934
783997
784006
784058
784127
784153
784494
784660
784771
784783
784786
784861
784876
784880
784978
785065
785212
785280
785313
785394
785453
785600
785701
785758
785784
785853
785864
785875
785942
785993
786007
786097
786271
786341
786387
786443
786463
786614
786663
786694
786800
786809
786837
786869
787180
787246
787293
787401
787433
787496
787547
787563
787824
788064
788104
788176
788188
788277
788687
788765
788831
788857
788893
788976
788983
789115
789164
789247
789249
789269
789459
789521
789551
789651
789663
789697
789704
789803
789847
789862
789915
789991
790044
790199
790430
790468
790646
790706
790713
790897
791116
791303
791354
791421
791425
791453
791686
791707
791860
791882
791887
792014
792025
792060
792226
792289
792398
792544
792592
792680
793099
793127
793269
793395
793451
793594
793624
793723
793915
794104
794139
794206
794356
794356
794540
794551
794555
794809
794995
795010
795015
795029
795033
795188
795321
795475
795479
795524
795752
795907
796341
796354
796479
796532
796622
797018
797067
797154
797211
797290
797300
797312
797350
797375
797441
797510
797593
797664
797678
797786
797924
797951
798074
798091
798221
798277
798504
798517
798654
798699
798872
799125
799184
799202
799341
799439
799496
799556
799760
799813
799875
800015
800093
800108
800251
800280
800312
800721
800749
800860
800882
801033
801201
801296
801303
801401
801501
801585
801647
801669
801786
801915
801942
802052
802120
802277
802480
802538
803184
803313
803517
803570
803618
803630
803667
803728
803730
803740
803780
803896
804009
804193
804296
804579
804830
804848
804893
804915
805115
805136
805184
805202
805258
805562
805675
805806
806125
806284
806407
806619
806761
806826
806932
807048
807072
807152
807166
807169
807175
807334
807377
807706
807736
807969
808018
808024
808294
808579
808889
809140
809140
809159
809263
809288
809397
809439
809447
809497
809688
809765
809793
810040
810198
810258
810312
810371
810384
810495
810654
810701
810790
810870
810899
810949
810997
811311
811370
811688
811695
811706
811734
811765
811970
812021
812179
812644
812754
812908
812911
813055
813145
813223
813314
813324
813415
813429
813457
813537
813647
814017
814045
814103
814533
814540
814836
814851
814918
815493
815585
815820
815848
815878
815882
815981
816019
816058
816208
816212
816266
816357
816387
816436
816594
816609
816622
816677
816864
816912
817183
817220
817367
817885
818161
818314
818377
818463
818531
818598
818618
818765
818786
818799
818828
818878
818920
818996
819093
819237
819321
819568
819669
819865
819879
819880
819911
820078
820165
820222
821141
821198
821332
821378
821567
821602
821659
821701
821736
821831
822219
822444
822472
822503
822596
822832
822903
822933
822989
823056
823117
823147
823171
823377
823394
823520
823521
823657
823779
823815
823877
823921
824010
824014
824077
824129
824137
824151
824241
824307
824398
824424
824430
824492
824518
824535
824550
824563
824571
824714
824807
824814
824935
825036
825066
825240
825304
825380
825387
825515
825687
825706
825708
825935
825938
826068
826171
826313
826324
826340
826401
826731
826743
826974
827059
827215
827356
827360
827492
827735
827758
827778
827792
827800
827878
827934
827960
828040
828054
828056
828125
828151
828176
828290
828291
828362
828414
828423
828437
828500
828504
828511
828607
828657
828715
828795
828818
828819
828843
828858
828938
828997
829217
829284
829391
829442
829459
829496
829659
829804
829846
829878
829897
829932
830030
830131
830349
830362
830582
830584
830593
830813
831162
831337
831358
831388
831400
831608
831609
831637
831640
831687
831712
832403
832435
832606
832784
832893
833337
833351
833511
833580
833585
833691
833925
833997
834069
834230
834276
834331
834559
834639
834861
834937
834962
835392
835417
835551
835607
835643
835657
835801
835882
836099
836195
836218
836237
836281
836351
836515
836618
836676
836806
836806
836906
836916
836962
836979
837084
837143
837183
837184
837352
837441
837781
837814
838020
838216
838257
838263
838417
838678
838739
838747
838766
839023
839239
839251
839308
839404
839464
839496
839537
839613
839927
840125
840243
840296
840680
840710
841023
841482
841511
841538
841544
841637
841807
841810
841825
841835
841933
841982
842019
842065
842237
842457
842714
842835
842864
842897
842949
843191
843220
843225
843289
843302
843573
843681
844001
844113
844194
844554
844599
845132
845166
845449
845589
845596
845811
845816
845884
846197
846200
846206
846232
846280
846296
846516
846534
846588
846715
846967
847329
847370
847386
847556
847602
847684
847805
847838
847931
847955
847980
848068
848078
848200
848293
848301
848482
848535
848541
848625
848686
848705
848706
848724
848768
848775
849189
849358
849364
849419
849444
849603
849797
849805
849876
849908
849947
849983
850121
850153
850225
850365
850470
850525
850606
850658
850663
850787
850823
851182
851186
851423
851504
851530
851593
851686
851711
851744
851878
851881
852118
852122
852278
852598
852638
852960
853122
853271
853457
853586
853662
853777
853914
853995
853999
854037
854040
854168
854182
854292
854386
854465
854508
854730
854745
855497
855693
855818
855865
856050
856060
856157
856181
856548
856673
856675
857046
857074
857109
857259
857408
857834
858287
858397
858408
859006
859045
859054
859147
859182
859194
859405
859422
859499
859525
859540
859548
859550
859618
859689
859781
859804
859879
859969
859982
860245
860395
860446
860494
860565
860599
860657
860840
860957
861048
861267
861271
861576
861634
861723
861733
861771
861775
861957
861969
862197
862244
862337
862510
862537
862601
862807
862880
862914
862953
863044
863119
863437
863477
863786
863855
863943
864020
864034
864038
864039
864193
864275
864399
864488
864517
864664
865059
865181
865249
865346
865455
865649
865746
865825
865867
866222
866294
866354
866560
866789
866811
866999
867291
867532
867844
867854
867977
868003
868168
868362
868388
868449
868515
868569
868790
868893
868911
868968
869108
869303
869798
869939
869977
869997
870178
870282
870300
870389
870401
870512
870698
870735
870824
870862
870871
870908
871115
871181
871219
871222
871283
871300
871315
871438
871440
871536
871630
871692
871741
871767
871799
871898
871918
871976
872069
872174
872179
872191
872503
872550
872605
872633
872777
872924
873124
873176
873307
873500
873704
873794
873846
873864
874078
874091
874112
874157
874312
874435
874490
874584
874608
874676
874727
874828
875174
875200
875202
875316
875475
875486
875541
875575
875580
875588
875624
875809
875827
875853
876022
876547
876692
877183
877189
877309
877481
877627
877664
877703
877798
877811
877899
877953
877969
877988
878025
878150
878361
878768
878971
879097
879186
879240
879279
879349
879389
879394
879460
879478
879480
879579
879584
879679
879707
880064
880077
880127
880292
880304
880847
880863
880896
880942
880990
881010
881114
881212
881266
881345
881600
881625
881807
881851
882061
882096
882118
882414
882426
882515
882527
882589
882614
882622
882708
882811
882840
882978
883105
883152
883305
883308
883336
883458
883512
883629
883648
883720
883808
883907
883952
884164
884195
884228
884267
884387
884413
884495
884534
884629
884688
884855
884996
885154
885405
885554
885606
885664
885780
885881
886015
886061
886077
886118
886195
886352
886452
886484
886521
886818
886889
887051
887090
887146
887147
887154
887182
887596
887644
887762
887911
887937
887955
888020
888161
888185
888229
888232
888389
888389
888450
888470
888598
888750
888845
888939
889106
889244
889250
889396
889493
889537
889569
889590
889611
889677
889791
889813
889916
889917
890023
890125
890272
890344
890353
890651
890757
890948
890979
891095
891158
891357
891400
891417
891430
891457
891591
891779
891991
892026
892320
892410
892632
892780
892883
892970
893001
893077
893362
893556
893642
893650
893692
893906
894030
894284
894355
894410
894455
894490
894733
894928
894955
895015
895144
895155
895335
895428
895543
895648
895981
896188
896339
896407
896553
896659
896672
896797
896923
896995
897214
897239
897296
897521
897556
897639
897660
897959
897984
897998
898072
898105
898143
898157
898185
898198
898275
898347
898445
898484
898559
898713
899259
899298
899301
899376
899533
899633
899659
899666
899693
899747
899994
900039
900103
900281
900334
900396
900423
900430
900450
900460
900463
900603
900725
900844
900879
901067
901206
901305
901330
901378
901417
901501
901588
901643
901647
901677
901686
902115
902284
902422
902645
902888
902937
903140
903158
903218
903282
903294
903309
903387
903496
903498
903521
903575
903596
903658
903672
903687
903975
904050
904144
904334
904462
904502
904544
904555
904610
904680
904688
904867
905064
905161
905174
905185
905463
905697
905720
905896
905921
905969
905986
906024
906194
906220
906320
906337
906638
906649
906928
906958
907126
907204
907314
907590
907673
907780
907802
907897
907900
908257
908469
908598
908739
908811
908814
909048
909106
909338
909694
909834
909834
909955
910022
910117
910180
910295
910366
910442
910494
910498
910604
910633
910668
910790
910940
910973
911002
911011
911127
911205
911258
911448
911494
911508
911557
911604
911800
911822
911864
912001
912249
912332
912344
912404
912499
912529
912680
912724
912790
912938
912976
913020
913084
913136
913143
913295
913379
913524
913534
913664
913900
914027
914053
914196
914237
914256
914384
914451
914461
914464
914473
914481
914697
914754
914846
914866
914892
915034
915152
915198
915218
915293
915589
915609
915644
915658
915743
915822
915889
915958
916021
916027
916134
916200
916410
916425
916563
916735
916777
916814
916955
916972
917015
917228
917256
917412
917414
917486
917492
917631
917690
917802
917981
918272
918441
918534
918698
918893
918949
918983
918999
919046
919083
919090
919115
919380
919401
919575
919611
919832
919866
919908
920245
920524
920610
920833
920959
921281
921313
921414
921424
921438
921454
921519
921614
921792
921991
922249
922265
922281
922311
922368
922418
922438
922527
922594
922801
922802
922901
922947
923138
923243
923333
923397
923506
923632
923846
924108
924137
924185
924222
924433
924477
924594
924943
924983
925045
925144
925366
925448
925652
925861
925878
926010
926072
926083
926086
926356
926603
926620
926746
927094
927146
927341
927348
927547
927548
927628
927656
927776
927806
928096
928260
928363
928444
928458
928519
928600
928630
929091
929211
929325
929368
929391
929473
929557
929678
929802
929805
929854
929950
930115
930230
930251
930263
930321
930459
930576
930966
931007
931124
931137
931353
931386
931407
931408
931540
931730
931840
931898
932063
932295
932407
932487
932691
932796
932919
932971
933133
933219
933273
933374
933502
933524
933629
933967
934044
934174
934396
934479
934636
934728
934757
934893
934920
935119
935210
935238
935252
935460
935480
935595
935760
935808
936261
936276
936474
936805
936884
937100
937145
937178
937193
937264
937339
937451
937526
937567
937722
937838
937932
937987
937987
938098
938122
938214
938216
938343
938362
938362
938388
938445
938477
938522
938627
938651
938745
938755
938883
938981
938985
939136
939161
939170
939311
939442
939913
939952
940073
940087
940095
940124
940157
940293
940350
940518
940620
940809
940892
940964
940966
940969
941021
941120
941252
941415
941699
941762
941811
941851
941870
942031
942051
942059
942074
942090
942157
942189
942363
942425
942591
942674
942880
943043
943045
943076
943106
943195
943320
943394
943413
943506
943868
943996
944171
944543
944574
944613
944622
944632
944707
944802
944937
945112
945278
945301
945311
945416
945481
945522
945564
945586
945624
945677
946012
946063
946108
946258
946626
946782
946829
946894
946900
946955
947097
947251
947372
947406
947407
947555
947557
947782
947880
948013
948049
948157
948209
948394
948443
948540
948885
949140
949229
949274
949504
949567
949594
949691
950091
950190
950367
950391
950475
950976
950988
950996
951026
951035
951167
951225
951343
951395
951409
951451
951492
951714
951740
951815
951844
951980
952033
952354
952602
952712
952747
952835
952902
952907
953194
953256
953597
953642
953801
953828
954216
954273
954287
954362
954540
954593
954602
954726
955050
955090
955144
955247
955275
955477
955487
955504
955526
955568
955578
955673
956160
956337
956353
956380
956408
956444
956588
956702
956750
956827
956844
956869
957105
957233
957351
957409
957540
957608
957620
957703
957815
957882
958106
958132
958428
958664
958842
958964
959033
959178
959188
959399
959476
959509
959554
959665
959830
959956
959994
960067
960363
960394
960439
960461
960642
960678
960874
961027
961143
961259
961306
961403
961615
961669
961758
961795
961958
962071
962205
962271
962293
962302
962334
962363
962377
962426
962437
962587
962673
962789
962944
962946
963015
963037
963290
963322
963523
963551
963737
963768
963788
964172
964175
964191
964346
964441
964464
964488
964502
964532
964587
964615
964800
964829
964870
964930
965002
965118
965416
965507
965542
965584
965659
965881
965885
965896
965966
966138
966194
966225
966323
966497
966610
966763
967007
967046
967070
967146
967646
967656
967710
967801
967850
967985
968063
968089
968277
968279
968290
968637
968689
968738
968826
968972
969141
969299
969370
969479
969797
969856
969898
970038
970117
970121
970190
970212
970321
970326
970338
970338
970355
970398
970518
970538
970545
970839
970860
970941
971066
971273
971323
971438
971465
971481
971500
971744
971812
971867
971886
972045
972072
972099
972143
972244
972608
972707
972748
972768
972924
972963
972976
972980
973014
973057
973098
973169
973519
973598
973774
973783
973816
973840
973918
973993
973996
974007
974116
974145
974168
974182
974438
974448
974551
974624
974781
974947
975110
975213
975255
975265
975307
975364
975452
975584
975716
975771
975779
975888
975903
975992
976014
976059
976227
976317
976556
976890
976905
977078
977878
977902
978074
978180
978217
978317
978338
978342
978524
978549
978611
978862
978876
978929
979133
979210
979315
979533
979580
979766
979949
979952
980019
980047
980316
980382
980422
980555
980575
980605
980610
980624
980657
980679
980695
980701
981235
981419
981606
981692
981761
981821
981868
981941
981944
982001
982013
982236
982270
982332
982426
982453
982497
982644
982666
982724
982726
982735
982739
982745
982881
983014
983062
983091
983148
983234
983572
983615
983977
984121
984197
984296
984319
984410
984426
984516
984541
984615
984798
984900
984918
985025
985029
985190
985356
985372
985404
985465
985599
985632
985739
985904
986025
986095
986138
986249
986390
986451
986590
986597
986672
986757
986841
986944
987026
987112
987237
987281
987508
987522
987718
987806
987919
988251
988258
988314
988350
988381
988526
988556
988634
988690
988736
988765
989192
989247
989331
989425
989520
989552
989586
989601
989897
990042
990306
990541
990712
990783
991038
991063
991091
991255
991284
991342
991429
991534
991600
991785
992112
992360
992362
992530
992591
992612
992664
992763
992814
993352
993458
993542
993743
993814
993832
993882
993948
994093
994256
994465
994519
994554
994558
994606
994615
994695
994742
995021
995695
995716
995771
995810
996098
996259
996284
996290
996337
996350
996859
996867
996875
997054
997201
997272
997328
997353
997396
997448
997492
997611
997665
997721
997732
997738
997751
997802
997836
997881
998098
998115
998255
998598
998636
998747
998790
998919
998933
999190
999303
999312
999497
999603
999674
999736
999866
999938
