26
312
498
622
667
770
795
1245
1303
1365
1474
1512
1683
1796
1819
1854
1872
1986
2101
2114
2325
2378
2520
2704
2804
2874
3127
3157
3206
3316
3356
3362
3622
3878
3969
3987
4540
4590
4640
5155
5195
5357
5493
5654
5688
5730
5758
5773
5801
5802
5879
5919
5931
5993
6053
6073
6094
6311
6337
6461
6474
6690
6803
6829
6912
6976
7088
7170
7229
7343
7382
7525
7594
8110
8125
8221
8232
8484
8497
8506
8549
8618
9154
9365
9402
9592
9601
9739
9788
10007
10131
10136
10191
10282
10415
10442
10556
10564
10579
10610
10845
10866
10889
11002
11031
11037
11107
11110
11514
11581
11634
11653
11746
11746
12062
12091
12113
12225
12341
12615
12753
12754
12761
12789
12846
12941
13147
13149
13171
13203
13268
13374
13415
13506
13847
14033
14219
14262
14336
14345
14438
14442
14509
14578
14986
15006
15055
15086
15152
15156
15168
15285
15503
15659
16437
16456
16594
16736
16784
16831
16914
16945
16955
17000
17065
17097
17227
17237
17262
17449
17456
17456
17474
17773
17817
17841
17853
18152
18425
18526
18587
18861
18881
19001
19051
19086
19194
19314
19509
19597
19802
20516
20923
21034
21047
21051
21133
21180
21558
21724
21792
21833
22059
22059
22255
22519
22616
22663
22838
22932
23017
23281
23454
23684
23743
23745
23862
24049
24143
24266
24356
24420
24772
24916
24969
25002
25098
25190
25214
25354
25359
25531
25823
25934
26055
26088
26168
26224
26306
26316
26317
26432
26541
26615
26763
26789
27271
27389
27403
27697
27743
27778
27819
27846
27890
28020
28043
28224
28482
28509
28790
28828
29705
29830
29839
29868
29913
29913
30323
30366
30444
30458
30661
30758
30950
30966
31117
31158
31179
31302
31415
31425
31561
31567
31642
31736
31820
31862
31869
31894
31980
32090
32273
32284
32311
32405
32430
32437
32514
32545
32814
32819
32936
33045
33174
33251
33332
33333
33517
33649
33677
33799
33900
34309
34318
34360
34844
34931
35081
35100
35146
35277
35307
35321
35709
35928
35941
35979
36079
36105
36239
36268
36483
36638
36649
36656
36664
36723
36832
36891
36953
36986
36997
37273
37370
37386
37451
37667
37795
37922
38089
38165
38314
38355
38551
38569
38569
38587
38722
38862
39292
39301
39321
39343
39396
39416
39645
39902
40029
40042
40118
40176
40274
40313
40430
40443
40493
40532
40615
40925
41049
41050
41101
41119
41324
41397
41458
41531
41544
41798
41866
42048
42337
42341
42387
42422
42475
42565
42825
42846
42880
42984
43413
43449
43526
43685
43914
44220
44222
44267
44355
44395
44439
44486
44517
44554
44699
44705
44744
44780
45259
45295
45379
45526
45537
45588
45740
45742
45865
45903
45965
45982
46100
46346
46367
46486
46497
46588
46636
46727
46780
46804
46840
46948
47100
47102
47265
47296
47543
47780
48011
48061
48153
48165
48173
48221
48299
48377
48581
48604
48678
48757
48817
48904
48934
48941
49031
49077
49223
49257
49335
49926
50022
50140
50143
50218
50261
50318
50353
50417
50429
50617
50788
50800
50831
50981
51203
51216
51245
51383
51403
51501
51536
51625
51700
51725
51894
52289
52362
52385
52433
52630
52750
52817
52998
53001
53132
53320
53348
53450
53538
53665
53769
54235
54335
54454
54590
54642
54661
54702
54744
54989
55021
55032
55060
55161
55221
55373
55479
55525
55583
55592
55655
55757
55827
55827
55864
55952
56305
56379
56623
56834
56974
56977
56999
57011
57194
57228
57265
57361
57476
57597
57636
57708
57790
57818
57905
57988
58015
58093
58327
58522
58648
58665
58727
59091
59097
59285
59292
59384
59408
59439
59475
59670
59803
59907
59935
59980
60101
60168
60198
60373
60850
60959
61151
61430
61496
61626
61655
61752
61945
62068
62136
62216
62370
62409
62453
62546
62691
62732
62787
62791
62926
62941
62945
63032
63092
63231
63244
63334
63349
63393
63461
63466
63550
63579
63584
63725
63831
64127
64185
64200
64208
64276
64343
64348
64423
64566
64640
64849
64998
65021
65190
65267
65280
65302
65468
65539
65851
66021
66161
66166
66241
66472
66576
66716
66913
66972
67020
67076
67082
67269
67361
67490
67495
67508
67583
67604
67699
68004
68070
68109
68134
68161
68206
68232
68557
68846
68859
68883
68904
68927
68945
68955
69080
69179
69192
69288
69299
69348
69464
69586
69691
69778
70011
70090
70101
70106
70157
70247
70375
70499
70508
70603
70646
70734
70735
70842
70850
70863
70901
70923
71175
71182
71284
71331
71509
71583
71661
71787
71799
71811
72237
72250
72256
72458
72486
72925
72965
73022
73047
73059
73060
73104
73125
73149
73165
73187
73228
73352
73642
73656
73830
73858
73859
73944
73989
73998
74083
74239
74240
74272
74510
74749
74792
74804
75195
75257
75388
75584
75703
75728
75865
75933
76069
76265
76312
76372
76786
76831
76843
76881
76958
77007
77138
77332
77387
77406
77440
77498
77693
77860
77938
78012
78098
78209
78326
78392
78425
78494
78504
78823
78908
79002
79077
79079
79169
79248
79334
79357
79395
79411
79416
79440
80341
80499
80512
80586
80638
80745
80916
80961
80967
80987
81010
81227
81460
81500
81642
81707
81708
81797
81853
82050
82106
82217
82265
82364
82427
82496
82601
82789
82795
82972
82996
83012
83059
83345
83641
83722
83854
83895
84013
84019
84202
84476
84484
84489
84572
84594
84759
85051
85052
85093
85250
85465
85595
85604
85655
85696
85790
85794
85815
85825
85897
85952
85955
85972
86594
86789
86944
86990
87107
87155
87162
87461
87597
87602
87621
87743
87822
87913
88402
88553
88692
88948
89114
89427
89435
89545
89752
89781
89826
90084
90088
90172
90262
90317
90596
90835
90886
90941
90963
91426
91639
91640
91687
91798
91832
92008
92021
92104
92120
92590
92698
92738
92753
92929
93112
93167
93466
93514
93660
93736
93887
93951
93988
94027
94111
94247
94258
94432
94508
94511
94521
94531
94576
94586
94684
94809
95008
95168
95526
95530
95572
95600
95787
95844
95964
95971
96058
96119
96134
96192
96410
96519
96543
96582
96717
96993
97043
97130
97253
97285
97464
97494
97548
97595
97872
97888
97991
97998
98141
98169
98193
98208
98287
98351
98854
98881
99022
99047
99074
99244
99292
99508
99548
99614
99741
99746
99956
99997
100110
100121
100311
100387
100404
100525
100769
100940
100951
100985
101019
101020
101057
101063
101179
101512
101753
101778
102064
102169
102228
102506
102578
102622
102647
102657
102698
103202
103234
103366
103469
103628
103804
103991
104138
104190
104289
104331
104383
104453
104498
104647
104654
104676
104735
104876
104915
104928
105003
105052
105090
105118
105143
105186
105344
105412
105599
105683
105723
105745
105754
105762
105986
106294
106319
106333
106340
106489
106581
106692
106790
106817
106827
106905
106958
106986
107015
107130
107432
107749
107821
107918
107951
108048
108239
108380
108444
108855
108863
108938
109164
109206
109231
109313
109504
109602
109620
109822
109831
109933
109937
110007
110030
110052
110153
110217
110858
110910
110935
110993
111014
111127
111134
111211
111254
111568
111786
111806
111933
112107
112116
112242
112463
112692
112715
112778
112856
112896
113196
113276
113344
113420
113439
113581
113585
113599
113693
113700
113714
113717
113812
113914
114044
114449
114465
114581
114730
114748
114940
114974
115097
115171
115315
115419
115439
115769
115778
115911
116088
116166
116315
116366
116539
116563
116603
116778
116781
116784
116841
116924
116935
117009
117195
117418
117419
117420
117433
117481
117550
117556
117563
117603
117657
117744
118097
118243
118322
118377
118600
118711
118721
119046
119123
119125
119287
119290
119388
119393
119458
119501
119578
119600
119638
119653
119676
119851
119976
120185
120197
120321
120356
120715
120803
120835
120854
120960
120995
121031
121093
121106
121113
121188
121349
121383
121416
121427
121522
121627
121751
121862
121962
122055
122079
122098
122185
122293
122345
122429
122618
122709
122727
122753
122784
122891
122919
122927
122955
123012
123082
123092
123374
123495
123496
123513
123677
123843
123940
124039
124078
124158
124208
124212
124217
124232
124245
124551
124569
124610
124650
124772
124789
124855
124887
125052
125167
125373
125600
125739
125816
125833
126046
126201
126384
126399
126605
126662
126690
126727
126787
126952
127017
127026
127077
127084
127095
127258
127304
127374
127487
127539
127540
127631
127711
127772
127784
127955
128052
128077
128462
128464
128806
129049
129088
129164
129183
129305
129455
129497
129506
129769
129921
130036
130263
130429
130579
130688
130771
130895
130938
130991
131034
131178
131266
131481
131548
131556
131647
131676
131802
131952
132054
132171
132325
132365
132760
132780
132840
133002
133034
133068
133299
133382
133538
133616
133938
133957
134051
134640
134726
134843
134914
135119
135139
135160
135218
135517
135614
135627
135639
135641
135657
135918
136021
136244
136335
136367
136418
136487
136515
136571
136612
136684
137026
137200
137200
137201
137322
137375
137400
137452
137506
137571
137642
137793
137935
137988
137998
138015
138106
138198
138256
138388
138556
138674
138874
139002
139089
139301
139309
139375
139403
139412
139420
139607
139761
139875
139905
139914
139915
140259
140302
140344
140399
140440
140542
140756
140795
140804
140828
140836
141123
141133
141211
141376
141463
141663
141788
141817
141935
142244
142360
142381
142444
142554
142584
142891
142981
143140
143193
143370
143731
144132
144178
144204
144217
144477
144485
145083
145304
145523
145661
145675
145838
145897
145950
145962
146205
146641
146662
146871
147008
147151
147205
147410
147537
147550
147815
147934
148077
148295
148352
148371
148390
148433
148629
148659
148742
148867
148916
149001
149337
149375
149495
149533
149573
149618
149897
149900
149979
150040
150171
150335
150339
150345
150377
150570
150581
150706
150751
150890
150971
151005
151018
151060
151099
151318
151490
151569
151756
151799
151872
152035
152181
152308
152329
152423
152494
152502
152780
152821
152855
152924
152938
152990
153063
153075
153135
153476
153585
153633
154095
154162
154229
154254
154326
154500
154574
154696
154787
154824
154876
155050
155102
155166
155398
155402
155431
155745
155804
155828
155945
156171
156231
156260
156270
156319
156483
156491
156604
156863
156866
156866
156879
157101
157192
157335
157381
157424
157427
157574
157850
157874
158003
158158
158266
158576
158690
158734
158737
158796
158950
159107
159184
159234
159486
159566
159672
159693
159728
159774
159810
159896
160026
160138
160199
160204
160326
160333
160368
160480
160511
160527
160630
160748
160892
161170
161259
161325
161370
161458
161467
161482
161733
161810
161854
162000
162121
162177
162356
162430
162535
162642
162663
162827
162848
163111
163199
163209
163298
163306
163399
163448
163536
163540
163570
163641
163689
163715
163736
163752
164124
164400
164514
164522
164702
164850
164988
165153
165178
165281
165309
165345
165442
165585
165649
165665
165744
165774
165775
165894
165976
166059
166182
166392
166412
166416
166489
167094
167205
167313
167328
167829
167834
167907
168015
168024
168033
168044
168117
168374
168551
168841
168850
168875
168984
169183
169220
169372
169520
169556
169581
169817
169845
169872
170145
170157
170420
170434
170548
170612
170863
171192
171208
171284
171332
171444
171884
171928
172026
172333
172337
172557
172745
172833
172879
172894
172914
173142
173147
173189
173273
173318
173509
173513
173697
173944
173991
174043
174081
174194
174379
174410
174714
174730
174790
175069
175167
175170
175748
176101
176131
176173
176347
176377
176427
176527
176528
176652
176758
176899
176913
177114
177350
177486
177556
178019
178231
178355
178440
178555
178666
178877
179067
179096
179331
179336
179344
179495
179667
179746
179765
179835
179846
179860
179899
179910
179954
179985
179991
180007
180330
180376
180514
180574
180754
180781
180862
180934
180976
181013
181027
181126
181144
181153
181153
181207
181376
181417
181444
181454
181459
181544
181765
181828
181906
182012
182028
182156
182202
182234
182245
182313
182677
182712
182714
182864
183426
183443
183544
183569
183699
183789
183872
183881
183899
183957
184042
184229
184231
184477
184497
184529
184540
184559
184655
184962
184993
185000
185160
185203
185495
185614
185845
185890
186083
186097
186161
186233
186311
186369
186373
186630
186703
186704
186907
186914
186922
186981
186982
187059
187090
187148
187185
187419
187428
187430
187456
187509
187515
187522
187604
187700
187716
188492
188542
188543
188671
188771
188800
188956
188987
189004
189110
189170
189278
189406
189606
189617
189670
189725
189777
189909
190138
190140
190261
190282
190374
190669
190923
190927
190938
191059
191092
191242
191309
191322
191374
191781
191807
191982
192261
192311
192433
192473
192658
192718
192778
192787
192809
192838
192984
193252
193465
193661
193679
193680
193685
193715
193782
193887
193898
193961
194103
194131
194400
194512
194697
194708
194771
194889
195070
195155
195206
195217
195294
195378
195481
195718
195727
195767
195805
195832
195947
196142
196347
196714
196750
196823
196940
197105
197166
197238
197297
197459
197625
197981
198414
198536
198696
198789
199049
199080
199083
199136
199267
199358
199521
199563
199582
199736
199752
199856
200073
200104
200257
200343
200462
200527
200716
200821
200838
200977
201003
201137
201145
201226
201361
201453
201507
201531
201557
202158
202185
202508
202643
202711
202748
202875
202995
203173
203307
203410
203611
203705
203803
203839
204010
204087
204173
204282
204369
204384
204466
204588
204771
204778
204781
204799
204896
205071
205187
205304
205348
205403
205593
205612
205981
206215
206455
206573
206644
206680
206850
206873
206911
206998
207025
207222
207282
207399
207465
207727
207729
207757
207910
207925
207985
207986
207999
208009
208070
208086
208142
208153
208155
208167
208219
208437
208546
208610
208620
208670
208684
208706
208721
209145
209183
209185
209284
209292
209758
209793
209919
210023
210104
210141
210371
210440
210575
210626
210852
211156
211394
211472
211489
211634
211659
211785
211879
211892
211933
212389
212521
212532
212642
212785
212861
212898
213378
213512
213543
213567
213569
213798
213811
213822
214009
214046
214049
214073
214143
214254
214374
214404
214535
214580
214832
214842
214968
214994
215171
215179
215199
215215
215420
215421
215448
215562
215591
215633
215667
215685
215729
215763
215792
216028
216050
216062
216101
216191
216376
216460
216631
216732
216769
216797
216929
217007
217096
217146
217184
217189
217335
217390
217481
217555
217615
217649
217657
217661
217677
217822
217882
218052
218160
218180
218195
218304
218316
218318
218374
218430
218540
218554
218675
218745
218749
218751
218796
218946
219037
219073
219082
219284
219358
219477
219621
219655
219724
219764
219786
219898
219947
220285
220298
220337
220608
220698
220740
220845
220955
220958
221207
221223
221326
221632
221659
221732
221768
221810
221938
222397
222474
222530
222562
222608
222769
222831
222859
222969
222980
222991
223150
223307
223337
223350
223501
223609
223723
224121
224338
224410
224418
224488
224496
224543
224636
224728
224767
224896
224961
224983
225002
225234
225421
225512
225612
225624
225808
225915
225959
226077
226140
226174
226246
226275
226318
226461
226588
226606
226621
226627
226695
226930
226999
227184
227196
227276
227565
227674
227700
227751
227762
227763
228069
228085
228149
228153
228192
228248
228429
228466
228641
228642
228921
228921
228955
229189
229202
229942
229991
230025
230168
230426
230488
231006
231015
231016
231033
231044
231366
231449
231499
231857
232157
232247
232307
232689
232698
232748
232786
232812
232841
233222
233324
233335
233380
233450
233463
233546
233549
233589
233744
233768
233770
233836
233870
233872
234042
234160
234418
234433
234641
234712
234810
234926
234945
235196
235214
235272
235281
235520
235561
235621
235642
235648
235752
235758
235851
235982
236099
236375
236482
236497
236624
236634
236665
236692
236715
236746
237088
237095
237250
237304
237333
237390
237457
237799
237894
237942
237958
238370
238487
238857
238896
239035
239110
239187
239203
239866
239891
239995
240161
240317
240502
240695
240816
240828
240954
241200
241209
241315
241328
241390
241441
241477
241496
241651
241768
242024
242282
242287
242433
242440
242583
242669
242943
242947
242949
242983
242997
243024
243059
243179
243180
243411
243420
243433
243635
243665
243989
244005
244045
244079
244180
244229
244336
244461
244477
244526
244600
244797
244834
245074
245130
245183
245185
245352
245376
245405
245445
245467
245472
245527
245594
245639
245738
245992
246011
246037
246064
246065
246134
246249
246287
246346
246597
246617
246635
246805
246969
246971
247079
247152
247384
247420
247422
247460
247510
247549
247609
248058
248178
248210
248261
248279
248389
248579
248586
248596
248597
249057
249075
249097
249128
249179
249266
249266
249413
249466
249497
249734
249802
250169
250245
250352
250485
250602
250903
251164
251240
251553
251586
251615
251658
251678
251723
252111
252229
252301
252544
252628
252688
252706
252855
252861
252963
253031
253076
253172
253422
253438
253597
253604
253641
254071
254156
254300
254391
254477
254498
254520
254528
254600
254607
254873
254883
254896
254932
254945
254973
255105
255194
255450
255469
255504
255652
255808
256019
256114
256119
256125
256139
256165
256212
256386
256434
256444
256447
256619
256629
256941
256974
257169
257369
257372
257499
257673
257912
257996
258067
258166
258179
258324
258538
258553
259039
259088
259095
259195
259337
259760
259797
259950
260182
260240
260364
260525
260598
260801
261056
261126
261146
261160
261240
261397
261454
261499
261657
261695
261697
261858
261938
262062
262107
262208
262222
262245
262253
262351
262409
262512
262773
262902
262948
262986
263108
263523
263595
263653
263769
263776
263842
263863
263878
263889
263915
264021
264097
264216
264442
264565
264735
264769
264941
265278
265362
265393
265499
265778
265791
265931
265982
266039
266059
266324
266425
266621
266650
266729
266729
266760
267154
267271
267334
267500
267544
267549
267634
267718
267833
267944
267946
267988
268024
268040
268628
268716
268748
268823
268923
268951
269116
269133
269460
269482
269631
269774
269866
269874
270009
270015
270020
270113
270333
270358
270498
270531
270683
270685
270723
270725
270734
270800
270920
271076
271124
271129
271133
271249
271270
271407
271426
271434
271686
271756
272016
272134
272155
272281
272341
272341
272839
272934
273053
273335
273414
273453
273456
273597
273664
273729
273898
273980
274026
274087
274324
274328
274356
274466
274503
274767
274793
275009
275076
275236
275300
275480
275586
275703
275759
275785
275925
276010
276699
276700
276742
276768
276789
276913
277010
277052
277057
277129
277234
277249
277413
277452
277454
277492
277512
277571
277593
277629
277777
277787
277879
278111
278120
278147
278201
278352
278359
278525
278741
278806
278810
278813
278956
279217
279357
279451
279505
279588
279601
279608
279764
279836
279841
279918
280056
280121
280132
280495
280524
280603
280660
280665
280949
280972
281006
281060
281087
281133
281186
281204
281423
281479
281493
281525
281537
281596
281612
281637
281744
281927
281976
282079
282178
282395
282422
282424
282627
282670
282759
282803
282864
282911
282966
283035
283274
283363
283370
283430
283442
283561
283566
283605
283745
283756
283836
283962
283969
284084
284262
284450
284472
284651
284688
284802
284938
285015
285030
285124
285194
285328
285472
285525
285593
285646
285665
285673
286017
286047
286077
286123
286130
286176
286276
286334
286380
286451
286705
287049
287053
287054
287173
287220
287242
287279
287314
287365
287416
287429
287533
287615
287687
287693
287835
288112
288307
288371
288474
288581
288683
288902
289028
289071
289210
289237
289269
289301
289338
289464
289802
289805
290050
290097
290098
290184
290220
290391
290593
291123
291208
291407
291432
291602
291789
291937
291951
292026
292042
292121
292154
292157
292209
292446
292613
292736
292780
292784
293265
293727
293749
293805
293881
293891
293974
293981
293981
294206
294389
294424
294434
294437
294503
294622
294779
294866
295086
295246
295256
295293
295461
295543
295566
295647
295783
295808
295821
295902
296134
296164
296195
296213
296334
296609
296669
297041
297059
297101
297148
297163
297164
297292
297411
297628
297694
297795
297839
298043
298057
298128
298177
298286
298345
298494
298608
298919
298951
299162
299269
299320
299478
299654
299676
299877
299962
299989
300137
300225
300345
300397
300412
300415
300434
300525
300531
300591
300707
300802
300813
300870
300944
301068
301176
301201
301213
301322
301608
301698
301871
302073
302078
302293
302334
302383
302387
302402
302496
302506
302544
302629
302741
303031
303063
303158
303194
303203
303214
303279
303405
303433
303448
303469
303470
303485
303638
303701
303813
303941
303952
304170
304209
304343
304400
304531
304672
304814
304939
305055
305077
305106
305359
305438
305443
305704
305763
305774
305862
305899
305931
305955
306047
306294
306373
306431
306528
306696
306769
306996
307050
307243
307473
307517
307582
307607
307688
307762
307815
307906
307961
308016
308040
308083
308165
308232
308533
308712
308751
308862
308896
308900
308985
309057
309126
309277
309401
309406
309603
309717
309726
309772
309898
309958
310344
310358
310510
310550
310668
310725
310741
310746
310831
310834
310840
310865
310928
311179
311206
311247
311335
311372
311505
311544
311659
311773
311930
312144
312180
312214
312220
312282
312283
312421
312484
312536
312610
312632
312850
313043
313070
313094
313220
313529
313553
313694
313724
313889
314094
314335
314474
314505
314725
314788
314806
314965
315007
315092
315240
315612
315676
315686
315742
315768
316387
316654
316841
316842
316842
316995
317069
317182
317296
317421
317632
317793
317805
317962
317993
318054
318070
318222
318248
318283
318868
319019
319068
319080
319317
319381
319464
319507
319517
319521
319531
319594
319634
319850
319967
320085
320168
320244
320277
320315
320442
320448
320503
320598
320782
320993
321032
321090
321261
321298
321409
321466
321478
321574
321811
321830
321952
321986
322030
322064
322074
322083
322110
322417
322499
322780
323168
323255
323314
323351
323772
323774
323820
323933
324033
324324
324451
324459
324469
324596
324733
324770
324941
324951
324988
325037
325043
325312
325352
325425
325495
325543
325824
325909
326066
326219
326224
326309
326436
326482
326654
326661
326721
326796
326862
327130
327252
327281
327287
327324
327352
327551
327699
327781
327937
328087
328114
328121
328371
328496
328598
328630
328715
328755
328780
328850
329148
329196
329242
329353
329548
329562
329584
329692
329773
329879
329902
329928
329959
330076
330095
330100
330116
330156
330278
330321
330689
330823
331048
331067
331097
331280
331362
331451
331477
331499
331573
331756
331898
331936
331945
332146
332158
332230
332276
332414
332546
332772
332777
332865
333030
333254
333480
333551
333625
333632
333867
333950
334125
334292
334496
334565
334671
334732
334746
334882
334889
334894
335033
335052
335122
335160
335321
335513
335766
335970
336000
336058
336111
336293
336338
336424
336427
336641
336740
336787
337223
337299
338044
338188
338195
338239
338777
338796
338860
338920
339114
339263
339301
339312
339313
339743
339818
339977
340054
340142
340333
340388
340455
340516
340782
340836
340850
340884
340909
341174
341200
341209
341386
341493
341548
341687
341772
341797
341815
341879
341923
341940
342034
342094
342196
342289
342411
342425
342436
342612
342854
343093
343312
343551
343590
343688
343820
343842
344006
344018
344041
344331
344421
344445
344476
344494
344532
344690
344811
344850
344928
345052
345193
345317
345435
345440
345803
346008
346081
346186
346338
346362
346371
346423
346471
346597
346817
346846
346889
346962
347010
347029
347263
347264
347345
347369
347487
347587
347612
347710
347868
347874
347949
347964
348068
348300
348627
348732
348734
348739
348785
348931
348990
349518
349617
349682
349787
349919
349966
350109
350190
350542
350774
350810
350838
350900
351055
351111
351142
351169
351193
351240
351274
351295
351613
351813
351844
351905
351970
352009
352132
352159
352197
352403
352422
352445
352514
352566
352717
353177
353306
353459
353769
353881
353911
353969
354047
354248
354540
354784
354788
354822
354880
355048
355333
355590
355690
355774
355800
355815
355832
355879
355973
356035
356058
356097
356128
356169
356355
356508
356534
356712
356996
357151
357161
357180
357209
357210
357294
357362
357386
357593
357663
357665
357823
357825
357843
357859
357957
358078
358135
358138
358177
358181
358196
358339
358408
358540
358613
358651
358684
358836
358957
358983
359127
359133
359403
359615
359721
359789
360276
360510
360609
360701
360844
361169
361261
361458
361623
361719
361790
361796
362089
362142
362245
362323
362430
362519
362680
362841
362872
362911
362964
363102
363187
363338
363394
363525
363653
363720
363777
363785
363961
364153
364286
364319
364443
364462
364463
364507
364521
364531
364703
364706
364720
364726
364735
364865
364902
365084
365217
365423
365430
365510
365546
365583
365719
365737
365751
365757
366029
366084
366084
366111
366581
366595
366634
366751
366831
366983
367016
367034
367055
367056
367063
367070
367194
367262
367413
367514
367520
367570
367647
367743
367766
367787
367976
368027
368047
368117
368133
368201
368237
368362
368440
368597
368651
368744
368744
368750
368851
368896
368904
368931
368986
369000
369015
369033
369071
369130
369178
369182
369191
369352
369545
369775
369816
370023
370054
370112
370171
370194
370200
370261
370648
370679
370699
370789
370821
371056
371342
371369
371461
371465
371583
371733
371887
371923
372126
372239
372338
372418
372834
373021
373078
373116
373173
373218
373247
373279
373433
373615
373730
373776
373885
373899
374089
374110
374126
374140
374152
374220
374220
374343
374367
374458
374466
374718
374778
374792
374846
374852
375088
375296
375505
375513
375527
375571
375687
375706
375732
375807
376081
376148
376384
376690
376720
376768
376769
377001
377058
377128
377165
377168
377223
377274
377298
377389
377759
377793
377810
377820
377944
378333
378451
378471
378580
378631
378662
378766
378836
378963
378989
379017
379031
379329
379488
379504
379594
379865
379960
380247
380398
380437
380567
380642
380653
380698
380807
380822
380822
380876
380922
380960
381005
381398
381445
381506
381531
381619
381759
381761
381883
382020
382582
382690
382782
382845
382920
382970
383037
383150
383182
383277
383363
383400
383428
383530
383592
383888
383901
384044
384228
384241
384377
384477
384504
384567
384674
384806
384864
384879
384970
385007
385030
385274
385300
385411
385502
385865
386046
386263
386274
386363
386389
386495
386509
386792
386806
387151
387358
387514
387556
387774
387903
387971
388066
388145
388170
388251
388319
388542
388636
388835
388845
388887
388956
389271
389497
389575
389595
389645
389667
389752
389804
389812
390054
390094
390120
390173
390239
390361
390395
390597
390606
390651
390673
390769
390901
390963
391041
391191
391257
391266
391276
391291
391371
391574
391645
391650
391658
391779
391903
392013
392451
392539
392563
392611
392662
393271
393401
393472
393486
393555
393581
393632
393645
393661
393697
393714
393748
393764
393800
394046
394086
394217
394225
394645
394715
394721
394737
394757
394906
395013
395141
395290
395323
395412
395475
395491
395720
395841
395900
395983
396040
396236
396327
396424
396860
397168
397198
397239
397320
397346
397525
397598
397626
397851
397856
397874
397925
397951
397967
398123
398183
398191
398229
398252
398298
398416
398566
398646
398721
398846
398859
398894
399010
399048
399093
399118
399174
399252
399447
399575
399634
399829
399831
399957
400083
400083
400394
400647
400707
400733
400772
400792
400839
400848
401056
401159
401336
401435
401597
401620
402304
402468
402500
402595
402671
402723
402736
402737
402757
403110
403169
403454
403517
403597
403630
403643
403685
403790
403858
404020
404163
404235
404246
404257
404325
404341
404394
404453
404486
404807
404823
404852
404919
404974
405024
405075
405099
405111
405533
405743
405915
406032
406106
406143
406547
406562
406719
406747
407415
407495
407511
407573
407612
407625
407637
407682
407726
407904
408026
408457
408800
408998
409289
409325
409340
409477
409676
409737
410177
410313
410323
410332
410339
410377
410487
410602
410640
410916
411156
411222
411393
411511
411540
411552
411588
411762
411924
412205
412265
412367
412394
412629
412683
412726
412809
412831
413259
413543
413651
413723
413751
413883
413980
414024
414208
414267
414423
414530
414590
414619
414633
414750
414816
414837
414862
415004
415116
415142
415169
415176
415281
415419
415483
415554
415602
415684
415756
415862
415877
415882
416049
416087
416126
416201
416204
416233
416375
416449
416582
416730
416758
416879
416925
417093
417231
417451
417554
417868
417953
417996
418003
418230
418350
418398
418425
418478
418704
418750
418756
418768
418934
419054
419075
419100
419377
419485
419819
419908
420118
420293
420495
420509
420900
420970
421075
421129
421179
421433
421525
421810
421840
421891
421989
422042
422203
422342
422442
422449
422582
422840
422844
422890
422969
422982
422990
423221
423340
423393
423403
423424
423546
423546
423612
423626
423660
423715
423719
423747
423748
423750
423861
423954
423979
424463
424552
424561
424678
424723
424728
424793
424848
425063
425079
425105
425184
425339
425421
425725
425817
425852
425925
426100
426337
426485
426716
426839
426840
426880
426886
426965
427065
427293
427458
427565
427622
427970
428059
428260
428801
429088
429107
429129
429152
429229
429495
429549
429641
429825
429965
430028
430041
430076
430150
430301
430733
430852
430923
430954
431157
431186
431243
431249
431481
431507
431508
431737
431840
431885
432007
432029
432101
432122
432181
432308
432364
432430
432609
432739
432830
432842
432937
433100
433294
433412
433494
433597
433617
433617
433657
433695
433941
434182
434296
434307
434491
434553
434577
434647
434799
434880
434988
435064
435083
435258
435396
435408
435509
435730
435824
436152
436192
436266
436350
436385
436512
436543
436697
436879
437020
437098
437527
437865
438039
438307
438379
438569
438652
438691
438703
438759
438962
438976
438989
439288
439397
439420
439453
439504
439565
439687
439777
439941
440002
440012
440082
440117
440239
440259
440361
440366
440399
440426
440585
440799
440828
440981
441032
441108
441165
441323
441339
441365
441381
441395
441448
441597
441617
441721
441728
441741
441908
442214
442214
442293
442333
442489
442678
442699
442778
443065
443177
443289
443395
443421
443463
443536
443552
443583
444002
444203
444384
444646
445110
445212
445291
445772
445791
445812
446168
446222
446430
446587
446765
446908
446927
446981
447284
447638
447639
447709
447826
447828
447859
448078
448109
448387
448476
448515
448575
448636
448673
448728
448762
449020
449060
449156
449473
449474
449540
449609
449707
449901
449917
450037
450189
450376
450427
450535
450766
451570
451667
451947
452011
452062
452349
452359
452567
452596
452700
452824
452847
452994
453017
453082
453127
453173
453192
453200
453221
453244
453254
453335
453465
453622
453638
453658
453775
453847
453939
454066
454099
454200
454227
454496
454497
454540
454570
454573
454730
454783
454826
454845
455167
455208
455214
455287
455660
455892
456088
456104
456187
456294
456314
456334
456531
456839
456949
456984
457007
457011
457307
457311
457354
457660
457757
457815
457961
458053
458276
458488
458508
458560
458707
458854
458869
458926
458952
459054
459084
459135
459472
459598
459680
459714
459798
459801
459889
459892
459964
460010
460031
460154
460165
460365
460415
460442
460531
460609
460705
460731
460907
460969
460974
461003
461079
461172
461208
461229
461300
461376
461425
461496
461577
461585
461667
461996
462032
462075
462097
462171
462420
462450
462472
463185
463237
463385
463525
463528
463565
463690
463745
463830
463833
463896
464096
464161
464230
464287
464308
464427
464633
464659
464896
464998
465322
465487
465534
465556
465772
465890
466128
466207
466324
466380
466446
466452
466577
466851
467224
467231
467241
467344
467378
467541
467555
467735
467754
468004
468038
468113
468131
468443
468457
468559
468595
468678
468823
469135
469212
469277
469392
469587
469626
469865
469908
469975
470033
470061
470083
470303
470362
470372
470394
470492
470543
470549
470773
470845
470848
470929
471034
471645
471650
471775
471908
471914
471933
471941
471979
472030
472069
472127
472151
472164
472525
472619
472826
473016
473054
473165
473213
473242
473265
473293
473742
473814
473840
473891
474086
474178
474275
474292
474368
474376
474633
474641
474655
474659
475045
475466
475942
476105
476151
476167
476191
476384
476480
476542
476571
476577
476658
476757
476853
476996
477098
477174
477249
477393
477623
477655
477775
477807
478074
478094
478260
478264
478269
478559
478578
478800
478842
478927
478928
479055
479150
479256
479323
479357
479369
479404
479639
479720
479844
479850
479963
480031
480109
480139
480145
480668
480740
480908
481186
481596
481767
481794
481878
482121
482164
482199
482248
482313
482322
482391
482681
482738
482797
482889
483084
483139
483162
483252
483505
483554
483782
483820
483827
484160
484343
484737
484788
484827
485116
485175
485274
485629
485706
485717
485717
485767
485850
485922
485955
486043
486065
486155
486181
486319
486433
486469
486493
486537
486566
486741
486765
486862
486901
487113
487145
487232
487484
487718
488015
488133
488200
488261
488288
488306
488372
488386
488405
488590
488636
488799
488803
489026
489043
489044
489223
489493
489781
489846
489862
489890
490070
490084
490242
490287
490305
490418
490446
490464
490464
490633
490853
491061
491096
491306
491317
491454
491493
491731
491731
491838
491917
491952
492117
492244
492259
492269
492299
492722
492819
492850
492887
493002
493232
493298
493471
493492
493606
493645
493688
493751
493854
494365
494430
494478
494539
494647
495311
495320
495397
495495
495584
495842
495890
495934
496115
496153
496168
496187
496222
496260
496263
496325
496416
496493
496586
496652
496673
496714
496820
496834
497020
497333
497336
497464
497540
497687
497701
497802
497867
497883
497884
498211
498319
498481
498693
498700
499078
499234
499314
499338
499476
499805
499838
499967
500203
500215
500432
500549
500556
500629
500822
500927
501140
501146
501274
501537
501610
501842
501998
502012
502044
502163
502581
502616
502772
502866
503014
503294
503441
503631
503976
504063
504307
504458
504513
504518
504532
504543
504624
504696
504768
504793
504815
505079
505165
505321
505327
505345
505395
505399
505522
505675
505735
505814
505847
506001
506215
506249
506416
506534
506540
506648
506732
506759
506763
506774
506800
506963
507009
507235
507430
507464
507562
507779
507842
508000
508105
508113
508148
508220
508225
508231
508237
508414
508501
508519
508544
508725
508819
508924
508977
509181
509435
509600
509660
509760
509769
509787
509969
510074
510175
510180
510271
510437
510717
510878
510971
510976
511003
511188
511243
511413
511491
511523
511669
511676
511722
511821
512097
512153
512161
512165
512270
512325
512380
512399
512548
512579
512714
512717
512801
512865
512942
513065
513121
513143
513288
513501
513542
513615
513682
513692
513737
513811
513951
513965
513966
514172
514217
514286
514345
514445
514500
514775
514833
514860
514864
514877
515096
515428
515453
515482
515575
515806
515858
515866
515895
516011
516045
516060
516068
516068
516116
516208
516387
516473
516903
517046
517069
517108
517135
517267
517330
517344
517364
517489
517629
517699
517712
517743
517758
517774
517935
517961
518011
518254
518284
518340
518355
518542
518608
518786
518891
519018
519018
519094
519219
519440
519456
519486
519781
519863
520000
520004
520063
520320
520817
520844
520941
520954
520991
521071
521199
521410
521565
521744
521793
521833
521852
521930
522216
522245
522335
522372
522602
522748
522748
522900
523091
523144
523296
523298
523371
523668
523704
523804
524137
524228
524236
524295
524546
524580
524678
524791
524800
525076
525135
525185
525294
525517
525560
525614
525864
525910
526024
526154
526326
526726
526904
526958
527088
527115
527152
527183
527355
527446
527627
527712
527754
527826
527970
528319
528332
528439
528476
528556
528809
528998
529040
529165
529201
529473
529523
529529
529540
529602
529673
529777
529899
530105
530107
530117
530122
530453
530523
530560
530871
530961
530968
531067
531213
531254
531327
531371
531417
531497
531535
531560
531640
531689
531702
531722
531728
531958
532143
532213
532219
532231
532349
532397
532428
532579
532638
532681
532930
533333
533468
533692
533922
533935
534141
534200
534575
534586
534598
534631
534694
534736
534762
534774
534900
534904
534940
534972
534985
535194
535535
535544
535827
536023
536094
536102
536242
536285
536289
536334
536413
536587
536769
536813
536911
536914
536922
536970
537348
537539
537554
537710
537826
537838
538080
538489
538851
538859
539250
539261
539345
539492
539495
539642
539660
539728
539743
539978
540286
540500
540504
540878
540993
540998
541177
541295
541650
541781
542253
542275
542325
542842
542892
542903
542986
543018
543047
543188
543245
543473
543493
543631
543638
543658
543669
543834
544002
544014
544074
544103
544140
544169
544197
544216
544412
544473
544483
544727
544729
544743
544910
544951
545080
545121
545147
545172
545231
545288
545497
545518
545530
545593
545615
545648
545657
545758
545862
545872
545902
545907
545934
545935
545969
545969
546043
546046
546152
546183
546212
546635
546652
546803
546831
546836
547070
547142
547197
547336
547412
547418
548082
548095
548246
548350
548679
548723
548770
548807
548871
548895
548936
548937
549136
549264
549335
549707
549898
550001
550184
550471
550531
550604
550678
551093
551197
551298
551320
551371
551708
551711
551882
551943
552138
552279
552407
552442
552552
552559
552593
552605
552680
552831
553031
553102
553162
553304
553312
553326
553431
553580
553638
553669
553684
553686
553788
553932
553998
554028
554092
554183
554243
554288
554383
554466
554474
554482
554695
554814
554925
554930
555269
555387
555759
556052
556093
556133
556322
556396
556400
556424
556622
556713
556777
556863
556964
557084
557190
557340
557751
557757
557773
557811
557817
557843
557900
558009
558128
558327
558344
558643
558714
558895
559024
559119
559129
559151
559249
559286
559357
559469
559511
559584
559710
559860
559913
560287
560339
560352
560475
560518
560578
560625
560800
561033
561225
561252
561521
561643
561699
561957
562056
562121
562183
562188
562353
562381
562554
562607
562627
562685
562720
562805
562873
563088
563208
563353
563407
563447
563447
563494
563522
563549
563578
563787
563794
563859
563873
563968
564062
564162
564295
564346
564595
564595
564644
564704
564807
564818
564984
565212
565274
565355
565470
565519
565577
565647
565667
566072
566077
566194
566227
566234
566248
566254
566266
566380
566572
566585
566664
566773
566880
567073
567171
567259
567265
567277
567339
567366
567462
567499
567510
567563
567975
568006
568019
568217
568297
568382
568482
568560
568577
568601
568605
568666
568685
568738
568834
568952
569016
569130
569200
569240
569264
569292
569310
569478
569568
570016
570133
570133
570261
570271
570337
570354
570374
570501
570516
570714
570986
571033
571046
571218
571339
571378
571450
571548
571570
571908
571992
572012
572082
572214
572310
572369
572380
572475
572530
572549
572654
573012
573086
573100
573121
573272
573354
573382
573401
573700
573790
573867
573934
573984
574034
574100
574119
574296
574450
574573
574581
574700
574823
574830
574891
574927
574944
575001
575169
575169
575227
575231
575450
575482
575487
575531
575541
575696
575828
575985
576000
576042
576084
576155
576389
576415
576431
576584
576671
576680
576768
576900
577051
577106
577132
577433
577469
577473
577598
577601
577609
577611
577681
577757
577903
577910
577925
578039
578129
578150
578477
578557
578565
578807
578890
578958
579019
579104
579223
579236
579320
579563
579952
580102
580117
580186
580201
580324
580384
580482
580605
580608
580632
580664
580742
580747
580795
580961
581079
581106
581364
581667
581684
581702
581767
581853
582040
582050
582060
582136
582243
582340
582381
582415
582550
582591
582668
582707
582748
583386
583389
583392
583407
583576
583620
583662
583858
583898
584052
584182
584309
584331
584358
584393
584432
584564
584935
584955
584964
585008
585091
585115
585133
585146
585160
585210
585368
585446
585497
585578
585615
585651
585746
585786
586091
586233
586402
586483
586505
586737
586970
587231
587268
587315
587553
587583
587663
587763
587875
587948
587950
588155
588257
588308
588353
588422
588429
588474
588636
588636
588829
588868
588965
589214
589320
589358
589449
589502
589745
589952
589982
589995
590162
590226
590407
590473
590548
590661
590791
590868
590916
591001
591205
591234
591257
591353
591467
591571
591589
591664
591950
592041
592079
592274
592719
592884
593110
593170
593223
593829
593872
593988
594093
594182
594387
594402
594485
594580
594647
594933
595238
595310
595510
595575
595729
595763
595804
595915
596045
596225
596230
596335
596517
596528
596597
596603
596608
596709
596770
596779
596999
597016
597123
597286
597678
597715
597819
597856
597871
598194
598226
598339
598371
598474
598734
598886
598903
599103
599165
599334
599382
599571
599650
599745
599824
599838
599920
600002
600192
600197
600220
600306
600425
600431
600647
600872
600917
601083
601325
601407
601424
601556
601570
601768
601929
601939
601964
602028
602059
602089
602124
602189
602280
602433
602582
602685
602699
602739
602791
603028
603044
603064
603081
603142
603378
603435
603490
603641
603763
603849
603869
604058
604123
604148
604212
604285
604342
604434
604675
604793
604920
604947
605011
605194
605237
605508
605515
605867
605893
605987
606009
606098
606133
606154
606335
606398
606545
606560
606595
606630
606658
606678
606841
606931
607232
607360
607444
607511
607561
607598
607689
607697
607973
607981
608010
608308
608456
608502
608558
608912
608927
609098
609104
609295
609572
609651
609693
609792
609944
610041
610246
610327
610432
610483
610655
610803
610833
610992
611012
611022
611033
611208
611394
611463
611647
612005
612164
612262
612358
612420
612569
612723
612781
613001
613018
613071
613082
613122
613616
613748
613896
613900
613950
614020
614031
614093
614237
614442
614505
614849
614901
615076
615439
615440
615454
615499
615605
615624
615649
616024
616062
616204
616221
616368
616418
616536
616752
617009
617152
617215
617230
617391
617496
617561
617589
617612
617681
617811
618075
618287
618296
618479
618642
618701
618773
618775
618785
619263
619328
619343
619753
619853
619914
620019
620025
620053
620279
620361
620436
620589
620792
620890
621014
621215
621382
621397
621401
621600
621670
621893
622050
622182
622312
622410
622540
622551
622561
622582
622588
622693
622769
622935
622969
623004
623076
623180
623196
623269
623346
623441
623643
623665
623703
623957
623978
624029
624262
624279
624581
624650
624686
624736
624784
624868
624873
625058
625546
625751
625801
625838
626059
626188
626224
626443
626475
626486
626629
626637
626643
626645
626785
626914
626927
626978
626980
627025
627113
627211
627372
627614
627722
627738
627980
628045
628288
628330
628331
628470
628472
628540
628578
628630
628713
629055
629229
629307
629327
629449
629508
629666
629683
629748
629840
629941
630116
630136
630328
630378
630499
630523
630568
630750
630877
630884
630916
630941
631161
631348
631356
631404
631453
631503
631530
631533
631768
631787
631817
631930
631995
632016
632030
632138
632171
632178
632236
632371
632374
632583
632748
632957
633018
633021
633096
633110
633139
633152
633269
633356
633479
633512
633580
633996
634165
634334
634550
634552
634586
634595
634735
634905
635017
635280
635350
635360
635473
635478
635597
635640
635645
635695
635845
635977
636070
636078
636136
636237
636326
636346
636371
636398
636574
636599
636608
636868
637009
637026
637320
637582
637922
638248
638266
638283
638550
638782
638883
638936
638978
639026
639133
639406
639557
639561
639570
639757
639764
639780
639877
639888
639965
640071
640154
640303
640318
640382
640469
640472
640543
640659
640691
640899
641105
641133
641185
641291
641542
641573
641590
641983
641987
642048
642109
642200
642466
643027
643077
643121
643218
643455
643502
643727
643818
643899
644294
644295
644369
644487
644514
644644
644691
644702
644829
644857
644972
644990
645114
645117
645127
645270
645306
645324
645342
645353
645530
645554
645578
646066
646160
646171
646491
646541
646668
646705
647002
647018
647070
647320
647332
647353
647448
647523
647759
647810
648009
648150
648253
648286
648397
648558
648582
648621
648666
648680
648748
648827
648859
648900
649001
649045
649474
649619
649626
649704
650046
650068
650127
650194
650250
650266
650331
650412
650595
650607
650650
650665
650716
650795
650825
650938
651121
651138
651156
651214
651245
651472
651515
651612
651617
651769
651914
651946
652081
652122
652468
652795
652818
653025
653144
653166
653176
653204
653428
653451
653710
653757
653782
653788
654070
654234
654418
654600
654899
654998
655004
655024
655062
655082
655154
655319
655493
655811
655812
655980
656163
656334
656340
656450
656564
656574
656801
656899
657045
657179
657249
657435
657454
657508
657803
657890
657946
658013
658042
658115
658308
658580
658670
658813
658875
658996
659061
659225
659501
659852
659857
660007
660056
660121
660178
660220
660506
660556
660848
660958
661091
661202
661291
661626
661693
661696
661796
661840
661876
662051
662064
662067
662099
662192
662374
662376
662428
662436
662447
662987
663145
663152
663172
663209
663237
663420
663513
663543
663593
663654
663704
663951
664144
664158
664346
664473
664588
664893
665014
665128
665256
665338
665492
665543
665766
665790
665928
666107
666252
666386
666392
666438
666445
666489
666659
666788
666799
666934
666936
666952
667062
667096
667234
667266
667448
667563
667572
667598
667783
668020
668047
668109
668218
668219
668359
668473
668784
669066
669159
669252
669312
669431
669519
669964
670098
670128
670154
670198
670222
670372
670428
670528
670557
670580
670720
670759
670839
671107
671142
671186
671204
671208
671370
671696
671723
671864
671953
671965
672038
672182
672341
672503
672821
672994
673301
673600
673698
673699
673887
673970
674071
674372
674375
674453
674487
674645
674657
674823
675028
675094
675202
675266
675351
675504
675540
675666
675801
675823
675927
675976
676038
676153
676261
676402
676427
676477
676806
676832
676882
676917
676921
677248
677411
677617
677831
677861
677890
677905
678127
678242
678276
678445
678489
678501
678519
678790
678956
678995
679041
679060
679130
679689
679743
679769
679808
679821
679900
679904
679922
679963
680091
680095
680160
680184
680217
680264
680323
680333
680407
680458
680497
680534
680630
680853
680994
681423
681439
681493
681527
681534
681552
681556
681663
681935
681976
682335
682337
682434
682450
682519
682961
683290
683298
683476
683624
683639
683664
683676
683915
684120
684147
684167
684180
684271
684372
684399
684453
684465
684471
684627
684801
684829
684849
684901
685039
685218
685300
685393
685441
685690
685774
685841
685919
686058
686070
686317
686519
686569
686593
686687
686724
686765
686931
686986
687140
687143
687143
687148
687220
687477
687555
687605
687731
687780
688133
688172
688337
688419
688479
688534
688554
688575
688607
688609
688766
689300
689456
689619
689791
689792
690078
690099
690113
690148
690240
690347
690766
690804
690972
691020
691080
691122
691215
691241
691252
691621
691848
691879
691898
691943
692068
692069
692089
692194
692196
692275
692486
692635
692739
692748
692778
693035
693055
693088
693159
693258
693271
693406
693515
693580
693649
693764
693982
694077
694105
694160
694172
694347
694600
694784
694867
694911
694972
695016
695032
695280
695472
695485
695564
695661
695818
695847
695974
696214
696370
696407
696515
696558
696583
696800
696838
696897
697098
697228
697303
697517
697625
697645
697909
698048
698145
698161
698196
698248
698412
698589
698593
698640
698663
698735
698765
698876
699009
699048
699280
699303
699361
699458
699470
699571
699639
699757
699957
700114
700266
700279
700412
700497
700507
700549
700556
700561
700669
700691
700700
700772
700946
700963
701218
701223
701335
701403
701595
701595
701800
701902
701923
702081
702172
702287
702358
702377
702560
702584
702772
702779
702821
702849
703045
703134
703179
703193
703204
703385
703505
703525
703534
703571
703635
703652
703751
703865
703868
703909
704201
704246
704338
704713
704857
704916
704985
705161
705482
705497
705504
705530
705578
705649
705740
705741
705853
705937
705954
706101
706260
706422
706438
706657
706758
706927
707050
707063
707079
707156
707485
707568
707628
707676
707738
707740
707809
707911
707931
708326
708385
708436
708468
708769
708772
708777
708883
708966
709077
709176
709288
709358
709406
709429
709605
709794
709934
709995
710085
710140
710244
710418
710443
710444
710469
710481
710615
710695
710799
710846
710912
710983
710996
711179
711238
711252
711303
711482
711486
711702
711786
711788
711915
711937
711988
712123
712126
712205
712237
712507
712525
712549
712696
712951
712996
713074
713294
713488
713510
713544
713768
713841
713844
713900
713988
714030
714130
714439
714514
714606
714706
714780
714792
714850
715046
715084
715162
715235
715319
715405
715497
715527
715647
715656
715742
715799
715922
715957
716120
716168
716204
716264
716274
716278
716407
716447
716643
716687
716744
716821
716862
716938
716986
717052
717077
717138
717262
717371
717414
717467
717554
717637
717656
717793
717830
718205
718336
718479
718540
718835
718915
719021
719024
719034
719109
719120
719146
719225
719285
719491
719509
719689
719717
719783
720138
720150
720151
720229
720295
720332
720470
720483
720572
720638
720725
720881
720992
721502
721586
721600
721873
721880
721892
721972
721975
721999
722202
722473
722755
722755
722899
723040
723093
723110
723169
723198
723204
723373
723387
723405
723418
723539
723576
723643
723770
723770
723902
723935
724008
724156
724175
724429
724574
724671
724678
724789
724817
724866
725048
725220
725335
725345
725419
725484
725640
725822
725831
725838
725870
725895
725952
726063
726258
726283
726353
726404
726590
727164
727317
727358
727489
727502
727576
727689
727753
727754
727814
727975
727983
728114
728135
728246
728269
728297
728536
728640
728769
728784
728839
729031
729050
729079
729140
729210
729235
729567
729576
729763
729873
729919
730031
730109
730171
730445
730470
730478
730496
730594
730658
730751
730765
730918
730926
730971
731032
731242
731294
731661
731901
731933
732060
732089
732157
732160
732364
732479
732539
732580
732728
732793
732923
732923
732963
733042
733177
733226
733226
733345
733462
733666
733877
733949
734115
734195
734243
734494
734619
734635
734722
734738
734746
734757
734792
734876
734922
735010
735022
735030
735253
735510
735537
735559
735796
735907
735967
736203
736322
736358
736451
736539
736745
736748
736790
736804
736983
737121
737225
737238
737240
737370
737382
737510
737567
737744
737799
737821
737846
738003
738049
738136
738224
738292
738341
738411
738436
738515
738635
738813
738830
738958
738985
739097
739116
739158
739183
739186
739273
739308
739767
739985
740003
740045
740057
740095
740190
740363
740438
740507
740547
740602
740794
740818
740939
740948
740962
740995
740998
741059
741430
741550
741953
742021
742105
742145
742177
742249
742517
742619
742681
742933
743100
743105
743433
743465
743604
743635
743652
743847
744127
744206
744216
744316
744402
744441
744465
744514
744598
745026
745063
745085
745180
745242
745294
745314
745372
745444
745572
745777
745803
745849
745961
745995
746046
746150
746200
746203
746447
746451
746614
746864
746889
746917
746956
747028
747047
747072
747345
747356
747476
747490
747530
747654
747662
747663
747732
747789
748034
748233
748238
748325
748404
748455
748534
748656
748880
749069
749135
749250
749301
749390
749524
749540
749545
749546
749778
749927
749949
749980
750059
750065
750109
750168
750172
750350
750469
750551
750582
750639
750716
750901
750932
750986
750991
751003
751021
751161
751162
751296
751392
751853
751937
751969
752150
752182
752292
752362
752422
752529
752720
752805
752829
752832
752832
752987
753176
753462
753465
753482
753615
753678
753811
753846
753906
753909
754000
754063
754197
754341
754380
754393
754435
754767
755122
755167
755177
755298
755312
755422
755468
755827
755989
756191
756223
756249
756569
756645
756688
757022
757296
757481
757630
757632
757796
757972
758183
758282
758397
758449
758559
758621
758746
758920
758999
759090
759345
759505
759549
759562
759657
759675
759701
759723
759790
759806
759943
759964
760057
760204
760331
760453
760537
760555
760939
761151
761176
761238
761656
761851
762023
762348
762416
762462
762571
762594
762596
762651
762714
762742
762808
762954
763168
763171
763493
763499
763519
763544
763878
763923
764174
764261
764726
764936
765066
765121
765215
765663
765958
766026
766093
766315
766573
766619
766733
766844
766988
767042
767045
767070
767190
767216
767423
767543
767781
767830
767935
768196
768341
768359
768375
768570
768656
768813
768899
768938
768959
768967
768993
769007
769205
769219
769397
769535
769551
769624
769667
769731
769779
769876
770245
770262
770395
770464
770547
770856
770936
771176
771219
771284
771360
771441
771541
771575
771775
771815
771868
772098
772137
772140
772315
772320
772337
772391
772432
772462
772522
772620
772742
772841
772847
772854
773300
773365
773448
773510
773709
773768
773781
773931
773994
774055
774183
774228
774321
774737
774818
774885
774991
775019
775430
775465
775485
775565
775715
775730
775778
775906
775907
775964
776133
776145
776181
776235
776356
776370
776535
776542
776544
776801
776903
776971
777003
777007
777224
777403
777496
777557
777606
777685
777801
777879
778003
778102
778253
778289
778500
778837
778897
778904
778916
778968
779470
779471
779529
779685
779735
779795
779959
779993
780085
780233
780279
780289
780376
780382
780512
780514
780549
780695
781014
781082
781245
781308
781397
781468
781494
781517
781604
781634
781864
781979
782057
782120
782286
782436
782454
782504
782505
782600
782791
782918
783014
783051
783082
783120
783209
783215
783294
783536
783568
783594
783702
783737
783811
783990
784234
784321
784414
784523
784715
784780
784852
784965
785145
785356
785426
785504
785655
785658
785682
785690
786084
786118
786153
786195
786195
786342
786360
786442
786451
786600
786680
786714
786870
786942
787168
787226
787277
787392
787546
787566
787669
787831
787835
787837
787934
787935
788018
788109
788239
788299
788407
788428
788648
788669
788732
788857
789220
789305
789335
789462
789553
789583
789626
789626
789785
789826
789890
789901
789911
789912
789929
790072
790338
790390
790603
790639
790730
790774
791081
791200
791502
791605
791627
791845
792011
792104
792123
792145
792177
792209
792222
792238
792310
792333
792480
792507
792660
792675
793021
793233
793475
793485
793590
793797
793815
793825
793866
793957
793995
794043
794115
794345
794396
794492
794651
794706
794769
794789
794822
794833
795105
795233
795319
795325
795466
795475
795483
795488
795983
795999
796000
796048
796148
796179
796303
796576
796668
796952
797032
797053
797147
797250
797340
797419
797509
797646
797657
797699
797844
798003
798030
798139
798342
798376
798384
798537
798566
798937
798981
799182
799199
799221
799258
799353
799615
799755
799831
800245
800575
800671
800803
800846
800889
800963
800970
801018
801078
801082
801233
801262
801458
801526
801567
801621
801622
801637
801648
801726
801753
801860
802162
802179
802210
802211
802271
802329
802547
802715
802763
802880
802961
803030
803052
803268
803277
803343
803587
803617
803706
803750
803862
804021
804168
804347
804669
804916
804927
805214
805392
805396
805464
805578
805632
805709
805801
805908
805911
805942
806001
806029
806037
806038
806089
806112
806455
806522
806534
806764
807016
807134
807172
807248
807309
807427
807443
807560
807797
807820
807823
807926
808007
808073
808165
808185
808206
808210
808220
808351
808679
808711
808799
808930
809077
809190
809250
809409
809434
809545
809566
809698
809724
809759
809768
810016
810058
810107
810120
810253
810496
810512
810565
810606
810692
810870
810972
811018
811098
811116
811147
811240
811317
811669
811742
811883
812083
812116
812210
812559
812598
812764
812937
813023
813197
813280
813441
813627
813863
814002
814016
814061
814137
814144
814178
814189
814194
814291
814519
814524
814538
814604
814643
814850
814876
815123
815131
815195
815226
815259
815349
815513
815645
815649
815774
815822
815888
815963
816005
816038
816229
816252
816350
816458
816538
816554
816561
816646
816668
816670
816779
816794
816898
816951
817171
817330
817371
817375
817493
817516
817519
817521
817774
818022
818091
818182
818230
818270
818423
818458
818590
818611
818922
819025
819072
819287
819396
819429
819554
819570
819622
819633
820078
820079
820168
820196
820318
820324
820483
820688
820814
820816
820967
821043
821118
821188
821308
821324
821362
821493
821692
821834
821998
822079
822220
822305
822441
822561
822605
822609
822617
822709
822805
822890
822896
823029
823064
823282
823347
823443
823614
824071
824099
824113
824155
824170
824349
824443
824452
824683
824929
825062
825113
825270
825293
825488
825695
825699
825883
826077
826112
826169
826223
826350
826505
826822
826882
827000
827038
827235
827566
827571
827580
827698
827985
828040
828180
828586
828604
828688
828897
828898
828905
828976
828976
829001
829020
829038
829072
829158
829200
829250
829281
829312
829361
829438
829584
829729
829779
829843
830027
830224
830243
830267
830335
830377
830451
830476
830727
830958
831011
831387
831508
831674
831753
831973
832066
832156
832256
832342
832356
832374
832539
832732
832737
832952
832997
833031
833089
833228
833624
833707
833759
833998
834001
834190
834421
834467
834611
834659
834686
834935
835009
835070
835257
835316
835463
835538
835687
835691
835828
835902
836011
836486
836625
836691
836695
836729
836732
836763
836930
836997
837050
837078
837343
837503
837680
838071
838115
838142
838143
838268
838320
838452
838487
838503
838551
838571
838757
838802
838815
838860
838952
839003
839387
839509
839716
839974
839977
840082
840083
840145
840159
840179
840296
840460
840468
840789
840818
840849
840854
840856
840927
841050
841057
841129
841286
841386
841394
841525
841554
841602
841734
841742
841749
841806
842033
842139
842314
842779
842926
843194
843249
843331
843549
843603
843650
843687
843807
843965
844265
844303
844608
844676
844765
845082
845083
845156
845343
845445
845867
845955
846214
846349
846434
846827
846828
846893
847188
847197
847210
847236
847249
847265
847399
847427
847608
847806
847959
848017
848025
848033
848170
848273
848340
848341
848430
848597
848610
848631
848743
848780
848968
848998
849002
849012
849020
849137
849280
849584
849738
849858
850057
850086
850141
850438
850458
850470
850470
850696
850779
850924
851017
851030
851238
851254
851331
851378
851471
851476
851572
851712
851932
851957
851965
852072
852257
852283
852457
852466
852480
852785
853069
853079
853118
853143
853258
853265
853383
853443
853526
853562
853778
853844
854143
854157
854235
854268
854341
854387
854527
854602
854680
854748
854937
854998
855011
855151
855185
855213
855486
855540
855555
855602
855966
856004
856269
856274
856303
856472
856960
857023
857172
857188
857425
857487
857584
857782
858178
858206
858273
858332
858552
858565
858636
858686
858695
858715
858935
858950
859130
859148
859214
859304
859415
859514
859551
859650
859659
859832
859877
859964
859971
860151
860175
860330
860566
860605
860858
860921
860924
861135
861253
861280
861318
861391
861401
861435
861495
861525
861694
861705
861825
861928
862064
862184
862358
862471
862555
862877
862894
862947
862978
862992
863265
863278
863317
863658
863677
863779
863803
863998
864024
864050
864051
864155
864226
864320
864328
864651
864772
864777
864786
865076
865186
865323
865362
865410
865657
865824
865842
865843
866085
866094
866184
866204
866330
866365
866370
866428
866446
866635
866659
866721
866804
866820
866833
866896
866947
866975
867011
867080
867413
867454
867489
867584
867668
867702
867726
867814
867819
867880
867901
868238
868292
868329
868550
868635
868646
868875
869005
869257
869301
869337
869672
869715
869756
869861
870059
870131
870233
870289
870340
870634
870733
870783
870952
871052
871362
871412
871475
871609
871822
871831
871933
872075
872129
872210
872398
872469
872493
872497
872700
872933
872951
873448
873728
873743
873864
873899
873983
874040
874043
874077
874314
874346
874472
874566
874632
874742
875014
875055
875085
875131
875165
875228
875602
875634
875679
875764
875810
875841
876133
876301
876332
876347
876358
876498
876499
876755
876845
876879
876913
876946
876962
877036
877080
877141
877228
877368
877427
877637
877730
877757
877775
877835
877871
877941
878789
878806
878867
878962
879102
879168
879182
879218
879309
879453
879731
879736
879743
879755
880061
880197
880205
880221
880263
880476
880613
880667
880669
880718
880840
880904
880924
880931
881161
881410
881496
881614
881702
881856
881911
882171
882260
882263
882388
882415
882553
882558
882669
882889
882980
883091
883099
883105
883135
883174
883228
883423
883450
883893
883930
884015
884188
884255
884398
884411
884495
884505
884548
884549
884717
884848
884985
885152
885177
885234
885370
885428
885592
885672
885811
885825
885850
885929
885949
885981
885994
886023
886051
886134
886157
886211
886403
886526
886534
886566
886655
886907
886956
887190
887243
887325
887355
887458
887463
887506
887512
887644
887686
887699
887827
887875
887930
887932
888078
888134
888166
888246
888398
888449
888496
888532
888569
888594
888727
889230
889248
889276
889298
889411
889657
889710
889770
889958
890056
890137
890211
890223
890509
890737
890746
890985
891140
891148
891177
891323
891455
891634
891692
891790
891808
892168
892504
892665
892901
892920
892930
893020
893093
893103
893335
893452
893507
893537
893538
893540
893748
893781
894046
894095
894134
894293
894585
894606
894707
894880
894929
894982
895002
895046
895076
895086
895291
895762
895812
895919
896083
896151
896199
896230
896238
896370
896412
896701
896853
896896
896937
896970
897021
897131
897274
897311
897378
897545
897684
897778
897813
897991
898171
898218
898345
898359
898463
898626
898727
898750
898961
899104
899105
899234
899477
899490
899513
899657
899658
899742
899807
899886
899959
900156
900170
900213
900239
900317
900366
900381
900637
900659
900678
900955
901088
901142
901196
901199
901247
901476
901586
901653
901854
902062
902182
902264
902547
902900
903028
903072
903102
903221
903377
903511
903629
903692
903766
903915
903920
904034
904076
904216
904223
904289
904303
904318
904328
904385
904419
904544
904570
904667
904735
904796
904842
904914
905180
905256
905458
905566
905571
905626
905722
905855
906156
906414
906599
906621
906830
906899
906908
906914
906933
907121
907242
907305
907323
907336
907810
907917
908185
908287
908301
908350
908449
908502
908962
909109
909173
909186
909237
909294
909360
909393
909497
909558
909628
909670
909761
909787
909827
909924
909991
910032
910386
910391
910423
910659
910694
911181
911364
911365
911494
911577
911579
911611
911792
911888
911983
912105
912110
912139
912260
912344
912661
912954
913001
913101
913249
913380
913391
913439
913464
913494
913679
913869
913931
914335
914347
914539
914641
914720
915006
915134
915201
915353
915372
915379
915441
915514
915628
915668
915710
915935
916076
916256
916286
916392
916432
916522
916607
916639
916670
916750
916829
916909
916965
916983
917032
917229
917643
917731
917831
917862
917936
918018
918055
918113
918247
918641
918654
918713
918853
918927
919169
919207
919220
919226
919323
919333
919764
920079
920091
920325
920419
920423
920558
920700
920730
920940
921000
921050
921182
921272
921279
921313
921432
921504
921569
921931
921941
921988
922001
922091
922178
922200
922387
922393
922469
922585
922620
923009
923099
923294
923350
923508
923595
923619
923702
923837
923852
923978
924039
924152
924152
924213
924280
924423
924490
924514
924607
924633
924782
924954
925048
925092
925304
925606
925690
925700
925712
925844
925917
925923
925942
925972
926108
926134
926176
926457
926557
926691
926885
926997
927001
927062
927083
927104
927407
927518
927542
927568
927754
927957
927962
928056
928094
928135
928200
928307
928423
928508
928641
928664
928873
928877
928922
929011
929016
929153
929179
929210
929450
929500
929682
929842
929989
930051
930076
930244
930304
930482
930697
930842
930953
931051
931218
931251
931590
931782
931934
931948
932090
932160
932242
932257
932308
932453
932670
932953
933134
933155
933181
933274
933418
933547
933691
933780
933912
933927
933998
934041
934068
934122
934131
934148
934192
934229
934257
934324
934421
934661
934876
935065
935136
935201
935308
935338
935355
935362
935550
935648
935701
935744
935854
936221
936266
936312
936327
936346
936368
936545
936697
936714
936824
936838
936912
936924
937036
937050
937064
937267
937275
937346
937443
937521
937730
937821
938119
938123
938154
938267
938433
938456
938527
938581
938614
938781
938882
939182
939221
939341
939349
939351
939731
939891
940080
940142
940150
940440
940448
940752
940859
940885
940890
941052
941057
941099
941113
941176
941240
941261
941283
941327
941559
941724
941761
941782
941805
941996
942343
942375
942415
942451
942496
942514
942522
942651
942664
942721
942723
942847
942886
942921
943028
943114
943250
943323
943467
943522
943568
943568
943630
943910
944000
944052
944377
944391
944872
945260
945270
945384
945445
945500
945595
945679
945791
945811
945816
945926
946135
946273
946347
946413
946470
946478
946704
946874
946929
947023
947060
947165
947193
947264
947265
947444
947610
947749
947855
947930
948033
948173
948191
948219
948253
948304
948399
948609
948823
948904
948957
948967
949122
949146
949232
949267
949299
949367
949534
949551
949613
949821
949995
950052
950140
950192
950236
950379
950668
950784
950796
950935
951052
951076
951089
951315
951507
951524
951551
951620
951762
951884
951934
951999
952056
952074
952145
952268
952332
952333
952393
953083
953250
953289
953298
953317
953463
953561
953882
953906
954084
954142
954370
954407
954528
954836
954904
955052
955166
955189
955264
955283
955346
955883
955884
955899
955912
955997
956037
956122
956243
956294
956358
956582
956699
957090
957162
957611
957683
957736
957891
958100
958258
958274
958397
958447
958484
958622
958679
958690
958705
958786
958786
959059
959086
959192
959237
959315
959544
959635
959675
960077
960089
960190
960528
960549
960564
960586
960688
960716
960770
960803
961022
961102
961303
961328
961479
961508
961608
961612
961618
961658
961664
961687
961864
961884
962293
962342
962544
962671
962674
962792
962966
963532
963561
963831
963964
963998
964041
964048
964075
964106
964219
964252
964398
964433
964451
964456
964524
964524
964582
964879
964901
964921
965024
965131
965217
965241
965297
965307
965447
965514
965526
965571
966044
966048
966273
966345
966362
966364
966459
966504
966511
966529
966606
966684
966780
966878
966938
967076
967209
967354
967360
967783
967829
967905
967907
967909
967944
968062
968075
968117
968160
968161
968188
968385
968745
968915
968938
968975
969025
969120
969122
969295
969578
969595
969737
969786
969804
969812
970188
970267
970459
970546
970579
970624
970705
970753
970794
970837
970945
971077
971113
971126
971135
971246
971617
971690
971738
971833
971928
972006
972036
972109
972324
972530
972633
972653
972734
972757
973119
973168
973273
973280
973308
973515
973660
973989
974033
974100
974152
974211
974271
974555
974614
974864
974870
974935
975033
975049
975192
975217
975307
975360
975479
975560
975562
975753
975778
975809
975829
975963
976034
976450
976522
976634
976929
976992
977015
977140
977163
977169
977282
977341
977352
977380
977414
977419
977593
977759
977794
977845
978009
978020
978119
978165
978200
978430
978832
978836
978891
979064
979104
979409
979491
979503
979519
979546
979684
979745
979767
979788
980031
980050
980072
980080
980251
980452
980508
980525
980541
980840
980869
980996
981090
981090
981102
981203
981210
981226
981353
981431
981449
981545
981682
981698
981716
982049
982100
982115
982174
982186
982229
982369
982457
982469
982471
982484
982536
982736
982767
982794
982917
982948
983013
983190
983212
983256
983310
983350
983751
983810
983879
983948
984041
984074
984082
984188
984397
984419
984590
984677
984699
984726
984785
984920
984939
985044
985073
985170
985255
985498
985620
985673
985697
985854
985925
986020
986038
986338
986379
986451
986530
986608
986646
986889
986928
987110
987240
987432
987489
987533
987563
987573
987593
987705
987734
987745
987841
987932
987984
988070
988156
988176
988192
988257
988322
988520
988523
988640
988655
988685
988696
988752
988858
988897
988968
989199
989231
989363
989386
989593
989655
989660
989777
989852
989932
990051
990070
990087
990129
990211
990285
990411
990433
990652
990718
991378
991387
991555
991584
991703
991928
991960
992060
992087
992101
992114
992141
992229
992274
992763
992805
992911
992922
992951
993064
993125
993341
993515
993589
993659
993734
993884
994003
994042
994082
994098
994236
994283
994315
994407
994573
994868
995016
995040
995070
995122
995187
995368
995405
995424
995544
995576
995670
995728
995777
995948
996137
996161
996233
996378
996401
996423
996726
996727
996781
997124
997175
997180
997205
997422
997522
997568
998315
998339
998769
998827
999002
999245
999413
999488
999497
999509
999517
999582
999625
999658
999768
999832
999848
999924
