158
236
292
332
359
385
426
439
475
527
601
686
824
864
884
941
1021
1025
1157
1223
1245
1255
1784
1889
1899
2001
2071
2116
2220
2326
2336
2542
2670
2851
2989
3272
3340
3396
3495
3498
3744
3796
3871
3876
4034
4129
4138
4179
4193
4210
4210
4236
4291
4361
4440
4482
4523
4579
4696
4743
5066
5182
5202
5214
5334
5357
5361
5579
5593
5714
5720
5780
6015
6319
6536
6723
6794
6805
6941
7010
7012
7070
7087
7108
7536
7625
7629
7770
7845
7907
7924
7996
8105
8382
8449
8535
8546
8761
8944
8983
9050
9287
9355
9593
9657
9665
9695
9747
9830
9927
10056
10249
10295
10344
10557
10589
10635
10842
10872
10931
10950
10997
11090
11243
11361
11373
11392
11468
11548
11552
11562
11666
11709
11798
11896
11998
12031
12166
12340
12454
12575
12583
12646
13024
13331
13522
13841
13851
13851
13861
13995
14017
14169
14292
14306
14814
14890
14993
15081
15147
15194
15258
15351
15351
15421
15512
15582
15603
15625
15754
15802
15854
16013
16189
16284
16333
16610
16614
16954
17191
17341
17560
17635
17676
17752
17825
17968
18130
18204
18232
18273
18527
18968
19169
19236
19239
19339
19349
19679
19749
19768
19813
19863
19887
20309
20316
20482
20650
20899
20937
20984
21055
21265
21342
21358
21581
21692
21721
21766
21783
22001
22104
22129
22173
22228
22428
22520
22582
22666
23037
23172
23202
23292
23306
23328
23338
23365
23681
23699
23723
24081
24218
24238
24356
24633
24662
24673
24779
24834
24871
24965
25103
25114
25169
25222
25278
25317
25399
25400
25461
25494
25691
26048
26066
26177
26307
26320
26560
26987
27026
27300
27504
27680
27834
27893
28137
28443
28753
28799
28943
28982
29111
29167
29191
29344
29372
29487
29579
29583
29855
30035
30048
30201
30317
30372
30411
30603
30615
30789
31013
31015
31083
31095
31387
31591
31605
31607
31628
31679
31861
31861
31894
31947
31968
32059
32284
32316
32538
32538
32647
32679
32689
32699
32750
32803
32893
33131
33203
33359
33436
33449
33779
33853
33875
33925
33955
33957
34021
34061
34305
34331
34402
34436
34539
34655
34661
34825
34869
34990
35062
35131
35167
35318
35398
35413
35459
35504
35538
35619
35725
35740
35802
35843
36051
36056
36073
36125
36219
36300
36376
36512
36548
36681
36707
36717
36749
37031
37085
37112
37130
37289
37304
37327
37355
37641
37911
37943
37969
38036
38150
38408
38476
38491
38743
38771
39214
39292
39614
39654
39661
39775
39781
39893
40005
40238
40520
40560
40743
40775
40800
40852
40904
40912
40968
40996
41007
41034
41042
41182
41546
41606
41638
41760
41985
42054
42157
42304
42428
42591
42644
43186
43416
43730
43753
43776
43986
44218
44221
44248
44268
44315
44364
44541
44575
44654
44660
44688
44778
45005
45037
45388
45442
45524
45764
45902
46014
46065
46171
46188
46288
46629
46823
46846
46922
47065
47143
47387
47458
47482
47593
47647
47667
47789
47819
47881
47984
47991
48100
48159
48224
48295
48311
48654
48665
48760
48964
49010
49069
49096
49184
49309
49343
49597
49663
49743
49793
49952
50527
50534
50752
50801
50905
50926
51020
51042
51181
51371
51446
51610
51620
51828
52102
52200
52315
52532
52991
53252
53399
53754
53796
53848
54005
54038
54062
54099
54359
54432
54462
54513
54580
54597
54616
54641
54660
54698
54704
54759
54861
55203
55348
55513
55681
55786
55919
56048
56125
56132
56235
56309
56347
56423
56545
56745
56783
56855
56942
56949
56981
57054
57197
57282
57533
57586
57596
57606
57634
57911
58136
58353
58618
58619
58768
58900
59099
59168
59219
59394
59461
59605
59649
59669
59734
59976
60464
60522
60522
60617
60621
60634
60663
60666
60832
60991
61019
61039
61055
61257
61313
61408
61643
61855
61877
61977
62086
62122
62304
62443
62468
62498
62516
62554
62604
62620
62661
62694
62919
62999
63062
63082
63167
63220
63487
63494
63625
63648
63719
63759
63900
64035
64071
64099
64101
64144
64192
64465
64488
64490
64506
64596
64820
64956
65013
65115
65213
65319
65356
65407
65754
65765
65766
65826
66051
66065
66368
66401
66602
66656
66728
66887
67019
67046
67054
67109
67177
67363
67367
67567
67647
67818
67820
67843
68044
68047
68105
68282
68300
68314
68374
68436
68798
68925
69200
69297
69301
69415
69500
69540
69546
69631
69660
69665
69750
69790
69913
70081
70088
70091
70133
70202
70247
70285
70289
70380
70416
70496
70562
70652
70738
70841
70920
71069
71107
71377
71411
71438
71470
71509
71751
71942
71962
72105
72169
72190
72267
72466
72646
72665
72769
72823
73037
73074
73140
73510
73533
73563
73821
73823
73884
74103
74120
74131
74153
74266
74360
74416
74571
74588
74644
74675
74814
75069
75161
75339
75439
75454
75549
75585
75600
75733
75783
76050
76055
76130
76165
76235
76334
76598
76842
77081
77388
77468
77617
77843
77862
77868
77991
78003
78020
78038
78203
78222
78307
78382
78497
78616
78697
78725
78772
78775
78841
78983
79012
79036
79043
79158
79376
79603
79615
79644
79709
79721
79752
79756
79781
80173
80281
80363
80488
80537
80607
80621
80665
80683
80705
80796
80918
80955
80986
81154
81339
81343
81374
81559
81611
81635
81713
81798
81799
81851
82046
82105
82117
82223
82407
82591
82644
82649
82671
82838
82884
82915
82921
82984
83011
83209
83329
83337
83576
83616
83632
83663
83663
83731
83741
83764
83841
83878
83939
84027
84075
84341
84446
84483
84498
84580
84607
84667
84943
85068
85176
85423
85683
85847
85936
85989
86008
86288
86495
86798
87083
87248
87300
87390
87549
87586
87610
87663
87688
87767
87805
87869
87932
87964
88200
88219
88235
88469
88526
88551
88601
88606
88649
88665
88666
88843
88948
89186
89273
89303
89369
89414
89417
89452
89462
89588
89595
89614
89632
89734
90036
90050
90076
90137
90257
90323
90352
90532
90616
90668
90743
90946
90996
91034
91259
91382
91456
91603
91860
92057
92303
92340
92637
92658
92758
92785
92937
92950
92954
93048
93343
93679
93747
93968
94144
94168
94393
94415
94476
94501
94528
94651
94663
94664
94744
94759
94801
94865
94927
95023
95142
95404
95410
95520
95601
95603
95609
95637
95696
95868
95909
95980
96293
96312
96515
96751
96829
96861
96884
96939
96985
97049
97331
97497
97603
97747
97775
97833
97887
98219
98313
98519
98597
98653
98970
99079
99099
99146
99148
99177
99473
99510
99567
99593
99626
99668
99716
99834
99927
100010
100061
100198
100276
100342
100402
100612
100650
100780
100785
100888
100958
101160
101292
101597
101794
101884
101951
102004
102420
102422
102601
102692
103007
103156
103185
103296
103459
103465
103807
103880
103883
103987
104067
104103
104126
104344
104382
104383
104783
104974
105007
105058
105320
105667
105739
105772
105797
105984
105989
106241
106285
106319
106444
106594
106774
106788
106793
106859
107079
107108
107142
107245
107314
107394
107428
107471
107473
107501
107566
107987
108039
108082
108087
108103
108395
108429
108459
108606
108783
108803
108865
109003
109134
109167
109292
109295
109297
109398
109462
109582
109605
109648
109659
109698
109775
109793
109799
110075
110309
110393
110407
110456
110566
110576
110669
110698
110869
110926
111035
111135
111249
111269
111319
111416
111448
111454
111551
111558
111660
111736
111835
112011
112085
112103
112132
112390
112783
113306
113510
113712
113722
114140
114183
114202
114215
114227
114306
114338
114408
114781
114892
114970
114971
115010
115169
115298
115367
115435
115442
115605
115681
115869
115899
115992
116052
116113
116186
116346
116560
116647
116752
116790
116850
117205
117337
117361
117425
117581
117725
117900
118050
118143
118235
118416
118435
118503
118651
118662
118685
118748
118766
118780
118820
118833
118875
119008
119036
119076
119144
119360
119396
119397
119418
119433
119761
119798
119806
119810
119818
120130
120164
120202
120609
120664
120830
120906
120968
120975
120991
121228
121364
121396
121447
121617
122129
122237
122302
122460
122842
122921
123054
123252
123432
123500
123667
123841
123987
124098
124160
124268
124299
124307
124419
124424
124542
124564
124622
124644
124671
124695
124730
124745
124765
124880
124985
125008
125081
125616
126038
126074
126172
126254
126506
126510
126642
126710
126747
126767
126818
126935
127161
127164
127224
127284
127342
127464
127600
127653
127654
127663
127887
127889
127897
129133
129306
129385
129491
129577
129633
129687
129840
129881
130006
130089
130111
130125
130132
130649
130702
130740
130793
130898
130970
131051
131087
131156
131225
131316
131436
131533
131639
131707
131715
131739
131809
131926
131991
132028
132030
132030
132459
132526
132590
133172
133269
133275
133519
133559
133721
133784
133913
134218
134308
134445
134575
134721
134883
134900
135036
135110
135134
135155
135319
135364
135455
135728
135978
136006
136047
136286
136312
136370
136377
136428
136540
136558
136732
136916
136961
137299
137484
137605
137811
137842
137938
138009
138337
138480
138505
138612
138842
139048
139302
139355
139433
139454
139977
139995
140026
140081
140129
140158
140224
140248
140312
140329
140435
140458
140663
140769
140912
140960
141060
141207
141418
141435
141506
141566
141636
141680
141777
141789
141796
142082
142192
142282
142545
142631
142643
142671
142701
142783
142851
142851
142891
142901
142978
143076
143102
143159
143177
143326
143333
143440
143520
143567
143602
143741
143763
143907
143966
144213
144294
144472
144569
144707
144714
144771
144883
144885
144976
145017
145157
145198
145537
145540
145630
145773
145990
146024
146045
146200
146342
146350
146512
146645
146720
146776
146922
147226
147261
147571
147684
148070
148100
148292
148449
148579
148603
148806
148905
148953
148980
149250
149480
149505
149747
149826
149908
149980
150201
150279
150288
150338
150341
150363
150368
150370
150556
150595
150720
150896
150942
151088
151321
151325
151574
151588
151701
151789
151793
151932
152174
152664
152702
152743
152799
153128
153299
153331
153363
153533
153613
153668
153702
153762
153882
153891
153918
154083
154142
154164
154187
154347
154428
154435
154666
154671
154874
154875
154904
155104
155126
155221
155256
155306
155347
155480
155650
155823
156127
156131
156161
156190
156209
156336
156368
156476
156531
156569
156622
156635
156843
156984
157086
157160
157217
157232
157324
157790
157849
157851
157951
158003
158018
158201
158238
158284
158445
158468
158543
158545
158702
158714
158905
159168
159409
159629
159796
159801
159859
159914
160082
160091
160181
160222
160229
160313
160819
160820
160836
161058
161176
161185
161292
161359
161569
161636
161703
161872
161947
161948
162005
162189
162210
162286
162301
162356
162439
162489
162501
162631
162703
162727
162788
162919
163083
163100
163204
163295
163317
163464
163640
163867
164044
164071
164084
164232
164281
164323
164323
164562
164593
164679
164788
164878
164904
165153
165258
165450
166024
166139
166327
166334
166375
166441
166569
166594
166706
166708
167086
167099
167121
167219
167261
167278
167482
167494
167781
167785
167870
167908
167984
168066
168103
168413
168444
168597
168931
168945
169092
169156
169450
169533
169586
169601
169712
169840
169973
170079
170091
170161
170194
170372
170534
170545
170678
170895
171002
171008
171101
171108
171115
171305
171392
171425
171600
171626
172018
172025
172062
172611
172716
172745
172778
172834
172955
173151
173592
173694
173996
174065
174102
174138
174279
174425
174538
174546
174682
174798
174812
175041
175112
175174
175291
175315
175328
175344
175498
175569
175790
175841
176247
176496
176559
176593
176769
176836
177028
177112
177141
177166
177421
177579
177833
177879
177882
178229
178844
179468
179802
179886
180041
180440
180615
180833
180856
180964
180999
181167
181230
181418
181501
181524
181611
182080
182249
182275
182426
182457
182620
182784
182824
182829
182833
182843
182939
182992
183306
183486
183955
184140
184409
184462
184543
184678
184695
184732
184879
184904
185272
185282
185460
185466
185472
185539
185580
185618
185985
186008
186156
186189
186244
186265
186289
186485
186621
186721
186739
186777
186850
186932
187021
187095
187376
187615
187652
187662
187728
187808
188033
188340
188341
188472
188493
188584
188771
189042
189170
189397
189407
189572
189641
189752
189877
189927
190075
190298
190487
190504
190511
190547
190786
190938
190977
191026
191030
191038
191082
191087
191109
191219
191645
191701
191721
191833
191905
191955
192128
192175
192629
192647
192761
192784
193046
193099
193147
193255
193282
193314
193395
193465
193686
193704
194007
194011
194339
194396
194547
194581
194941
195292
195347
195348
195604
195624
196171
196216
196305
196513
196617
196717
196808
197318
197328
197333
197458
197575
197622
197848
197877
197964
197973
198146
198474
198563
198719
198770
198840
198858
199038
199109
199154
199182
199282
199307
199437
199469
199476
199511
199567
199645
199714
199961
200003
200359
200435
200523
200607
200681
200736
200917
200944
201000
201077
201169
201183
201261
201325
201511
201526
201600
201686
201688
201825
201982
202103
202130
202225
202226
202231
202377
202519
202611
202638
202771
202789
202825
202828
202885
202890
203031
203048
203048
203166
203315
203357
203458
203582
203689
203691
203716
203791
203818
204053
204425
204498
204596
204733
204808
205188
205331
205360
205450
205695
205728
205756
205822
205856
205875
206040
206180
206382
206403
206448
206698
206774
206789
207017
207205
207224
207296
207319
207672
207780
207821
207875
207913
208022
208089
208106
208153
208188
208264
208310
208320
208498
208543
208594
208655
208728
209163
209317
209361
209488
209528
209539
209713
209770
209854
209868
210002
210263
210267
210277
210279
210335
210449
210567
210632
210902
211027
211079
211382
211586
211637
212142
212235
212309
212359
212421
212534
212654
212738
212830
212834
212937
213009
213283
213318
213375
213416
213481
213481
213520
213582
213596
213726
214263
214425
214440
214555
214566
214593
214598
214607
214617
214623
214652
214735
214916
215073
215080
215104
215152
215289
215530
215572
215650
215685
215802
215809
215823
215982
216030
216090
216145
216147
216298
216362
216719
216812
216821
216916
217071
217134
217525
217822
218110
218210
218265
218292
218333
218414
218469
218827
218842
219022
219167
219198
219366
219404
219528
219613
219644
219675
219725
219730
219789
219844
220008
220133
220137
220220
220332
220342
220345
220466
220532
220558
220786
221101
221166
221191
221331
221333
221505
221556
221822
221882
222019
222063
222092
222645
222706
222756
222801
222841
222858
223032
223185
223232
223474
223674
223678
223762
223810
223851
223863
224199
224299
224349
224443
224724
224788
224888
225068
225195
225497
225626
225630
225740
225958
226024
226055
226142
226177
226183
226191
226269
226297
226460
226670
226690
226736
227011
227024
227072
227148
227337
227437
227604
227612
227702
227877
227894
227904
227928
228149
228263
228287
228310
228326
228341
228508
228693
228795
228860
229238
229262
229508
229558
229720
229873
230000
230054
230073
230181
230318
230575
230766
230778
230793
231156
231324
231358
231707
231782
231800
231822
231946
231966
232012
232015
232040
232077
232171
232216
232358
232382
232411
232524
232544
232852
232960
233274
233326
233429
233456
233504
233715
233985
234061
234176
234181
234383
234493
234535
234587
234605
234609
234648
234817
234835
234918
234973
235002
235195
235232
235290
235579
235649
235778
236130
236347
236416
236430
236557
236660
236811
236969
237001
237240
237399
237464
237709
237828
237891
237907
237963
238034
238067
238185
238334
238402
238798
238803
239133
239186
239357
239470
239878
239882
239892
240085
240117
240260
240317
240461
240633
240636
240657
240679
240872
241197
241353
241367
241804
241931
242059
242259
242308
242443
242597
242708
242718
242912
242923
243082
243173
243176
243214
243233
243270
243435
243473
243483
243934
244008
244015
244052
244127
244205
244433
244512
244532
244845
244913
245050
245481
245513
245532
245742
245960
246072
246275
246292
246345
246513
246625
246652
246872
247020
247061
247104
247182
247243
247315
247337
247467
247647
247668
247990
248066
248200
248330
248372
248606
248611
248629
248687
248690
248998
249181
249219
249358
249374
249420
249549
249561
249791
249850
249872
249902
249925
249941
250138
250153
250507
250594
250750
250761
250846
250891
250971
251026
251161
251212
251258
251424
251510
251614
251707
251789
251912
251986
252006
252013
252152
252155
252277
252567
252668
252856
252923
253178
253225
253458
253478
253499
253577
253840
254142
254155
254240
254315
254489
254514
254554
254830
254858
254969
254970
255046
255091
255240
255334
255384
255393
255411
255739
255830
255856
255863
256140
256213
256222
256245
256278
256556
256624
256876
256882
257015
257060
257266
257477
258054
258060
258154
258159
258224
258292
258468
258493
258616
258765
258774
258983
258994
259070
259111
259247
259427
259458
259543
259662
259747
259825
259840
260235
260564
260662
260931
261164
261286
261300
261340
261406
261477
261541
261542
261613
261746
261751
261794
261820
261913
262070
262139
262356
262383
262386
262462
262578
262586
262641
262755
262888
262900
263025
263027
263081
263427
263476
263587
263621
263700
264117
264160
264194
264371
264459
264493
264686
264706
264742
264791
264913
264916
265126
265281
265323
265360
265411
265495
265587
265611
265702
265869
266058
266322
266848
266895
266916
267118
267135
267140
267142
267183
267238
267252
267478
267535
267583
267590
267592
267643
267704
267718
267836
267866
267928
268042
268170
268216
268223
268315
268328
268360
268459
268644
268648
268659
268740
268785
268817
268836
268858
268872
268926
269066
269172
269245
269260
269265
269354
269416
269419
269492
269529
269565
269711
269789
269848
269895
270178
270408
270466
270486
270656
270702
270739
270848
270969
271113
271137
271215
271252
271278
271280
271327
271438
271525
271707
271732
271739
271744
272126
272218
272219
272233
272306
272330
272332
272678
272766
272833
272911
272976
273002
273093
273426
273548
273653
273727
273757
273880
274017
274090
274393
274422
274505
274580
274628
274669
274796
274826
274898
274958
274975
275830
276015
276049
276059
276188
276193
276195
276252
276260
276278
276299
276341
276543
276562
276891
277167
277176
277391
277412
277811
277929
278131
278338
278350
278368
278410
278579
278598
278880
278884
279017
279110
279356
279417
279583
279672
279784
279804
279862
279998
280001
280053
280216
280216
280313
280370
280416
280419
280566
280579
280758
280768
280894
280911
281005
281137
281274
281378
281515
281561
281624
281659
281816
281849
281850
281883
281915
281995
282157
282166
282316
282334
282516
282526
282559
282624
282648
282755
282889
283032
283112
283185
283218
283243
283392
283558
283599
283649
283762
283894
284175
284490
284581
284630
284724
285035
285270
285298
285375
285395
285618
285646
285680
285686
285961
285962
286120
286168
286183
286183
286434
286461
286549
286572
286576
286581
286689
286706
286746
287158
287225
287242
287245
287351
287366
287372
287477
287909
287916
288006
288140
288179
288434
288479
288559
288644
288775
288932
288984
289104
289376
289376
289515
289662
289714
289770
289808
289865
290035
290075
290277
290358
290361
290396
290413
290888
291010
291120
291149
291183
291283
291405
291484
291490
291559
291594
292161
292182
292188
292214
292227
292427
292501
292616
292630
292691
292703
292707
292740
292892
292933
293034
293052
293054
293213
293284
293338
293508
293534
293610
293741
293848
293851
293945
293983
294042
294104
294176
294233
294316
294353
294354
294376
294394
294426
294444
294488
294674
294676
294856
294953
295175
295204
295492
295497
295548
295610
295801
295884
296045
296252
296484
296536
296587
296642
296789
296824
296957
297105
297154
297355
297545
297916
298005
298237
298299
298313
298427
298441
298485
298563
298627
298955
299181
299336
299524
299553
299566
299623
299700
299734
299886
300033
300205
300230
300414
300656
300695
300834
300903
301086
301096
301110
301145
301687
302149
302208
302219
302251
302303
302508
302596
302604
302634
302714
302756
302761
302789
302827
302949
303083
303183
303892
303931
303957
303964
304145
304236
304367
304383
304498
304577
304736
304765
304876
304888
304894
304937
305001
305030
305096
305110
305391
305550
305599
305671
305905
305935
305985
306051
306110
306198
306321
306339
306345
306466
306532
306555
306642
306739
306840
306885
306988
307053
307132
307186
307206
307241
307348
307382
307384
307403
307485
307640
307641
307716
307723
307763
307882
307886
307900
307963
307969
308115
308209
308301
308517
308618
308640
308858
308910
308967
309210
309328
309655
309667
310195
310274
310371
310387
310627
310799
310956
311120
311225
311455
311494
311498
311524
311596
311633
311805
311850
311860
311864
311955
312336
312387
312469
312544
312568
312684
312872
312946
312983
313268
313310
313429
313441
313539
313783
313794
313797
313827
313935
314100
314291
314388
314461
314610
314637
314663
314665
314840
314926
314974
314985
315019
315124
315227
315228
315355
315522
315617
315622
315778
315932
316068
316171
316190
316280
316288
316311
316344
316416
316576
317009
317077
317131
317205
317593
317601
317714
317862
317921
318030
318160
318212
318353
318369
318377
318514
318857
318953
319087
319366
319856
319918
319924
319926
320218
320274
320354
320695
320716
320767
320771
320779
320886
320921
321294
321336
321429
321614
321679
321695
321736
322023
322030
322180
322240
322261
322541
322783
322910
323105
323203
323287
323351
323387
323514
323581
323691
323692
323704
323923
323980
324091
324228
324247
324447
324461
324557
324647
324681
324774
324902
324983
324989
325246
325354
325398
325450
325479
325595
325607
326051
326100
326110
326112
326130
326177
326216
326249
326495
326590
327028
327081
327120
327166
327210
327333
327433
327508
327814
327865
328108
328116
328328
328726
328760
328804
328865
329204
329204
329302
329625
329700
329718
329969
330005
330062
330144
330145
330216
330306
330391
330424
330501
330532
330702
330707
330748
330754
331022
331417
331500
331553
331772
331802
332006
332026
332057
332213
332533
332674
332809
332857
333074
333136
333267
333342
333504
333508
333536
333581
333583
333853
333952
334003
334356
334449
334453
334528
334688
334753
334779
334859
334872
335000
335117
335135
335261
335434
335445
335465
335471
335509
335532
335537
335632
336094
336194
336355
336394
336705
337028
337041
337119
337161
337221
337243
337252
337442
337502
337681
337691
337757
337837
337950
338159
338260
338390
338416
338464
338604
338715
338809
338837
338855
338923
338934
339045
339062
339081
339140
339373
339531
339614
339764
339933
340094
340106
340230
340262
340316
340370
340525
340711
340872
340889
340892
341013
341026
341091
341158
341376
341617
341664
341699
341800
341870
341912
341982
342005
342033
342257
342292
342390
342445
342484
342767
342980
343058
343666
343715
343904
343960
344088
344318
344417
344435
344453
344828
344850
344866
344866
344886
345018
345611
345723
345832
346050
346325
346332
346561
346616
346674
346722
346835
346890
346935
346946
347149
347247
347455
347535
347574
347646
347682
347980
348030
348169
348275
348439
348593
348629
348693
348758
348784
348794
348822
348924
348931
349069
349186
349258
349351
349510
349515
349606
349633
349769
349799
349947
350059
350129
350347
350387
350425
350435
350464
350647
350851
350953
350990
351139
351227
351229
351243
351279
351292
351292
351364
351449
351562
351567
351603
351611
351918
351959
351965
351993
352045
352159
352218
352361
352367
352473
352641
352764
352893
352981
353062
353196
353390
353451
353553
353595
353774
353870
353887
353918
354000
354166
354220
354245
354267
354305
354417
354486
354511
354600
354696
354852
354901
354962
355132
355173
355379
355467
355528
355532
355556
355750
355921
356437
356456
356494
356716
356793
356815
357011
357113
357157
357313
357332
357415
357459
357578
357629
357630
357919
358085
358086
358163
358173
358449
358686
358797
358877
358891
359037
359079
359087
359122
359218
359225
359315
359429
359548
359560
359561
359645
359646
359660
359689
359706
359932
360085
360156
360811
360899
360916
361040
361180
361223
361228
361457
361480
361485
361540
361605
361667
361677
361818
361826
361835
361898
362159
362181
362278
362364
362555
362662
362725
362891
362933
362973
363050
363084
363344
363378
363392
363403
363427
363725
363726
363799
363959
363965
363976
364121
364361
364363
364424
364540
364582
364659
364725
364825
364878
364884
365005
365090
365281
365402
365470
365510
365633
365809
365859
365888
365911
365979
366054
366093
366181
366208
366293
366380
366416
366471
366555
366730
366807
366836
367003
367066
367171
367310
367347
367484
367651
367687
367904
367948
367997
368039
368087
368218
368242
368385
368510
368595
368761
368779
368921
369119
369186
369205
369261
369356
369484
369650
369730
369873
369906
370236
370237
370420
370479
370484
370577
370622
370687
370753
370798
370835
370890
370958
371227
371429
371499
371560
371827
371974
372240
372259
372290
372315
372413
372497
372654
372698
372840
372917
373073
373145
373184
373286
373289
373313
373330
373429
373458
373644
374000
374140
374227
374345
374354
374369
374470
374536
374578
374858
374900
375338
375384
375612
375677
375841
375879
376052
376634
376756
377020
377090
377104
377114
377153
377174
377711
377828
377997
378065
378328
378461
378606
378885
379354
379376
379630
379689
379861
379910
379945
379985
380052
380099
380301
380328
380472
380490
380597
380751
380837
380871
380962
380975
381087
381533
381548
381642
381677
381766
382007
382488
382573
382592
382663
382841
382862
382893
383018
383019
383025
383435
383489
383587
383734
383863
384066
384138
384209
384323
384654
384974
385203
385322
385488
385623
386012
386029
386095
386096
386141
386230
386231
386232
386386
386459
386541
386736
386779
386920
387229
387243
387540
387717
387841
388112
388129
388143
388432
388691
389023
389136
389164
389287
389291
389330
389598
389619
389698
389791
389824
389825
390072
390080
390106
390157
390214
390255
390326
390389
390768
390776
390786
390863
390863
391275
391290
391408
391436
391456
391522
391571
391785
391927
392016
392019
392313
392455
392469
392564
392663
392850
392897
392943
392971
393026
393126
393449
393536
393563
393607
393753
393839
394112
394261
394343
394397
394455
394478
394633
394692
394720
394923
394980
395040
395076
395147
395399
395430
395786
396086
396182
396189
396200
396398
396489
396495
396538
396550
396680
396855
396964
396989
397124
397131
397213
397458
397458
397668
397714
397882
397978
397983
398082
398155
398377
398531
398533
398552
398659
398845
398947
399020
399437
399553
399571
399714
399786
400093
400228
400255
400425
400540
400567
400650
400986
401054
401344
401391
401434
401672
401674
401690
401770
401799
401837
401965
402017
402053
402072
402105
402197
402282
402390
402432
402889
403141
403228
403270
403361
403521
403594
403652
403718
403737
403770
403837
403879
403973
403974
404032
404097
404208
404222
404285
404285
404299
404558
404628
404783
404835
404912
404964
404997
405096
405111
405172
405243
405410
405455
405644
405690
405750
405784
406018
406026
406063
406187
406374
406488
406606
406941
407003
407249
407332
407438
407658
407686
407804
407895
407978
408014
408090
408190
408347
408351
408396
408436
408443
408611
408648
408994
408998
409114
409139
409209
409295
409376
409472
409594
409725
409964
410039
410082
410082
410094
410318
410407
410557
410584
410682
410746
410820
410954
411038
411075
411097
411134
411176
411272
411274
411560
411666
411667
411773
412016
412044
412051
412065
412104
412318
412626
412714
412856
412878
412960
413038
413255
414038
414204
414223
414240
414318
414352
414419
414420
414485
414616
414668
414669
414717
414767
414779
414859
414868
414888
414902
414974
415039
415150
415271
415398
415538
415545
415914
415938
415960
416029
416047
416055
416221
416374
416587
416626
416774
416943
417115
417203
417263
417317
417338
417343
417398
417901
417923
418031
418038
418087
418107
418116
418133
418148
418227
418230
418384
418643
418763
418793
418900
418952
419316
419326
419330
419527
419641
419960
419993
420004
420039
420053
420106
420374
420451
420610
420659
420679
420744
420809
421057
421151
421166
421168
421428
421543
421644
421740
422005
422042
422112
422136
422256
422403
422489
422529
422624
422777
422984
422986
423139
423317
423323
423471
423480
423725
423729
423736
423793
423836
423877
423963
424000
424060
424080
424161
424287
424654
424726
424890
424891
425100
425158
425220
425234
425245
425260
425538
425761
425872
426023
426060
426180
426280
426479
426723
426766
426823
426868
426880
427322
427326
427354
427369
427391
427410
427540
427810
427883
427977
427981
427997
428060
428198
428344
428349
428375
428493
428601
428780
428838
428949
429021
429180
429218
429348
429348
429720
429981
430047
430089
430313
430426
430479
430556
430615
430661
430695
430932
431034
431224
431224
431273
431294
431309
431381
431528
431535
431750
431779
431870
432020
432061
432275
432276
432352
432421
432487
432551
432681
432828
432898
432899
432912
432924
432933
433170
433172
433211
433239
433515
433561
433592
433636
433757
433853
433863
433914
433955
434006
434045
434087
434127
434305
434399
434424
434569
434693
434731
434931
435102
435173
435207
435363
435421
435456
435600
435609
435675
435707
435736
435756
435832
435861
435888
435890
435892
435975
436125
436235
436326
436328
436361
436428
436480
436485
436552
436690
436786
436870
436908
436977
437001
437010
437043
437156
437211
437278
437420
437669
437779
437866
437877
438280
438446
438593
438661
438675
438773
438780
438924
438999
439022
439130
439253
439259
439284
439497
439554
439586
439651
440021
440031
440065
440084
440139
440153
440463
440918
440942
441085
441174
441178
441219
441372
441621
441746
442020
442166
442351
442405
442578
442654
442816
442855
442921
442935
442967
442997
443005
443010
443104
443167
443278
443287
443400
443497
443546
443614
443681
443926
443939
443968
444221
444299
444366
444517
444591
444603
444623
444625
444862
444958
444964
445067
445116
445146
445197
445366
445539
445542
445572
445681
445912
445915
445938
445987
446019
446057
446088
446126
446315
446386
446443
446562
446599
446896
447021
447041
447118
447217
447235
447308
447396
447442
447559
447733
447826
447832
447859
447918
448094
448427
448601
448866
449157
449317
449419
449708
449841
450048
450094
450118
450486
450487
450559
450685
450712
450842
450986
451154
451173
451354
451362
451436
451544
451563
451718
451754
451962
452078
452234
452286
452287
452549
452588
452600
452627
452728
452813
452929
452940
453108
453109
453196
453256
453300
453402
453428
453545
453584
453882
453919
454091
454142
454219
454245
454295
454390
454407
454558
454799
454812
455102
455182
455221
455321
455444
455544
455544
455728
455748
455952
456042
456087
456092
456143
456452
456459
456477
456549
456649
456701
456713
456713
456931
457299
457339
457341
457431
457594
458027
458033
458043
458191
458387
458563
458647
458742
458949
459019
459090
459193
459236
459264
459317
459464
459532
459582
459599
459613
459644
459821
459862
459910
460087
460112
460361
460590
460616
460707
460753
460946
460996
461021
461229
461274
461413
461451
461478
461505
461608
461647
461726
462232
462277
462408
462453
462890
462969
463003
463053
463136
463384
463447
463514
463591
463594
463638
463669
463753
464035
464063
464267
464541
464681
464683
464823
464844
465427
465666
465786
465987
466342
466355
466480
466586
466646
466789
466942
467003
467190
467410
467439
467651
467703
467854
467866
467915
467934
468083
468106
468112
468136
468190
468237
468242
468294
468903
469050
469518
469582
469591
469642
469656
469878
469880
470019
470115
470134
470319
470608
470755
470854
470964
471135
471248
471272
471538
471624
471689
471756
472090
472130
472133
472201
472323
472330
472403
472411
472415
472534
472830
472890
472964
472995
473028
473120
473302
473325
473342
473378
473525
473555
473908
474009
474063
474141
474154
474248
474299
474340
474482
474723
474747
474747
474946
475038
475165
475253
475259
475339
475551
475559
475559
475599
475628
475645
475925
476129
476232
476264
476371
476395
476496
476504
476640
476862
477122
477336
477415
477529
477561
477775
477854
477890
477996
478137
478174
478199
478365
478563
478689
478776
478849
479094
479214
479277
479365
479544
479604
479652
479673
479715
479760
479890
480053
480175
480278
480432
480509
480657
480679
480821
480914
480924
480957
481024
481215
481241
481369
481379
481567
481680
481851
481971
481986
482027
482211
482267
482284
482519
482638
482796
482828
482915
482934
482979
483091
483275
483313
483329
483389
483527
483667
483745
483778
483785
483866
484032
484083
484108
484175
484218
484440
484603
484694
484699
484725
484891
484934
485061
485115
485203
485309
485546
485548
485594
485816
485904
486040
486285
486359
486528
486565
486568
486636
486688
486739
486804
486820
486989
487062
487120
487217
487571
487692
487712
487809
487821
487822
488009
488101
488170
488190
488219
488304
488315
488419
488584
488638
488643
488695
488832
488905
488990
488996
489020
489024
489034
489085
489173
489198
489211
489249
489293
489444
489451
489516
489698
489716
489831
489915
489925
490046
490136
490197
490497
490604
490634
490702
490706
490798
490824
490912
490962
491080
491110
491353
491477
491492
491558
491581
491607
491638
491735
492110
492308
492347
492421
492470
492502
492583
492607
492643
492749
492836
492909
492978
492989
492996
493073
493174
493236
493560
493579
493685
493745
493783
493877
493939
494029
494124
494534
494604
494663
494697
494838
495101
495322
495412
495872
495907
495987
496006
496006
496166
496280
496352
496598
496672
496739
496803
496861
496923
496978
497116
497169
497182
497226
497259
497566
497586
497746
497894
497999
498124
498295
498442
498452
498504
498825
498961
499035
499069
499105
499233
499261
499287
499548
499602
499679
499689
499739
499797
499948
500011
500128
500166
500280
500393
500705
500770
500786
500789
500790
500862
500915
500922
500983
501002
501125
501151
501157
501281
501395
501602
501648
501777
501842
501892
502194
502325
502447
502583
502591
502661
502819
502838
502885
503000
503038
503084
503209
503264
503316
503593
503632
503682
504071
504276
504413
504416
504422
504811
504997
505062
505385
505392
505400
505596
505664
505816
505860
505962
506000
506029
506060
506230
506413
506508
506627
506677
506723
506751
506939
507207
507234
507247
507337
507437
507479
507565
507570
507660
507689
507955
508053
508072
508107
508117
508204
508521
508581
508723
508787
508971
508974
509047
509087
509298
509383
509407
509463
509472
509626
509650
509799
509877
510072
510270
510522
510563
510794
510863
510987
511111
511114
511239
511318
511364
511492
511572
511597
511733
511777
512037
512056
512263
512285
512310
512336
512349
512380
512487
512787
513012
513308
513746
513844
513869
513947
514033
514379
514440
514810
514865
514867
515038
515135
515152
515287
515342
515357
515409
515432
515624
515638
515724
515956
516166
516347
516530
516763
517178
517370
517429
517483
517568
517836
517960
517977
518022
518086
518090
518254
518269
518533
518575
518705
518835
518835
518916
518928
519099
519152
519216
519362
519382
519497
519609
519665
519737
519948
520039
520203
520214
520219
520229
520406
520407
520418
520477
521087
521089
521155
521183
521517
521578
521609
521797
521809
521894
522012
522109
522128
522209
522317
522355
522471
522511
522542
522601
522637
522661
522820
522960
523071
523372
523578
523847
523852
524063
524106
524157
524367
524388
524469
524496
524594
524639
524655
524691
524783
524831
524838
524915
525199
525272
525318
525348
525538
525727
525831
525906
526037
526054
526109
526112
526115
526243
526340
526363
526536
526539
526670
526832
526868
526978
527022
527126
527160
527352
527406
527409
527436
527445
527453
527649
527788
527825
528029
528179
528291
528334
528531
528662
528769
528866
528870
528945
528946
529268
529570
529660
530036
530062
530091
530116
530143
530395
530635
530687
530816
531166
531204
531245
531362
531412
531656
532103
532217
532290
532326
532402
532418
532480
532495
532516
532559
532719
532722
532751
533139
533182
533242
533328
533340
533343
533418
533670
533679
533782
533894
533942
533963
534026
534192
534362
534436
534497
534578
534613
534621
534720
534799
535126
535281
535303
535456
535724
535826
535878
536098
536273
536410
536461
536610
536612
536622
536706
536811
536894
536894
537125
537176
537226
537246
537365
537411
537423
537480
537584
537624
537702
537709
537791
537868
537924
537945
538005
538182
538221
538250
538259
538282
538711
538907
538929
539058
539352
539426
539439
539629
539795
539918
540078
540104
540341
540345
540845
540947
541127
541434
541454
541479
541525
541553
541615
541644
541824
541885
541892
542005
542028
542041
542057
542062
542259
542345
542855
542900
543185
543209
543257
543433
543577
543604
543628
543659
543725
543727
543795
543833
543913
543969
544075
544085
544182
544231
544300
544347
544370
545052
545216
545540
545556
545617
545650
545802
545821
545934
545953
546065
546203
546314
546319
546512
546631
546650
546974
547097
547103
547117
547171
547220
547228
547415
547582
547617
547628
547708
547895
547943
547953
548026
548030
548054
548201
548233
548241
548269
548510
548563
548923
549034
549258
549570
549579
549605
549641
549848
549924
549964
549992
550023
550463
550503
550546
550695
550787
550891
550921
551026
551147
551263
551272
551291
551305
551334
551413
551618
551669
551701
551891
552070
552249
552310
552315
552377
552378
552439
552457
552549
552550
552682
552801
552860
553167
553224
553301
553378
553532
553543
553581
553713
553794
553935
553985
554060
554073
554210
554341
554377
554402
554461
554489
554491
554552
554664
554692
554779
554860
554914
554937
555055
555326
555387
555412
555427
555568
555652
555670
555777
556167
556274
556366
556463
556533
556557
556568
556586
556622
556696
556770
556823
556830
556898
556930
557142
557159
557164
557366
557426
557444
557577
557622
557625
558073
558328
558439
558452
558495
558779
558816
558885
558928
559007
559277
559649
559731
559861
559907
560122
560166
560571
560666
560808
560808
560867
560903
560940
561030
561036
561072
561138
561160
561201
561537
561603
561710
561770
561778
561866
562085
562102
562187
562265
562407
562509
562592
562654
562712
563043
563057
563059
563068
563081
563125
563218
563328
563603
563661
563678
563696
563789
563797
563827
563870
563947
564427
564492
564506
564585
564747
564872
565009
565027
565305
565382
565451
565870
566109
566119
566209
566223
566323
566389
566552
566751
566785
566846
566990
567139
567410
567410
567411
567513
567572
567762
567814
567857
568091
568493
568576
568620
568738
568742
568863
568874
568973
568979
569017
569063
569104
569151
569182
569216
569410
569483
569501
569624
569737
569832
569838
569880
569943
570374
570451
570656
570776
570803
571000
571262
571305
571359
571456
571661
571678
571723
571785
571851
571910
571963
572079
572132
572152
572512
572561
572628
572658
572823
572883
572885
572889
572902
572904
572913
573047
573119
573182
573323
573390
573472
573495
573839
573857
573883
573912
573950
573959
574038
574060
574209
574333
574365
574436
574487
574588
574613
574613
574641
574785
574851
574924
575020
575067
575228
575366
575421
575460
575513
575666
575688
575723
575850
575856
576115
576136
576243
576289
576319
576336
576536
576542
576600
576607
576798
576976
577096
577262
577384
577411
577556
577615
577819
577835
577836
577841
578001
578072
578282
578462
578609
578893
578917
579094
579128
579209
579348
579352
579370
579379
579385
579484
579518
579532
579549
579574
579577
579592
579660
579707
579863
580034
580052
580130
580200
580220
580277
580408
580409
580513
580608
580621
580671
580734
580960
581026
581028
581060
581131
581199
581341
581484
581496
581570
581803
581806
581816
581937
582100
582257
582383
582405
582471
582487
582551
582831
582923
582944
583102
583250
583260
583290
583419
583513
583989
584068
584154
584160
584451
584758
584773
585059
585097
585137
585144
585231
585255
585278
585287
585317
585324
585359
585423
585703
585777
585899
586012
586427
586443
586525
586560
586704
586713
586727
586754
586785
586835
586983
586993
587053
587138
587169
587173
587380
587449
587558
587783
587805
587876
587889
588081
588397
588508
588813
588814
588962
589023
589429
589677
589804
589817
589901
589909
590084
590142
590215
590266
590318
590330
590537
590556
590708
590766
590896
590957
590973
591086
591209
591363
591516
591527
591657
591703
591712
591773
591800
591878
591891
591901
592026
592251
592254
592260
592455
592508
592607
592686
592978
593025
593057
593091
593097
593145
593203
593458
593612
593725
593802
593862
593865
594125
594214
594236
594425
594507
594543
594608
594624
594640
594781
594805
594812
594827
594899
594952
595008
595064
595086
595103
595123
595153
595363
595414
595448
595507
595596
595696
595860
595874
595893
595912
595965
595984
596034
596166
596202
596328
596434
596434
596605
596660
596685
596739
597001
597047
597050
597085
597114
597164
597185
597302
597328
597449
597616
597643
597660
597818
598083
598183
598187
598195
598237
598301
598333
598362
598674
598683
598837
598880
598946
598958
599079
599100
599145
599154
599219
599255
599580
599585
599832
600110
600229
600341
600366
600387
600428
600541
600595
600773
600847
600911
600935
601002
601145
601210
601311
601329
601348
601432
601561
601804
601863
601886
601913
602033
602115
602208
602537
602576
602848
603039
603069
603109
603124
603146
603443
603477
603680
603687
603861
604050
604070
604165
604208
604252
604292
604531
604558
604704
604707
604734
604802
604896
604938
605008
605188
605284
605404
605499
605533
605566
605585
605781
606397
606486
606728
606766
607145
607225
607261
607423
607546
607838
607889
608126
608127
608142
608426
608509
608654
608663
608857
608894
608997
609011
609123
609124
609226
609372
609457
609473
609480
610086
610099
610680
610857
610860
610906
610912
610981
611161
611193
611370
611450
611838
612182
612248
612275
612502
612528
613053
613116
613163
613241
613359
613563
613617
613825
614010
614011
614102
614184
614219
614259
614277
614280
614381
614410
614474
614483
614630
614851
614893
615064
615076
615596
615628
615685
615740
615787
616037
616061
616079
616193
616223
616341
616420
616426
616436
616856
617131
617336
617419
617883
617997
618291
618295
618634
618685
618843
618844
618902
618960
619007
619074
619166
619249
619350
619515
619577
619595
619703
619721
619858
619933
619936
620095
620138
620142
620181
620252
620498
620562
620594
620704
620707
620918
620974
620987
621016
621053
621231
621298
621353
621419
621442
621520
621574
621651
621844
622083
622119
622256
622289
622540
622582
622667
622709
622905
622960
623076
623222
623505
623509
623630
623704
623753
623819
623824
623915
623930
624019
624036
624104
624131
624334
624394
624551
624726
624777
624923
625075
625141
625214
625330
625421
625431
625452
625486
625500
625581
625705
625744
625828
625929
625970
626011
626051
626148
626378
626574
626590
626593
626612
626763
626785
626824
626845
626863
626908
626911
626921
627030
627048
627138
627167
627263
627282
627583
627656
627658
627721
627756
627788
627807
627860
628371
628558
628801
628843
628925
629199
629420
629716
629751
629836
629952
629999
630065
630067
630232
630364
630368
630425
630444
630470
630558
630582
630850
630896
630937
630967
631047
631218
631251
631307
631326
631671
631689
631706
631770
632007
632038
632165
632299
632354
632751
632856
633126
633266
633333
633334
633434
633444
633570
633586
633805
634012
634058
634181
634278
634378
634388
634505
634655
634669
634848
635000
635060
635069
635126
635200
635273
635319
635351
635401
635497
635584
635633
635644
635717
635857
635877
635981
636045
636217
636334
636467
636504
636559
636620
636896
636910
637309
637387
637398
637480
637497
637688
638043
638044
638298
638371
638409
638636
638690
638711
638711
638737
638772
638824
638836
639031
639227
639230
639291
639310
639322
639366
639437
639485
639535
639551
639574
639610
639803
640024
640163
640215
640223
640247
640387
640387
640512
640562
640627
640628
640885
641009
641099
641200
641299
641322
641392
641940
641950
641990
642108
642118
642277
642282
642532
642560
642590
642940
643177
643289
643315
643336
643549
643631
643789
643874
643965
644091
644170
644226
644481
644648
644802
644860
645023
645258
645288
645384
645536
645603
645688
645708
645734
645837
645946
646164
646302
646411
646434
646724
646733
646832
646871
646955
647169
647348
647641
647838
647907
647934
647965
648005
648011
648050
648089
648268
648570
648669
648719
648870
648879
649013
649160
649192
649226
649353
649442
649612
649838
649976
650062
650177
650440
650447
650479
650552
650609
650649
650787
651004
651116
651189
651376
651536
651674
651685
651710
651730
651798
651836
651948
651949
652037
652060
652169
652323
652394
652398
652462
652554
652771
652795
652886
652914
652923
653000
653053
653081
653110
653412
653523
653674
653772
653842
653918
653929
654073
654075
654095
654568
654604
654686
654759
654796
654807
654870
654949
655037
655046
655075
655131
655170
655265
655305
655317
655340
655417
655589
655861
655915
656095
656098
656254
656256
656440
656505
656560
656658
656719
656787
656861
657033
657079
657195
657227
657314
657321
657391
657420
657426
657469
657516
657789
657959
658117
658118
658154
658162
658193
658212
658304
658321
658342
658360
658450
658564
658575
658583
658667
659154
659191
659224
659530
659667
660053
660162
660174
660209
660321
660363
660459
660469
660744
660750
661204
661270
661562
661722
661757
661967
662048
662184
662349
662351
662354
662432
662644
662803
663154
663376
663457
663478
663668
663806
663809
663909
663945
663961
664083
664341
664400
664516
664714
664821
664851
664968
665004
665144
665300
665320
665381
665416
665430
665515
665811
665820
665899
666128
666149
666277
666351
666463
666566
666780
666786
666896
667077
667104
667127
667167
667225
667454
667550
667687
667747
667848
667981
668261
668282
668333
668386
668411
668448
668691
668739
668747
668889
668981
669183
669192
669194
669327
669373
669380
669393
669458
669512
669531
669680
669955
670052
670426
670459
670527
670585
670688
670691
670781
670785
670809
670897
670923
671055
671199
671215
671386
671419
671436
671628
671765
671877
671929
672094
672118
672191
672275
672360
672376
672397
672581
672615
672648
672723
672854
672979
673004
673040
673342
673700
674067
674167
674269
674291
674481
674678
674717
674755
675166
675209
675444
675532
676120
676266
676419
676668
676682
676903
676906
676937
677430
677517
677612
677616
677709
677800
677936
677955
678045
678085
678135
678169
678235
678339
678368
678456
678463
678705
678796
678896
678970
679095
679121
679189
679294
679391
679488
679583
679688
679818
679977
680040
680043
680161
680253
680263
680353
680366
680644
680679
680743
680758
680824
681104
681249
681275
681382
681423
681467
681545
681688
681726
681742
681868
681929
682003
682111
682122
682125
682321
682585
682764
682765
682844
682847
682894
682932
682962
683118
683128
683228
683266
683302
683408
683465
683505
683521
683551
683581
683661
683774
683839
683859
683956
683960
684031
684055
684137
684153
684208
684350
684436
684561
684693
684797
684957
684980
685073
685110
685209
685344
685413
685436
685570
685623
685633
685700
685822
685824
685898
686398
686428
686503
686567
686595
686719
686754
686825
686860
686985
686999
687125
687179
687208
687296
687453
687466
687841
688000
688022
688066
688467
688568
688597
688616
688859
688930
689005
689054
689077
689229
689408
689421
689647
689657
689784
689957
689959
690311
690498
690547
690557
690602
690611
690696
691013
691066
691117
691305
691308
691413
691521
691532
691583
691815
691940
691944
691978
692601
692944
693007
693399
693405
693547
693594
693636
693677
693732
693773
693930
693943
694059
694090
694256
694361
694405
694501
694532
694541
694661
694723
694757
694767
694796
694822
695082
695122
695334
695364
695390
695522
695742
695994
696074
696084
696394
696410
696475
696502
696523
696697
696702
696723
696739
696877
696886
696988
697023
697478
697551
697626
697637
697695
697837
697982
698053
698135
698163
698218
698356
698408
698580
698659
698750
698802
698875
698932
699091
699127
699641
699647
699694
699904
700204
700278
700309
700621
700678
700751
700781
700807
700936
700966
701033
701208
701219
701302
701615
701879
702005
702080
702227
702248
702360
702505
702585
702639
702645
702840
702954
703096
703125
703269
703281
703391
703457
703568
703801
703904
703917
703919
703923
704061
704066
704102
704196
704215
704218
704228
704316
704341
704454
704522
704587
704762
704859
704993
705130
705162
705224
705360
705447
705455
705469
705625
705633
705729
705899
706242
706264
706318
706364
706466
706631
706833
706996
707037
707137
707169
707569
707691
707863
707966
708055
708087
708100
708176
708196
708211
708254
708258
708474
708716
708736
708993
709015
709178
709278
709318
709332
709676
709746
709772
709880
709910
710216
710259
710387
710518
710529
710655
710789
710912
710925
710928
711057
711174
711241
711263
711781
711827
711827
711868
711994
712007
712018
712037
712421
712564
713115
713375
713481
713524
713530
713769
713770
714361
714374
714421
714518
714613
714835
714891
714920
715010
715076
715184
715423
715669
715916
715925
716040
716049
716146
716272
716309
716354
716738
717276
717298
717391
717460
717492
717513
717597
717741
717951
718015
718085
718116
718387
718461
718731
718734
718764
718785
718840
718894
718933
718985
719103
719253
719266
719470
719472
719473
719478
719637
719700
719712
719934
719962
720025
720303
720365
720405
720948
721005
721059
721127
721212
721237
721463
721831
721906
721975
722049
722100
722285
722494
722511
722629
722657
722903
722912
722934
723034
723057
723063
723147
723230
723236
723340
723511
723544
723593
723626
723845
723876
724071
724250
724364
724377
724620
724696
724901
724910
725114
725144
725183
725358
725539
725724
725789
725827
725904
725911
725974
726023
726044
726048
726216
726298
726389
726479
726585
726672
726695
726743
726766
726766
726831
727023
727107
727175
727186
727244
727250
727345
727376
727408
727564
727569
727650
727848
728044
728072
728295
728447
728587
728610
728785
728917
728942
729020
729344
729417
729441
729463
729535
729687
729748
729770
729991
730000
730127
730230
730462
730516
730562
730738
730864
730913
730945
731006
731034
731099
731100
731143
731170
731227
731266
731382
731682
731731
732123
732256
732259
732551
732674
732681
732805
732981
733009
733016
733093
733315
733366
733423
733433
733479
733500
733721
733723
733890
733920
734032
734065
734091
734217
734225
734429
734481
734520
734627
734659
734664
734769
734825
734933
735102
735300
735340
735369
735626
735835
736043
736088
736128
736273
736284
736559
736647
736932
736997
737108
737496
737501
737530
737573
737574
737776
737787
737794
737881
737900
738072
738110
738138
738157
738213
738274
738462
738753
738846
739035
739138
739190
739204
739691
739731
739818
739835
739922
739947
740034
740157
740174
740240
740242
740509
740558
740584
740653
740658
740712
740728
740757
740867
740973
741333
741544
741668
741670
741860
741907
742078
742090
742279
742472
742579
742770
742814
742870
742939
742991
743003
743218
743339
743375
743468
743514
743524
743596
743832
744010
744107
744142
744264
744309
744321
744519
744741
744790
744837
744950
745029
745052
745164
745221
745240
745285
745295
745490
745585
745591
745617
745798
745860
746027
746052
746526
746537
746552
746606
746888
746932
747068
747126
747183
747242
747322
747388
747466
747466
747666
748196
748248
748284
748403
748426
748640
748932
748975
749142
749284
749534
749613
749643
749650
749670
749746
749822
750273
750325
750331
750426
750442
750653
750697
750703
750744
750771
750801
750803
751047
751120
751272
751290
751376
751476
751552
751552
751645
752040
752284
752377
752465
752599
752646
752654
752763
752777
752875
753503
753627
753740
753902
754104
754179
754340
754347
754396
754418
754479
754560
754579
754624
754823
754883
755005
755035
755064
755082
755106
755165
755207
755389
755405
755945
755987
756048
756153
756157
756308
756409
756619
756709
756710
756830
757113
757156
757248
757330
757423
757471
757541
757674
757679
757710
757763
757797
758072
758196
758266
758319
758453
758497
758527
758567
758599
758642
758837
758876
758936
758969
758986
759015
759092
759120
759610
759627
759799
759824
760016
760203
760229
760348
760544
760630
760789
760840
760900
760909
760936
761219
761244
761351
761363
761535
761634
761803
761839
761977
762303
762342
762423
762521
762522
762814
763028
763209
763255
763459
763547
763720
763832
763837
763980
764078
764097
764241
764324
764371
764446
764531
764604
764805
764888
765004
765159
765165
765241
765435
765531
765561
765564
765569
765587
765626
765741
765777
765863
765908
765957
766179
766320
766418
766495
766507
766530
766556
766722
767011
767083
767209
767285
767317
767318
767355
767457
767521
767579
767608
767636
767707
767731
767758
767883
767887
767922
768074
768194
768496
768507
768507
768671
768696
768807
768876
768941
769062
769073
769113
769168
769170
769236
769312
769369
769458
769489
769881
770022
770158
770181
770278
770349
770387
770489
770766
770791
770810
770812
770894
770967
771236
771285
771445
771556
771623
771678
771957
771980
772122
772187
772339
772584
772617
772670
772780
772801
772811
772838
773007
773191
773255
773268
773319
773411
773422
773460
773526
773738
773803
773851
773913
774101
774176
774296
774550
774707
774710
774783
775008
775271
775360
775403
775471
775599
775810
775814
775983
775996
776001
776073
776352
776356
776358
776397
776407
776464
776673
776801
776844
777286
777331
777357
777483
777527
777579
777617
777731
777746
777758
777989
778071
778106
778161
778264
778308
778378
778464
778492
778828
778838
778879
778986
778996
779028
779134
779233
779373
779466
779536
779562
779697
779932
779958
779963
780050
780193
780371
780385
780402
780475
780576
780694
780697
780765
780781
780886
780979
781063
781140
781212
781264
781410
781440
781520
781573
781834
782015
782153
782156
782247
782266
782280
782341
782492
782513
782878
782897
783056
783098
783133
783157
783220
783434
783925
783975
784093
784333
784384
784436
784455
784488
784500
784517
784733
784759
784877
785127
785360
785370
785491
785523
785549
785615
785646
785720
785922
786003
786012
786287
786534
786549
786644
786705
786717
786741
786767
786909
787046
787086
787107
787351
787434
787570
787675
787791
787791
788004
788266
788274
788525
788554
788602
788606
788665
788896
789093
789234
789405
789425
789618
789868
789891
789914
790063
790064
790140
790143
790297
790452
790672
790720
790922
790963
790982
791074
791135
791165
791253
791339
791401
791428
791490
791526
792412
792558
792606
792649
792825
792846
792975
793084
793197
793298
793305
793342
793465
793542
793610
793692
793705
793707
793889
793895
793902
793966
794102
794128
794173
794188
794223
794436
794528
794543
794704
794809
794810
794848
794869
795022
795080
795116
795197
795200
795374
795423
795636
795725
795734
795736
795755
796081
796272
796604
796684
796952
796953
797109
797117
797280
797336
797380
797401
797521
797548
797657
797754
797802
798036
798113
798129
798166
798259
798509
798684
798882
798946
799037
799139
799190
799325
799351
799567
799728
800034
800318
800524
800747
800770
800880
800924
800977
801006
801018
801141
801262
801404
801601
801695
801878
801920
802096
802156
802181
802238
802262
802294
802296
802342
802506
802543
802780
802810
802892
803223
803276
803279
803478
803566
803609
803752
803805
803878
803949
804131
804193
804249
804256
804324
804351
804512
804722
804911
805011
805072
805137
805144
805164
805603
805791
805920
805929
805948
805952
806123
806415
806546
806623
806835
806884
807169
807370
807396
807428
807630
807756
807905
808052
808064
808110
808206
808216
808222
808248
808666
808825
808854
808861
809307
809872
809932
810003
810114
810150
810170
810308
810345
810357
810383
810411
810506
810815
810872
810876
810947
811007
811108
811235
811273
811297
811389
811463
811498
811590
812082
812085
812116
812189
812210
812437
812589
812741
812788
812828
812871
812922
813082
813266
813331
813432
813557
813614
813722
813830
813846
813893
813994
814124
814458
814687
814799
814919
814966
814994
815329
815387
815511
815682
816000
816133
816174
816175
816220
816543
816551
816763
816798
816845
816907
816949
816995
817208
817218
817425
817883
817913
818029
818110
818126
818198
818206
818430
818531
818608
818691
818743
818929
819284
819296
819354
819375
819630
819667
819687
819709
819956
819958
819959
820031
820050
820068
820196
820448
820487
820496
820537
820624
820655
820764
820792
820804
820965
820988
821038
821194
821438
821525
821563
821598
821682
821699
821708
821795
821804
822160
822203
822212
822511
822633
822659
822707
822722
822851
822980
823066
823165
823322
823358
823387
823442
823617
823646
823725
823779
823796
823858
824095
824231
824303
824431
824592
824596
824664
824667
824676
824724
825051
825058
825158
825209
825341
825368
825529
825634
825837
826114
826233
826375
826641
826657
826834
826850
826897
826902
827049
827093
827432
827463
827500
827581
827687
827799
827811
827974
828273
828438
828511
828523
828543
828607
828665
828751
828757
828793
829137
829309
829477
829700
829707
829768
829769
829983
830131
830250
830277
830479
830504
830593
830646
830707
830785
830832
830868
830897
831063
831253
831442
831733
831823
831838
831865
832002
832017
832244
832414
832580
832718
832839
832865
832882
833107
833116
833477
833613
833668
833787
833911
833916
834165
834202
834442
834492
834684
834806
834883
834934
835025
835127
835350
835482
835590
835616
835761
835777
835790
835900
836160
836193
836238
836529
836577
836702
836739
836869
837133
837148
837178
837280
837336
837615
837628
837748
837755
837807
837835
837839
838167
838262
838603
838737
838755
838763
838804
838836
838906
838986
838986
839114
839282
839336
839671
839687
839739
839920
839926
839981
840055
840242
840298
840622
840654
840969
841025
841041
841090
841225
841615
841629
841644
841786
841848
841913
841983
841996
842012
842038
842177
842218
842324
842530
842536
842713
842870
842945
843176
843406
843422
843534
843583
843601
843714
843735
843770
843988
844030
844119
844166
844194
844283
844309
844671
844733
844766
844899
845115
845146
845458
845555
845631
845650
845991
846045
846090
846243
846299
846319
846328
846436
846467
846507
846678
846732
846752
846755
846757
846801
846864
846869
847032
847148
847193
847198
847206
847217
847239
847246
847419
847460
847744
847780
847867
847973
848061
848139
848178
848192
848258
848449
848556
848763
848773
848866
848879
848985
848988
849061
849214
849297
849369
849618
849724
849811
850268
850396
850483
850485
850651
850871
850918
850938
850958
851036
851125
851260
851282
851320
851327
851439
851460
851608
851680
851860
852016
852041
852042
852296
852322
852834
852863
852990
853056
853085
853198
853200
853287
853379
853418
853434
853584
853694
853713
853787
853810
854380
854482
854486
854531
854535
854623
854631
854694
854871
854962
855017
855128
855188
855293
855395
855889
855964
855987
856061
856212
856277
856308
856309
856422
856479
856674
856698
856727
856803
856852
856863
856919
857006
857324
857563
857589
857645
857650
857653
857762
857780
857835
857936
857955
857992
858042
858219
858221
858276
858291
858303
858569
858621
859119
859170
859276
859373
859448
859566
859666
859758
859810
859877
859966
859986
860228
860244
860410
860771
860951
861119
861178
861374
861436
861626
861681
861790
861927
861976
862100
862214
862409
862502
862504
862646
862753
862812
862841
862872
862908
862937
862991
863103
863247
863252
863596
863631
863674
863710
863743
863854
863862
863882
863982
864096
864157
864246
864287
864326
864386
864417
864544
864726
864798
864835
864858
865076
865091
865199
865300
865428
865636
865725
865816
865823
865831
865895
865899
865967
866021
866105
866179
866199
866345
866416
866507
866693
866715
866775
866870
866893
867187
867192
867275
867385
867561
867615
867689
867739
867757
867782
867820
867823
868245
868339
868383
868438
868480
868607
868610
868931
868940
868950
869048
869144
869193
869622
869648
869765
869902
870032
870034
870080
870093
870119
870125
870449
870606
870638
870957
870958
871089
871094
871233
871413
871444
871445
871523
871656
871678
871688
872040
872125
872128
872153
872240
872370
872382
872462
872536
872651
872926
873112
873116
873332
873397
873530
873571
873592
873601
873705
873720
873859
873874
873951
874045
874053
874092
874099
874211
874298
874305
874313
874537
874673
874772
874902
875207
875373
875391
875408
875426
875454
875548
875762
875926
876120
876240
876559
876564
876595
876618
876946
877018
877152
877388
877412
877551
877571
877619
877665
877707
877791
877905
878038
878075
878086
878157
878229
878269
878284
878597
878661
878865
878867
878900
878949
879001
879058
879081
879157
879559
879607
879627
879664
879933
879961
879989
880131
880164
880346
880400
880412
880438
880462
880482
880646
880680
880722
880761
880890
880991
881031
881052
881116
881393
881460
881740
881873
881953
881956
882165
882221
882297
882309
882479
882515
882547
882815
883276
883317
883401
883647
883655
883670
883705
883751
884160
884164
884403
884482
884527
884698
884790
884834
884900
884922
884989
884999
885000
885139
885187
885453
885744
885758
885811
885849
885863
886041
886057
886140
886179
886335
886420
886465
886535
886555
886625
886629
886710
886737
886784
886837
886892
886961
887100
887486
887537
887568
887889
888002
888147
888185
888314
888326
888350
888373
888592
888740
888774
888835
888941
889271
889344
889353
889405
889519
889624
889643
889745
889850
889886
890221
890224
890229
890246
890295
890344
890364
890423
890583
890605
890605
890741
890768
890937
890977
890994
891073
891087
891320
891344
891416
891444
891496
891498
891613
891841
891921
891928
892045
892245
892295
892325
892382
892745
892901
892953
893119
893331
893404
893418
893434
893452
893456
893546
893549
893598
893604
893628
893661
893672
893776
893792
893804
893945
894035
894066
894245
894256
894269
894280
894598
894607
894620
894877
894894
895002
895051
895055
895159
895268
895340
895343
895470
895569
895585
895659
895770
895832
895838
896056
896133
896173
896249
896282
896551
896555
896668
896703
896811
896813
896828
896952
897155
897165
897256
897318
897395
897563
897588
897606
897651
897682
897684
897686
897714
897780
897915
898117
898254
898364
898389
898496
898750
899013
899183
899431
899570
899623
899647
899683
899738
899778
899974
900045
900062
900132
900414
900524
900627
900629
900638
900811
900872
900882
900887
900948
900981
901091
901197
901216
901240
901369
901492
901547
901759
902229
902262
902395
902653
902947
903114
903377
903482
903517
903599
903602
903637
903826
904023
904059
904061
904119
904147
904475
904479
904550
904562
904791
904815
905220
905487
905524
905648
905657
905754
905770
905796
906009
906076
906099
906180
906220
906226
906243
906513
906591
906646
906851
906932
906992
907035
907291
907335
907367
907391
907483
907492
907529
907555
907585
907606
907837
907849
907923
908026
908028
908252
908287
908288
908405
908479
908673
908728
908767
908844
908876
908887
909189
909190
909358
909503
909638
909663
909760
910086
910431
910646
910786
911029
911080
911340
911463
911487
911561
911594
911611
911744
911945
911974
912122
912185
912268
912566
912913
912982
912992
912997
912998
913034
913038
913402
913463
913468
913510
913575
913637
913698
913713
913751
913939
913962
914097
914104
914163
914249
914342
914382
914476
914577
914783
914834
914910
914957
915017
915018
915047
915190
915315
915419
915435
915462
915467
915615
915639
915671
915811
916020
916200
916325
916338
916527
916730
916874
916877
917018
917138
917143
917238
917301
917335
917335
917414
917515
917575
917662
917675
917836
917864
918005
918038
918058
918212
918520
918563
918638
918691
918736
919048
919126
919322
919475
919531
919730
919774
919811
919819
919993
920071
920206
920249
920359
920379
920575
920708
920808
920928
921282
921307
921317
921318
921477
921519
921520
921544
921572
921786
921810
921832
921844
921935
922012
922488
922570
922635
922951
922984
923115
923352
923448
923524
923560
923582
923688
923956
924003
924195
924285
924307
924761
924773
924812
924953
924989
925004
925209
925267
925364
925526
925599
925728
925751
925855
925987
926112
926332
926351
926390
926401
926420
926670
926788
926913
927022
927057
927199
927247
927310
927397
927509
927510
927529
927542
927606
927643
927644
927681
927776
927949
928049
928093
928190
928257
928288
928499
928866
928977
929249
929266
929478
929634
929701
929727
929772
929881
929955
930207
930232
930335
930349
930387
930469
930481
930574
930606
930663
930865
930869
931219
931221
931303
931435
931501
931689
931845
931864
931923
932037
932107
932187
932230
932266
932295
932362
932521
932547
932723
932742
932846
932914
932983
933125
933156
933222
933263
933343
933505
933533
933556
933682
933726
933726
933879
933965
934002
934054
934167
934184
934411
934432
934528
934615
934798
935017
935192
935258
935288
935541
935684
935863
935871
936019
936042
936099
936102
936282
936300
936380
936385
936618
936678
936825
937014
937042
937176
937212
937296
937297
937365
937405
937519
937566
937606
937686
937852
937862
938031
938057
938081
938128
938590
938630
938667
938685
938855
939063
939064
939230
939337
939433
939476
939507
939512
939528
939645
939743
939796
939870
939976
940027
940081
940274
940540
940572
940802
940896
940926
940997
941038
941234
941310
941350
941410
941511
941558
941762
941772
941789
941935
941967
941974
942028
942127
942140
942193
942349
942401
942626
942764
942804
942852
943039
943061
943124
943358
943382
943392
943625
943727
943813
943914
943955
944075
944090
944092
944148
944302
944375
944396
944688
944838
944897
945091
945401
945547
945660
945695
945696
945902
945931
945950
946155
946279
946333
946339
946380
946422
946425
946445
946574
946596
946739
946777
946889
947032
947119
947208
947233
947341
947400
947465
947495
947643
947907
947912
948104
948117
948169
948362
948511
948642
948744
948820
948852
948994
949064
949274
949287
949569
949744
949810
949850
949900
949979
950036
950057
950075
950146
950216
950235
950367
950395
950591
950652
950715
950800
950847
950910
951089
951108
951215
951378
951391
951708
951769
951847
951910
951943
952006
952199
952395
952540
952657
952747
952912
952960
953007
953069
953393
953698
953765
953830
954010
954190
954248
954265
954346
954536
954546
954646
954783
954876
955004
955111
955424
955476
955735
955805
955885
955968
956063
956224
956461
956495
956571
956667
956813
957002
957186
957219
957260
957280
957327
957513
957543
957643
957857
958264
958298
958314
958344
958715
958778
958798
958887
958955
959087
959323
959332
959632
959807
959888
959959
960042
960216
960461
960500
960627
960671
960878
961229
961329
961563
961602
961745
961842
961860
962097
962145
962154
962257
962516
962616
962664
963204
963270
963300
963433
963712
963736
963742
963761
963849
963916
964153
964235
964259
964324
964443
964499
964748
964810
964821
965008
965137
965332
965419
965470
965501
965535
965703
965991
966147
966289
966339
966423
966587
966595
966614
966639
966739
966802
966823
967053
967119
967177
967181
967234
967572
967678
967706
967837
968077
968111
968436
968447
968804
968878
968982
969040
969157
969226
969236
969280
969452
969501
969508
969524
969530
969768
969779
969828
969946
969976
970036
970114
970161
970176
970343
970416
970519
970741
970819
970841
970993
971204
971419
971448
971566
971657
971709
971763
971964
972042
972061
972135
972212
972226
972280
972297
972553
972637
972702
972707
972737
972742
972828
973028
973103
973320
973580
973618
973687
973847
973879
973924
973987
974088
974191
974287
974310
974410
974444
974489
974583
974676
974699
974975
975110
975152
975191
975437
975473
975729
975856
976092
976178
976325
976342
976427
976584
976598
976695
976824
976905
976946
976962
976962
977035
977165
977283
977289
977377
977491
977495
977502
977743
977786
978116
978218
978260
978432
978436
978590
978704
978748
978762
978777
978812
978848
978877
978943
978994
979012
979027
979032
979053
979162
979216
979583
979698
979769
979997
980073
980195
980264
980274
980347
980433
980664
980738
980763
980823
980903
980996
981076
981189
981328
981501
981551
981638
982044
982409
982521
982554
983181
983203
983390
983404
983404
983514
983646
983681
983844
984030
984166
984783
984956
985071
985115
985290
985425
985572
985741
985804
985818
986022
986024
986047
986365
986425
986466
986500
986600
986936
986983
987371
987844
987851
987943
988021
988047
988066
988093
988176
988269
988355
988478
988596
988693
988822
988928
988939
988978
989020
989074
989167
989197
989311
989386
989454
989473
989517
989662
989785
989853
989903
990320
990357
990448
990453
990501
990666
990681
990717
990875
990905
990966
991140
991282
991409
991488
991510
991597
991659
991692
991727
992188
992309
992526
992565
992610
992661
992821
992866
992908
993018
993024
993125
993411
993511
993669
993918
994320
994391
994419
994498
994842
994951
995051
995167
995400
995494
995501
995569
995730
995793
995796
995815
995855
995991
996080
996147
996263
996267
996413
996525
996596
996653
996656
996769
996897
997524
997624
997726
997776
997804
997825
997899
998029
998064
998078
998364
998504
998552
998575
998894
998897
998987
999132
999166
999355
999440
999454
999515
999535
999717
999873
