283
760
1115
1460
1583
1614
1704
1738
1884
2261
2293
2423
2431
2829
2849
2916
3457
3651
3817
3832
3836
4009
4214
4329
4772
4888
5581
5673
5706
5710
5764
6097
6147
6559
6689
7233
7327
7514
7585
7686
8153
8341
9187
9251
9567
9574
9816
10050
10973
11171
11211
11654
11917
11929
12165
12518
13028
13049
13069
13494
13907
13984
14186
15633
15979
16156
16710
16920
17177
17189
17342
17409
17418
17430
17444
17674
17836
18083
18085
18272
18392
19020
19124
19357
19358
19553
19736
19825
19937
19992
20072
20077
20293
20330
20732
20846
21322
21431
22077
22150
22310
22575
22760
23016
23024
23211
23309
23403
23549
23566
23847
24051
24312
24867
25403
25497
25549
25691
26641
26659
26780
26917
27058
27160
27430
27588
27784
27825
28011
28033
28266
28611
28656
29264
29453
29544
29629
29849
29947
30220
30481
30559
30695
30761
30928
31349
31374
31600
31754
31758
32097
32167
32299
32528
32541
32571
32919
32971
33001
33061
33185
33424
33620
33634
33823
34371
34446
34589
34688
34832
34921
34957
35004
35078
35281
35462
35573
35687
35744
35962
36054
36063
36503
36767
37115
37202
37293
37323
37345
37429
37624
37834
38022
38047
38798
38885
39472
39926
40011
40585
40718
41037
41045
41271
41353
41485
41613
42190
42252
42387
42607
43576
43577
43595
43984
44412
44488
44929
44963
45667
45676
45793
45826
45846
46626
46954
47232
47356
47393
47530
47736
47781
47944
48688
48984
49026
49852
50187
50236
50496
50500
50596
50671
50913
50943
51629
51740
51765
51776
51814
51861
51955
51961
52001
52015
52054
52455
53003
53189
53346
53587
53757
54306
54372
54691
54785
54944
55243
55404
55505
56223
56614
56855
56947
56986
57032
57157
57530
57561
57707
57812
57813
57946
58079
58101
58729
58949
59133
59164
59343
59617
59988
59991
60009
60148
60210
60704
60890
60996
61191
61673
61938
62508
62512
62527
62663
62751
62906
63026
63362
63656
63745
63920
64134
64151
64175
64263
64977
65025
65061
65101
65154
65226
65648
65654
66278
66414
66635
66889
66997
67287
67479
68625
69498
69684
69801
70000
70652
70859
70966
71042
71118
71134
71330
71370
71854
72002
72226
72266
72296
72301
72463
72507
72530
72607
73191
73466
73499
73961
74050
74394
74487
74579
74641
74963
75032
75578
75599
75824
76259
76299
76443
76811
76941
77261
78419
78632
78998
79182
79429
79471
79886
79972
80118
80436
80510
80517
80523
81287
81297
81301
81574
81970
82094
82442
83208
83247
83379
83488
83495
83544
84062
84101
84335
85278
85331
85343
85622
86062
86145
86474
86574
86609
86682
86793
86835
87426
87704
87783
87941
88037
88505
88728
88898
88944
89030
89094
89196
89270
89352
89388
90237
90385
90509
91146
91202
91409
91608
91639
92323
92597
93028
93420
94184
94339
94363
94496
94508
94687
94943
95094
95693
95780
96128
96176
96317
96597
96635
96674
96860
97371
97741
98809
98904
98957
99046
99155
99429
99979
100155
100585
100784
100872
100901
101087
101100
101131
101155
101175
101320
101543
101668
101763
102556
102704
102733
102832
102919
102986
103390
103499
103626
103849
103922
104413
104612
104739
105047
105697
105778
106192
106525
106719
106999
107294
107371
107647
107681
107858
108301
108337
108414
108568
108721
108777
109110
109243
109329
109431
110156
110228
110479
110551
110845
110921
111164
111564
111617
111967
112042
112215
112563
112823
113012
113063
113217
113240
113301
113532
113577
113677
113781
113873
114133
114168
114459
114552
114553
115315
115424
116052
116114
116128
116667
116948
117282
117400
117479
117855
118138
118408
118473
118953
118968
119120
119222
119427
119484
119727
119949
119972
119980
120047
120575
121009
121075
121105
121144
121469
121501
121544
121774
121779
121896
122362
122516
122894
123138
123163
123547
123785
123979
124257
124335
124532
124819
124910
125007
125102
125145
125239
125393
125744
125848
125883
126087
126177
126363
126409
126503
126849
126908
127146
127230
127584
127724
127794
128243
128314
128357
128415
128674
128699
128851
129076
129436
129858
130008
130111
130295
130617
130621
130624
130795
130827
131064
131349
131467
131478
131903
131963
132300
132536
132899
133085
133408
133431
133453
133682
134096
134279
134291
134379
134457
134629
135063
135638
136043
136211
136232
136405
136527
136576
136604
136639
136778
136806
136983
137025
137233
137300
137504
137614
137683
137752
137906
137927
138007
138199
138252
138253
138456
138762
138802
139259
139623
139634
139846
140258
140407
140561
140602
140876
140980
140991
141508
141633
141645
141735
142020
142172
142425
142637
142889
143027
143694
143701
143989
144918
145337
145831
146052
146160
146171
146322
146572
146772
146993
147395
147409
147957
148105
148176
148389
148401
148579
148727
148890
148928
149539
149713
149806
149817
150103
150153
150329
150425
150804
150814
150975
150976
151613
151701
152024
152153
152456
152484
152856
153009
153406
153672
153720
153876
154919
154998
155075
155119
155186
155219
155288
155493
155673
155733
155739
156070
156122
156248
156663
156748
157294
157361
157441
157466
157642
157660
157745
157814
157886
157939
158080
158092
158269
158296
158512
158718
159021
159076
159111
159294
159339
159430
160286
160404
160646
160687
161561
161592
161935
161958
162041
162531
162577
162608
162670
162826
162912
162942
163112
163881
163931
164399
164786
165122
165297
165567
165757
165994
166090
166175
166383
166721
167408
167484
167704
167891
168228
168299
168404
168613
168649
169203
169215
169358
169506
169946
169947
169978
170177
171020
171333
171690
171824
172103
172286
172335
172354
172793
173789
173981
174383
174783
175059
175252
175456
175835
176459
176559
177046
177375
177422
177560
178095
178120
178451
178711
178795
178799
178829
178874
179234
179355
179642
180032
180399
180423
180858
180861
180864
181068
181416
181844
182263
182357
182362
182458
182696
183667
183721
183741
183874
184044
184090
184359
184361
185084
185406
185594
186091
186268
186286
186369
186486
186785
187020
187065
187069
187542
187572
187604
188032
188128
188138
188292
188946
188973
189096
189230
189667
189699
189788
190054
190190
190207
190266
190344
190659
190749
191206
191286
191857
192060
192296
192494
192523
193223
193441
193468
193533
193874
194146
194365
194407
195037
195358
195386
195397
195430
195623
195650
195664
195704
195761
195822
196469
196473
196803
197069
197162
197422
197702
197844
198007
198024
198155
198186
198354
198510
198523
198871
198909
199006
199120
199288
199433
199655
199703
199705
199812
200581
200789
200857
200861
200989
201364
201427
201439
201818
201934
202397
202756
202773
202828
203003
203231
203232
203375
204108
204367
204410
204608
205129
205314
205471
205655
206076
206175
206215
206768
206841
206962
207297
207350
207483
207633
207729
207763
207910
207920
207985
208011
208118
208125
208373
208501
208562
208563
208632
208656
208765
209212
209304
209383
209407
209527
209580
209620
209700
209726
210511
211333
211340
211389
211530
211674
211760
212131
212174
212707
212750
213245
213421
213832
214037
214043
214686
214998
215132
215245
215453
215692
216648
216798
216828
216847
217030
217385
217548
217896
219134
219505
219796
219889
220347
220427
220713
220835
220890
221182
221183
221454
222226
222401
222553
222645
222878
222954
223224
223234
223357
223578
223999
224306
224362
224642
224708
224834
224836
225100
225106
225352
225787
225984
226268
226326
226592
227051
227058
227289
228050
228529
228804
229079
229252
229273
229274
229370
229382
229390
229851
230129
230718
230805
230821
230898
231001
231029
231095
231209
231216
231352
231529
231944
232054
232269
232550
232550
232655
232656
232671
232683
232782
232809
232860
233000
233052
233523
233912
234466
234591
234776
234848
234878
235006
235398
235661
235750
235884
235953
236146
236218
236280
236415
236537
236985
237429
237659
238387
238507
238990
239108
239262
239345
240193
240717
240754
240882
240916
241271
241305
241726
241862
242181
242211
242212
242338
242371
242455
242647
242996
243017
243159
243255
243443
244175
244468
244651
244755
245101
245161
245186
245246
245377
245981
246081
246239
246245
246479
246850
247112
247713
247974
247999
248076
248260
248289
248388
248401
248589
249275
249658
249972
249997
250014
250552
250671
251022
251121
251150
251210
251263
251436
251506
251573
251617
251721
251722
251824
251826
251857
252217
252373
252443
252524
252758
252822
253398
253801
253896
254016
254187
254206
254568
254847
255314
255749
255781
255835
256413
256662
257169
257763
257983
257996
258238
258365
258661
258718
258725
259379
259479
259626
260363
260736
261033
261041
261754
261785
261907
262208
262272
262760
262804
262875
263310
263398
263438
264009
264270
264496
264547
264575
264658
265060
265107
265463
265742
266068
266077
266233
266265
267101
267231
267479
267579
267671
268228
268616
268916
269128
269130
269420
270447
270784
270815
270974
271023
271033
271143
271505
271591
272064
272229
272248
272791
272979
273021
273231
273256
273375
273397
273560
273567
273715
273877
274620
274772
274786
275375
275771
276569
276828
276977
277062
277703
277782
278443
278499
278661
278692
278726
279031
279537
280410
280801
281121
281375
281421
281505
281872
281923
282820
282935
282968
283024
283044
283128
283583
283706
283954
284326
284466
285058
286084
286412
286791
286982
287083
287209
287279
287537
287587
287611
287694
287866
287896
287913
288002
288377
288493
288509
289056
289584
289588
289832
289965
290049
290222
290366
290551
291123
291372
291399
291413
291795
292099
292146
292372
292441
292824
292938
293006
293470
293642
293660
294062
294498
294852
295129
295155
295286
295509
295750
295848
295946
296081
296159
296257
296434
296732
296782
296961
296985
297352
297587
297607
298164
298202
298736
298991
299101
299148
299290
299624
299920
300032
300165
300460
300471
300672
300706
301040
301133
301148
301160
301294
301382
301678
301857
301930
302041
302381
302537
302559
302569
302824
303341
303381
303569
303835
304007
304064
304193
304272
304446
304615
304695
305939
305971
306273
306299
306839
306941
307085
307287
307523
307588
307773
307781
307843
307939
308394
308676
308776
308821
309104
309565
309574
309641
309875
309893
310052
310320
310511
310685
310753
310966
311006
311253
311654
311706
311769
311799
312922
312995
313255
313275
313525
313557
313731
313894
313940
314405
314512
314560
315007
315098
315675
315889
315913
315923
316020
316180
316214
316702
316787
316838
316869
317010
317091
317206
317524
317795
317947
318113
318176
318298
318500
319205
319412
319423
319431
319455
319464
319473
320023
320074
320083
320790
320917
321127
321330
321332
321388
321444
321701
321774
321962
322073
322195
322536
323126
323239
323288
323348
323642
323925
324010
324186
324326
324335
324390
325547
325778
325903
325926
326033
326287
326415
326460
326518
327112
327496
327726
328574
328889
329202
329337
329404
329802
329817
329851
329972
330469
330483
331122
331775
331782
331872
331909
331912
332135
332214
332260
332442
332487
333046
333288
333704
333740
333777
334346
334575
334725
335038
335082
335460
335526
335916
336405
336479
336586
336753
336760
336971
337634
338349
338356
338455
338468
338567
338700
338820
338893
339247
339303
339407
339485
339533
339603
339634
340083
340225
340518
340571
340894
340945
341192
341300
341707
341947
342485
342764
342832
342904
343094
343363
343614
343694
343713
343823
344143
344543
344940
345303
345311
345343
345481
345846
346036
346158
346213
346532
346740
346840
347170
347385
348200
348499
348687
348705
348756
348825
349200
349281
349334
349627
349833
349949
350154
350284
350476
350509
350632
350997
351001
351328
351771
351888
351888
351990
352190
352331
352441
352968
352985
353112
353264
353518
353614
353615
353712
353779
354229
354275
354496
354580
354737
354747
354984
355238
355607
355688
356008
356102
356243
356303
356419
357106
357460
357496
357718
357969
358048
358151
358200
358276
358305
358374
358494
359152
359197
359203
359231
359256
359264
359306
359381
359578
359579
360152
360249
360538
360577
360769
360888
361012
361108
361108
361514
361542
361759
361880
362458
362510
362576
362691
362800
363376
363432
363533
363675
364182
364253
364453
364500
364589
364737
364995
365036
365378
365391
365466
365573
365679
365806
365953
366053
366163
366286
366805
367115
367120
367166
367698
367794
368037
368255
368338
368431
368788
368903
369120
369580
369939
370080
370149
370292
370632
370648
370665
370804
370965
370998
371049
371415
371494
372093
372093
372781
372993
373105
373146
373686
374002
374459
374562
374749
374919
375005
375039
375132
375344
375474
375489
375664
375953
375983
376133
376347
376444
376465
377305
377686
377916
378040
378403
378476
379336
379504
380108
380268
380338
380411
380496
380787
381036
381101
381272
381486
381782
381955
382491
382527
382945
383065
383162
383221
383313
383369
383398
383562
383621
383883
383937
384001
384269
384504
384569
384653
384722
384761
385225
385311
385566
385992
386017
386321
386572
387338
387424
387468
387637
387984
388078
388219
388348
388418
388499
388656
388750
389029
389138
389255
389615
389732
389905
390198
390219
390246
390583
390695
391295
391395
392027
392151
392251
392357
392359
393353
393604
394319
394381
394425
394454
394604
394777
395335
395353
395451
395525
395878
395889
395921
396204
396265
396394
396570
396754
396792
396884
397273
397518
397530
397755
398272
398276
398517
398706
398745
398912
399426
399443
399556
400194
400261
400280
400314
401130
401337
401412
401483
401519
401631
402033
402364
402436
402574
403448
403482
403880
404039
404881
404882
405008
405554
405888
406446
406648
406808
406989
407076
407160
407319
407790
408073
408553
408991
409365
410499
410672
410784
410895
410956
410957
410968
411152
411301
411422
411574
411729
412050
412368
412461
412663
412824
413103
413226
413268
413768
414101
414319
414323
414522
414763
414781
415114
415184
415251
415809
416359
416473
416765
416807
416815
417052
417194
417824
418090
418284
418506
418816
419054
419294
419532
419881
419881
420021
420498
420593
420632
421002
421208
421248
421339
421373
421974
422035
422575
422735
422809
422904
423015
423062
423314
423326
423383
423540
423770
423896
424038
424285
424481
424579
424874
425253
425836
426014
426246
426263
426295
426560
426749
426795
426835
426933
426998
427209
427350
427699
428320
428818
428821
429158
429501
430039
430182
430215
430306
430467
430609
431401
431786
432075
432078
432231
432621
432832
433184
433363
433568
433824
433987
434080
434335
434377
434391
434830
434905
434990
435009
435176
435199
435223
435248
435327
435525
435664
435749
436217
436233
436379
436388
436593
436710
436863
437266
437521
437565
437993
438096
438222
438257
438300
438329
438405
438449
438825
438831
438873
438879
439245
439523
439592
439707
439872
440842
440887
440910
441201
441495
441521
441785
441962
442110
442255
442612
442681
442705
442738
443113
443592
443714
444079
444221
444353
444437
444536
444592
444632
444868
444953
444969
445064
445576
445578
445834
446136
447055
447360
447363
448420
448607
448719
449007
449336
449738
449743
449763
449852
449982
450029
450085
450246
450451
450776
450942
451303
451319
451682
451836
451970
452010
452100
452138
452696
452741
453574
453591
453842
454014
454128
454189
454247
454383
454413
454806
454962
455180
455244
455503
455565
455704
455930
456260
456446
456700
457327
457492
457661
457741
457755
458210
458271
458436
459077
459120
459284
459289
459334
459451
459528
459556
459568
459764
459874
459980
460153
460747
460838
460973
461204
461313
461806
461827
462001
462013
462220
462229
462328
462413
462434
462579
462875
463234
463574
464018
464478
464576
464803
464847
464886
464911
465077
465100
465395
465400
465411
465793
466046
466148
466315
466373
466700
466879
467331
467653
467869
467919
467964
468001
468139
468229
468838
468856
469293
469432
470019
470147
470164
470261
470299
470440
470466
470780
470946
470957
471612
471636
472147
472280
472847
472857
472993
473221
473330
473521
473592
473924
474014
474092
474209
474339
474368
474770
474777
474830
475037
475220
475222
475657
475729
475975
476381
476717
477259
477411
477449
477584
477944
478000
478020
478338
478579
478889
479049
479264
479328
479365
479378
479668
479687
479913
480453
480632
480787
480795
481136
481208
481370
481481
481610
481624
481807
481808
481849
481895
482466
482521
482544
482703
482707
482718
483360
483487
483519
483558
483599
483709
483824
483879
484059
485012
485045
485247
485318
485641
485887
486531
486699
487550
487933
488274
488389
488517
488733
488835
489291
489501
489591
489809
489876
490051
490195
490366
490419
490846
491279
491401
491485
491535
491668
492190
492518
493007
493092
493205
493233
493518
493554
493691
493823
493858
493948
494040
494153
494280
494897
495812
495852
496036
496059
496132
496226
496333
496575
496684
497113
497881
498471
499039
499912
500372
500490
500611
500855
500982
501330
501807
501814
502061
502114
502122
502282
502363
503228
503631
503697
503857
503864
504241
504544
504662
505217
505367
505390
506012
506265
506330
506372
506384
506475
506540
506579
506927
507159
507174
507368
507582
507620
507681
508107
508189
508458
508520
509135
509507
509701
509825
509974
510215
510386
510485
510827
511134
511163
511259
511868
512011
512117
512260
512334
512691
512741
512855
512964
513204
513435
513547
513978
514189
514379
514430
514628
514883
515077
515324
515684
516010
516168
516244
516407
517078
517137
517152
517282
517312
517548
518029
518211
518287
518760
518959
519108
519163
519351
519696
519890
520254
520291
520598
520713
521178
521224
521547
521635
521849
521953
522070
522484
522681
522742
522966
523275
523498
523728
523761
524038
524286
524571
524722
524776
524778
525055
525109
525281
525415
525655
525827
526308
526352
526513
526514
526670
527109
527922
527959
528139
528522
529167
529607
529722
530178
531784
531802
531857
532034
532158
532234
532262
532337
532504
532877
532925
532931
533220
533482
533500
533857
534074
534471
534779
535178
536014
536393
536687
536999
537014
537217
537412
537451
537703
538151
538229
538236
538335
538344
538464
538670
538808
538929
539084
539441
539840
539853
540100
540176
540334
540399
540669
540859
540908
540975
541034
541324
541380
541694
541759
541902
541916
542117
542205
542541
543038
543346
543820
543859
543899
543977
544136
544283
544772
545477
545903
546438
546734
546999
547075
547222
547275
547463
547563
547769
548135
548310
549017
549626
549779
549809
549848
550150
550439
550541
550905
550944
550974
550979
551144
551372
551953
552177
552563
553027
553128
553242
553396
553506
553523
553533
553564
553649
553863
554055
554071
554124
554153
554371
554647
554721
554814
555360
555362
556235
556381
556589
556752
556847
557794
557836
557935
557938
558407
558541
558548
558618
558693
558785
559044
559150
559221
559444
560082
560305
560438
560492
560611
560805
560820
561130
561140
561422
561638
562012
562368
562562
562587
562589
563075
563075
563219
563238
563641
563673
564109
564320
564551
564649
564893
564948
565106
565113
565134
565179
565421
565537
565566
565835
565950
565980
566170
566203
566295
566498
566997
567369
567523
567806
567994
568001
568788
568831
569055
569109
569189
569776
570390
570498
571029
571078
571425
572204
572560
572659
572966
572981
572990
573020
573020
573160
573242
573453
573497
573544
573842
574096
574204
574370
574408
574492
574502
574753
574947
574987
575002
575039
575327
575609
575781
575790
576018
577085
577908
578286
578523
578689
578721
578921
579095
579142
579393
579541
579712
579959
580068
580200
580258
580641
580847
581150
581439
581449
581617
581634
581661
581810
581902
582236
582436
582455
583195
583372
583387
583434
583661
583727
583942
584446
584480
584563
584850
584980
585170
585250
585784
585917
586125
586331
586349
587053
587156
587361
587514
587964
588014
588017
588211
588505
588965
588982
589084
589603
589628
590214
590406
590417
590585
590694
590988
590992
591445
591509
591543
591598
591812
592086
592434
592552
592725
592750
592932
593178
593249
593621
593856
593953
594030
594107
594155
594158
594437
594568
594635
595103
595284
595664
595870
596214
596469
596489
596663
597134
597524
597640
597738
597851
598194
598291
598462
598833
599018
599064
599111
599527
600089
600316
600356
600378
600506
600535
600698
600775
600961
601102
601205
601210
601338
601351
601781
601852
601993
602054
602241
602499
602639
602643
602761
602791
603056
603120
603227
603370
603427
603623
603669
603703
603818
604019
604073
604292
604342
604373
604780
605120
605192
605483
605593
605919
606443
606559
606604
606989
607195
607389
607552
607957
607975
608085
608140
608222
608380
608454
608455
608552
608746
608801
608872
608896
609025
609028
609340
609458
609619
609709
610035
610467
610747
611080
611368
611410
611487
611550
611552
612114
612352
612405
612405
612615
612648
612652
612793
613070
613596
613641
613845
614249
614269
614328
614427
614629
614652
614672
614916
615106
615415
615749
616165
616351
616613
616903
617045
617338
617385
617412
617579
617646
618020
618260
618610
619377
619599
620048
620175
620386
620400
620501
620724
620844
620971
621085
621824
621859
621877
622117
622153
622233
622474
622531
622533
622560
623483
624166
624188
624806
624905
625130
625188
625191
625388
625429
625431
625511
625570
625571
625705
625787
626052
626152
626308
626316
626397
626850
626976
626990
627017
627081
627499
627657
627780
627853
627875
627934
628205
628260
628497
628641
628751
628754
629302
629647
629684
630053
630600
630731
630776
630851
631003
631054
631062
631574
631770
631822
632386
632503
632621
632961
633100
633297
633417
633426
633592
633792
634014
634101
634167
634284
634517
635236
635238
635285
635729
635972
636314
636323
636335
636385
636517
636754
636765
636766
636786
637180
637944
638004
638407
638948
638995
639092
639447
639644
639931
640042
640108
640867
641154
641330
642018
642417
642731
642828
642882
643058
643102
643244
643683
643706
643935
644016
644401
644412
644481
644606
644768
644920
644998
645014
645669
645906
646121
646134
647131
647195
647330
647647
648330
648667
648772
648961
649156
649661
649675
650211
650306
650764
650918
650933
651630
651792
652012
652703
652911
653104
653399
653467
653714
653908
653983
654385
654841
654991
655025
655487
655540
656067
656185
656257
656313
656390
656660
656686
657724
658043
658066
658199
658296
658484
659098
659198
659382
659538
659665
659742
659752
659768
660079
660530
660677
660848
660885
660917
660962
661311
661713
661808
661917
661952
661988
662273
662520
662659
662905
662987
663205
663347
663673
663674
663695
663790
663983
664256
664859
664887
665133
665280
665364
665521
665882
666042
666237
666457
666647
666698
666987
667272
667417
667640
667814
667860
668363
668509
668645
668985
669144
669411
669429
669558
669581
669787
669866
669908
670106
670142
670172
670695
670851
670900
671204
671468
671769
671852
672161
672274
672370
672478
672560
672673
672883
673092
673170
673528
673532
673847
674041
674227
674497
674625
675084
675475
675498
675589
675650
675846
676301
676347
676379
676450
676488
676759
677142
677169
677420
677787
677862
677933
677957
678040
678051
678184
678191
678864
678888
678940
679176
679216
679333
679908
680413
680430
680745
680759
681840
681944
682244
682259
682598
682859
683167
683178
683220
683260
683366
683502
683526
683589
684261
684369
684370
684680
684779
685110
685136
685181
685408
685500
685780
685839
685870
685930
685972
686022
686122
686287
686340
686488
686553
686588
686628
686833
687014
687064
687171
687541
688151
688576
688638
688847
688913
688962
689074
689310
689516
690029
690081
690317
690429
690620
690683
690887
691557
691579
691699
691711
691874
691898
693282
693295
693792
694213
694306
694353
694804
694844
695043
695313
695364
695379
695709
695853
696158
696635
696645
696670
696802
696916
696957
696969
697133
697346
697814
697888
697897
698238
698326
698374
698398
698559
698667
698709
698793
698868
699221
700188
700579
701359
701745
701787
701954
702412
702458
702741
702750
702878
702965
703229
703615
704165
704329
704912
705381
705456
705685
705773
706474
706708
706944
706966
707048
707198
707495
707588
707627
707671
707713
707917
707986
708374
708390
708647
708700
709281
709294
709312
709491
709931
709950
709968
710107
710945
711193
711425
711558
711907
712448
712673
713190
713599
713812
713989
714054
714165
714199
714270
714714
714868
715137
715160
715280
715286
715340
715781
716125
716125
716216
716386
716444
716510
716842
717094
717818
718348
718547
718660
718812
718816
718994
719185
719189
719464
719524
719850
719937
720043
720154
720156
720182
720367
720995
720997
721103
721108
721160
721235
721348
721419
721868
721950
721954
723106
723108
723528
723587
723658
723688
723830
723864
724401
724738
725070
725467
725546
725591
725677
725829
726129
726212
726275
726318
726415
726452
727076
727283
727446
727747
727827
728570
728650
728739
729290
729356
729379
729410
729543
729591
729605
729615
729798
730181
730343
730906
730916
731118
731145
731195
731225
731389
731451
731518
731605
732191
732433
732907
732977
733148
733874
734004
734024
734083
734261
734468
734704
734739
734813
734954
735032
735179
735469
735761
735931
735942
736057
736121
736479
736857
737358
737495
737989
738389
738401
738505
738573
738759
738805
738857
738937
738975
739273
739290
739402
739436
739682
739722
739742
740094
740130
740220
740441
740895
740940
741270
741305
741595
742230
742340
742598
742703
742745
743045
743258
743272
743537
743567
743697
743756
743795
744075
744352
744449
744650
745700
745932
746397
746568
746697
747390
747713
747863
747955
748003
748013
748171
748418
748636
748839
748948
749206
749299
749403
749408
749453
749817
749883
750252
750362
750428
750465
751273
752093
752391
752440
752587
752726
752811
753310
753356
753490
753509
753576
753663
753761
753818
753990
754356
754565
754952
754997
755502
755689
755818
756156
756215
756361
756400
756557
756616
756704
756744
756747
756861
757029
757255
757388
757419
757621
757628
757719
757783
758027
758322
758510
758927
759474
759705
759799
760214
760299
760302
760627
760778
760948
761354
761391
761731
761933
761943
761955
762334
762406
762442
762596
762701
763031
763071
763238
763349
763455
763603
763615
764033
764216
764232
764378
764478
764539
764553
764803
765517
765774
766339
766469
766848
766874
766972
767216
767425
767483
767588
767956
768454
768468
769088
769187
769316
769449
769875
769944
770648
770848
770926
770953
771288
771314
771805
772035
772181
772206
772377
772493
772591
772717
772864
773317
773750
773900
774553
774613
774650
774773
774853
774948
775143
775166
775243
775318
775415
775559
775750
775783
775894
776076
776164
776774
776794
776868
776925
777764
778135
778229
778629
778750
778817
779035
779124
779179
779247
779327
779596
780044
780056
780456
780576
780634
781046
781072
781200
781294
781558
781630
781904
782088
782346
782366
782448
782481
782566
782603
782708
782723
783041
783232
783865
783879
784122
784171
784529
784642
784808
784834
784879
784919
785010
785027
785187
785341
785342
785386
785742
785967
786215
786492
786541
787100
787179
787242
787803
787984
788058
788391
788535
788558
788853
789032
789612
789730
790095
790260
790290
790327
790490
790632
790696
790920
790929
792393
792520
792782
792799
793140
793466
793567
793606
794237
794284
794395
794859
794932
795313
795413
795567
795747
795790
795795
795901
795945
796297
796497
797133
797302
797335
797425
797490
797555
797903
797984
798005
798286
798458
798635
798656
798722
799452
799587
799923
799944
800119
800357
800373
800419
800452
800456
800565
800611
800752
800844
800885
800905
801109
801182
801362
801475
801520
801545
801798
801879
802257
802317
802329
802513
802545
802796
802806
802928
803112
803247
803350
803353
803354
803366
803385
803545
803549
803666
804062
804593
805114
805261
805308
805320
805624
805942
805982
806161
806285
806650
807034
807152
807183
807216
807306
807589
807756
807770
807787
807824
807852
807967
808250
808370
808397
808764
808869
808923
809104
809186
809228
809584
809886
809998
810004
810195
810569
811007
811103
811247
811451
811888
812262
812310
812670
812901
813049
813149
813149
813374
813444
813480
813894
813959
814478
814536
814907
815040
815237
815348
815412
815500
816253
816633
817035
817511
817556
817565
817918
818179
818698
818757
818947
819258
819534
819553
819624
819826
819858
819873
820013
820015
820069
820247
820468
820516
820639
820776
821017
821167
821250
821506
821840
822084
822221
822253
822266
822296
822714
822762
822946
823119
823313
823384
823696
823783
824067
824092
824361
824709
825587
825624
825798
825809
826229
826448
826641
826774
826850
826858
827096
827193
827660
827777
827850
827939
828114
828624
828912
829594
829761
829871
830192
830704
830738
830740
830758
831010
831446
831801
832251
832315
832356
832486
832575
832658
833352
833412
833797
833830
834952
835080
835178
835424
835445
835555
835740
835834
836036
836533
836704
836929
837010
837055
837075
837077
837229
837360
837640
837736
837797
837946
838363
838365
838529
838907
839366
839984
840187
840488
840542
840572
841025
841105
841114
841400
841610
841653
841653
841905
842410
842624
842719
843096
843153
843231
843766
843949
843954
844536
844779
844961
845376
845549
845644
845762
845963
846082
846099
846167
846209
846235
846429
846473
846571
846801
846948
847068
847662
847716
847838
848242
848366
848444
848725
848736
848963
849324
849347
849647
849856
849871
850123
850176
850749
850901
851339
851439
851682
851909
852110
852264
852660
852849
853229
853475
853537
853571
853801
854070
854296
854370
854489
854720
854726
855071
855954
855962
856039
856788
856791
856911
856988
857358
857553
857720
857965
858823
858971
859592
859725
859932
860222
860320
860944
861014
861054
861140
861235
861338
861338
861466
861914
862389
862457
862494
863284
863300
863569
863650
863737
863748
864004
864264
864281
864321
864623
864908
864911
865516
865748
866089
866109
866387
866759
866782
866784
866927
866950
867028
867313
867456
867556
867709
867791
868106
868298
868314
868402
868487
868590
868609
868951
869173
869374
869524
870037
870326
870393
870634
870885
870987
871312
871454
871528
871577
871849
872146
872158
872456
872607
872995
873236
873450
873596
874352
874366
874457
874774
874885
874933
875112
875119
875326
875748
875979
876129
876181
876243
876564
876743
876820
877075
877204
877323
877369
877447
877770
877845
878052
878748
878828
878968
879117
879213
879487
879862
879938
880038
880277
880375
881029
881224
881871
881914
882041
882100
882286
882357
883408
883430
883628
883864
884197
884217
884872
885131
885449
885465
885553
885568
885578
885798
885809
886366
886676
886717
886754
887037
887141
887438
887452
887524
887593
887707
887876
887961
888075
888646
888830
888831
889006
889145
889264
889792
889796
890171
890376
890426
890464
890512
891502
891505
891927
892114
893321
893928
894114
894144
894196
894704
894736
895242
895943
896287
896369
896664
896678
896691
896979
897010
897071
897263
897367
897791
897941
898203
898512
898532
898580
899126
899152
899284
899898
900279
900381
900479
900537
900677
901780
901952
902028
902111
902206
902515
902679
902762
902856
903005
903095
903290
903757
903766
903857
903916
904270
904678
904811
904968
905045
905054
905621
905800
905859
905912
906158
906284
906286
907030
907516
907538
907641
907752
907835
908558
908819
909046
909370
909386
909428
909475
909529
909633
909954
910426
910468
910794
911048
911063
911192
912167
912333
912437
912454
912486
912717
912834
912964
913224
913301
913812
914197
914213
914355
914689
915193
915302
915436
915481
915661
915734
915748
916478
917100
917214
917270
917365
917509
917651
917719
917780
917852
918238
918299
918524
918583
918634
919098
919108
919351
919630
919634
919926
919995
920169
920249
920327
920457
920527
920746
920801
920801
921000
921049
921326
921473
921515
921680
921721
921814
921886
921886
922165
922254
922297
922315
922403
922421
922756
922814
923122
923386
923702
924285
924352
924446
924613
924762
924773
924799
924934
924968
925048
925182
925182
925190
925384
925400
925464
925796
925922
925984
926054
926116
926194
927119
927176
927329
927503
927882
928230
928275
928296
928313
928482
928772
929011
929222
929231
929297
929517
929606
929866
929895
930280
930376
930560
930738
930872
930902
931077
931429
931761
931841
931893
932773
933394
933744
933981
934275
934411
934864
934881
935040
935132
935242
935258
935350
935825
935914
936713
936728
936744
936847
936906
937375
937512
937584
937663
937762
937858
938446
938469
938787
938974
939297
939471
939783
940002
940015
940077
940174
940384
940612
940856
940885
940989
940991
941118
941529
941659
941696
941980
942024
942074
942462
942567
942678
942778
943057
943784
943806
943925
944068
944154
944243
944421
944491
944503
944959
944996
945014
945040
945086
945140
945162
945353
945657
945776
945866
945898
945927
946019
946214
946233
946275
946331
946904
946987
947100
947312
947397
947731
947860
947968
948068
948833
948860
949320
949448
949481
949553
949578
949645
949808
949914
950070
950092
950408
950412
950756
950905
950974
951138
951387
951759
952044
952236
952416
952452
952729
953051
953123
953744
953860
953949
954132
954256
954780
955009
955563
955957
956013
956487
956783
956873
956980
957105
957232
957402
957450
957562
957625
957674
957710
958234
958263
958753
958860
958948
959353
959850
960010
960301
960416
960479
961122
961441
961508
961618
961711
961745
961801
962384
962638
962969
963310
963328
963531
963661
963805
963841
964034
964168
964375
964425
964667
964706
964726
964749
965062
965158
965351
965375
965903
966360
966380
966622
967032
967347
967437
968222
969156
969246
969266
969424
969436
969593
969681
969978
970204
970284
970693
970776
970911
971726
971738
971912
972355
972852
972918
973115
973869
973928
974155
974280
974544
974658
974748
974767
975092
975126
975304
975584
975589
975639
975845
975965
975990
976000
976211
976388
976396
976808
976867
977219
977274
977382
977475
977837
977987
978009
978469
978524
978538
978593
978847
978950
978993
979002
979095
979277
979337
979627
979776
980112
980264
980470
980608
980633
980931
981417
981469
981647
981813
982220
982286
983415
983677
983961
983962
984169
984507
984590
984865
984908
985065
985570
985787
985950
986246
986396
986431
986679
986863
987261
987396
987514
987718
988074
988330
988356
988747
989070
989165
989176
989214
989317
989427
990239
990470
990473
990498
990706
990766
991026
991191
992163
992316
992335
992463
992466
992712
992727
992845
993059
993081
993610
993755
993779
993801
993949
994031
994145
994287
994670
994783
995034
995413
995568
995725
995843
995994
996035
996061
996670
996896
996917
997178
997365
997629
998186
998410
998528
998558
998948
999279
999289
999485
