16
316
367
697
901
1614
2508
2636
2659
2756
2885
3156
3282
3652
3690
4001
4203
4404
4406
4439
4604
4666
4730
4809
5014
5396
6010
6618
6626
7046
7336
7616
7633
7635
7778
8013
8233
8670
8754
8900
8912
8973
9115
9416
9588
9757
9873
9937
10003
10209
10213
10344
10366
10390
10542
10547
10575
10735
10985
11072
11477
11590
11914
11924
12104
12238
12409
12415
12423
12441
13006
13123
13233
13385
13914
14121
14144
14193
14248
14249
14440
14570
14625
14655
14958
15801
15814
16148
16378
16626
16675
16900
17017
17172
17573
17696
17727
17729
18551
18686
18708
18922
19062
19063
19238
19269
19771
19813
20245
20502
20542
20850
20997
21012
21050
21055
21265
21976
22071
22099
22577
22786
22980
23552
23601
23830
23994
24432
24529
24709
25458
25525
25648
26408
26671
26740
26874
26949
27222
27632
27771
27777
27810
27947
27953
28050
28111
28509
28606
28661
28762
29435
29699
29853
30583
30634
31105
31412
31479
31580
31927
32063
32245
32507
32783
33065
33234
33397
33435
33571
33765
33815
33925
33954
34181
34231
34290
34757
34822
34826
35147
35702
35704
35956
36242
36737
36794
37049
37083
37117
37278
37376
37479
37784
37799
38056
38116
38841
38851
39880
39954
39989
40061
40139
40591
40763
40801
40841
40939
41105
41229
41456
41528
42363
42474
42754
42956
43080
43315
43862
43864
44017
44055
44296
44962
45019
45061
45092
45133
45246
45283
45962
46024
46496
46518
46764
46794
46951
47180
47200
47230
47514
47543
47633
47637
47825
47937
48144
48313
48363
48513
48539
48592
48844
49292
49549
49746
49908
50284
50634
50709
50807
50859
50862
50878
50963
51323
51383
51441
51461
51936
52217
52334
52465
52475
52777
52910
52951
53536
53545
53706
53786
54473
54766
54957
55459
55512
55523
55914
56016
56307
56470
56673
56699
56804
56999
57178
57551
57678
57814
57882
58330
58408
59000
59039
59437
59577
59644
59877
60218
60463
60541
60805
60951
61011
61545
61686
61866
61962
62108
62189
62320
62464
62499
62553
62735
62928
62934
62972
63175
63278
63593
63877
63977
64319
64401
64601
64648
64726
64729
65032
65355
65450
65468
65470
65615
65867
65952
65999
66420
66526
66609
66616
67673
67895
67907
68048
68841
69195
69396
70669
71289
71406
71463
71540
71572
71777
72130
72476
72573
72932
73116
73155
73625
73683
74196
74242
74268
74329
74339
74468
74615
74951
74989
75697
75801
76169
76272
76381
76417
76721
76791
76961
77197
77358
77480
79150
79226
79405
79748
79817
80017
80222
80536
81225
81437
81537
81559
81919
82225
82373
82894
83280
84105
84328
84615
84892
85106
85216
85299
85967
86594
86744
87235
87326
87482
87484
87980
88135
88261
88432
88438
88651
88808
89183
89396
89715
90285
90425
90642
90820
90860
91004
91386
91403
92301
92554
92730
92756
92774
93100
93196
93382
93405
93432
93666
93684
93828
94131
94221
94356
94475
94715
94762
95360
95678
95869
95918
95972
96025
96283
96635
97099
97904
98420
98507
98639
98720
98987
99129
99237
99265
99401
99531
99536
99923
100134
100416
100569
100780
100802
100839
101036
101077
101095
101495
101604
102548
102715
103099
103283
103359
103393
103756
103930
104194
104382
104454
104896
105120
105228
105348
105465
106063
106578
106665
106688
106844
107000
107254
107471
107781
107925
108192
108626
108823
108977
109209
109716
109750
109795
110078
110331
110635
110722
111148
111483
111556
111678
111877
111880
111999
112037
112163
112572
112599
113375
113573
114293
114570
114913
115274
115440
115677
115952
116191
116455
116856
116985
117239
117825
118036
118335
118396
119248
119302
119530
119665
120055
120340
120399
120485
120944
121497
121551
121665
121830
122962
123260
123455
123470
123644
123648
123844
124092
124727
124793
125510
126465
126574
126589
126713
126746
126941
127085
128087
128258
128290
128490
128576
128634
128722
128851
128924
128984
129450
130477
130795
130834
130845
131062
131229
131889
132005
132662
132782
133353
133885
133928
134354
134586
134750
134756
134782
134812
135000
135125
135570
135593
135830
136173
136301
136363
136715
137014
137132
137228
137679
137774
137797
137799
137995
138611
138833
139034
139292
139512
139633
139936
140130
140677
140732
141283
141413
141799
142151
142218
142405
142503
142633
142721
142764
142981
143003
143050
143087
143208
143472
143583
143626
143747
144060
144527
144622
144645
144750
145009
145035
145336
145342
145702
145875
146195
146235
146393
146872
147233
147526
148062
148368
148511
148522
148536
148569
148686
148886
148901
149058
149209
149276
149394
150025
150258
150562
150776
151122
151147
151530
151546
151582
151803
152168
152222
152366
152809
152815
153293
153436
153768
153786
153962
154319
154341
154420
154531
154534
154602
155100
155126
155389
155391
155585
155600
155698
156024
156079
156283
156337
156620
157462
157878
158083
158285
158972
158986
159059
159124
159375
159680
159823
159984
160714
160726
160891
161025
161232
161709
161991
162237
162245
162266
163051
163326
163751
163933
164181
164326
164664
164852
164984
165229
165241
165267
165577
165694
165752
165798
165874
165881
166760
166789
166830
166997
167124
167408
167434
169055
169074
169517
169592
170906
170911
170959
171166
171382
171477
171543
171575
171619
171666
171680
171848
172337
172583
172624
172742
172814
172874
173460
173657
173798
173876
174132
174178
174191
174432
174691
174722
175211
175232
175239
175929
175945
176099
176202
176566
176655
177459
177504
177515
177529
178220
178266
178343
178539
178561
179317
179425
179708
179770
179782
179799
180082
180085
180219
180367
180757
181440
181640
181781
182093
182185
182215
182404
182552
183057
183260
183558
183600
183646
183684
183799
183944
183970
183993
184281
184349
184589
184701
184845
184975
185053
185580
185630
185811
185868
185898
186051
186653
186769
186999
187017
187038
187574
187838
187886
187950
188008
188019
188045
188160
188301
188598
188867
189229
189519
189654
189890
189945
190447
190461
190844
191126
192112
192198
192596
192867
192924
193006
193128
193136
193178
193268
193364
193379
193443
194109
194354
194639
194690
194857
195478
195644
195681
195910
196602
196673
196799
196810
196919
197072
197436
197547
197674
198173
198175
198472
198526
198586
198978
199088
199544
199597
199638
199776
200377
200416
200694
200986
201333
201430
201548
202085
202127
202138
202549
202736
202742
202779
203113
203304
203447
204011
204054
204415
204423
204701
204861
205096
205186
205414
205568
205594
206036
206140
206219
206285
206543
206972
207014
207019
207106
207223
207879
207897
208423
208545
208652
208829
209188
209309
209570
209596
209718
210067
210501
210710
211402
211540
211663
211922
211965
212132
212365
212612
213051
213275
213302
213758
214198
214253
214296
214308
214606
214813
215130
215887
216093
216717
217043
217114
217150
217418
217444
217576
217639
218094
218108
218311
218547
218851
219068
219197
219272
219409
219434
219863
219903
220350
220735
221748
221862
221959
222169
222394
222858
222968
223526
223654
223699
224100
224476
224593
224759
224932
225132
225278
225559
225580
225737
225785
225801
225944
226116
226640
226812
226816
227045
227243
227309
227549
227758
227836
227877
228012
228408
228517
228612
228789
228944
229247
229401
229659
229666
229779
229953
230250
230305
230820
230904
230947
231049
231051
231273
231386
231422
231980
232589
232798
232948
232951
233095
233353
233407
233931
234042
234200
234224
234640
234883
234959
234978
235088
235164
235267
235374
235781
235976
236110
236239
236256
236598
236722
236761
236762
236888
237176
237607
238388
238423
238627
238670
238830
238848
239405
239435
239683
239954
240219
240343
240513
240639
240892
242329
242547
242815
242881
243005
243088
243261
243321
243406
243600
243697
243945
244147
244373
244403
245289
245372
245469
246581
247188
247274
247726
247910
248366
248696
249011
249209
249335
249381
249471
249512
249564
249753
249831
250097
250185
250466
250744
251190
251225
251788
251925
252328
252391
252437
252559
253029
253221
253248
253394
253453
253549
253558
253642
253844
254013
254374
254651
254968
255259
255413
255811
255826
256043
256334
256597
256688
256905
257033
257062
257271
257571
257607
258101
258226
258694
258840
258866
258910
259190
259194
259206
259297
259356
259600
259881
260068
260124
260359
260451
260542
260690
260732
260841
261005
261253
261645
261738
262052
262375
262496
262992
263068
263254
263259
263663
263692
263863
263884
263897
264108
264227
264363
264423
264435
264623
264736
264855
265561
265657
265866
265914
266009
266248
266292
266360
266590
266621
267629
267726
267807
267910
267921
268079
268095
268165
268210
268564
268648
268666
268715
269284
269701
269838
270059
270529
270577
270702
271124
271271
271381
271423
271756
272112
272119
272149
272422
272810
272946
273163
273320
273478
273742
274021
274222
274590
274638
274702
274878
274897
275092
275385
275499
275523
275617
276056
276101
276136
276397
276710
276775
276980
277090
277622
277735
277852
277990
278269
278508
278691
278772
279305
279315
279346
279396
279501
279649
279827
279904
279928
279938
280166
280634
280714
280754
280834
280854
280924
280941
281059
281605
281665
282036
282343
282417
282591
282809
282815
283007
283073
283278
283285
283708
283782
284015
284071
284209
284287
284431
284488
285002
285075
285856
285857
286139
286217
287294
287311
287323
287602
287743
288306
288435
288526
288643
288680
289021
289055
289196
289309
289327
289420
289449
289495
289689
290059
290251
290278
290372
290531
290830
291026
291071
291129
291203
291487
291518
291751
291780
291839
291901
292258
292511
292668
292686
292858
292867
293084
293334
293609
293793
294188
294223
294290
294703
294971
295089
295321
295363
295569
295661
295691
296106
296159
296319
296396
297295
297604
297693
297917
298188
298343
298378
298398
298630
298702
298819
298900
299222
299229
299256
299460
299485
299529
299808
300127
300503
300636
300814
300939
301045
301436
301452
301548
301551
301879
302464
302868
303155
303200
303242
303383
304314
304404
304623
304690
305101
305211
305623
306100
306450
306985
307406
307727
308049
308182
308275
308438
308511
308664
308828
309057
309351
309626
309823
310727
310746
310759
310809
310813
310915
310992
311145
311258
311541
311625
312532
312606
312934
313010
313261
313457
313586
313670
313780
314021
314101
314263
314513
314545
314618
314631
314667
314825
315067
315123
315233
315375
316220
317192
317223
317491
317544
317590
317863
318205
318440
318623
318978
319017
319208
319266
319309
319321
319472
319519
319727
319739
319811
320190
320450
320619
320810
320863
321138
321200
321245
321717
321831
321872
322063
322163
322271
322623
323050
323099
323173
323292
323299
323365
323473
323497
323524
323526
323591
323631
323821
324437
324639
324835
325293
325809
325830
326038
326043
326078
326212
326246
326313
326329
326331
326332
327612
327687
327837
327897
328089
328110
328350
328688
329348
329551
329765
330114
330184
330244
331134
331838
331898
332184
332296
332544
332588
332708
333020
333281
333401
333679
333764
333900
334354
334387
334484
334549
334681
334866
335579
336103
336296
336807
337522
337787
337808
338098
338140
338306
338741
338902
339190
339492
340800
341088
341230
341310
341467
341634
341701
341705
341844
342008
342209
342319
342373
342510
342529
342734
342820
342917
343343
343707
344022
344053
344069
344507
344642
344714
344902
345173
345508
345778
346314
346574
346659
346802
346945
347175
347205
347207
347413
347735
347773
347837
348097
348479
348484
348725
348755
349381
349790
349932
350026
350504
350590
350863
351368
351442
351539
351574
351754
352074
352150
352531
352562
352579
352653
352763
352866
353025
353281
353307
353449
354482
354502
355279
355845
356145
356508
357349
357403
357795
357871
358619
358711
358956
359168
359199
359329
359382
359781
359829
360223
360261
360268
360571
360705
360754
360800
360833
360960
361031
361331
361485
361622
361763
361926
362339
363048
363066
363625
363754
363984
364005
364063
364094
364349
364748
364751
365233
365289
365480
365863
365881
365958
365987
366883
366934
367306
367500
367508
367801
367816
367833
367908
367940
367991
368074
368229
368503
368762
369647
369740
369787
370046
370235
370354
370688
370774
371312
371429
371495
371513
371697
371753
371890
371945
372045
372134
372191
372369
372524
372533
372961
373133
373156
373280
373445
373450
373790
373808
374005
374484
374632
374763
375199
375252
375285
375302
375368
375518
375618
376661
376894
377417
377523
377650
377885
378283
378285
378663
378941
379434
379735
379922
380458
380473
380653
380734
380764
380935
381884
382018
382635
382685
382717
382719
382727
382878
383091
383252
383298
383323
383393
383405
383436
383884
384071
384105
384132
384675
384792
384949
385348
385374
385777
385790
385853
386203
386711
387112
387248
387254
387527
387793
387952
387957
387986
388161
388188
388502
389340
389367
389603
389684
389879
390386
390505
390549
390652
391002
391464
391808
392083
392206
392302
392844
393023
393395
393448
393569
393701
393765
393795
393881
393982
394025
394136
394395
394414
394859
394967
395413
395444
395511
395942
396104
396105
396105
396373
396933
396980
397624
397893
398277
398701
398776
399133
399386
399427
399571
399577
399655
400282
400578
400625
400755
401024
401039
401376
401486
401748
401854
401899
402859
403424
403429
403537
403550
403664
403686
403698
403771
403837
404385
404420
404719
404762
404935
405541
405587
405651
405991
406136
406315
406449
406599
406628
406674
407139
407169
407682
407749
407829
408022
408621
408810
408895
408908
408918
409145
409464
409647
409733
409782
410000
410079
410564
410572
410869
411589
411689
411694
411794
411849
412657
412779
412812
413410
413513
413902
413947
414182
414554
414684
415141
415451
415452
415691
415752
415785
415920
416082
416328
416551
416552
416762
417022
417170
417245
417302
417499
417649
417881
418100
418514
418613
418764
419071
419231
419300
419369
420054
420129
420887
420930
421369
422875
422889
423007
423018
423590
423677
424055
424204
424232
424305
424365
424561
424596
424596
424913
425025
425078
425261
425410
425585
425976
426104
426291
426493
426514
426558
426588
426628
426940
427316
427329
427362
427390
427393
427611
428002
428370
428590
428638
428925
429418
429591
430292
430305
430516
430528
430569
430877
431078
431086
431301
431392
431694
431931
431999
432513
432890
432942
433350
433350
433604
433963
434440
434462
434477
434542
434555
434694
434793
435290
435452
435475
435493
435846
436182
436532
436567
436894
436947
437172
437609
437860
438237
438437
438449
438768
438809
439118
439454
439461
439602
439665
439770
439941
440210
440455
440487
440728
441023
441072
441073
441146
441482
441686
442119
442490
443473
443911
443931
444098
444403
444454
444574
444783
444846
444849
444905
445115
445269
445354
445415
445431
445487
445507
445552
445600
445603
445664
445745
445779
445917
445921
445929
446566
446707
446938
447002
447057
447301
447390
447867
448234
448362
448383
448482
448909
449113
449141
449206
449456
449634
449703
449930
449968
450068
450151
450178
451133
451495
451710
451811
451817
452004
452156
452181
452419
452454
452588
452801
452805
452821
452939
452988
453108
453419
453486
453660
453695
453749
453885
454200
454220
454354
454468
454690
454742
454752
454794
455199
455224
455360
455387
455643
456290
456423
456678
456726
457143
457408
457468
457919
458627
458939
459139
459180
459772
459785
460476
460521
460638
460731
460763
460763
461010
461149
461483
461524
461645
462038
462131
462567
462755
462817
462840
462878
462956
463050
463376
463511
463834
463841
464107
464140
464155
464216
464426
464842
465429
465555
465889
465935
466116
466168
466250
466312
466313
466333
466342
466405
466499
466604
466807
466820
467635
467730
467764
467776
467907
468330
468451
468653
469135
469357
469498
469692
469722
469737
469774
469904
469908
470134
470177
470177
470201
470212
470353
470684
470966
471206
471415
471462
471658
471822
472337
472671
472682
472748
472778
473220
473283
473438
473447
473649
473688
473824
473908
474146
474158
474247
474744
474866
475023
475057
475130
475132
475227
475887
475908
475935
475986
476011
476035
476386
476391
476404
476602
476644
477398
477456
477467
477600
478103
478243
478452
478462
478711
479456
479951
480019
480102
480382
480390
480715
480767
481006
481333
481342
481579
481644
481655
481905
482049
482186
482193
482258
482924
482974
482990
482999
483010
483108
483165
483305
483487
484383
484673
484738
485075
485882
486163
486789
486985
486995
487098
487228
487284
487301
487762
487935
488048
488222
488525
488647
489452
489507
489556
489626
489689
489835
489997
490124
490262
490635
490860
491177
491258
491303
491399
491578
491772
492099
492456
492625
492625
492725
492933
493171
493651
494473
494644
495269
495293
495327
495489
495604
495737
495969
496120
496267
496620
496676
496768
497105
497140
497167
497521
497644
497743
498427
499268
499518
499537
499542
499604
500286
500407
500425
500616
500752
501047
501843
501866
502033
502101
502354
503014
503201
503277
503398
503435
503688
503820
503870
504143
504318
504356
504442
504484
504487
504555
504607
504616
504991
505354
505420
505545
506825
507163
507167
507339
507479
507677
507683
507749
507789
507820
508070
508078
508391
508635
509195
509255
509297
509349
509500
510438
510593
510644
511000
511147
511221
511438
511491
511532
511856
512120
512210
513049
513365
513439
513500
513679
513701
513708
513903
514247
514340
514519
514557
514669
514775
515176
515377
515568
515714
515722
515914
516420
516428
517146
517170
517362
517427
517797
517925
518018
518485
518528
518871
519147
519870
520280
520836
520981
521170
521303
521346
521586
521587
521961
522327
522748
523044
523074
523386
523487
523619
523866
523876
524310
524547
524924
524947
525039
525315
525452
525933
526222
526657
526746
526789
527119
527228
527308
527621
527681
527719
527784
527890
527892
528001
528066
528624
528659
529208
529247
529356
529607
529633
529744
530077
530226
530502
530956
530993
531161
531563
532165
532383
532426
532451
532611
532807
533079
533288
533583
533770
533911
534209
534554
534689
534753
534895
535207
535370
535490
535566
535625
535821
535998
536055
536085
536246
536328
537037
537305
537408
537534
537779
537922
537932
538076
538241
538452
538492
538884
538916
539413
539441
539475
540081
540236
540240
540530
540692
540700
540992
541024
541136
541843
542201
542481
542598
542926
543530
544116
544419
544551
544557
544591
544773
545338
545581
545618
545877
546070
546251
546280
546858
546920
546922
547149
547274
547350
547579
547998
548075
548204
548728
548750
548861
548913
548934
549088
549335
549478
549850
549997
550174
550382
550472
550534
550537
550780
551079
551418
551499
551500
551764
552052
552210
552569
552659
552762
553412
553433
553565
553574
553773
553992
554243
554291
554513
554518
555027
555055
555072
555523
555688
556372
556544
557104
557105
557155
557199
557202
557268
557327
557718
557897
558441
558926
559154
559597
559757
559981
560048
560097
560677
560887
561216
561436
561557
561823
561846
562446
562643
562734
562814
562875
563034
563120
563212
563213
563230
563296
563425
563623
563683
563731
563845
563847
564266
564269
564546
564624
564869
565458
566043
566419
566935
567166
567413
567530
567817
568093
568415
568424
568489
568606
568654
568668
568672
569146
569211
569338
569345
569595
569615
569742
569892
569914
570226
570271
570351
570517
570630
571024
571056
571133
571273
571288
571358
571443
571469
571544
571571
571831
571904
572004
572130
572369
572433
572513
572533
572533
572731
572843
573187
573187
573797
574405
574612
574733
574796
574996
575088
575244
575523
575569
575727
575931
576072
576112
576406
576486
576632
576844
577050
577534
577864
578295
578302
578320
578667
578684
578955
579489
580042
580049
580186
580546
580601
581004
581130
581333
581614
581840
581942
582025
582073
582476
582773
582848
582855
583925
584044
584086
584087
584266
584369
584548
584602
584770
584933
585103
585195
585298
585374
585687
585768
585806
585891
585927
585933
586044
586302
586313
586814
586921
587265
587312
587376
587469
587736
587943
588033
588189
588481
588520
588578
589300
589397
589612
589649
589817
589903
590092
590676
590748
590931
591045
591215
591494
591553
591569
591581
591893
591964
592673
592688
592711
592764
592828
592844
592865
593167
593185
593359
593372
593389
593408
593547
593585
593651
593957
594209
594603
594692
594756
594764
594777
595052
595257
595588
595837
596117
596129
596355
596557
596975
597184
597442
597556
597628
597723
597852
598090
598166
598236
598236
598324
598893
598900
599038
599071
599137
599451
599560
599575
599782
599835
600066
600439
600441
600575
601129
601174
601233
601332
601388
601494
601721
602112
602650
602651
603043
603187
603275
603788
604110
604441
605333
605395
605430
605777
606123
606136
606531
606568
606903
607220
607517
607768
607803
608026
608697
608756
608797
609458
609465
609813
609823
610068
610140
610489
610616
610890
611091
611095
611095
611646
612015
612414
612737
613352
613436
613787
613829
614193
614246
615007
615190
615191
615221
615502
615530
615709
615976
616211
616219
616525
616566
616623
616644
616809
617702
617717
617768
617998
618368
618661
618803
619278
619320
620034
620041
620100
620397
620638
620742
620877
620925
621110
621609
621828
621852
621956
622076
622336
622444
622506
622601
622628
622696
623004
623278
623281
623654
623675
623679
623803
623807
623917
624004
624158
624350
624432
624684
624869
625248
625735
626274
626345
626744
626893
626906
627268
627288
627584
627706
627899
628204
628221
628247
628456
628705
629684
629826
630063
630295
630388
630855
630945
631068
631628
631801
632448
632477
632753
632855
633041
633407
633571
633604
633796
633827
634157
634259
634357
635121
635142
635668
635696
635876
635959
636507
637008
637147
637163
637323
637349
637361
637523
638007
638248
638393
638702
638709
638735
638924
639070
639251
639269
639312
639352
639458
639642
639870
640371
640601
640807
640859
640868
641158
641520
641877
641991
642190
642555
642843
642975
642984
642984
643171
643262
643329
643332
643527
643882
643895
644045
644215
645402
645660
645975
646156
646297
646344
647120
647122
647312
647382
647431
647453
647469
647628
647672
647740
647750
647873
648197
648321
648516
648754
648794
649198
649264
649448
649569
649638
649770
649810
650053
650458
650540
650700
650732
650761
650960
651309
651501
651662
651998
652028
652786
652837
653825
654041
654250
654287
654630
654746
654885
654933
655025
655163
655192
655335
655405
655575
656158
657443
657804
657998
658401
658427
658709
658815
658847
659292
659876
660069
660087
660186
660224
660238
660374
660971
661089
661168
661205
661241
661870
661950
661975
662193
662506
662828
662965
664102
664257
664260
664388
664764
664951
665087
665456
665496
665830
665834
666193
666338
666520
666552
666666
666745
666811
666833
667028
667062
667467
667526
667794
668162
668372
668579
668590
669087
669231
669582
669637
669926
670033
670228
670427
670511
670916
670952
671068
671164
671172
671382
671397
671406
671495
671874
671999
672065
672066
672473
672695
672940
673360
673510
673668
673670
673790
673969
674372
674743
675039
675213
675381
675680
677137
677203
677421
677605
677606
677735
677888
677918
677926
678077
678199
678323
678327
678363
678873
679637
679644
680009
680058
680389
680414
680546
681443
681618
681673
682072
682139
682193
682301
682519
682703
683483
684625
684800
684868
685321
685652
685894
686162
686234
686843
686939
686962
687328
687528
687582
687623
687741
687946
688013
688051
688214
688259
688264
688423
688567
688823
689166
689218
689248
689342
689447
689781
689879
689902
689960
690521
690550
690609
691251
691361
691865
691965
692373
692872
693032
693211
693299
693310
693974
694302
694348
694512
694696
694827
695056
695123
695348
695352
695364
695374
695408
695490
695758
695775
695781
695905
696060
696110
696148
696429
696439
696489
696508
696800
696813
696950
697067
697574
697594
697875
698208
698394
698684
699004
699149
699411
699513
699813
700236
700384
700819
701047
701111
701742
701813
701852
701874
701981
702703
702763
702763
702970
703425
703438
703520
703578
703763
704119
704151
704217
704318
704454
704723
704884
704981
705253
705630
706458
706519
706916
707089
707180
707267
707393
707603
708026
708472
708599
708723
709104
709472
709658
709728
709807
709872
710178
710256
710282
710304
710409
710424
710610
711134
711229
711288
711340
711366
711445
711685
712119
712141
712346
712428
712616
712727
712857
713703
713736
713953
713999
714033
714236
714552
714736
714846
715161
715201
715788
716229
716768
716837
716981
716986
716996
717281
717558
717669
718086
718172
718173
718226
718415
718727
718914
718934
718961
719216
719301
719504
719751
719753
719856
720552
720588
721279
721482
721822
721829
722359
722509
722674
722799
723250
724239
724591
725041
725081
725092
725107
725349
725638
725731
726055
726180
726556
726559
726859
726917
727074
727238
727284
727312
728286
728376
728740
729213
729550
729604
729928
730394
730518
730822
731091
731100
731149
731322
731440
731656
731674
731783
732115
732243
732383
732454
732654
732679
732727
732761
732990
732992
733172
733229
733921
733950
734032
734216
734456
734775
735114
735389
735428
735645
735829
735846
735879
736657
736856
736936
737121
737248
737754
737875
737878
737957
738000
738248
738274
738489
739099
739242
739294
739972
741091
741148
741204
741273
741476
741583
742007
742249
742254
742297
742405
742420
742464
742480
742933
743080
743456
743464
743697
744013
744184
744218
744457
744557
744663
744695
744974
745035
745240
745416
745434
745461
745479
745578
745614
746268
746292
746376
746466
746836
747806
747912
748001
748029
748205
748756
748831
748892
749492
750269
750295
750333
750434
750708
750710
750791
750845
751220
751441
751447
751775
751982
752027
753047
753080
753107
753144
753261
753598
753974
754387
754724
754747
754793
754917
754930
754974
755115
755289
755588
755812
756433
756434
756733
756841
756916
756977
757002
757012
757021
757109
757212
758420
758764
758798
758807
759183
759235
759545
759823
759994
760862
760944
760953
761209
761234
761270
761536
762367
762454
762772
763082
763147
763188
763196
763893
763937
764366
764438
764554
764616
764828
765253
765326
765396
765492
765835
765949
766154
766480
766801
766868
766984
767106
767264
768247
768653
768679
768696
769217
769718
769953
770096
770331
770513
770865
771368
771443
771717
771987
771998
772057
772463
772521
772690
772871
773186
773197
773227
773278
773560
773581
773894
773932
774119
774291
774375
774429
774520
774616
774634
774639
774643
774661
774730
774846
775215
775331
775373
775495
775578
775611
775772
775957
776277
776582
777002
777291
777737
777877
777882
777917
778133
778561
778593
778723
778814
778864
778885
779079
779115
779220
779396
779408
779510
779794
779954
780055
780149
780159
780191
780442
780810
781030
781142
781149
781260
781407
781435
781473
781574
781736
781842
781861
782107
782233
782402
782731
783069
783208
783210
783805
783988
784212
784214
784467
784703
784830
784963
785033
785097
785239
785459
785655
785681
785717
785746
785765
785925
785932
786116
786164
786327
786411
786548
786584
786910
787152
787345
788151
788423
788625
788756
788778
789125
789701
789771
789891
790456
790787
791080
791446
791678
791693
791791
791877
792398
792481
792538
792690
792764
793123
793273
794051
794218
794329
794379
794459
794689
794740
794913
794987
795190
795448
795850
795851
796596
797742
797988
798241
798517
798537
799802
799862
799878
799888
800051
800185
800296
800330
800341
800380
800458
801143
801268
801462
801821
801838
801968
801990
802050
802488
802510
802765
803037
803093
803221
803332
803678
803692
804254
804531
804769
805262
805406
805508
805956
806245
806644
806810
806856
806878
807004
807069
807137
807225
807525
807993
808568
808771
808891
809157
809500
809585
809764
810329
810419
810578
811030
811051
811124
811330
811565
811730
811921
812090
812418
812481
813222
813460
813575
813594
813696
813796
813911
813913
814173
814227
814327
814410
814423
814431
814441
814632
814768
814849
814857
815462
816168
816196
816312
816345
816358
816572
816656
816835
816929
817212
817220
817509
817860
818140
818342
818462
818678
818913
818965
819036
819424
819514
819978
820617
820800
820904
820907
821020
821031
821241
821399
821711
822056
822954
823010
823148
823184
823361
823735
823998
824243
824376
824402
824404
824498
824775
824787
824846
824927
825281
826349
826785
827266
827371
827673
827707
827865
827912
828025
828102
828145
828207
828245
829126
829194
829266
829716
829812
829932
830154
830314
830688
830773
831092
831106
831204
831586
831652
831693
831839
832182
832369
832613
832653
832967
833183
833347
833433
833442
833534
833544
833685
834844
834889
834893
835056
835641
835651
835842
835995
836008
836041
836311
836318
836363
836884
836978
837114
837425
837800
838134
838233
838508
839198
839204
839343
839353
839663
839922
839984
840095
840615
840876
841709
841945
842028
842304
842675
842908
842956
843379
843719
843986
844178
844625
844881
845139
845306
845557
845672
846241
846478
846646
846664
846786
846798
847380
848050
848119
848336
848371
848567
848722
848738
848808
849009
849077
849083
849158
849299
849409
849960
850423
850462
850469
850905
851476
851634
851676
851952
851992
852086
852406
852931
852974
853106
853193
853354
853485
853752
854519
854671
855041
855155
855542
855759
856513
857424
857731
857760
857846
857953
858072
858076
858088
858146
858698
858815
858859
858994
859254
859609
859864
859895
859900
860050
860098
860427
860437
860469
860472
860995
861232
861610
861665
861835
861873
861883
862122
862247
862323
862334
862359
862567
862615
862658
862921
863148
863405
863410
863651
863688
863856
864075
864089
864375
864483
864521
864701
865006
865276
865359
865416
865612
865859
866003
866010
866035
866350
866664
866965
867032
867043
867097
868041
868209
868629
868767
869580
869743
869839
869893
870271
870338
870370
870492
870514
870582
870819
870985
871154
871165
871375
871828
872591
872684
872713
872717
873042
873239
873690
874126
874302
874896
875187
875195
875239
875628
875698
875965
876129
876902
876989
877205
877485
877823
877884
877913
878163
878221
878226
878513
878585
879007
879414
880004
880011
880185
880512
880658
880675
881651
881842
881873
881973
882649
882658
882658
882677
883189
883500
883667
883707
883844
883921
884335
884545
884696
884809
885174
885234
885303
885326
885429
885563
886248
886712
886785
886960
887203
887402
887527
887551
887725
887921
888102
888109
888584
888597
888703
888864
889113
889325
889450
889630
890166
890600
890604
891015
891066
891068
891379
891397
891659
891902
891948
892174
892309
892397
892405
892659
892675
893132
893209
893244
893523
893970
894179
894207
894335
894533
894765
894855
895191
895194
895572
896041
896232
896476
896706
896887
897163
897278
897546
897925
898292
898401
898668
898841
898920
898922
899108
899306
899655
899721
899723
900198
900202
900250
900557
900666
900680
900682
901211
901455
901554
901623
901704
901731
901948
901981
902411
902849
903070
903178
903200
903266
903626
903715
903925
904184
904225
904234
904431
905453
905505
905573
906041
906079
906400
906671
906730
906776
907085
907298
907404
907607
907972
908113
908326
908573
908612
908777
909002
909418
909527
909758
909922
910038
910661
910747
910764
910770
910900
910999
911027
911056
911257
912023
912024
912119
912532
912638
912849
913089
913157
913169
913283
913509
913582
913969
914215
914342
914567
914840
914893
915012
915133
915265
916028
916098
916173
916302
916354
916747
916878
917199
917484
917507
917667
918085
918108
918244
918556
918656
918688
918783
919109
919131
919165
919341
919656
919825
919981
920153
920248
920263
920646
920762
920856
921060
921110
921131
921282
921983
922003
922008
922365
922568
922628
922687
922987
923122
923329
923731
923982
924075
924103
924214
924445
924628
924706
924905
925358
925484
925568
925782
925798
925856
926040
926154
926165
926345
926575
926779
927024
927028
928086
928160
928342
928591
928779
929176
929445
929828
929960
930206
930403
930427
930576
930766
930769
930955
931178
931851
931894
931922
932092
932438
932548
932721
933044
933173
933343
933349
933405
933516
933539
933600
933614
933722
933857
933882
933949
933954
934508
934918
934935
935236
935438
935583
936140
936234
936689
936875
937074
937144
937149
937163
937522
938205
938387
938421
938560
938586
938797
939130
939258
939258
939572
939936
940138
940415
940427
940584
940687
940692
940874
941177
942480
942701
942755
943061
943071
943278
943849
944257
944330
944566
944656
944792
944918
945027
945238
945404
945467
945905
945948
946002
947081
947350
947589
947724
947740
947783
947793
947909
947920
948577
948738
949253
949260
949742
949871
950187
950221
951262
951705
951717
951997
952151
952229
952291
952856
953499
953850
953890
954121
954282
954634
954710
954845
954897
954923
954950
955217
955284
955594
955747
955841
956183
956261
956601
956706
956738
956752
957081
957401
957413
957577
957733
957778
957895
958006
958116
958202
958368
959122
959502
959528
959738
959797
959893
960109
960133
960279
960441
960487
960514
960766
960952
961086
961495
961543
962083
962504
962516
962851
962990
963206
963499
963638
963696
964199
964452
964620
964833
965057
965065
965178
965232
965328
965536
965999
966020
966143
966399
967168
967315
967641
967670
967930
968285
968727
968783
969595
969682
969801
969932
970047
970561
970692
970693
970982
971238
971478
971698
971859
972341
972420
972634
973292
973314
973425
973427
973454
973464
973616
973705
973796
974047
974106
974346
974728
974781
974932
975215
975336
975809
975943
975988
975990
976109
976295
976324
977248
977268
977337
977746
977762
977986
978031
978042
978119
978372
978467
978557
978565
978646
978854
979016
979154
979664
979719
979726
979926
979948
979992
980050
980106
980409
980485
980541
980569
980608
981041
981517
981918
982049
982101
982127
982370
982492
982572
982730
982777
982884
983333
983597
983897
984079
984122
984159
984243
984295
984778
984996
985299
985405
985447
985549
985753
985781
986111
986346
986583
986606
986760
986766
986932
987074
987184
987204
987753
987787
987833
987883
988252
988485
988521
988543
988681
988775
989133
989842
989847
990111
990423
991548
991793
991848
991902
991982
992105
992260
992271
992382
992388
992518
992629
992658
992784
992793
992805
992834
992936
993008
993098
993112
993156
993376
993436
993534
993566
993579
993680
993730
993745
993782
993856
993932
994449
994514
994700
994852
995343
995558
995602
995608
995947
996196
996240
996242
996488
996612
996746
996792
997075
997264
997337
997381
997486
997597
997642
997794
997877
997964
998102
998363
998494
998854
999098
999264
999589
999918
999973
