708
736
819
1328
1590
2202
2466
3183
3196
3230
3571
3598
3866
4126
4335
4437
4573
4853
4856
5167
5210
5416
6317
6341
6466
6518
6660
7604
8056
8450
8697
9102
9130
9493
9527
9540
10286
10290
10487
10771
11054
11096
11257
11391
11991
12104
12222
12232
12400
12727
12784
12803
12804
12832
13184
13753
13755
13793
13886
13953
13965
14203
14223
14416
15111
15541
15665
16140
16650
16873
17008
17079
17196
17216
17241
17387
17390
17516
18223
18333
18457
18457
18534
18804
19102
19206
19272
19308
19322
19986
20141
20260
20321
20574
20729
20998
21168
21235
21570
21604
22034
22185
22276
22477
22711
22860
23077
23268
23348
23440
23753
23761
23763
24325
24341
24390
24693
24795
24864
25297
25303
25356
25643
25779
25856
25947
26083
26096
26433
26599
26696
26704
27007
27319
27628
27892
27983
27998
28157
28222
28667
28683
29433
29879
29949
29969
30022
30172
30322
30647
30719
30935
30973
31342
31461
31593
31724
31928
32249
32358
32481
32852
33224
33369
33370
34076
34202
34413
34661
34663
34703
34879
34906
35372
35474
35740
36101
36394
36547
36577
36833
36905
37348
37426
37652
37826
37956
38309
38381
38392
38548
38798
39006
39194
39425
39440
39864
39939
40144
40274
40619
40919
40952
40957
41153
41161
41915
42197
42429
42523
42530
42532
42541
42757
43787
43994
44260
44432
44614
44735
45077
45135
45151
45660
45885
46406
46629
46649
47623
47736
47977
48058
48214
48590
48876
49266
49621
50359
50626
51195
51219
51224
51898
52063
52493
52727
52982
53103
53283
53441
53865
53972
55138
55255
55395
55670
55825
56179
56366
56608
56653
56932
57021
57040
57044
57481
57707
57982
57989
58249
59002
59076
59416
59631
59631
59645
59821
59886
59940
60575
60871
60979
61264
61358
61592
61599
61688
61729
61907
61979
62017
62444
62524
62606
63227
63236
63625
63983
64088
64144
64361
64407
64418
64702
64799
64952
65107
65113
65388
65424
65616
65728
65837
66243
66323
66647
66675
66840
67251
67322
67370
67995
68199
68382
68613
68883
68943
69123
69415
69578
69631
69727
69975
70060
70248
70675
70916
70921
71508
71680
71709
72211
72307
72477
72779
73238
73450
73600
73648
73877
73972
74019
74180
74229
74495
74760
75522
76109
76361
76776
76811
76852
77057
77184
77361
77420
77489
78105
78170
78569
78720
78862
78973
79268
79446
79541
79898
79939
80007
80065
80086
80231
80311
80383
80674
81116
81311
81835
81875
81936
82006
82097
82358
82519
82981
83200
83487
83504
83522
83599
83783
83881
83914
84661
84701
84801
84948
84952
85122
85137
85144
85323
85547
85594
86145
86374
86384
86387
86558
86898
87148
87201
87449
87586
87657
87802
87963
87985
88108
88129
88621
88635
88998
89161
89184
89710
89781
89868
90043
90591
91039
91093
91397
91448
91489
91566
91638
91904
92388
92432
92511
92570
92781
92965
93259
93324
93457
93503
94255
94673
95178
95580
96049
96652
96726
96777
96868
96917
97318
97626
98113
98467
98536
98538
98586
99086
99395
99522
99547
99690
100032
100217
100262
100298
100658
101335
101440
101884
101964
102021
102095
102100
102144
102257
102337
102492
102498
102709
102787
102797
102857
102996
103496
103959
103984
104397
104581
104943
105028
105071
105138
105263
105310
105313
105416
105764
106083
106120
106226
106509
106521
106686
106883
107663
107821
108012
108457
108663
109007
109106
109136
109147
109213
109485
109498
109590
109923
110251
110285
110325
110436
110821
111195
111537
111552
111569
111921
111942
112009
112142
112309
112796
112971
113115
113391
113540
113738
113875
114014
114359
114655
114933
114972
115353
115375
115526
116274
116378
116561
116661
116796
116797
116844
116889
116893
116956
117089
117149
117473
117487
117650
117692
117992
118034
118146
118148
118542
118773
118832
118863
118894
118978
119071
119273
119312
119863
120207
120563
120578
121006
121122
121133
121626
121722
121831
121968
122040
122289
122357
122462
122557
123244
123394
123691
123966
124327
124493
124607
124748
124790
124820
124843
125039
125276
125467
125634
125753
125904
125966
126030
126419
126434
126693
127226
127323
127380
127393
127562
127785
128288
128323
128522
128545
128558
128562
128773
128845
128925
128932
129497
129558
129561
129587
129777
130406
131205
131227
131477
131748
132049
132055
132177
132259
132820
132857
133143
133282
133980
134038
134272
134594
134606
134759
135351
135746
135857
136111
136475
136622
136998
137213
137294
137435
138643
138819
139019
139246
139263
139354
139728
139935
140009
140574
140651
140755
140877
140967
141269
141548
141611
142013
142034
142092
142130
142186
142391
142504
143240
143345
143601
143626
143633
143681
143847
143878
143978
144135
144534
144737
144836
145068
145119
145458
145855
145940
145950
146007
146346
146385
146502
146770
147039
147174
147367
147519
147589
147715
147716
147726
147803
147917
147930
147934
148134
148823
149128
149213
149282
149286
149861
149862
149907
149911
149986
150027
150152
150173
150221
150268
150540
151180
151331
151427
152872
153518
153522
153697
153952
154316
154372
155119
155170
155212
155285
155537
155595
156422
156429
156516
156592
156641
156849
157247
157319
157335
157480
157509
157511
157585
157656
157679
158942
159380
159646
159900
159977
160030
160228
160364
160537
161157
161292
161683
161820
161857
161943
162471
162586
162861
162911
163024
163108
163349
163559
163673
163722
163736
163755
163858
163948
163969
163988
164212
164468
164637
164688
164781
164883
164894
165092
165157
165217
165249
165386
165438
165451
165547
165579
167469
167514
167517
167778
168006
168037
168350
168401
168698
169228
169420
169564
169585
169606
169689
169690
169745
169857
170360
170382
170451
170664
170712
170910
171003
171308
171760
171844
171983
172084
172177
172690
172903
173070
173201
173327
173331
173634
173734
174100
174106
174288
174346
175060
175263
176253
176275
176356
176376
176442
176684
176813
177156
177370
177386
177966
178023
178034
178097
178142
178222
178307
179526
179814
180121
180195
180401
181343
181482
181834
182293
182475
182563
182865
183004
183461
183461
183617
183673
183897
184297
184745
184912
185035
185040
185204
185589
185620
185773
186142
186212
186285
186481
186995
187234
187455
187476
187592
187623
187832
187949
188043
188125
188418
188574
188709
188853
189188
189555
189566
189720
189798
189866
190425
190848
191065
191070
191082
191298
191354
191611
191647
191731
191933
192354
192434
192721
192754
193279
193309
193386
193489
193498
193762
193767
193955
194197
194203
194294
194400
194413
194526
194902
194910
194969
195312
195398
195433
195447
195576
195823
196169
196205
196350
197016
197251
197266
197390
197640
197982
198083
198143
198445
198744
199017
199394
199611
199629
199725
199889
200034
200113
200142
200370
200373
200386
200459
200489
200638
200664
200682
200976
201217
201307
201310
201354
201929
202095
202128
202133
202169
202204
202982
203008
203385
203421
203664
203806
203918
204576
205046
205137
205602
205713
205826
205975
206069
206186
206186
206988
207105
207577
207651
208357
208408
208722
209023
209850
210313
210704
210795
210863
210928
211219
212129
212254
212575
212675
212793
212984
213134
213279
213413
213955
213996
214039
214202
214307
214503
214577
214668
214676
214900
215637
215750
215845
215961
216584
216824
217061
217294
217657
217704
217772
217884
217939
218062
218080
218444
218692
218733
219421
219797
219829
219857
220272
220457
220545
220800
220871
220933
221270
221296
221456
222154
222561
222593
222844
223202
224045
224106
224197
224298
224585
224783
224822
224993
225019
225061
225248
225380
226014
226034
226468
227215
227337
228009
228204
228831
228868
229023
229183
229414
230388
230784
231109
231240
231351
231986
232185
232383
232489
232604
232684
232717
232871
233005
233269
233512
234101
234154
234539
234552
235147
235533
235800
235853
235905
236060
236195
236488
236803
236962
237000
237041
237098
237211
237330
237755
238307
238537
238986
238991
239060
239142
239311
239323
239325
239379
239449
240172
240554
240570
240809
240840
241022
241112
241129
241509
241753
241977
242464
242562
242679
242749
242877
242905
242935
242996
243062
243501
243515
243835
243852
243897
244133
244148
244221
244518
244540
245257
245327
245397
245638
245857
246071
246079
246291
246425
246446
246578
246997
247345
247587
247709
248056
248513
248519
248583
248653
248723
248829
248863
248936
249049
249333
249492
249613
249713
249990
250970
251387
251413
251518
251722
252094
252508
252549
253604
253786
253926
253993
254113
254126
254213
254532
255264
255417
255567
255735
255737
255816
255866
256088
256112
256173
256182
256709
256897
256967
256994
257040
257102
257159
257573
257812
257958
258101
258308
258451
259459
259548
259684
259885
260000
260127
260219
260283
260283
260295
260360
260470
260501
260524
260542
261178
261468
261684
261734
262878
263069
263181
264018
264275
264393
264524
264741
264916
264993
265133
265307
265442
265551
265671
265764
265848
266216
266449
266777
266926
267160
267352
267981
268068
268246
268372
268672
268808
269085
269551
269557
269883
270121
270758
271198
271275
271308
271373
271465
271729
271888
272174
272512
272795
272816
273041
273152
273273
273379
273929
273980
274296
274365
274643
274805
275048
275803
275810
275837
275914
275926
276020
276434
276551
276564
276686
276786
276996
277610
277671
277790
277868
278118
278537
278551
278690
278780
279133
279174
279554
279598
279650
279661
280086
280276
280338
280340
280488
280783
281280
281330
281554
281692
281731
281740
282163
282318
282374
282855
283147
283169
283183
283480
283668
283886
284007
284093
284930
285273
285660
286688
286838
286895
287037
287211
287362
287377
287474
287487
287555
287702
288479
288784
288865
289017
289433
289500
289508
290511
290606
290930
290986
291460
291575
291727
291824
292034
292667
292846
292945
293119
293304
293338
293384
293590
293621
294375
294529
294711
294846
294917
295546
295720
296077
296129
296299
296418
296675
296738
296846
296967
296973
297207
297652
298025
298078
298339
298790
298861
299245
299377
299847
300001
300442
301037
301247
301685
301852
302407
302608
302781
303078
303162
303351
303691
303867
303867
303981
304160
304620
304633
304751
305149
305608
305677
306044
306172
306363
306539
307238
307274
307433
307480
307508
307548
307893
308099
308536
308649
308704
309372
309399
309743
309947
310005
310224
310741
310975
311039
311047
311594
311778
311857
312525
314381
314658
314672
314692
314758
315012
315384
315394
315494
315522
316162
316257
316597
316651
316961
317446
317670
317954
318301
318563
319143
319414
319667
319727
319733
319802
320190
320636
320907
321346
321374
321391
321549
321676
321682
322084
322494
322890
323236
323245
323364
323409
323474
323901
324582
324695
324840
324947
325326
325333
325336
325341
325509
325593
325937
326209
326209
326534
326917
327192
327367
327370
327554
327598
328024
328362
328487
328829
329330
329342
329490
329761
329853
330349
330612
330714
331194
331274
331296
331513
331687
331759
331942
332283
332412
332560
332573
332814
333356
333375
333546
333703
333757
333915
333950
334002
334032
334641
334904
335031
335077
335083
335126
335180
336133
336491
336656
336761
337053
337076
337103
337172
337214
337257
337282
337412
337538
337690
337838
338131
338146
338479
338599
338628
338702
338809
339366
339555
339700
340206
340850
340863
341033
341145
341406
341644
341813
341911
342171
342370
342450
342467
342705
342874
343016
343469
343612
343792
343800
343840
343994
344068
344286
344361
344825
345132
345763
345772
345919
346075
346288
346747
346963
347145
347325
347674
347731
347958
348113
348306
348543
349201
349419
349510
349704
349820
349870
350199
350210
350437
350511
350959
350988
351087
351249
352041
352403
352807
352985
353029
353162
353312
353380
353438
353634
353873
353904
354097
354211
354657
354798
355078
355451
355598
355749
355794
356079
356707
356713
356885
357538
357957
358011
358437
358648
358825
358877
359410
359515
360016
360233
360246
360251
360259
360489
360605
360772
360813
360903
360916
360945
361186
361281
361307
361476
361529
361818
361832
362088
362405
362538
362828
362987
363612
363757
364369
364388
364519
365093
365197
365216
366148
366485
366692
366726
366951
367114
367220
368139
368176
368381
369558
369587
369720
369870
370838
370922
371274
371359
372197
372231
372528
372660
372808
372898
373072
373308
373395
373438
373492
373828
373890
374144
374499
374588
374651
374683
374861
374956
375017
375818
376080
376187
376222
376253
376988
377008
377119
377247
377477
377797
378132
378148
378264
378266
378283
378315
378395
378512
378695
378795
378869
379279
379941
380921
381329
381488
381733
381838
381860
381944
382139
382353
382516
382560
382648
382710
382857
383207
383326
384197
384556
384585
385123
385328
385380
385411
385420
385507
385555
385650
386205
386243
386257
386377
386437
386559
386671
386968
386984
387204
387227
387520
387646
387990
388182
388302
388471
388871
389375
389667
389690
389735
389803
389890
389907
390295
390512
390584
390672
390788
390824
391153
391292
391366
391454
391584
391660
391761
391863
392056
392132
392138
392377
392778
393025
393113
393187
393340
394912
395265
395605
395618
395699
395859
395931
396598
396733
396775
397002
397182
397417
397429
397759
398416
398567
398717
398986
399052
399493
399508
399969
399979
400105
400358
400601
400770
401098
401123
402028
402098
402150
402236
402269
402400
402492
402848
403127
403508
403644
404312
404619
405245
405824
405906
406183
406325
406437
406838
407041
407206
407534
407537
407649
408313
408484
408856
408865
409770
410204
410259
410264
410495
410809
410905
411113
411225
411513
411643
411766
411973
412031
412952
413124
413391
413457
413479
413481
413546
413692
414149
414423
414434
414647
414721
415343
415423
415707
416085
416131
416304
416479
416532
416582
416593
416744
416898
417174
417259
417369
417589
417861
418099
418231
418476
418548
418558
418736
418829
419148
419207
419408
419580
419724
419872
420095
420446
420593
420926
421413
421729
421768
421807
421826
421868
422065
422362
422404
422468
422607
422986
423203
423406
423807
423944
424209
424334
424505
425439
425480
425731
425914
425952
426039
426095
426127
426187
426615
426626
426653
426837
426877
426880
427044
427131
427215
427423
427570
427625
427645
427696
427743
427922
428122
428576
428796
428883
429777
430133
430292
430477
430729
430879
430887
430996
431051
431150
431171
431597
431783
431887
431978
431995
432222
432226
432374
432509
432547
432612
432865
433035
433161
433207
433259
433327
433423
433635
433683
434214
434432
434501
434646
434688
434797
434972
435217
435517
435541
435562
435595
435810
435834
436179
436185
436887
437119
437132
437285
437362
437489
437670
437761
437860
438503
438728
438849
439176
439578
439601
439629
439769
439936
439998
440224
440355
440538
440808
440846
441096
441292
441352
441395
441443
441562
441593
442019
442224
442274
442868
443127
443421
443487
443716
443880
444144
444217
444356
444465
444570
444791
444878
445025
445237
445841
445986
446014
446229
446236
446406
446666
446773
446854
446926
447035
448399
448731
448795
449221
449262
449476
449499
449900
449956
450534
450826
450962
451062
451237
451244
452361
452411
453067
453686
453693
454036
454199
454325
454355
454488
454601
454778
454947
455022
455061
455298
455324
455383
455553
455908
456120
456245
456455
456695
456701
456844
456900
457241
457264
457546
457724
457791
457796
458022
458181
458373
458474
458593
458980
459079
459222
459388
459464
459621
459791
459916
460488
460490
460728
460813
461076
461111
461460
461919
462148
462689
462782
462873
462940
462991
463651
464043
465057
465214
465301
465720
465997
466007
466170
466501
466566
466654
467050
467534
467638
467670
468058
468228
468253
468339
469093
469144
469866
470451
470826
470867
471098
471448
471596
471684
471704
471710
471925
472136
472751
472895
472950
472993
473008
473546
473665
473701
473883
473920
474119
474717
474849
475384
475426
475626
475812
476172
476285
476295
476493
476670
476749
476774
476800
476900
476989
477035
477176
477201
477374
477405
477949
477991
478266
478286
478564
478749
479144
479252
479625
479698
479762
479781
480252
480270
480271
480327
480420
480429
480437
480610
480724
480913
480914
481258
481430
481667
481685
482116
482572
482597
482670
482842
483512
483667
483968
483998
484316
484773
484937
484947
485148
485279
485452
485899
486324
486630
486655
486665
486671
486678
486693
486957
487082
487520
488360
488389
488686
488995
488996
489108
489447
489465
489491
489689
489885
490006
490786
490879
490944
490985
491032
491265
491305
491387
491507
491757
491911
491922
492617
492700
492818
492958
493533
493932
494219
494278
494394
494401
494485
494560
495278
495348
495402
495491
495855
495998
496042
496077
496214
496428
496545
497075
497258
497511
497772
497914
498236
498468
498627
498656
498741
498781
498805
499577
499671
499690
499797
500362
500529
501276
501886
502052
502233
502735
502859
502876
503143
503303
503420
503840
504011
504018
504081
504680
505150
505166
505702
505878
506325
506487
506628
506837
506908
507185
507302
507325
507470
507575
508079
508081
508436
508459
508904
508915
509338
509829
510009
510020
510118
510437
510559
510955
511356
511890
511972
512132
512132
512300
512664
512751
512830
512910
513476
513499
514095
514751
514813
514821
515058
515061
515075
515285
515423
516172
516399
516513
516958
517076
517233
517389
517401
517447
517876
517916
518149
518189
518190
518385
518853
519086
519199
519338
519434
519659
520147
520363
520596
520661
520682
520732
521567
521630
521673
521889
521891
521985
522105
522151
522514
522625
522727
523055
523068
523103
523151
523384
523817
523836
523857
524189
524410
525086
525096
526197
526273
526418
526455
526532
526565
526944
527080
527166
527363
527576
527642
527783
527843
527895
527995
528282
528526
528597
528768
529274
529783
530163
530393
531055
531110
531552
531818
532198
532621
532721
532857
533039
533316
533512
533641
534039
534371
534428
534506
534796
535519
535758
535930
536303
536432
536433
536504
536527
536561
536786
536967
537101
537659
537819
537959
538000
538067
538180
538223
538680
539125
539958
540276
540319
540440
540467
540738
540851
540862
541093
541228
541424
541742
541882
542283
542678
543055
543122
543182
543242
543249
543396
543430
543541
543651
543956
544011
544020
544110
544128
544223
544557
545455
545537
545681
545972
546080
546619
547815
547847
548188
548599
548738
548829
548947
549250
549341
549583
549646
549758
549781
549912
549948
550018
550127
550479
550628
550634
551577
552045
552106
552142
552210
552246
552631
552750
552795
553028
553314
553358
553559
553699
553737
553898
554145
554484
554538
554645
554692
554783
554913
554952
555492
555727
555821
556725
556740
556761
557075
557447
557517
557621
557942
558183
558783
558790
558872
559186
559270
559314
559608
559974
559997
560040
560160
560612
560655
560765
560824
560847
561414
561790
562044
562241
562260
562351
562538
563302
563471
563870
563956
564016
564050
564355
564459
564798
564829
564984
565111
565222
565321
565567
565615
566220
566274
566319
566795
566832
566854
566937
567072
567483
567575
567624
567673
567686
567820
567839
568081
568187
568420
568580
569025
569091
569127
569232
569718
569845
570055
570583
570600
570695
571001
571214
571366
571442
571532
571620
571804
571816
571837
572095
572273
572547
572702
573091
573159
573402
573419
573977
574416
574777
574852
574880
574951
575152
575199
575268
575382
575578
576010
576180
576235
576292
576759
576974
577055
577073
577341
577429
577563
577569
577610
577968
578005
578152
578265
578344
578849
579066
579103
579258
579558
579616
579678
579716
579846
580036
580113
580339
581076
582011
582058
582385
582720
583062
583075
583346
583944
583987
584062
584198
584262
584509
584974
585020
585528
585666
586188
586628
586650
586856
586980
587051
587592
587747
587876
587893
587996
588740
588804
588928
589222
589325
589326
590087
590365
590442
590507
590557
590674
590758
591038
591237
591500
591631
591806
592123
592404
592652
592796
592960
592983
593186
593517
593563
593598
593866
593868
594037
594117
594900
594982
595328
595514
595803
595909
596430
596442
596730
596806
596994
597054
597485
597517
597586
597822
598035
598102
598323
598344
598407
598777
599212
599310
599430
599501
600131
600721
601044
601096
601286
601445
601547
601882
602085
602247
602266
602294
602649
603033
603060
603717
603843
603927
603956
604010
604311
604360
604423
604498
605354
605384
605774
605906
606008
606344
606730
607039
607161
607227
607256
607285
607299
607361
607651
608242
608585
608595
608631
608797
608822
608842
609070
609215
609326
609374
609531
609735
609990
610029
610341
610895
610982
610994
611086
611290
611536
611629
611643
611967
611968
612273
612497
612657
612677
612828
612851
613104
613212
613298
613439
613593
613689
614614
614856
614933
614953
615064
615193
615235
615292
615324
615734
615768
616125
616148
616720
617041
617052
617080
617166
617221
617719
617831
618022
618345
618441
618508
618515
618670
619245
619564
619893
619973
620168
620454
620574
620994
621047
621298
621470
621523
621575
621576
621616
622049
622231
622395
622527
622796
622839
622847
622881
622945
623190
623341
623350
623527
623909
623926
623945
624176
624275
624516
624584
624700
624902
625279
625521
625681
625754
625894
625910
626099
626285
626574
626605
626824
627194
627421
627686
627846
628053
628490
628506
628552
628596
628844
628977
629259
629499
629613
629628
629765
630205
630206
630429
630471
630839
630879
631246
632137
632233
632353
632525
633305
633309
633343
633412
633433
633561
634053
634090
634123
634231
634296
635168
635298
635346
635734
636124
636499
636867
636871
636881
636953
637003
637017
637100
637103
637169
637184
637254
637721
637729
638126
638161
638203
638238
638400
638897
638989
639174
639383
639525
639705
639725
639747
639840
639912
640258
640293
640911
641032
641125
641162
641375
641520
642318
642362
642446
642812
642845
642896
643040
643504
643769
643875
643946
644031
644267
644288
644320
644509
644621
644679
645090
645242
645263
645829
646547
646615
646959
647398
647441
648135
648518
648705
648724
649106
649187
649205
649730
650108
650329
650711
650964
651144
651191
651616
651646
651779
651781
651871
651911
651964
652059
652416
652645
652778
652845
652847
653131
653166
653267
653637
653681
653777
653841
653887
653966
654090
654402
654516
654633
654770
655075
655713
655729
655913
656016
656882
656948
657249
657308
657377
657425
657442
657444
657717
657783
657892
657920
657961
658298
658375
658607
658833
658943
659051
659055
659138
659173
659487
659684
659934
659945
660037
660067
660778
660779
661521
661651
661908
662036
662147
662375
662940
663655
663670
664286
664337
664444
664532
664850
664887
664949
665225
665517
666012
666441
666516
666574
666658
667207
667282
667804
667998
668138
668286
668321
668640
668993
668998
669098
669104
669353
669504
669837
670501
670811
670929
671205
671721
671872
672009
672234
672293
672414
672510
672555
672807
673088
673650
673750
673826
674323
674336
674926
675045
675109
675115
675737
675843
675880
676092
676139
676301
676449
676666
677037
677125
677631
677784
678124
678451
678453
678494
678727
679000
679058
679353
679507
679544
680049
680055
680148
680152
680167
680272
680441
680607
680741
680766
680832
680901
681124
681188
681225
681750
682036
682272
682311
682402
682425
682428
682647
682665
682886
683543
683638
683712
683751
683912
683928
684136
684152
684183
684204
684369
684505
684861
685093
685224
685870
685950
686188
686259
686262
686561
686561
686684
686795
686807
686829
687174
687261
687401
687811
687896
687912
687919
688409
688419
688905
689097
689158
689452
689479
689515
689530
689746
689816
690405
690734
690783
691228
691417
691693
691817
691829
692146
692288
692330
692402
692468
692637
693063
693128
693555
693794
694120
694507
694731
694896
695078
695260
695391
695405
695552
695625
695776
695969
696323
696340
696401
696545
696610
697051
698059
698267
698501
698619
698870
698958
699241
699256
699472
699530
699809
699841
700051
700221
700488
700833
700945
700961
701109
701448
702005
702442
702842
703205
703329
703542
703826
704383
704484
705097
705482
705510
705547
705667
705764
705840
706047
706065
706312
706405
706491
706566
706643
706693
706798
706810
706936
707228
707638
707767
707786
708023
708118
708134
708193
708283
708504
708550
708619
708904
708960
709006
709152
709291
709461
710027
710348
710965
710974
711077
711202
711205
711275
711447
711475
711680
711772
711914
711924
712143
712737
712840
713072
713186
713835
714145
714153
714192
714484
715175
715202
715210
715429
715431
715553
715558
715657
715921
715938
716053
716407
716517
716589
716612
716637
716800
717104
717114
717147
717361
717374
717912
718080
718114
718314
718447
718483
718826
718828
719001
719078
719116
719201
719243
719400
719628
719645
719901
719914
720338
720541
720646
721294
722026
722528
722666
722922
723076
723318
723392
723994
724058
724379
724496
724788
724840
725187
725268
725385
725416
725566
725665
726277
726704
726869
726970
727494
727721
727796
727935
728003
728044
728058
728300
728850
729135
729139
729393
730112
730142
730177
730615
731056
731080
731214
731325
731419
731820
732240
732246
732360
732425
732456
732628
732661
732711
732722
732890
733547
733639
733910
734039
734104
734333
734338
734413
734879
735109
735192
735270
735310
735424
735540
735544
735595
735749
735870
736006
736015
736091
736505
736573
736573
736595
736815
736825
736835
736846
736935
737018
737099
737107
737755
738362
738656
738685
738921
739072
739460
739510
739517
739674
740029
740646
740739
740771
740970
741170
741210
741792
741845
742048
742064
742212
742267
742779
743326
743569
743814
743853
744021
744089
744390
745137
745175
745433
745497
745568
745682
745884
746016
746542
746546
746755
746862
746990
747016
747025
747029
747220
747982
748117
748437
748919
749401
749441
749462
749517
749535
749757
749796
749854
750014
750381
750463
750519
751037
751190
751442
751679
752510
752611
752670
753078
753111
753231
753252
753488
753816
753955
754011
754050
754150
754273
754568
754634
754910
755233
755299
755339
755375
755666
755688
755885
755973
756215
756522
757390
757542
757624
757654
758156
758292
758295
758574
758605
758618
758661
759106
759237
759341
759613
759877
759898
759899
759941
759993
760162
760587
760785
760845
760890
761014
761123
761149
761196
761740
761752
761950
762772
762919
762927
763161
763215
763491
763735
764008
764599
764645
764994
765016
765022
765073
765341
765399
765469
765647
765748
765883
766090
766093
766123
766623
766645
766819
766831
767703
767806
767892
768257
768292
768472
768692
768707
768810
768994
769034
769060
769226
769296
769680
770228
770430
770729
770942
771483
771494
771662
771848
772315
772478
772560
772625
772910
773258
773285
773296
773305
773516
773675
773879
773958
774109
774147
774151
774238
774382
774487
774592
774823
775528
775628
775674
776548
776661
776729
776845
776970
777128
777442
777673
777734
777747
777877
777988
778010
778100
778416
779166
779301
779347
779882
779916
780084
780189
780522
780555
780599
780853
780957
781169
781329
781473
781572
781753
781755
781831
781938
782023
782244
782392
782751
782772
783055
783319
783511
783867
783901
784020
784185
784365
784368
784386
784637
785457
785550
785608
785734
786446
786589
786654
787167
787462
787565
787588
787613
787680
787738
787744
787784
788203
788393
788410
788424
788809
789356
789419
789665
790111
790240
790329
790337
790573
790578
790710
790954
791562
792102
792431
792656
792976
793056
793315
793968
794237
794510
794786
794843
795019
795049
795139
795142
795161
795553
795573
795584
795780
795835
795917
796317
796852
797082
797584
797807
797951
797986
798057
798236
798255
798257
798541
798667
798690
798902
799047
799363
799364
799368
799405
799491
799723
800204
800662
800923
801107
801231
801357
801369
801388
801418
801458
801606
801904
801965
801979
802056
802165
802170
802315
802564
802571
802801
802821
803092
803373
803662
803738
803768
803799
803945
804160
804227
804458
804470
804544
805055
805106
805432
805432
805440
805685
806008
806014
806167
806242
807140
807184
807451
808243
808505
808756
808780
809559
809860
809863
810129
810320
811259
811346
811551
811561
811610
811784
812005
812285
812369
812390
812403
812486
812741
812803
812971
813185
813203
813409
813731
813759
813804
814258
814487
814511
814640
814661
814706
814743
814761
815214
815666
815716
815957
816062
816508
816925
817027
817308
817407
817486
817513
818864
819341
819558
820262
820485
820574
820616
820680
821055
821066
821133
821246
821378
822447
822717
823881
823985
823993
824081
824130
825022
825171
825403
826159
826210
826347
826694
826704
827105
827259
827338
827396
827399
827402
827449
828144
828163
828479
829191
829331
829964
830025
830030
830070
830084
830141
830391
830394
830896
830930
830964
831032
831212
831383
832091
832128
832362
832542
833001
833127
833464
833486
833518
833813
834258
834770
834882
835129
835277
835771
835832
835865
835966
836003
836039
836238
836603
836603
836629
837000
837011
837127
837926
838147
838300
838313
838474
838562
838760
838816
839442
839515
839749
839791
839956
840254
840504
840937
841089
841509
841774
841777
841789
842120
842547
842548
842804
843173
843531
843754
843874
843929
844016
844072
844089
844167
845226
845616
845649
845812
845823
845999
846171
846483
846646
846739
846739
847270
847858
847982
848242
848276
848317
848547
848598
848894
849172
849370
849712
849760
849813
849987
850312
850404
850482
850674
850877
850928
850997
851361
851570
851717
851760
852450
852946
852984
852989
853067
853150
853177
853182
853491
853542
853722
854076
854420
854616
854691
854764
855125
855180
855514
855968
857150
857170
857242
857501
857686
858044
858187
858605
858763
859196
859283
859346
859516
859971
860065
860421
860433
860916
861041
861138
861720
861742
862173
862317
862425
862477
863068
863083
863179
863195
863707
863908
864021
864030
864262
864391
864984
865085
865224
866046
866058
866247
866493
867010
867936
868057
868208
868450
868664
868685
868790
869052
869111
869272
869325
869477
869565
869604
869849
869855
869889
869923
869934
870075
870198
870204
870511
870859
871137
871623
871697
872369
872555
872843
873024
873674
874006
874236
874246
874280
874384
874518
874737
874758
874916
875020
875229
875331
876338
876499
876582
876689
876724
876822
876897
876916
876994
877105
877229
877379
878218
878496
878788
878954
879228
879351
879364
879393
879754
879904
880241
880930
880931
881025
881381
881542
881628
881938
881981
882229
882336
882401
882529
882622
882633
882644
882660
883214
883320
883837
884083
884130
884214
884755
884770
884780
885130
885166
885380
885703
886102
886120
886158
886197
886428
886461
886631
886687
886989
887050
887179
887232
887265
887342
887518
887699
887802
888059
888407
888949
889006
889007
889026
889140
889265
889560
890208
890393
890439
890737
891143
891200
891232
891235
891455
891755
892218
892335
892620
892776
892970
892983
893037
893163
893482
893742
893892
893931
894107
894402
894595
894887
894909
895045
895156
895285
895398
895417
895498
895729
895734
895819
896528
896761
896785
897018
897435
897626
897720
898073
898397
898654
899177
899215
899508
899509
900553
901127
901167
901181
901373
901421
901677
902038
902339
902444
902977
903007
903023
903026
903090
903180
903358
903606
903642
903678
903754
903999
904012
904237
904328
904366
904385
904668
904726
904875
905450
905784
906321
906770
907217
907557
907631
907640
907916
908466
908787
908802
908919
909201
909560
909711
909928
909984
909994
910161
910169
910249
910507
910653
910870
910930
911432
911573
911614
911713
912456
912551
913560
914560
914584
914668
914824
914980
915871
916032
916145
916227
916266
916602
917718
918018
918365
918410
918609
918764
918843
919109
919133
919843
919906
919943
920363
920653
920685
920953
921020
921104
921121
921222
921422
921528
921853
921908
921955
921992
922162
922163
922271
922524
922699
922841
923180
923445
923516
923622
923873
923987
924251
924275
924464
924544
924673
925051
925197
925234
925270
925384
925431
926168
926194
926323
926396
926401
926438
927002
927471
927526
927925
928034
928107
928332
928520
928580
928701
928740
928833
928886
928960
929216
929488
929793
929971
930201
930211
930256
930567
930800
931120
931363
931814
931953
931957
931999
932264
932501
932614
932618
932722
932735
932867
932885
932940
933155
933823
933828
934411
934939
934974
935071
935488
935784
936087
936131
936324
936332
936547
936570
936731
936733
936976
937811
937843
938468
938851
938874
939043
939048
939151
939401
939465
939496
939751
939873
939949
940255
940447
940587
940662
940799
940941
941082
941189
941251
941622
941709
941728
941759
941799
941851
942076
942201
942230
942770
943254
943421
943691
943698
943730
943839
943941
943952
944500
944608
944690
944771
945542
945689
945706
945768
945896
946200
946550
946710
946815
946896
947339
947421
947429
947622
947996
948176
948405
948488
948561
948572
948671
949323
949335
949467
949568
949747
949751
949757
949968
950138
950285
950495
951041
951154
951268
951302
951811
951863
951912
952028
952409
952569
952971
952974
953057
953589
953756
953778
954074
954166
954192
954206
954285
954614
954675
954941
954943
955003
955140
955370
955394
955659
955951
956371
956693
956706
956921
957105
957283
957291
957782
957861
958005
958095
958405
958611
958723
959713
959919
960035
960370
960381
960913
961738
961751
961754
961998
962292
962320
962792
962844
962905
962977
963304
963739
963750
963847
963918
964601
964681
964840
965033
965085
965118
965148
965195
965290
965518
965572
965712
966411
966447
966624
966672
966688
966785
967426
967517
967766
967848
967869
967973
968038
968173
968340
968490
968877
968888
969315
969330
969349
969466
969989
970584
970721
970913
971048
971175
971198
971363
971612
972154
972433
972577
972950
973044
973498
973529
973722
974134
974161
974372
974662
975254
975370
975972
975993
976057
976497
976511
976574
976685
976768
976772
976933
976987
977001
977128
977570
977575
977987
978029
978640
978671
978834
978908
979559
979666
980101
980475
980495
981927
981945
982101
982368
982838
983196
983287
983771
984215
984523
985607
985846
986243
986251
986299
986341
986480
986519
987523
987894
988109
988213
988505
988983
989030
989051
989155
989163
989303
989531
989620
989627
989645
989760
989763
989910
989911
989925
989972
990200
990300
990361
990611
990627
990754
990896
990909
991046
991058
991079
991619
991787
991834
991884
991932
992096
992369
992563
992760
992871
993302
993344
993449
993682
993840
994012
994140
994411
994478
994714
994746
994792
994805
995100
995119
995848
995867
995967
996063
996234
996556
996862
997259
997364
997490
997872
998173
998515
998925
999196
999507
