248
311
397
450
450
450
528
725
845
856
1068
1103
1399
2130
2233
2285
2516
2855
2913
3029
3216
3325
3682
3839
4043
4377
4641
4962
5097
5148
5318
5646
6055
6210
6215
6567
6598
6644
6646
6840
6968
7046
7114
7323
7328
7426
7631
8226
8402
8465
8472
8816
8832
8899
9246
9317
9371
9525
10089
10652
10922
10923
11065
11119
11170
11191
11202
12084
12321
12365
12449
12627
12685
12771
13239
13422
13437
13783
13974
14096
14108
14182
14227
14552
14811
14962
15125
15186
15277
15315
15351
15580
15677
15785
15894
16075
16170
16322
16343
16524
16558
16910
17269
17749
17783
18492
18593
18614
18731
19154
19276
19341
19639
19687
19766
19789
19965
20517
20828
20882
21443
21478
21478
21785
21796
22025
22147
22224
22780
22806
22872
22926
23087
23163
23173
23671
23813
24499
24748
24764
24888
24912
25044
25672
25980
26107
26545
26570
26596
26667
26863
26936
26975
27024
27162
27537
27636
27847
27930
27972
28023
28075
28417
28718
28812
29035
29238
29402
30057
30366
30793
31405
31710
31711
31994
32006
32514
32601
32610
32638
32883
33284
33496
34066
34130
34486
34519
34576
34592
34949
34964
35076
35189
35390
35447
35738
35900
35986
36201
36319
36751
36984
36984
37610
37705
38395
38584
38920
39142
39377
39409
39466
39617
39622
39870
39927
39965
40088
40811
40850
41167
41444
41520
41913
42156
42603
42997
43345
43462
43480
43987
44363
44369
44484
44928
45159
45681
45793
46209
46349
46903
47369
48035
48154
48315
48401
48650
48915
49212
49220
49620
49686
49712
50356
50377
50700
50948
51304
51898
52377
52409
52558
52703
52743
52868
52909
52966
53237
53353
53363
53463
53977
54023
54153
54276
54393
54434
54451
54591
55075
55079
55097
55145
55216
55600
55608
56085
56276
56333
56469
56813
57484
57550
57643
57743
57780
58744
58836
58902
59009
59023
59974
60134
61334
61387
61874
61931
62056
62064
62358
62558
62689
62746
63463
63480
63584
63939
64125
64167
64180
64216
64219
64736
65388
65586
65764
65800
66259
66392
66396
66423
66814
66945
66951
67028
67218
67274
67566
67725
68248
68523
68570
68669
68719
68750
69002
69006
69019
69081
69177
69273
69335
69606
69809
69941
70043
70356
70679
70720
71156
71224
71308
71469
72172
72281
72508
72668
72715
73037
73056
73087
73794
73795
73961
74029
74369
74582
74584
74655
74731
74927
75034
75042
75248
75386
75433
75455
75474
75549
75841
75969
76065
76717
76830
77473
77924
78064
78231
78243
78685
78840
78939
79199
79752
79825
79891
79955
80177
80315
80959
81096
81353
81428
81498
81575
81582
81692
81772
81835
82312
82390
82617
82846
82977
83445
83919
84011
84032
84118
84421
84441
84442
84793
85086
85237
85336
85342
85535
85558
85584
85645
85949
86195
86314
86361
86378
86748
86953
87400
87404
87705
87927
88573
89034
89281
89356
89725
89737
89754
89762
89762
89763
90094
90159
90178
90464
90527
90558
90729
90792
90822
90962
91212
91264
91449
91601
91692
92230
92254
92354
92462
92898
92992
93132
93178
93620
93737
93787
93982
94007
94406
94412
94731
95233
95800
96128
96252
96518
96868
97049
97062
97452
98259
98263
98401
98470
98650
98737
99398
100024
100236
100240
100593
100748
100752
100769
100849
101074
101249
101427
101817
101893
101942
101945
102109
102421
102702
103190
103217
103359
103530
103821
103872
104095
104137
104398
104569
104906
105108
105205
105497
105609
105657
105730
105858
105898
106255
106369
106389
106568
107053
107262
107389
107412
107549
107680
108041
108357
108446
108745
109327
109399
109489
109493
110253
110301
110579
110835
111018
111061
111149
111172
111569
111617
111961
111967
112061
112351
112393
112606
113247
113249
113661
113784
113835
113890
114050
114127
114806
114812
114896
115312
115447
115764
115879
116026
116914
117043
117502
118127
118236
118254
118556
118634
119228
119271
119593
119609
119634
119685
119796
119880
119967
120494
121014
121284
121741
121920
121978
122136
122222
122333
122358
122721
122919
123046
123806
123999
124754
124840
125141
125648
125876
126211
126427
126682
126697
126744
126747
127162
127417
127578
127581
127585
127917
128025
128109
128259
128402
128563
128831
129037
129354
129513
129559
129610
130010
130107
130590
130612
130792
130983
131081
131556
131761
132026
132069
132133
132323
133073
133458
133642
134275
134476
134651
134963
135365
135459
135478
135687
136251
136282
136737
136782
137374
137469
138820
138939
139154
139178
139385
140171
140238
140350
140625
140924
141038
141129
141602
141656
141808
142167
142288
142467
142537
143079
143088
143291
143307
143332
143504
143921
144255
144594
145024
145255
145262
145417
145504
145876
145968
146645
146950
147917
148012
148040
148096
148274
148474
148509
149183
149471
149623
149784
150010
150246
150382
150974
150999
151483
151566
151633
152126
152635
152750
153465
153635
153683
153894
154556
154611
154711
154751
155006
155092
155213
155295
155479
155490
155760
155832
155833
155926
155929
155951
156327
156982
157049
157050
157226
157439
157861
158414
158476
158543
159199
159622
159789
159818
160204
160643
161104
161418
161777
162247
162346
162460
162550
162696
162763
162821
162882
163043
163492
163674
163928
163985
163997
164025
164469
164521
164529
164534
164590
164658
164735
164744
164745
165161
165301
165597
165773
166035
166109
166191
166675
166746
167321
167825
168106
168288
168322
168389
168616
168716
168726
168780
169592
169772
169955
170500
170530
170603
170643
170812
170962
170994
171176
171300
171343
171397
171700
171818
172518
172717
172838
173250
173354
173500
173536
173610
173793
174133
174223
174254
174737
174873
175109
175352
175495
175706
176008
176100
176107
176140
176313
176667
176868
177440
178108
178213
178791
179013
179046
179279
179327
179468
179685
180171
180621
180719
180743
180783
180979
181014
181195
181317
181509
181743
181857
182048
182080
182412
182784
182933
182939
183162
183708
183898
183911
183991
184036
184093
184215
184300
184389
184434
184442
184657
184674
184774
185387
185610
185686
185744
186089
186735
186787
186877
186925
186995
187055
187302
187338
187471
187516
187644
187935
188171
188256
188303
188635
189006
189101
189219
189510
189588
189877
189978
190306
190493
190931
190979
191208
191380
191410
191514
191623
191716
191821
191930
192011
192504
192633
192834
192854
192950
192992
193035
193065
193308
193336
193644
193673
193726
193749
193852
193968
194098
194389
194628
195114
195193
195427
195603
195708
195711
195747
196498
196642
196945
197143
197146
197372
197631
197704
197822
197973
198332
198469
198567
198992
199340
199441
199476
200192
200629
201010
201014
201153
201324
201910
202152
202191
202285
202397
202550
202630
202764
202976
203059
203411
203671
203702
203710
203805
203870
204109
204113
204440
204528
204553
204765
204820
205286
205287
205347
205518
205579
205904
205946
206322
206457
206477
206551
206673
206796
207737
207803
207810
207952
208542
208662
208808
208839
208872
208902
209192
209605
210120
210252
210423
210651
210672
210700
211339
211726
211945
212432
212835
212869
212898
213013
213245
213274
213422
213473
213792
213813
213840
214304
214308
214357
214434
214879
215053
215100
215374
215673
215804
215879
216069
216117
216247
216254
216498
216810
216812
216903
217132
217391
217709
218075
218188
218188
218355
218377
218592
218894
219415
219555
219937
219980
220125
220201
220471
220565
220609
220860
221012
221544
221558
221590
221627
221853
222203
222546
222762
222908
223194
223481
223724
224150
224200
224413
224419
224445
224832
224870
224957
225308
225343
225579
225965
225986
226018
226178
226360
226726
227048
227115
227156
227171
227313
227323
227627
227953
227979
228011
228043
228248
228556
228989
229137
229181
229449
229963
230140
230304
230356
230868
231327
231874
232059
232065
232361
233101
233419
233642
233903
233921
234019
234165
234166
234422
234740
235340
235451
235696
235744
235786
235947
236063
236144
236219
236304
236328
236478
236712
236854
237078
237279
237426
237434
237507
237620
237859
237958
238316
238412
238703
239060
239332
239502
239770
239899
239978
240117
240479
240614
240660
240705
240800
240893
241164
241205
241547
241785
242023
242452
242686
242995
243809
243837
243929
244229
244307
244828
244982
245411
245517
245867
246002
246141
246689
246838
246846
247053
247173
247319
247489
247780
247802
247967
248049
248191
248381
248445
248577
248714
249716
249813
249894
250152
250200
250307
250330
250447
250503
250837
250941
251173
251587
251630
251907
251950
251952
252003
252071
252473
252794
253202
253250
253419
253725
254358
254587
254595
254641
254694
254847
254962
255024
255260
255354
256316
256499
256633
256686
256803
256910
257127
257335
257484
257490
257777
257824
257893
257961
258117
258168
258372
258611
258638
258827
259311
259644
259712
259870
260004
261165
261387
261477
261509
261980
261991
262211
262373
263145
263205
263222
263538
263724
264193
264365
264397
264468
264548
264608
264920
264965
265202
265211
265276
265277
265424
265726
266341
266751
267677
267897
267976
268284
268463
268484
268566
268581
268623
268765
268827
269105
269188
269281
269472
269742
269761
269948
270183
270355
270479
270516
270546
270822
270852
271068
271561
271774
272605
272668
273040
273098
273382
273385
273572
273850
274580
274886
275153
275157
275210
275301
275567
275657
275712
276094
276228
276313
276331
277213
277263
277667
277737
277875
278324
278900
278999
279510
279771
279810
279891
279945
280398
280554
281201
281249
281368
281407
281442
281514
281603
281637
281864
281928
281933
281993
282315
282338
282380
283049
283068
283221
283586
283919
283928
284017
284157
284293
284405
284668
284677
284751
284807
285194
286034
286072
286492
286568
286784
286800
287064
287162
287600
287823
288080
288191
288212
288225
288251
288389
288475
288626
288661
289017
289151
289456
289475
289544
289594
289705
289823
289824
290179
290258
290580
290844
290861
291186
291427
291484
291576
291692
293002
293010
293193
293210
293271
293632
293714
293723
293760
293880
293923
294283
294336
294576
295094
295201
295461
295523
295647
295823
296014
296159
296481
296618
297233
297411
297552
297794
297886
298160
298541
298755
299042
299083
299192
299202
299565
299910
299916
300140
300654
300696
300761
300805
301294
301309
301325
301392
301536
301585
301593
301659
301748
301900
302344
302410
302542
302618
302821
302844
303004
303065
303284
303310
303417
303678
303885
303916
304283
304313
304343
304452
304477
304511
304536
304621
304924
305207
305428
305687
305974
306033
306172
306865
307364
307841
307989
308032
308078
308382
308640
308757
308777
309079
309113
309143
309255
309508
309509
309761
309845
310232
310647
310728
310857
310918
310931
311433
311486
311488
311493
311607
311717
311802
312146
312310
312530
312634
312710
312783
313040
313500
313531
313611
313674
313766
313771
313798
313852
313853
313882
314774
314854
314901
314907
315220
315227
315280
315301
315700
316847
317086
317207
317523
318033
318432
318434
318556
318849
318853
318854
318867
318869
318969
319041
319316
319382
319672
319958
320048
320183
320229
320608
321236
321311
321694
321780
321799
321822
322595
322689
323141
323550
323559
323640
323712
324827
324834
325150
325255
325461
325581
325758
325992
326058
326174
326307
326309
326427
326668
326736
327337
328016
328097
328175
328914
329450
329493
329629
329637
329664
329666
329749
329944
330176
330243
330921
331062
331170
331327
331356
331366
331545
331776
331862
331930
331967
332138
332352
332740
333005
333047
333513
333651
333894
333993
334232
334446
334519
334524
334668
335002
335377
335503
335550
335716
336058
336782
336881
337108
337112
337132
337568
337788
337849
337860
338416
338566
338999
339305
339439
340037
340247
340661
340665
340694
340744
340869
341241
341322
341420
341429
341650
341797
341892
342088
342128
342219
342228
342310
342962
343337
343674
343697
343712
343843
343924
344062
344297
344373
344554
344873
345186
345396
345536
345767
345883
345900
346006
346054
346140
346191
346239
346346
346362
346515
346660
346807
346891
347273
347632
347667
348627
348681
348794
349182
349257
349292
349303
349672
349919
350055
350086
350170
350399
350598
350670
350818
351014
351059
351109
351117
351216
351216
351687
351689
351771
352065
352584
352729
352979
353084
353185
353225
353263
353315
353520
353752
354089
354184
354271
354364
354466
354489
354659
355026
355140
355476
355696
355860
356168
356227
356289
357133
357149
357242
357263
357550
358349
358425
358459
358466
358562
358712
358771
358952
359327
359398
359611
359810
359926
360475
360567
360609
360632
360994
361380
361496
362179
362212
362507
362689
362694
362792
362888
363700
364810
365287
365731
365855
366037
366068
366098
366590
366599
366645
366711
366811
366928
367200
367203
367385
367491
367611
367656
367813
367923
368012
368109
368524
368912
369072
369964
370257
370537
370677
370817
371103
371532
371875
372162
372382
372420
372900
373176
373191
373214
374192
374396
375039
375269
375743
375891
376178
376413
376462
376631
377058
377106
377251
377908
378698
378768
378778
379023
379138
379138
379624
379657
379766
380107
380157
380321
380527
380628
380762
380896
381159
381168
381238
381249
381344
381392
381404
381448
381629
381638
381660
382486
382800
382997
383025
383209
383232
383324
384334
384380
384625
384962
385075
385499
385508
385550
385560
385767
385870
386187
386233
386489
386598
386856
387322
387358
387644
388093
388099
388295
388828
388881
388908
389038
389214
389278
389430
389577
389927
390226
390419
390438
390544
390745
390747
391268
391405
391651
391901
392059
392272
392505
392967
392987
393481
393982
394323
394456
394603
394984
395226
395300
395422
395661
395937
396336
396410
396743
396843
396977
397207
397225
397427
397562
397688
398014
398250
398267
398441
398447
398681
398696
398770
399180
399218
399595
399704
399894
400006
400105
400431
400552
400716
400718
401011
401042
401373
401436
401491
401656
401845
401848
402076
402377
402552
402739
403032
403167
403203
403484
403558
403741
403804
404088
404101
404190
404292
404438
404478
404578
404996
405005
405012
405208
405406
405417
405439
405517
405584
405984
406017
406179
406207
406287
406456
406814
407208
407270
407448
408143
408405
408722
408829
408900
409075
409310
409864
410163
410348
411065
411102
411121
411467
411632
411634
411720
411842
412131
412174
412268
412524
412778
412904
413424
413522
413708
413852
414430
414776
415108
415797
415807
415925
416114
416267
416509
416555
417086
417355
417357
417738
417972
418091
418171
418607
418736
418892
418951
419061
419100
419159
419258
419562
419691
419738
420038
420135
420477
420501
420577
420702
421339
421504
422145
422175
422813
422861
423417
423571
423733
423870
424219
424256
424479
424514
424828
424866
424868
424941
425104
425212
426432
426563
426978
427025
427510
427555
428340
428413
428595
428771
429048
429212
429235
429286
429616
429808
429885
429930
430258
430881
431025
431150
431237
431397
431720
431804
431962
432074
432178
432334
432409
432629
432657
432763
433042
433068
433254
433343
433397
433408
433932
434230
434266
434410
434696
434904
435067
435976
435997
436316
436517
436688
436733
437096
437565
437625
437632
437671
437862
437901
438264
438463
438670
439184
439485
439632
439635
439673
439679
440032
440123
440130
440161
440470
440595
441074
441395
441515
441530
441557
441730
441901
442060
442793
443353
443356
443476
443597
443880
444027
444094
444121
444233
444316
444359
444467
444542
444646
444704
444951
445099
445183
445201
445454
445515
446546
446567
446640
446931
447215
447840
448444
448616
448789
448807
449146
449302
449345
449832
450005
450191
450380
450582
451648
451876
453063
453224
453372
453717
453881
453911
454118
454214
454218
454345
454434
454562
454636
454660
454768
455252
455299
455845
455964
456020
456107
456182
456208
456303
456350
456362
456449
456917
456995
457083
457156
457534
457651
457713
457714
458066
458482
458574
458888
458954
459468
459479
459510
460566
461048
461356
461395
461532
461939
462973
463023
463413
463503
463679
463804
464399
464507
464631
464659
464828
464994
465209
465233
465388
465675
465713
465811
466036
466080
466402
466576
466650
466937
467115
467135
467199
467324
467387
467668
467879
468419
468674
469163
469199
469738
469986
470031
470496
470568
470719
470884
471401
471559
471927
472147
472601
472663
472825
472852
472905
473824
473998
474275
474276
474456
475182
475373
475429
475460
475551
475556
475587
475868
476393
476643
476911
476951
476971
476982
477219
477438
477521
477556
477746
477971
478354
478458
478975
479034
479093
479626
479688
479843
479967
480252
480373
480444
480779
481483
481625
481774
481811
481880
481920
482010
482058
482061
482966
483134
483714
483988
484331
484380
484401
484507
484586
484690
484787
485048
485069
485232
485449
485548
485597
486058
486146
486216
487034
487059
487904
487937
488111
488158
488182
488197
488310
488805
488995
489113
489430
489552
489695
489886
490555
490664
490739
490894
490903
490904
490973
491176
491329
491416
491427
491780
491973
492152
492179
492798
492800
492816
492952
492996
493048
493084
493289
493522
493647
493767
493861
493901
494093
494141
494325
494386
494610
494734
495041
495123
495130
495600
495761
495829
495894
496007
496327
496463
496803
496878
497069
497402
497483
497579
497792
497898
497988
498117
498674
498775
498828
499038
499392
499559
499577
499589
499866
499904
500364
500820
501058
501737
501801
501809
501823
501923
501949
501992
502080
502308
502321
502591
502592
502910
503363
503367
503740
503758
503969
504193
504443
504568
504861
505024
505043
505312
505717
505797
505995
506019
506072
506101
506989
507431
507628
507814
507852
508376
509143
509164
509311
509945
510066
510162
510418
510428
511366
511463
511921
511998
512931
513131
513165
513241
513690
513900
514030
514224
514420
514453
514511
514519
515186
515262
515288
515385
515721
516327
516544
516586
516592
516839
517185
517348
517520
517628
517785
517876
518120
518637
518696
518824
519155
519223
519248
519327
519413
519494
519550
520341
520559
520623
521108
521137
521141
521491
521798
521831
521923
522208
522342
522469
522717
522928
522960
522970
522975
523114
523344
523846
523873
523947
523952
524168
524248
524445
524566
524693
524772
524805
524924
525325
525410
525565
525775
526062
526094
526122
526576
527089
527200
527250
527631
527727
527965
528318
528437
529000
529352
529552
529750
529820
530173
530287
530301
530558
530600
530745
530919
530950
531027
531140
531534
531772
532957
533719
534403
534424
534653
534670
534980
535076
535375
535610
535720
535884
536143
536625
536662
536860
537179
537194
537225
537590
537983
538125
538136
538501
538691
538693
538979
539493
539530
539620
539651
539852
539867
539957
540024
540356
540688
540826
540931
541218
541259
541405
541458
541485
541634
541776
541957
542039
542064
542307
542322
542395
542421
542464
542505
542611
542651
543288
543647
543754
544321
544423
544643
544777
544823
545011
545194
545207
545393
545549
545655
546085
546269
546312
546381
546406
546492
546553
547042
547057
547382
548078
548099
548127
548195
548706
549042
549087
549240
549267
549406
549781
550008
550352
550517
550544
550614
551137
551157
551732
552129
552370
552896
553202
553317
553321
553504
553849
553988
554176
554556
555027
555050
555103
555325
555549
555667
555806
555886
556823
557177
557514
557747
557868
558088
558289
558401
558604
558995
559412
559606
559706
559777
560203
561314
561633
561998
562726
563271
563460
563590
563590
564057
564528
564539
564605
564685
565414
565941
565952
566219
566434
566651
566891
566926
567292
567349
567362
567612
567899
567902
567912
568061
568188
568324
568357
568786
569197
569246
570013
570120
570169
570242
570543
570793
570946
571033
571106
571165
571213
571341
571829
571981
572257
572315
572595
572949
573068
573307
573339
573499
573642
573663
573749
573985
574057
574129
574259
574550
574998
575061
575772
575809
576386
576488
576575
576608
576960
576992
577306
577374
577737
577934
578025
578642
578751
578818
579268
579454
579546
579881
580044
580084
580181
580343
580477
580553
580576
580605
580758
581021
581060
581099
581311
581510
582031
582099
582226
582354
582701
583061
583094
583459
583621
583754
583867
584157
584298
584482
584680
585158
585279
585294
585461
585898
586342
586344
586527
586564
586727
586940
587262
587952
588075
588426
588461
588547
588641
588752
588901
589337
589461
589768
589897
590317
590416
590603
590731
590846
591420
591693
591996
592155
592523
592827
593099
593186
593329
593350
593375
593471
593872
593905
594136
594170
594268
594311
594321
594488
595078
595173
595265
595771
595869
595870
595890
595943
595954
596476
596585
596778
596851
596945
596986
597382
597412
597451
597472
597536
597744
598726
598770
599058
599151
599754
599844
599844
600032
600090
600266
600650
600745
600832
601269
601748
601829
602347
602907
602916
602941
602975
603416
603692
603831
603834
603916
604140
604142
604179
604532
604769
604807
604830
605279
605326
605528
605624
605875
605899
605982
606026
606101
606432
606954
607019
607193
607423
607905
608148
608160
608358
608648
608761
608892
609192
609393
609515
609696
609923
610173
610801
611105
611889
612029
612039
612116
612507
612626
612795
612929
613007
613291
613569
613924
614005
614141
614465
614821
614916
614926
614934
615290
615503
615644
615879
616290
616830
617175
617237
617420
617423
617440
617605
617793
617911
618122
618258
618289
618293
618541
618987
619100
619118
619581
619605
619713
619863
620222
620654
620701
621194
621271
621274
621398
621411
621687
621695
621964
622502
622878
623374
623493
623573
623783
623989
624099
624397
624430
624539
624620
624911
624928
624959
625400
625599
625952
626565
626933
627110
627230
627261
627278
627404
627484
627761
627988
628258
628304
628656
628709
628800
628918
629140
629399
629535
629854
630010
631073
631295
631324
631458
631682
631724
631731
632201
633299
633304
633898
634166
634183
634205
634459
635172
635247
635257
636151
636274
636616
636823
636909
636914
637463
637494
637590
637805
637822
638076
638249
638461
638626
638657
638706
638848
638913
639118
639919
640485
640913
641004
641024
641887
642071
642199
642317
642343
642744
642748
643171
643174
643452
643553
643574
643622
643879
643983
644110
644139
644235
644313
644347
644568
644590
644955
645033
645497
645623
645994
646062
646124
646209
646366
646392
646686
646696
646748
647242
647284
647616
647648
647909
648151
648226
648251
648307
648425
648595
648617
648700
648981
649146
649181
649294
649993
650209
650229
650395
650516
650528
650870
650887
651489
652418
652472
652571
652955
652967
653291
653414
653630
653828
653966
654216
654223
654339
654762
655424
655520
655562
655720
656071
656079
656252
656357
656541
656564
656731
656881
657016
657479
657616
657689
657847
657848
658197
658431
658490
658683
658876
658967
659000
659108
659683
659738
659777
659803
659921
659989
660076
660233
661092
661346
662054
662156
662433
662688
662701
662828
663085
663116
663498
663540
664032
664358
664849
665968
666202
666212
666418
666538
666577
666624
666824
666851
667237
667327
667454
667894
667975
668137
668566
668866
668933
668952
669013
669108
669291
669380
669923
669978
670335
670536
670538
670583
670680
671014
671218
671344
671558
671645
671722
671829
672372
672383
672891
672935
673210
673417
673483
673734
673807
674055
674140
674150
674315
674468
674656
674849
675004
675064
675240
675243
675274
675363
675801
675937
676109
676191
676443
676474
676649
676766
676833
677012
677050
677052
677085
677230
677262
677340
677375
677480
677560
677681
677763
677948
678016
678122
678158
678197
678225
678403
678569
679307
679396
679598
679626
680012
680748
680980
681519
681741
682169
682199
682543
682633
682657
682806
683096
683322
683804
683959
683991
684016
684647
684781
684935
684943
685112
685222
685279
685394
685438
685533
685539
685697
685769
685966
686179
686498
686661
686680
686743
686956
687014
687220
688089
688163
688231
688265
688278
688338
688409
688495
688562
688683
688772
688872
689151
689621
689787
689945
690121
690483
690651
691126
691264
691369
691525
691604
692313
692428
692766
692999
693033
693311
693759
694230
694233
694474
694509
694547
694549
694685
694817
694866
694873
694962
695164
695194
695194
695286
695294
695447
695980
696186
696399
696561
697088
697163
697238
697643
697717
697982
698026
698208
698513
698572
698577
698791
698952
699009
699355
699544
699614
699679
700071
700077
700133
700512
700971
701464
701487
701711
702602
702774
703023
703072
703170
703278
703312
703533
703652
704047
704371
704458
704513
704637
704683
704767
704827
705075
705803
705927
706069
706175
706346
706558
707023
707069
707134
707292
707317
707327
707599
707665
708336
708567
708878
709070
709379
709413
709721
709931
710132
710277
710520
710620
710635
710807
711027
711072
711175
711224
711273
711328
711355
711831
712280
712379
712660
712663
712871
712888
713352
713647
713659
713964
714151
714216
714299
714675
714942
715231
715235
715336
715400
715703
715971
716131
716441
716477
716915
716950
717030
717305
717982
718007
718109
718683
718801
719097
719156
719528
719667
719672
720159
720336
720499
720708
721215
721227
721603
721880
721928
722034
722327
723123
723471
724206
724375
724465
724558
724596
724781
724870
724925
725087
725209
725305
725418
725632
726641
726742
727072
727233
727336
727407
727490
728090
728213
728306
728312
728376
728440
728950
729011
729141
729408
729530
729687
729790
730298
730831
730841
731151
731463
731539
732028
732113
732327
732652
732800
732945
733048
733140
733373
733438
733527
733803
734250
734491
734523
734558
735046
735101
735102
735216
735408
735992
736230
736661
736776
736974
737096
737228
737685
737778
737983
738580
738721
738746
738775
738876
739062
739128
739239
739381
739675
739702
739857
739860
740259
740304
740499
740989
741039
741081
741420
741546
741553
741863
741923
742236
742638
742848
743369
743505
743709
743820
744185
744313
744395
744543
744647
744713
744793
744841
744932
745001
745190
745436
745503
745638
745711
745900
746292
746900
746915
746929
746946
747108
747147
747832
747843
748098
748215
748377
748501
748794
748832
748842
748886
749267
749477
750122
750381
750482
750496
750497
750510
751158
751194
751630
751655
751685
752358
753919
754113
754217
754447
754748
754911
754959
755282
755536
755847
755950
756018
756048
756232
756655
756689
756828
756886
756995
757328
757479
757692
757972
757996
758280
758384
758793
758982
758986
759119
759323
759438
759441
759615
759775
759788
759813
759874
760017
760649
761460
762009
762557
762585
762621
762734
763059
763063
763158
763581
763771
763850
763924
764450
764510
764801
764946
764981
765036
765430
765481
765835
766334
766361
766429
766535
766595
766770
766829
766998
767253
767468
767493
767554
767701
767950
767981
767983
768105
768663
768978
769459
769465
769611
769664
769690
769811
770313
770331
770444
770750
770787
770889
771021
771068
771153
771236
771690
771914
772084
772438
772645
772720
773075
773142
773604
773714
773751
774444
774615
775187
775220
775748
775886
775950
776028
776145
776540
776905
776907
776949
777052
777199
777246
777293
777428
777591
777682
777924
778260
778448
778688
778766
778833
779189
779383
780095
780131
780755
780875
780878
781086
781626
781878
782027
782206
782210
782448
782787
782815
782815
782832
782958
782987
783374
783620
783738
783796
783809
783954
784069
784187
784243
784270
784288
784383
784550
784590
784994
785269
785326
785356
785513
785638
785673
786167
786381
786573
786593
786612
786651
786741
786765
786856
787137
787748
788381
788549
788631
788995
789093
789181
789464
789486
789585
789641
789762
789802
789955
790122
790282
790389
790602
790602
791160
791817
792055
792155
792295
792853
793007
793052
793136
793157
793159
793654
793896
794256
794424
794457
795028
795180
795344
795418
795854
795924
795982
796150
796411
796512
797026
797405
797580
797692
798300
799125
799188
799288
799748
800109
800165
800270
800450
800537
800562
800714
801196
801196
801322
801381
801598
801605
801825
802324
802892
803072
803134
803457
803760
803787
804362
804393
804731
804775
804865
805096
805206
805236
805588
805635
805713
805927
806366
806637
806919
807290
807483
807540
807545
808471
808930
809600
809682
809799
810071
810171
810288
810460
810725
810732
810984
811188
811507
812070
812086
812193
812201
812222
812396
812587
812708
813251
813608
813949
813975
814115
814271
814680
814690
814844
814883
815286
815384
815420
815729
815801
816081
816087
816088
816112
816242
816662
816884
817348
817477
817825
817833
817936
817957
818461
818547
818575
818673
818734
818833
819113
819155
819815
819951
820485
820985
821802
821848
821966
821992
822099
822540
822572
822753
822763
822813
822896
823151
823618
823754
823818
823917
823964
824174
824181
824230
824394
824626
824721
824755
824789
825000
825680
825972
826028
826071
826092
826444
826809
826985
827089
827583
827639
827791
828449
828530
828588
828835
829318
829412
829442
830198
830337
830435
830590
830825
830885
830953
830991
831491
832468
832564
832611
832724
832861
832955
833411
833678
833726
833901
833995
833999
834063
834566
834675
834936
835212
835401
835485
835528
835539
835781
836056
836162
836804
836893
837018
837350
837412
837682
837992
838008
838058
838219
838242
838352
838399
838622
838797
839009
839265
839335
839477
839795
840027
840325
840651
841266
841780
841837
842061
842598
842842
843068
843280
843327
843334
843578
843739
843954
844551
844644
844710
844726
844847
845031
845057
846060
846181
846789
846828
847702
847761
847905
848024
848065
848269
848284
848418
848977
849140
849217
849366
849477
849629
849921
850057
850129
850190
850866
850886
851159
851428
851509
851646
851730
851770
851796
852212
852686
852696
852794
852971
853513
853894
853907
853947
853949
854291
854368
854391
854546
854606
855095
855455
856351
856575
856790
857055
857108
857238
857408
857536
858413
858480
858520
858635
858656
858749
858976
858984
859045
859135
859426
859577
859710
859797
859890
859947
860098
860243
860358
860423
861382
861512
861547
861610
861789
861923
862174
862371
862380
862648
862700
863169
863300
863356
863365
864104
864621
864699
865117
865235
865946
866144
866212
866305
867105
867174
867646
868095
868233
868300
868478
868902
868980
869203
869858
870247
870397
870471
870714
870875
870950
870965
871333
871513
871566
872177
872298
872424
872425
872881
873558
873571
873744
873819
873883
873952
874182
874347
874540
874820
875162
875169
875201
875296
875375
875529
875580
875727
875732
875963
876333
876647
877125
877319
877333
877400
877552
877602
877677
877983
878025
878096
878111
878908
879324
879325
879391
879464
879786
880069
880570
880701
880736
880891
880990
881232
881515
881708
881816
882157
882201
882219
882412
882462
882681
882812
883618
883992
884176
884456
884807
884851
884960
885687
885818
885863
885877
885934
885975
886156
886422
887759
887904
888664
888860
888992
889093
889678
889757
890523
890953
890966
891258
891630
891768
892090
892109
892167
892338
892536
892576
893081
893206
893566
893579
894473
894602
894627
894678
895053
895240
896110
896251
896454
896614
896785
896881
897097
897510
898027
898073
898179
898226
898306
898683
898852
898990
899041
899314
899414
899647
899683
899954
899997
900808
901041
901073
901185
901597
901931
902053
902123
902383
902587
902765
902943
902965
903105
903138
903140
903143
903221
903273
903427
903834
904199
904825
905368
905549
905568
905649
905698
905900
906105
906238
906289
906373
906389
906450
907423
907517
907602
907647
907811
907977
908200
908390
908413
908571
909340
909515
909806
909875
910178
910268
910374
910632
910890
911106
911113
911114
911240
911339
911546
911804
911920
912163
912206
912308
912596
913135
913517
914659
914995
915324
915368
915609
915853
916311
916545
916605
916886
916891
916982
917083
917115
917180
917656
917720
917756
917794
918231
918569
918751
918827
919403
919981
920145
920244
920389
920493
920646
921957
922231
922234
922365
922381
922930
923338
924099
924247
924416
924451
924923
925194
925850
925868
926083
926095
926254
926359
926870
927387
927425
927523
927612
928302
928664
928904
929050
929203
929311
929317
929452
929522
929668
929846
929967
929990
930228
930267
930299
930359
930577
930693
930883
931192
931268
931620
932527
932575
932637
932707
932709
933042
933419
933520
933687
933722
934182
934194
934229
934788
935270
935351
935459
935472
935488
935603
935641
935871
936026
936521
937397
937434
937459
937860
937973
938190
938576
938704
938904
938938
939090
939271
939353
939483
939616
939721
940080
940396
940431
940439
940930
941029
941318
941834
942709
942984
943002
943056
943180
943326
943452
943798
943833
943917
943926
944049
944071
944187
944437
944721
945036
945164
945527
945535
945683
946186
946389
946641
946731
946863
947015
947028
947333
947760
947889
947893
948226
948672
948871
948935
949251
949290
949614
949638
949909
950035
950430
950461
950801
951112
951215
951735
951781
952205
952539
952739
952770
952942
953084
953684
953848
954375
954919
954944
955174
956036
956053
956128
956372
956537
956574
956619
956754
956761
956807
957048
957591
957663
957731
957964
958013
958057
958077
958258
958329
958745
958834
959100
959187
959477
959568
959828
960099
960327
960364
960453
960595
960806
960902
961196
961215
961464
961507
961535
961797
961800
962087
962179
962661
962749
962812
963157
963195
963598
963630
963644
963666
963909
963950
964136
964269
964370
964375
964423
964503
964509
964529
964917
964995
965309
965671
966008
966097
966155
966284
966794
966871
967017
967059
967211
967268
967416
967662
967668
968148
968188
968222
968222
968448
968750
968825
969141
969357
969478
969594
969628
969794
969951
970089
970356
970415
970510
970700
970714
971377
971379
971918
972024
972063
972376
972762
972886
973005
973062
973483
973685
973860
974335
974721
974994
975488
975679
975919
975940
976069
976484
976709
977309
977589
977823
978120
978213
978283
978319
978604
978773
978965
979018
979162
979266
979391
980186
980244
980306
980819
981053
981422
981489
981582
981585
982048
982260
982417
982539
982796
982830
983306
983309
983426
983481
983565
983726
983898
984114
984173
984375
984553
984663
984810
984918
984961
984990
985234
985278
985299
985476
985531
985927
986024
986098
986390
986536
986536
986551
986563
987080
987150
987466
987993
988451
988636
988941
989074
989341
989634
989694
989889
989943
989950
990005
990776
990794
990798
990916
990958
991319
991714
991888
992003
992222
992369
992864
992937
992953
993142
993405
993595
993642
993752
994314
994669
994812
995020
995413
995732
996465
996482
996542
996777
997024
997234
997295
997404
998026
998061
998108
998209
998335
998884
998892
999184
999426
999662
999717
999834
999942
