138
253
336
571
769
1174
1461
1603
1609
1670
1788
1836
1837
2201
2260
2345
2788
2840
2866
2917
3047
3048
3234
3269
3475
3619
3678
3706
3880
4109
4275
4556
4659
4788
4829
4940
5117
5351
5614
5642
5827
5923
5980
6030
6081
6129
6241
6457
6727
6730
6957
7402
7569
7769
7792
8331
8517
8672
9221
9704
9813
9891
9907
9973
10053
10140
10351
10410
10450
10458
10731
10836
11049
11185
11200
11275
11630
11759
11846
11867
11938
12015
12291
12307
12415
12435
12565
12615
12634
13515
13595
13739
14198
14397
14571
14618
14681
14798
14841
15182
15352
15789
15839
15877
15963
15969
16033
16101
16131
16138
16331
16751
16765
16935
16984
17067
17307
17491
18318
18327
18427
18470
18486
18550
18694
18710
19010
19282
19537
19604
20098
20153
20493
20688
20773
20993
21467
21477
21912
21950
22192
22254
22293
22389
22565
22607
22765
22953
22983
23009
23068
23128
23280
24120
24345
24542
24582
24918
25173
25290
25485
25693
25875
25953
26083
26527
26673
26737
27462
27487
28280
28461
28694
28730
28804
28885
28961
29035
29159
29757
30075
30075
30174
30532
30537
30579
30590
30631
30931
31260
31300
31411
31634
31639
31834
32161
32372
33108
33296
33911
34003
34184
34256
34288
34425
34510
34667
34755
34798
34848
35192
35342
35449
35462
35509
35535
35630
35778
36202
36213
36565
36618
36689
36758
36938
37142
37193
37286
37335
37336
37943
37999
38085
38230
38392
38582
39141
39333
39564
39605
40174
40198
40253
40273
40319
40872
40893
41026
41136
41899
41967
42050
42653
42802
42993
42996
43054
43183
43639
43807
43848
43928
44010
44214
44291
44382
44851
45422
45518
45734
46153
46230
46312
46335
46395
46809
46824
46956
47288
47453
47762
47952
48022
48038
48424
48463
48485
48837
49064
49148
49499
49674
49694
49738
49802
50478
50595
50779
50893
50957
50970
51436
51771
51785
51941
51951
52087
52448
52564
52703
52777
52860
52936
53073
53383
53725
53768
53790
53887
53998
54050
54169
54241
54441
54458
54797
54926
55063
55245
55345
55357
55394
55504
56679
56764
56882
56984
56986
57312
57363
57585
57985
58245
58385
58468
58472
58568
58852
59966
60282
60422
60531
61381
61609
61828
62127
62218
62315
62349
62649
62681
62849
63029
63184
63313
63625
63978
64141
64161
64161
64511
65043
65125
65164
65183
65222
65229
65329
65719
65737
65988
66113
66179
66196
66279
66365
66766
67028
67079
67725
67749
67907
67916
68359
68648
69060
69072
69204
70303
70392
70441
70745
71199
71266
71306
71567
71763
72144
72242
72325
72383
72456
72526
72841
72900
72909
73233
73396
73612
73672
73674
74062
74120
74390
74591
74726
74829
74876
74962
75027
75459
75502
75696
75729
75832
75945
75975
76297
76392
76491
76792
77149
77160
77269
77464
77964
77965
78002
78056
78235
78351
78497
78656
78766
78924
78999
79021
79425
79584
79667
79710
79835
79842
79899
79938
79959
80013
80123
80266
80558
80635
80692
80941
81086
81390
81403
81970
82015
82025
82091
82139
82394
82417
82440
83026
83073
83117
83166
83692
83774
84169
84253
84351
84611
84842
85002
85007
85029
85298
85365
85458
85587
86185
86726
87055
87504
87699
88749
88843
88880
89104
89497
89537
89710
89793
89813
89876
89891
89959
90151
90295
90899
91175
91260
91274
91325
91614
91930
92447
93334
93646
94077
94105
94204
94406
94628
94643
94873
95034
95063
95086
95157
95495
95507
95785
95982
96365
96442
96619
96708
96766
97635
97680
97728
97790
98823
98998
99311
99358
99375
99643
99674
99756
99915
100381
100565
100788
100834
101060
101079
101406
101521
101744
101852
102038
102076
102372
102757
103136
103293
103530
103607
103905
104072
104164
104447
104731
104821
105515
105767
105778
106189
106199
106213
106952
107120
107197
107459
107709
107972
108062
108099
108423
108602
108701
108704
108740
108745
108898
109111
109199
109260
109373
109400
109947
110091
110261
110438
111266
111612
111692
111907
111949
112257
112452
112583
112873
112902
113298
113323
113562
113634
113658
113663
113829
113995
114223
114419
114461
114506
114588
114877
114971
115100
115117
115292
115297
115365
115374
115444
115663
115785
115846
115881
115938
116046
116176
116309
116702
116918
117319
117744
117776
117926
118157
118257
118422
118666
118897
118935
118966
119050
119062
119114
119500
119738
119800
120535
120906
121163
121294
121310
121742
121816
122282
122340
122370
122424
122431
122690
122857
122858
122899
123043
123452
123460
123783
124057
124318
124553
124570
124759
124990
125202
125589
126162
126320
126458
126662
127151
127261
127286
127331
128716
128842
129599
129739
130487
130521
130540
130551
130751
131256
131746
131986
132033
132476
132608
132879
133191
133251
133460
133622
133709
133903
134219
134482
134781
134806
135095
135109
135635
135769
135835
135883
135990
136166
136226
136268
136434
136485
136696
136715
137617
138039
138323
138338
138362
138526
138724
138868
138920
138977
139468
139761
139804
139811
139818
139830
140256
140606
140627
140727
141473
142004
142156
142409
142593
142740
142927
143178
143253
143279
143392
143845
143948
144133
144346
144525
144565
144628
144768
145046
145138
145263
145450
145544
145640
145896
145971
146268
146665
147359
147514
147817
147898
147955
148103
148159
148461
149048
149122
149511
149710
150157
150221
150235
150269
150272
150305
150308
150748
150797
151052
151244
151282
151439
152084
152359
152367
152544
152651
152917
153002
153427
153510
153555
153981
154035
154138
154343
154479
154515
154532
154551
155237
155388
155421
155634
155849
156199
156586
157056
157417
157528
157593
157759
157956
158090
158117
158425
158471
159716
159775
160105
160126
160254
161267
161832
162163
162168
162659
163285
163366
163548
163709
163720
163865
163904
164620
164695
164787
164894
165458
165639
165672
165709
165758
165816
165963
165999
166737
167281
167313
167383
168131
168339
168425
168622
169706
169786
170072
170154
170209
170846
171050
171053
171061
171215
171482
171577
171812
171812
172135
172407
172452
172485
172502
172522
172594
172888
173010
173049
173458
173517
173596
173619
173790
174238
174272
174871
175062
175193
175195
175423
175684
175832
175851
176302
176415
176453
176488
176848
177100
177507
177590
177702
177915
177953
178130
178162
178223
178615
178744
178989
179059
179151
179325
179758
179820
179958
180240
180593
180646
180682
180991
181123
181138
181144
181253
181587
181803
181895
182212
182304
182433
182461
182475
182947
183117
183453
183509
183545
183647
183739
183826
183949
184058
184149
184212
184721
184734
185173
185301
185407
185480
185539
186057
186305
186525
186590
186758
186861
186948
187029
187106
188080
188320
188414
188524
189219
189262
189499
189642
189874
189892
190054
190281
190451
190553
190577
190579
191121
191260
191571
191646
191908
191912
192399
192806
193257
193509
193640
194113
194160
194488
194562
194625
194890
195090
195334
195373
195385
195418
195582
195725
196036
196128
196186
197352
197411
197420
197516
197538
197812
197935
197957
197994
198015
198242
198342
198511
198991
199313
199551
200036
200317
200421
200535
200716
201495
201730
202333
202353
202886
203043
203342
203376
203573
204062
204540
204803
204854
205285
205335
205573
205587
205880
205991
206322
206339
206503
206672
206928
207090
207240
207257
207267
207514
207696
207752
207844
207933
208213
208385
208485
208494
208617
208923
208992
209170
209292
209450
209794
209811
210010
210111
210243
210321
210394
210504
210665
210736
210826
211372
211478
211484
212087
212229
212302
212683
212722
213172
213223
213281
213313
213560
213601
213817
214163
214323
214418
214515
214681
214709
214888
214934
216203
216367
216388
216439
216497
216502
217341
217714
218210
218269
218275
218537
219577
220296
220631
220830
221035
221460
221588
221773
221806
221957
222143
222197
222295
222376
222450
222475
222715
223477
223494
223541
224178
224549
225413
225621
226134
226475
226547
226782
227212
227258
227383
227406
227551
227582
227593
227755
227801
228035
228246
228554
228597
228727
228994
229085
229412
229772
230107
230668
231055
231329
231356
231584
231593
232071
232180
232450
232552
232614
232665
233061
233174
233257
234541
234721
234792
235026
235083
235276
235371
235523
235634
235997
236108
236174
236214
236367
236430
236437
236856
236880
237722
238128
238151
238311
238424
238593
238696
238708
238797
239167
239280
239544
239675
240300
240527
240761
242857
243272
243576
243632
243805
243833
243881
243957
244177
244242
244395
244952
245045
245377
245396
245638
246207
246483
246566
246684
246827
247434
247559
247734
248107
248122
248285
248292
248298
248332
248473
248821
249078
249159
249170
249395
249742
249938
250277
250653
250663
251560
251685
251890
251996
252026
252143
252446
252600
252704
252745
253217
253378
253466
253503
253825
254012
254145
254680
254948
255112
255306
255590
255782
256237
256253
256306
256614
256761
256859
256874
256910
256968
257037
257072
257132
257225
258178
258182
258841
258880
259132
259442
259567
259823
260442
260461
260656
260811
261113
261560
261641
261871
261890
261960
262057
262829
262938
263120
263373
263558
263937
264190
264261
264889
265258
265368
265414
266235
266585
266814
267066
267070
267075
267512
267839
268131
268885
269061
269205
269476
269548
269655
269657
269708
269797
269849
270190
270210
270224
270537
270555
270573
270608
270747
270757
271373
271624
271924
272242
272433
272575
272662
273162
273163
273901
273928
274806
274955
275524
275627
275699
275772
275781
275925
276210
276258
276602
276700
276749
276820
277124
277235
277339
277534
277827
277887
278378
278383
278426
278504
278538
278899
279489
279671
279697
280029
280182
280364
280460
280515
280681
280705
280865
280974
281306
281421
281434
281594
281652
281906
281911
282161
282423
282844
282888
282943
283058
283262
284113
284231
284313
284496
284785
285043
285346
285469
285485
285569
285569
285723
286500
286729
286802
286880
287249
287275
287320
287582
287644
287667
287812
288148
288258
288337
288881
289422
289571
289578
289803
289976
290163
290219
290223
290225
290465
290606
290720
290945
291098
291108
291245
291324
291839
291914
292037
292146
292166
292498
292791
293376
293821
293929
294376
294564
294621
295081
295365
296234
296396
296735
296764
297019
297273
297420
297455
297607
297934
298291
298368
298679
299158
299167
299230
299359
299472
299940
300834
300887
300938
301354
301378
301444
301451
301486
301518
301990
302182
302390
303336
303475
303589
304068
304089
304468
304494
304679
304800
304825
304888
304892
304937
306260
306398
306546
306568
306917
306957
306970
306990
307043
307345
307535
308015
308131
308305
308306
308526
308618
308720
308847
309091
309411
309727
309772
309876
310971
311108
311221
311275
312092
312283
312358
312503
312549
312610
312801
313234
313516
313815
313908
313911
314017
314154
314255
314820
314897
315159
315198
315300
315305
315515
315563
315829
315870
316358
316879
316944
317120
317236
317301
317596
317689
317718
318011
318339
318528
318669
318749
319047
319120
319155
319296
319382
319564
319832
319896
320317
320633
320697
320785
320826
321078
321169
321518
322250
322311
322699
323109
323278
323430
323950
324029
324760
325060
325070
325084
325156
325846
326004
326355
326364
326584
326729
326749
327142
327359
327375
327386
327402
327411
327527
327848
327907
328027
328057
328137
328231
328333
328453
328769
328830
329015
329046
329098
329497
329726
329937
329976
330707
330909
330917
331288
331565
331617
331632
332535
332665
332826
332828
332934
332957
333000
333012
333120
333350
333489
333931
333964
334337
334531
334738
334878
334920
334927
335255
335422
335557
335824
336090
336131
336179
336240
336338
337135
337162
337313
337386
337713
337788
337838
338085
338217
338473
338531
338622
339355
339465
339517
339685
339699
340140
340227
340379
340937
341151
341169
341177
341245
341890
341893
342028
342106
342166
342225
342296
342398
342537
342616
343290
343444
343505
343603
344189
344553
344748
344755
344968
345056
345112
345691
346028
346224
346361
346402
346545
346735
347072
347380
347656
347730
348265
348270
348341
348342
348555
348626
348630
348638
348726
348936
349028
350124
350254
350303
350428
350430
351093
351117
351500
351704
352109
352412
353250
353279
353317
353935
354233
354441
354450
354523
354882
354913
355414
355444
355462
356103
356218
357050
357673
357683
357712
357942
358214
358402
358409
358577
359108
359245
359375
359543
359713
359802
359804
359854
360031
360606
360687
361085
361089
361089
361233
361448
361582
361634
362136
362338
362575
362649
363007
363025
363076
363256
363321
363489
363577
363776
364247
364507
364871
364966
365108
365475
365641
365667
365698
365761
366354
366382
366796
366963
366975
367169
367550
367565
368099
368458
368723
369636
370297
370373
370405
370503
370559
371352
371630
371663
371743
371931
371960
372005
372154
372189
372376
372675
372720
372816
372826
372847
372995
373366
373429
373708
373907
373926
374059
374288
374510
374964
375057
375115
375269
375310
375396
375421
375626
375711
375895
375947
375967
376108
376116
376586
376624
376721
376828
376908
376930
377028
377031
377263
377924
377955
378084
378192
378546
378734
378878
379539
379742
379839
379961
380044
380311
380324
380819
381006
381205
381239
381262
381638
382097
382177
382503
383032
383343
383529
384201
384572
384943
385458
385583
385642
385661
386313
386438
386685
386764
386960
387065
387175
387192
387257
387285
387406
387687
387738
387787
387830
387838
387903
388661
388700
388760
388829
388903
389081
389088
389448
389521
389530
389760
389844
390031
390283
390309
390363
390381
390387
390996
391177
391288
391436
391505
391512
391755
391965
392312
392381
392433
392672
392793
393088
393097
393130
393378
393430
393839
393883
393918
394029
394123
394159
394418
394436
394451
394476
394549
394984
394998
395012
395114
395241
395324
395975
396127
396164
396858
396863
396895
396929
396983
397230
397286
397374
397436
397438
397597
397879
398409
398432
398555
399023
399448
400363
400466
400607
401542
401872
401945
401988
402777
403168
403257
403497
403643
403660
403969
404213
404461
404901
405211
405249
405455
405496
405528
405583
405597
406081
406376
406524
406554
406563
406700
406865
406980
407140
407198
407339
407509
407644
407737
407811
407936
408017
408288
408314
408438
408467
408613
408712
408964
409052
409221
409340
409432
409451
409713
409826
409928
409988
410199
410433
410455
410479
410917
410959
411243
411513
412225
412662
412840
413123
413148
413260
413342
413793
413836
413863
413997
414862
415190
415679
415701
415847
416004
416617
417036
417128
417170
417318
417320
417996
418079
418115
418406
418601
418607
418675
418802
419320
419578
419727
419744
419747
419849
420096
420580
420705
421017
421285
421378
421696
421771
422712
422765
422797
422916
423115
423143
423774
424136
424166
424398
424402
424554
425020
425366
425382
425607
425716
425794
425878
425918
426012
426158
426235
426268
426381
426608
426692
426735
427111
427624
427844
427889
428125
428469
428521
428673
428736
428793
429109
429331
429636
429786
429857
430074
430411
430428
430695
430710
431188
431673
431902
432113
432649
433281
433723
433780
433799
434011
434162
434644
434985
435231
435311
435416
435490
435538
435649
436448
436526
436529
436948
437187
437351
437393
437598
437670
438070
438115
438270
438383
438420
438757
438958
439543
439636
439789
440100
440913
440990
441070
441126
441168
441194
441283
441306
441319
441606
442012
442164
442574
443367
443462
443535
443993
444724
444893
444937
445447
446005
446088
446314
446333
446561
447349
447506
447806
448163
448248
448260
448384
448715
449086
449273
449496
449559
449622
449796
449808
450165
450182
450304
450910
450926
450959
451255
451614
451679
451985
452031
452395
452784
452927
452959
453138
453708
453925
454187
454478
454819
454934
455009
455310
455484
455641
455924
455993
456478
457079
457443
457519
457619
458112
458707
458905
459168
459397
459783
459821
460024
460742
461073
461168
461395
461606
461692
461808
462134
462381
462606
462917
463567
463690
463832
463927
464160
464271
464358
464381
464417
464444
464622
464655
464844
465176
465263
465407
465603
465639
465836
466058
466181
466261
466719
466806
466910
467021
467448
467449
467470
468035
468278
468326
468415
468736
468929
469016
469356
469463
469527
469755
470220
470922
470986
471056
471386
471438
472015
472319
472398
472788
472878
473869
473987
474003
474094
474165
474637
474673
474703
474785
474866
474962
475158
475371
475807
475860
475944
476006
476008
476068
476627
476662
477055
477286
477720
477767
477946
478173
478248
478461
478753
478947
478949
479384
479491
479752
480702
480770
480899
480973
481328
481449
481540
481783
481846
482141
482421
483130
484016
484121
484530
484643
484812
485302
485414
485426
485486
485509
486367
486634
487018
487072
487174
487204
487346
487767
487876
487925
487927
488760
489145
489221
489394
489606
490016
491095
491247
491435
491584
492199
492606
492756
492796
493065
493206
493589
493897
494225
494300
494442
494586
495098
495344
495345
495955
496433
496637
496660
496916
497039
497089
497201
497511
497573
497602
497733
497771
498102
498119
498180
498429
498538
498816
498845
499015
499062
499114
499390
499527
499761
499884
500401
500850
501348
501349
501570
501644
501848
501849
501883
502008
502131
502267
502640
502677
502761
502769
502825
502999
503020
503854
504378
504410
504621
504963
505382
505707
505815
505986
506350
506378
506741
507242
507465
507610
507842
507876
508150
508297
508430
508653
509168
509404
509571
509745
509758
509838
510140
510192
510329
510701
510987
510993
511936
511996
512012
512227
512418
512656
512694
513193
513419
513653
513991
514163
514213
514479
514707
515526
515601
515635
516223
516342
516457
516745
517388
517406
517670
517905
518316
518446
518643
518814
519091
519363
519625
519681
519987
520287
520405
520458
520761
520848
520899
521333
521421
521641
522144
522297
522492
522585
522832
522984
523827
524153
524194
524277
524657
524887
525293
525734
525981
526118
526230
527046
527183
527241
527638
527674
527883
528000
528201
528350
528997
529647
529870
530134
530248
530439
530653
530736
531064
531167
531359
531458
531968
532164
532326
532554
532674
533039
533179
533251
533349
533395
533549
533699
533707
533881
534402
534511
534513
534731
534966
534974
535405
535744
535963
536068
536092
537249
537346
538293
538385
539040
539091
539104
539110
539181
539314
539414
539840
539915
539937
540346
540396
540397
540713
541127
541411
541578
541793
542075
542243
542543
542589
542793
542853
542861
543656
543764
544002
544004
544098
544968
545138
545298
545449
545522
545733
546237
546256
546425
546692
547286
547390
547662
547689
548134
548321
548404
548480
548635
548993
549149
549328
549369
549790
549868
549931
550094
550184
550462
551202
551473
551599
551721
551742
552324
552660
552865
553446
553545
553620
554049
554203
554330
554545
554805
554863
554961
555180
555207
555341
555371
555616
555753
555766
556030
556167
556214
556392
556482
556630
556802
556875
557009
557409
557579
557920
558030
558304
558392
558498
558779
559110
559121
559795
559882
559965
559998
560108
560296
561162
561271
561425
561536
561637
561721
561784
561822
561966
561969
562398
562482
562653
562955
563049
563117
563338
563730
563872
564155
564286
564342
564567
564918
565187
565506
565544
565655
565697
565725
566872
567573
567975
568036
568142
568167
568195
568459
569100
570200
570320
570412
570458
570604
570732
570812
570836
570934
571131
571622
571860
571974
572310
572382
572486
572656
573046
573464
573696
574375
575247
575282
575390
575652
575662
575810
575834
576201
576327
576383
576603
577107
577511
577620
577781
578009
578303
578554
579097
579143
579222
579257
579385
579836
580051
580061
580196
580572
581430
581459
581645
581684
581743
581897
581909
581942
581984
582245
582253
582638
582684
583263
583733
583817
583825
583888
584256
584395
584396
584500
584538
584985
585204
585227
585541
585656
585695
585748
585810
585859
585933
585941
586020
586230
586254
586257
586507
586573
586578
586941
586942
587086
587393
587574
587632
587986
588056
588113
588223
588277
588363
588839
588902
589190
589543
589546
590921
591016
591062
591112
591218
591248
591280
591382
591736
591800
591875
591920
591924
592714
592892
593321
593599
593644
594097
594129
594353
594386
594725
595177
595196
595673
595887
596079
596169
596301
596322
596381
596610
596886
597345
597379
597714
598251
598424
598472
598493
598522
598580
598613
598739
598824
598881
599010
599059
600340
600405
600618
600719
601268
601315
601444
601469
601498
601532
601820
602133
602240
602479
602640
602656
602763
602781
602914
603117
603337
603551
603646
603695
604054
604226
604505
604505
604674
604734
604839
605282
605629
605744
605886
606415
606439
606582
606787
606792
606922
606947
606995
607362
607453
607842
608302
608345
608361
608620
608919
608921
609084
609387
609445
609660
609743
609799
609810
610165
610566
610569
610617
610650
611078
611202
611748
611991
612179
612461
613155
613186
613188
613436
613437
613590
613789
613844
614078
614151
614397
614402
614517
614622
614742
615083
615501
615511
615536
615781
615950
616278
616373
616400
616603
616937
617260
617382
617394
617495
617699
617822
618395
618434
618534
618986
619111
619498
619755
619786
619905
619922
619947
620147
620253
620547
622004
622028
622067
622385
622549
622591
623265
623425
623533
624144
624219
624598
624619
624861
625402
625542
625589
625774
625799
625950
626060
626276
626304
626354
626555
627140
627279
627390
627606
627630
627737
627873
627883
628695
628736
628928
629336
629436
629449
629453
629559
629615
629987
630101
630136
630241
630388
630594
630963
631250
631451
631461
631543
631764
631993
632038
632343
632696
632826
633311
633583
634370
634528
634570
634601
634611
634763
634787
634881
635139
635728
635828
635874
635941
636105
636148
636152
636411
636495
636510
637010
637177
637363
637568
637624
638083
638324
638669
638728
638794
638874
639074
639150
639831
639888
639904
639908
639952
640041
640054
640203
640289
641507
641829
642678
642820
643240
643330
643371
643661
643795
644123
644699
644720
644811
644932
644951
645239
645274
645292
645551
645655
646308
646509
646779
647499
647562
647589
647767
647822
647930
647937
647952
648120
648447
648456
648544
648621
648763
648852
648973
648988
649019
649313
649480
649697
649926
650150
650435
650820
651464
651511
651795
651874
651996
652340
652946
653114
653145
653349
653996
654019
654030
654220
654228
654239
654751
655695
655772
655795
656148
656156
656194
656579
656700
656774
657232
657695
657802
657817
657909
658166
658537
658556
658656
658998
659241
659739
660286
661364
661447
661813
661981
662043
662095
662312
662334
662365
662605
662857
662992
663028
663496
663694
664128
664479
664831
664970
665006
665121
665138
665325
665727
665862
666090
666154
666259
666516
666883
666888
667175
667437
667457
667464
667792
667911
668018
668216
668484
668755
669168
669220
669423
669578
670351
670435
670496
670567
670837
671075
671131
671385
671425
671438
671470
671602
671995
672417
672457
672518
672689
673038
673438
673493
673650
673847
674058
674247
674433
674613
674945
675266
675277
675344
675396
675701
675736
675741
675915
675959
676209
676467
676627
676779
676785
676923
677140
677250
677310
677503
677585
677661
677728
678054
678056
678140
678450
678484
678901
678911
678912
678964
678982
679110
679625
679679
679683
680121
680286
680374
680556
680756
680957
681036
681060
681416
681576
681901
682656
682742
682956
682999
683112
683294
683644
683666
683796
683801
683876
684113
684352
684741
685111
685644
685870
685881
686164
686224
686898
686958
687631
687757
688171
688418
688711
689174
689769
690077
690240
690431
690620
690715
691012
691139
691545
691932
691940
692113
692205
692278
692896
693056
693128
693321
693410
693417
693446
693629
693665
693691
693772
693892
694055
694336
694504
694536
694715
694727
694833
695321
695409
695623
695713
695957
696006
696044
696203
696474
696477
696765
696847
697047
697575
697616
697703
697911
698087
698252
698281
698749
698770
698862
698994
698997
699155
699159
699213
699225
699353
699925
700141
700527
700550
700595
700686
700689
700969
701112
701138
701251
701290
701621
701821
701979
702073
702252
702291
702327
702498
702713
703062
703216
703314
703419
703484
703811
703883
704504
704652
705039
705253
705261
705562
705913
706487
706659
706811
706998
707040
707118
707247
707454
707569
707611
707874
708039
708173
708211
708360
708930
709309
710155
710227
710253
710328
710339
710495
710553
710585
710655
710766
710834
710881
711196
711225
711326
712093
712134
712710
713177
713188
713556
713675
713968
714004
714018
714078
714252
714330
714396
714494
714717
714960
715086
715132
715141
715438
715540
715943
716023
716173
716331
716334
716372
716493
716579
716797
716967
717161
717186
717273
717282
717322
717652
717673
718199
718297
719032
719501
719564
719622
719642
719865
720014
720159
720206
720584
720717
720741
720866
721010
721641
722318
722631
723149
723193
723452
723649
723710
723990
724081
724198
724421
724632
724869
724916
725165
725419
726100
726140
726203
726317
726377
726494
726702
727135
727234
727264
727374
727876
728018
728261
728328
728380
728549
728609
729202
729335
729389
729645
729715
730158
730396
730642
730899
731244
731694
731973
732034
732089
732092
732171
732291
732694
732707
732796
733075
733170
733458
733503
733624
733696
733739
734138
734153
734243
734333
734625
734638
734654
734757
734923
735976
736505
736547
736768
736884
737124
737158
737307
737537
737607
737659
737689
738148
738157
738440
738824
738839
738844
738862
739276
739313
739421
739517
740175
740524
740607
740648
741018
741277
741380
741408
741806
741964
742013
742315
742883
743108
743112
743491
743670
743821
743852
743928
744340
744499
744807
744955
745318
745782
745923
746410
746438
746472
746546
746965
747434
748039
748136
748504
748718
748726
748800
748930
749348
749652
749703
749999
750216
750271
750329
750344
750349
750411
750411
750448
750790
750862
750882
750885
750887
751019
751108
751174
751403
751412
751871
752191
752505
752671
753015
753248
753463
753544
753749
753931
754000
754008
754078
754136
754140
754153
754165
754251
754257
754385
754739
755076
755087
755558
756298
756889
757245
758470
759172
759331
759534
759669
759687
759687
760050
760352
760471
760770
760811
760988
761110
761168
761224
761400
761523
761864
761892
761899
761924
762220
762325
762443
762479
762994
763088
763254
763284
763395
763509
763552
763953
764105
764381
764388
764933
765045
765148
765540
765679
765720
765831
765983
766119
766520
766567
766732
766859
766955
767113
767147
767317
768289
768416
768474
768510
768529
768558
768586
768853
769098
769439
769882
770289
770605
770617
770804
771581
771598
771626
771642
772067
772333
772403
772500
772648
773067
773192
773407
773570
773577
773692
773731
773814
774046
774185
774572
774631
774657
774662
774980
775423
775487
775787
776255
776361
776538
776608
777041
777114
777466
777549
777625
777651
778110
778374
778458
778580
778676
778684
778703
778801
778816
779434
779889
780091
780104
780495
780534
780671
780714
780854
781137
781269
781685
781686
781689
781856
782324
782911
783100
783219
783610
783802
783825
784054
784078
784096
784112
784135
784354
784390
784572
784643
784817
785061
785130
785363
785478
785481
785488
786002
786080
786129
786168
786416
786565
786574
786587
786720
787023
787144
787165
787353
787414
787589
788468
788710
788765
788774
788861
789120
789137
789168
789363
789582
789691
789722
789742
789934
790036
790485
790783
790981
791406
791957
792055
792122
792319
792713
793464
793526
793543
793844
793905
793976
794203
794205
794437
794510
794633
794872
794953
795000
795284
795817
795941
796300
796424
796660
796675
796827
797013
797206
797296
797346
797400
797460
797921
797986
798000
798286
798405
798623
799061
799342
799403
799827
799894
800345
801441
801715
801906
802507
803019
803501
803546
803630
803735
804325
804523
805106
805215
805311
805527
805580
805750
805874
805915
806039
806099
806249
806251
806274
806620
806701
806799
807205
807311
808040
808297
808714
809018
809042
809132
809171
809240
809536
810099
810237
810360
810744
810809
810883
810888
810943
811059
811209
811225
811409
811596
811756
811868
811886
812347
812676
812993
813200
813207
813223
813389
813426
813513
813540
813702
814257
814461
814651
814816
814953
815101
815245
815637
816143
816268
816405
816417
816533
816601
816653
816675
817134
817668
817796
818411
818490
819082
819112
819127
819274
819314
819376
819405
819552
819593
819695
819817
820037
820362
820561
820584
820977
821089
821105
821416
821441
821644
821848
822109
822161
822194
822220
822221
822494
822597
822730
822752
823215
823379
824372
824380
824858
825075
825779
826007
826188
826325
826490
826492
826570
826886
827455
827630
827824
827850
828003
828573
828832
829042
829117
829164
830133
830259
830324
830590
830611
830695
831002
831021
831022
831078
831247
831393
831417
831642
831794
832357
832509
832534
832668
833133
833331
833394
833697
833725
833995
834026
834553
834605
834882
835176
835191
835390
835707
835709
835998
836632
836650
836679
836944
837314
837398
837420
837584
837700
838248
838305
838619
838661
838667
838833
838945
839031
839178
839223
839243
840222
840223
840282
840308
840312
840405
840979
841156
841179
841199
841217
841752
842083
842253
842264
842720
842970
843474
843506
843568
843646
843879
844199
844380
844390
844598
845290
845443
846294
846377
846387
846430
846459
846725
847141
847278
847726
848145
848467
848865
849062
849149
849225
849441
849444
849577
849829
849851
849905
850242
850263
850630
850670
851715
851749
851957
851989
852116
852596
852754
853693
853730
854014
854059
854310
854364
854715
854826
855088
855096
855369
855465
855667
855838
855861
856149
856155
856159
856443
856925
857486
857593
857727
857750
857959
858093
858097
858414
858483
858603
858673
858753
858871
858924
858971
859021
859031
859070
859231
859348
859669
859708
859956
859970
860163
860377
860439
860454
860784
861393
861474
861538
861576
861733
862667
862719
862727
862787
862889
863099
863626
863661
863917
864373
864722
864962
865007
865158
865355
865588
865703
865858
866132
866572
866768
867030
867056
867139
867412
868032
868038
868094
868127
868150
868158
868289
868299
869117
869200
869532
869570
869758
869942
870014
870053
870152
870302
870428
870445
870859
870937
871064
871169
871260
871344
871610
871789
871828
871956
872084
872477
872749
872844
873271
873657
873784
873874
874189
874473
874481
874498
874748
874938
875042
875275
875319
875409
875487
875780
876518
876764
876952
877019
877209
877461
877958
878273
878483
878712
878770
878871
878928
879306
879316
879338
879474
879547
879659
880055
880073
880077
880163
880249
880875
881250
881359
881499
881718
882216
882252
882391
882861
882921
883205
883638
883818
883925
883998
884230
884360
884428
884462
884651
884965
885240
885295
885314
885403
885600
885680
885685
885963
886316
886485
887303
887367
887427
887629
887835
887848
888189
888444
888803
888982
889292
889524
889637
889668
889772
889885
890019
890049
890086
890275
890383
890466
890547
890549
890634
890819
890860
890889
891140
891317
891494
891530
891650
891780
891854
892485
892804
892807
893061
893665
893714
893714
894230
894521
895219
895362
895480
895919
896161
896250
896784
896854
897564
897931
897954
898549
898676
899001
899032
899102
899361
899362
899376
899493
899638
900167
900255
900350
900810
900846
900884
900970
901097
901130
901246
901390
901398
901548
901656
901730
902008
902075
902187
902338
902354
902746
903024
903256
903281
903521
903625
904144
904337
904361
904398
904533
904958
905477
905482
905895
906095
906366
906766
906770
906806
906822
906845
907299
907544
907613
907671
907783
908028
908039
909477
909621
910185
910287
910483
910699
910913
911133
911273
911369
911480
911915
912221
912566
912599
912628
912696
912978
913429
913457
913533
913625
913833
913864
914188
914508
914536
914829
915619
915984
916006
916047
916277
916318
916401
916553
916686
916726
916801
917274
917302
917362
917424
917428
917449
917750
917780
918000
918136
918155
918755
919272
919518
919833
919967
920183
920315
920432
920583
920915
921074
921381
921501
922141
922542
922595
922801
922920
923098
923256
923395
923535
923675
923968
924863
924918
925399
925415
925512
925560
926324
926722
926778
926986
927196
927564
927836
927894
927990
928463
929060
929434
929772
929836
929911
929947
930030
930169
930364
930650
930858
930876
931006
931035
931038
931200
931557
932080
932229
932522
932837
933012
933039
933135
933417
934224
934490
934760
935445
935615
935652
936543
936858
937017
937103
937231
937446
937489
937497
937708
937726
938310
938426
938877
938935
939105
939360
939804
939808
939879
940160
940252
940438
940809
941236
941533
941872
941889
941991
942039
942326
942420
942729
943079
943353
943423
943491
944216
944726
945062
945429
945677
945811
945978
946229
946230
946290
946580
946747
946773
946824
947247
947304
947873
948164
948294
948303
948670
948768
948963
949006
949468
949608
950074
950170
950381
951025
951331
951554
952121
952418
953076
953345
953618
953650
953683
953774
953980
953992
954150
954223
954315
955424
955436
955666
955754
955760
955814
955868
956064
956176
956500
957175
957425
958088
958579
958936
958986
959345
959551
959667
959694
959720
959835
959863
960135
960262
960629
961344
961478
961549
962400
962811
962816
963177
963437
963507
963533
964208
964245
964384
964916
965143
965258
965356
965372
965509
965882
965906
966147
966159
966225
966634
966871
967023
967125
967192
967554
967720
967877
968047
968121
968143
968149
968212
968286
968834
969145
969220
969277
969366
969499
969554
969684
969718
970204
970345
970351
970354
970472
970523
970996
971094
971291
971291
971550
971560
971712
972469
972592
972646
972649
972692
972917
972974
972986
973416
973555
973681
974299
974311
974432
974586
974751
974767
974793
975080
975311
975337
975461
976185
976199
976250
976365
976984
977246
977300
977705
978037
978340
978603
978651
978878
979625
980347
980550
980630
981855
981958
982007
982123
982442
982508
982612
982669
982926
983070
983188
983223
983418
983868
983953
984048
984453
984531
985330
985614
985727
986038
986067
986223
986296
986463
986512
986599
986707
986741
986778
986876
987236
987345
988265
988966
989266
989324
989415
989503
989912
990164
990223
990286
990941
991092
991431
991431
991444
991475
991917
992025
992580
992657
992686
992919
993125
993213
993326
993336
993686
994047
994158
994374
994784
994952
995627
995829
995891
996013
996239
996508
996531
996994
997059
997150
997282
997355
997363
998013
998060
998391
998778
998972
998986
999267
999394
999613
999616
999863
