307516
203627
388779
522659
621603
668137
243673
666477
101428
380006
805761
330919
260598
605817
766532
794520
8274
100915
43389
359141
519463
371053
186217
610159
344074
366843
549300
201754
547165
145085
330524
525097
791370
163731
346884
695045
409565
894512
96471
42717
630204
593352
815191
877863
659459
610915
617729
313476
870272
221715
776863
428737
467912
982146
603434
174009
709300
247397
477785
81369
377788
523021
627786
172028
526957
427932
315340
312500
962890
730964
807943
616618
575293
97675
144585
312989
503224
460027
112493
636038
399597
451958
604778
30300
752102
429558
842101
343539
645633
572114
5908
263360
263308
851405
484929
590519
60089
816329
176694
534549
741886
525273
926363
322170
45132
842612
701322
805230
872681
677445
7355
692868
367532
134174
631761
444828
204373
466957
150016
463170
487494
462215
971609
367795
902562
390145
530099
727040
529473
281182
77176
327052
815949
681091
562249
367919
386940
95686
350415
743997
565610
970308
676703
873825
722
681425
958409
502882
275816
6218
737598
614728
892502
689863
889819
899671
886738
44717
750998
647674
285849
612832
685764
230204
953738
199765
915844
933231
375841
177285
464844
231279
353550
662013
61710
357312
157233
224723
228998
456980
422197
969523
785507
945194
839686
186839
556495
59664
824176
549589
656285
778633
580246
594898
658766
25481
96587
598292
589312
13917
748496
113077
473140
228263
766379
806388
705146
279175
540768
162406
451835
747734
293071
708618
42467
720396
261353
792505
396905
80321
60112
595772
590012
537104
801547
285176
58635
330776
891554
945220
305
733916
143196
880283
505788
516554
695571
18797
39065
32025
400497
189776
513949
765323
400521
609172
944434
108114
886932
950195
38364
443983
308038
186471
908199
283573
397644
745814
109103
865548
156773
403497
580235
388114
90138
55034
104279
477436
492571
504363
209309
534938
170936
681620
968416
250008
943928
458516
873028
105376
236826
675593
300189
528029
843302
871450
308434
664475
927662
546353
290094
324042
275622
825862
106627
885794
88029
988183
381819
718432
271383
803124
22076
19118
244617
554998
516023
877280
565297
802256
418958
227867
893647
22589
186079
648208
255491
922073
505266
956198
117892
487116
768955
304054
555898
308129
205707
376176
247226
513012
246682
805338
386139
314058
107177
332985
972217
615739
210519
645576
940486
64266
202946
343525
727240
304789
228312
561995
632243
639783
607673
152250
695971
808043
687818
941875
99573
376764
152601
536223
953795
148695
240744
70480
982075
954290
621592
795935
926300
287078
874548
546739
170188
786375
865174
268259
593304
781780
736250
304627
399944
768778
809629
600827
196062
68819
819985
53734
23084
650716
710944
615381
100111
704836
309850
977379
754187
629871
620670
440708
39684
723899
337281
744710
974103
500618
997757
22202
436755
682814
462073
132332
981399
460356
717329
287437
476873
834566
49730
918002
835376
6724
335508
502325
852719
545277
156644
881785
393759
743623
616781
967948
164040
505342
686515
814949
848379
819289
278444
266316
254222
113496
719882
118361
757557
374170
603977
315092
276089
843531
221138
243771
970264
251578
930602
966883
986746
220296
656058
578038
980939
194428
125755
23963
764729
65844
538685
877619
895436
124854
965589
497662
657500
234469
405665
921630
748084
331151
235833
480500
928578
235043
294004
67623
640055
526784
389716
211395
306625
659944
238799
176381
843170
315475
982523
641621
970477
835360
708885
275156
133405
895910
274221
941365
648978
552041
307122
273568
596009
619689
658518
982417
735478
259476
483229
483927
261729
893147
240008
440633
535258
801185
402904
634803
712506
238544
775361
37150
726584
987206
898797
209005
994308
280173
949865
554067
998019
800937
608688
604867
787560
788074
489170
324111
333547
793761
992705
786994
237097
843982
100728
995881
838552
841592
193289
818043
316069
811702
787713
86426
852012
411435
399097
822626
269139
205391
756156
854910
927428
422631
908432
808682
659717
155607
234275
733522
297141
77262
928915
315929
854565
449183
246490
540279
367440
279664
743957
113018
945273
393995
705775
222573
650976
877586
678958
858134
888864
253647
291034
384344
368168
766633
560965
209145
257428
326323
629692
941054
322215
802271
710921
907571
381351
362512
370017
390087
337173
777933
788209
22355
745608
236241
899072
333179
912037
906623
990016
693805
407037
589938
487799
310599
393347
272883
630341
731733
298664
806916
391889
278840
930389
104729
660052
437666
440836
139622
31489
864509
705852
100115
427728
379755
599655
124365
335974
758696
76177
315894
471907
922508
30911
621436
124615
441965
416682
926151
423681
148130
54551
758092
671254
268450
983956
164287
216811
453770
547665
223077
921839
232381
324824
936455
91687
608870
181610
772355
137623
675993
210616
826108
239562
409111
223355
776433
986175
674160
21168
691563
281968
621059
951795
301072
753087
46433
106487
319061
592192
961808
829856
852561
583709
193771
270077
515692
885546
956839
735845
895990
766790
99440
569837
119316
292202
339761
435011
464917
968401
810803
388714
222114
49668
774557
443026
924820
977025
631129
848979
855136
726087
722583
555846
576685
109889
572907
96448
745479
678924
804050
314412
970795
789735
914322
158596
311746
665718
652031
858220
577067
900723
564249
72555
30961
572594
580563
115782
932060
551311
223535
925115
696291
680118
865476
750423
755391
750350
382498
207412
368346
452355
628428
385747
317926
920174
782500
169553
295883
341348
685860
827529
908664
729624
700616
239815
935707
489069
770954
651172
182251
454684
218629
159363
833890
755775
783163
582886
598537
947704
615730
762158
678827
612032
300665
418669
743467
472720
694856
135466
111858
685157
953733
274672
379136
66932
430563
322259
164
696490
516837
988480
62662
684062
734401
758912
624290
628758
990687
523977
744143
444787
89536
181889
92605
720058
99388
641360
87422
680191
494115
759776
737147
938160
295173
699316
209223
1275
526030
653538
682704
300509
796809
790382
952625
753352
498501
174533
826405
594161
298261
529747
889175
591731
852016
95297
825877
454307
220793
586318
809762
904049
462682
108937
225706
524663
699529
939560
54800
692513
519213
900169
580196
468538
319897
695874
981296
472655
56374
56358
539505
475009
817600
674071
378211
888685
575719
497731
590261
16496
779285
581373
420764
257753
233679
868664
945284
58415
800501
163874
453152
392859
791011
60763
796770
733172
751930
259344
16967
847781
435129
249528
881162
27197
347396
742699
877368
662611
744007
316826
201699
508244
433396
510319
13808
541483
512296
543682
549708
585227
718827
924404
741755
669212
159958
324396
908177
618175
463887
775468
211513
456384
776048
630031
532722
524119
625031
792289
71514
45147
627062
126427
655843
500612
568121
166777
675170
73435
54919
237754
49350
941632
511314
268212
838565
84888
844265
366417
616370
812497
165437
822954
161931
362643
128513
751486
959535
935812
441066
154638
897677
986424
632726
299673
960823
989876
873609
361327
414517
28701
811410
730036
296438
128002
484364
426228
494818
984451
989760
568797
934283
568732
929640
46941
110657
959505
343374
397529
211268
124280
38227
889543
252692
86302
479692
892136
527717
481367
127431
974693
521455
413094
455979
360645
241505
470660
630205
625545
794869
352401
472831
161573
609887
780436
135539
274715
828383
414897
742205
461492
717110
796838
20326
264606
302453
592385
647421
447773
63664
74018
504024
862319
410066
159016
146616
983617
899018
445627
378570
479431
808419
774966
949130
321532
47730
120367
965442
870070
921192
45476
787889
313444
144711
861187
447559
552872
814450
84630
197451
822347
989981
123913
793375
770401
922211
987097
993244
376250
986038
905819
987415
435266
391664
893990
464709
708342
437064
472031
558459
355587
500065
778015
949325
298301
352125
87555
892696
504568
928399
294031
904156
224007
264814
326783
859457
456143
118821
95532
303482
166791
204647
740952
765447
800206
559072
996630
378324
310760
475558
905816
882239
306262
111182
956567
181943
852114
919836
656217
330816
522212
564626
738722
724179
140516
312553
59385
7905
982989
497246
393173
249720
734841
779171
104421
450047
890174
683958
613497
944283
442853
266895
432080
744628
543748
61299
884414
118674
847543
161318
12090
375457
509823
303229
912386
91667
869174
906833
492651
397220
56558
180240
978568
470393
146470
88109
7478
416994
272936
171576
285315
141054
886786
199496
815161
7166
569247
134740
679114
262274
263169
295457
153753
897375
72669
351958
322787
486786
195026
29483
931016
137198
117319
178176
966522
321505
931233
99914
513089
947477
487327
444648
723560
160418
251026
646291
582599
422144
297019
509236
764206
469866
892675
97488
131435
957023
711249
952158
49913
960834
991884
232122
636101
685602
539373
910322
436701
62355
639167
387133
748024
908667
471030
917771
270428
11561
991465
96566
742448
187871
510190
161496
223070
955184
214353
130040
561188
635972
914864
324380
154232
803833
422582
104514
163990
95588
906098
413801
402727
527989
461715
362634
63695
73337
78979
284260
687379
80056
98908
559797
81318
611134
133515
987972
338511
517623
751424
99867
831672
731123
314831
830035
153621
685066
676518
983943
735918
979609
653547
844330
1419
964778
861554
774069
47932
205874
499608
340921
243010
89203
514879
499666
719581
553282
261158
931708
961779
354403
821603
147519
810778
249744
253632
829318
801346
132313
888176
516622
220674
873125
980012
566522
349693
607446
684591
707843
521969
852747
23370
543500
645852
983551
115684
974675
730955
885390
1426
758979
34624
1432
999503
877159
728511
316350
733848
369658
965429
607946
331303
845658
568646
765739
352265
666778
359985
99101
633694
498486
68258
866663
160045
165474
760149
861950
555617
759867
470177
276103
462053
292959
522537
988090
131799
704856
141466
945826
462891
766643
776353
283456
473951
167407
792173
999439
277974
859537
903196
169059
551636
631189
27141
700587
493845
671166
650209
734677
31242
256910
612246
988560
683249
493394
886561
71661
32527
528789
426400
64863
761165
721141
876154
280033
407277
365330
44716
497783
962215
12322
930160
924748
255076
451617
860811
919098
50838
143142
989492
911849
519282
450705
736220
42702
194955
346145
548063
571221
763852
266978
518917
595866
435218
459715
1268
960400
324516
143045
148214
715012
459088
998736
842531
663036
824931
32416
698731
348793
273348
956636
732866
601436
935597
425415
202344
837605
972807
49679
892052
444694
47906
69763
599484
174710
710542
960290
117700
464689
635352
620430
284672
432477
642020
588512
403944
713879
898724
650773
603159
674956
55730
606373
88192
720340
636944
155956
90094
73784
469241
658594
747125
916308
715043
948861
475514
832855
416788
135702
791836
101352
97758
461617
586878
242275
603769
829014
384243
639873
968379
135236
48836
546454
936182
100549
914592
398707
7342
277149
815073
848107
690485
958684
338551
330867
413989
244691
525235
607651
428858
102499
826162
14809
970762
433328
311588
590781
907809
300277
678584
762462
196349
594674
671846
28795
702755
88960
321944
664606
772764
546564
519414
368803
832335
249986
365132
525719
809340
765001
239515
371708
713234
473036
516153
257192
282798
76881
624421
731404
818482
377858
225003
847826
622717
245409
199920
761632
835276
656409
631643
436410
465837
932207
428448
810372
732891
943128
451114
429540
910139
859875
423589
590470
662898
634711
590309
587769
55585
261463
320054
368055
317118
49090
978625
570370
439696
973336
135575
399017
779718
170389
153053
15658
651573
295778
529940
435761
662061
965537
623748
793279
598390
815206
865925
913318
168300
52486
353130
709168
192628
302023
121418
724192
195034
573622
4460
332112
787913
961496
104334
688697
509414
924856
353938
469393
623241
733471
866758
342095
797208
144482
394831
17098
223234
371861
248753
209215
780693
205726
642044
231281
355965
605604
45015
753515
252634
148325
143202
179809
907516
248871
53899
317813
533182
256518
166703
676501
55484
446956
955882
342849
551922
752799
286141
691242
715186
374005
74779
756022
193281
933858
725648
6560
442127
653362
247118
874365
222546
96338
57238
241497
458238
642056
503935
593856
510435
588035
335782
936472
578530
951756
402611
55340
623629
966044
762627
167491
27675
379592
253815
586927
396484
383640
695769
840162
980927
256309
452454
133177
831574
413312
522620
580893
194274
172607
744929
663103
542121
747506
351789
954752
727888
103236
222870
157363
796222
776669
387478
877242
451472
367316
672891
859724
20210
430658
251786
407961
296992
466866
863761
669636
455866
419572
715720
185679
160957
358224
440483
629717
937828
378392
492215
521328
945946
41751
680838
783739
75994
8933
286825
712881
772773
52892
557081
383220
382943
702437
946073
65770
45063
862252
719236
865602
947601
736754
876655
406356
442466
591360
342202
859495
626023
76665
801720
140748
279187
20809
30904
222823
549875
470714
189168
574029
336879
621925
166661
264585
858655
43077
468858
95353
377223
967335
749106
410198
636657
821309
287523
365457
816870
200850
375321
471704
589512
520281
309796
780535
839887
572638
95072
974940
544286
107934
519711
75187
406465
784690
932149
583024
721605
95845
99871
514603
647412
983911
731024
179492
954732
469659
692826
529896
413147
706379
255158
564621
9434
71163
220720
374807
865314
556763
842801
405117
22639
877653
454954
385541
7216
567623
343899
347916
505191
327307
526461
971682
198819
241201
657170
672594
169048
200334
34695
57471
439064
360429
507010
792681
303664
558820
628302
929935
926945
127746
388064
175983
832506
107429
934086
615721
2639
459432
665131
319745
740567
169401
148617
301443
106791
403720
287595
622081
385671
254939
695710
470008
845614
137790
49588
481105
422816
249048
431860
516227
900704
487834
276257
627797
27922
958864
761445
500225
590834
359321
693850
599157
242027
119412
685046
551347
168149
949424
864336
513687
15246
861638
474771
518905
866099
241474
698238
190248
687804
26971
678869
181783
54514
107812
351848
134868
786637
90011
214845
110451
677614
847135
53852
373129
772149
925183
560504
120596
133440
856174
826229
731256
24705
182866
5146
311908
335163
409019
133589
784723
590681
503537
592485
366831
413227
249126
883176
794640
755326
193034
65089
699873
187926
739261
730853
69540
188298
211872
718083
983244
898172
74821
520974
192711
331252
74628
101800
312159
169881
316975
404460
435894
882315
630685
607512
756591
77343
372451
202581
125868
924344
410593
683109
325105
508351
515512
6888
283303
99710
292057
958027
508157
806174
210617
499662
94953
753403
850144
903727
369548
49057
785761
347128
259956
525222
592804
444066
634619
15332
494687
734501
99468
610320
78435
140061
337478
96828
933651
705242
790777
391461
319279
668804
781197
395578
474894
841257
149761
169706
51306
429221
885969
548904
468245
473453
627762
482302
174154
353208
543863
293387
752542
408074
211157
321115
732246
329630
879427
674401
96658
349999
590459
840787
624934
502947
106014
453154
877769
994133
863220
365333
191782
89661
267601
215297
18576
422526
920915
272615
533395
818508
546311
615274
45349
490424
272299
826731
571516
985178
120590
67843
256697
87066
162772
985820
464001
510554
7062
700588
723821
712964
953318
890127
860759
936363
641904
125121
97557
266720
214331
461173
839618
880532
855759
463124
400823
902565
373361
530837
220377
915335
982346
601589
908300
101584
174374
701140
395078
217567
313111
501676
217982
930922
98490
251694
929154
415011
410705
580411
923688
381255
986831
948475
897245
564419
487411
966558
256537
276099
565580
15533
298291
519960
249243
173260
265424
116932
532373
25742
650999
645349
808391
750517
505216
243581
53268
54532
83755
918554
355418
29955
660750
233574
823603
514191
17958
283213
247895
987227
144205
172422
519007
632007
353100
426433
521700
911195
445960
102699
784966
599712
980249
758689
127753
551707
271352
942574
964057
441511
561942
265922
323630
287214
351049
670834
597642
291395
979617
893350
323872
735455
191577
428260
193103
970103
185706
667958
555595
933814
621881
482489
290205
902364
609776
855109
343360
761395
261353
46516
986604
612201
469063
593681
337009
426639
619807
741663
610361
593069
264916
758595
145648
216767
543489
180047
320191
471888
438990
269611
573939
789106
262373
1634
509181
131799
162239
931654
638802
869392
875096
816257
816179
480031
41665
9978
829639
976314
56020
819808
178467
923871
772545
982486
914796
792270
182279
629115
254292
989544
62015
376405
867328
381474
957074
611097
773002
885926
178315
992985
543906
480518
713287
496330
323215
20765
395273
275889
725908
338052
200938
425578
343533
24046
389870
34773
857720
889057
987505
740445
476209
454546
103872
985318
817430
193179
750532
109395
755945
452187
77080
722481
675220
882282
135484
828163
683430
759799
636259
765418
714235
405697
376551
349169
380667
98606
456349
644467
110521
987979
874882
943849
751419
974817
415508
441364
340057
411376
573117
186243
69566
349707
237802
709122
782476
662735
800955
338527
646108
787265
203539
773018
393058
992643
56270
308264
946223
398771
702930
54180
911569
146977
43710
154259
878805
977770
550400
250194
169517
415158
732227
707870
850412
61898
552517
553728
457325
832906
287046
46931
649684
657231
730972
943155
579948
392161
912100
652804
90032
250321
49491
90140
458085
801782
434346
729038
772068
461186
220360
171092
595254
619135
434521
51224
664920
54188
969196
916511
926045
64814
10531
202963
271731
683893
466627
687659
427581
361388
763755
858745
357600
270684
296482
77135
874202
232990
712393
842511
66572
93755
335727
881230
7064
127970
950211
65380
211685
851396
734628
25747
471807
466768
455381
573394
977180
89158
500172
855925
284601
74618
393577
232506
756835
516584
707332
405618
522898
696046
364831
797514
928048
5226
600699
116533
859895
910960
710278
81848
20792
498344
915313
193169
777399
343427
23648
373701
4724
612632
96187
589125
363333
180127
328802
855356
847454
402184
66813
721719
945779
250297
100849
721458
99316
40675
372910
481915
94391
140416
45733
584773
336052
112811
683479
45196
479273
107611
258185
520415
296734
940285
933716
583887
86979
662765
587736
222130
113141
515090
597457
605908
917791
152851
553921
166716
83453
442746
300173
443798
813500
82787
506980
864642
477950
174560
979226
571576
772857
660525
270227
626005
18303
144587
288218
703495
825432
875515
844241
152594
587211
719192
737475
325500
456828
664081
452117
644571
368751
743298
934044
704569
963882
702639
694408
11745
102073
4828
806973
209993
65675
923724
309890
929051
21690
328852
250578
129378
728808
958554
523408
397133
179268
606319
940248
722979
202988
770759
671409
30788
84461
984913
571486
792024
404198
721271
120020
696918
611210
14580
391685
715379
230787
323148
835866
770725
416244
962925
372160
180242
47703
263776
799194
933338
739014
267436
688148
112766
301781
255431
11927
2859
600219
602746
458904
769127
200210
518992
260172
808407
626452
110522
132918
196010
908037
326786
15456
104678
698192
292266
248808
671501
453066
813985
588657
538667
821042
961697
175099
764735
755098
912360
86157
636292
876383
283408
420495
518490
568403
426637
24884
555862
259132
869891
320532
836195
889270
196034
305559
618643
404147
340255
596301
556806
326435
185776
448155
603061
284910
457891
621713
396188
145310
880763
315606
810562
986970
255273
718148
369190
981005
795331
869201
717895
212838
258531
66466
400208
133112
12703
431300
758623
259073
278240
879221
528113
246023
943457
433436
86828
498078
469958
193753
446791
441607
739094
39415
61530
360819
268375
819326
847358
788709
553605
419237
454880
718965
830318
612645
710247
249264
83245
412905
913855
495133
676224
685986
381506
214234
13001
345334
300227
341413
183134
716696
551286
81336
200269
313203
727167
999115
5743
461887
416277
135613
26407
223927
781651
949517
371768
854945
618203
710466
36864
219148
53415
50539
637653
369880
472366
662785
607035
455727
795631
464744
710655
346450
958684
198996
535218
721742
317734
221833
471749
143245
725793
424570
692414
956040
56404
99923
413525
210586
369696
435858
882605
109296
490890
4688
814834
854493
772775
231966
540811
102730
114083
246858
419068
68874
796398
130241
146460
398220
819523
128910
942701
292010
785813
460289
235933
353374
678553
47211
383256
603476
429227
683781
178568
797850
35294
344240
373866
123379
83683
811159
197326
380620
644436
940144
20587
769926
953822
998114
386332
188146
935625
655745
57979
27482
263590
659188
86169
962044
253716
129144
43671
21906
279342
315965
192803
438604
917204
514542
840211
586720
914709
353486
236247
502775
787830
134142
50398
487432
556129
123355
427144
307266
776621
506948
146371
503523
770502
518777
120261
750758
516729
531422
22884
514329
66463
273055
241749
104460
937635
720239
795647
452325
355185
402665
115515
939217
234748
920087
660075
266197
992108
582352
441396
791299
292067
906427
921881
774855
978283
88370
435445
10849
140030
312195
113556
724781
351536
552336
791407
380894
973885
592982
553987
489993
809067
426698
807693
96349
678235
276255
697828
776497
499506
458341
801202
406966
446238
938315
414736
345867
535432
699333
899454
447408
430869
420168
827900
611666
609239
331378
612167
840708
289878
673735
590067
349263
139319
961879
198178
320352
959815
637947
752030
437792
337127
789310
202265
289441
905747
671512
75646
307251
264016
245716
24755
850519
783090
997204
139694
379147
348359
44843
402033
534340
7268
552
111011
786874
545354
916466
808972
540893
233332
851791
350765
305829
30783
241855
708922
753671
922358
776965
344181
507971
927737
724421
784553
761370
599498
609096
285951
304477
46133
705309
430784
590369
28185
805275
217255
931279
595222
201025
269730
9560
110549
183870
157349
628485
656942
998092
592939
505068
22011
510326
325003
831422
509303
162235
268979
718462
419729
277195
566275
326988
638355
660910
430536
151712
635114
184900
722195
358738
310993
100199
918133
456597
726558
646764
387290
452420
200233
786761
871360
253012
660117
638288
797394
121386
575420
31321
152229
145862
584123
856446
554702
787740
307095
982528
311005
389315
411594
783752
692411
402695
925230
454791
311068
564377
852357
92990
123104
447526
530402
160090
990924
207364
715768
377463
496159
114057
889470
18885
130708
592630
521339
312392
760180
676113
856883
934969
572117
531408
938158
679242
515698
78513
305121
36231
767016
539047
927228
463832
948683
429358
387727
980259
178851
428735
403162
48014
660422
52576
955183
540002
106707
294163
604678
893643
797640
896238
486621
704833
421194
292746
598575
755086
855957
465950
247690
851951
580675
72888
837277
416110
935841
955171
569864
5594
512714
185453
837946
853787
307634
579077
931667
375799
117408
697551
490731
458656
524024
437384
155180
707575
893878
810001
920794
497953
47031
686810
17588
478212
640881
92844
631346
282975
51011
471698
588333
548548
225959
556773
929310
601458
647876
331187
710142
494355
148129
653196
119373
292686
214835
650408
623791
558154
427415
743160
428016
458433
943451
781063
536104
299708
340598
35277
639226
262000
799384
530449
88694
865845
508956
114103
440734
618847
581787
318893
960454
248891
727450
568942
975637
87912
503651
948146
124840
801295
998129
955890
391061
705728
183940
583515
765836
785514
109909
963151
670746
344951
303716
770898
332999
522050
718061
275287
993504
602422
767609
499304
534479
240132
744912
994732
66470
895360
223179
898456
528762
738841
693704
196597
567788
14899
354808
428809
533827
622499
488018
65829
607413
220614
415274
772234
689989
325822
463132
188793
479494
546634
76514
500950
54141
536193
282694
412536
575652
403563
879857
947152
154443
55676
178209
500787
659737
359918
238585
846533
692081
279994
128946
428868
482032
299762
754671
922478
422226
832062
553647
740560
969012
459569
723804
984045
468468
554951
1000000
55559
190644
405565
664151
750028
494206
48333
136511
332512
8513
127301
328652
829315
695930
903491
418296
981791
939182
317839
676151
521521
424659
376149
122153
236241
271439
251837
406185
411935
350360
401065
901314
678220
648506
583755
836994
577026
564919
485536
832358
664561
717768
308492
606388
350328
799938
788627
893864
267564
367444
995569
995270
663687
950765
872664
339854
344048
250234
540548
670606
524642
132749
530300
844817
600508
242713
870694
364981
595750
732058
875207
580443
797722
786001
125399
388087
322966
704365
798653
728263
873693
765317
760940
352608
517732
224706
342425
178723
33120
176282
561112
256463
511017
313399
254034
951024
539595
679862
160485
800886
612650
290698
428824
684960
275407
377537
405754
597911
875347
688351
878550
48087
619622
860646
659924
242760
386365
622839
458735
478315
805206
384658
994126
702064
530153
402874
636482
202532
944749
250100
628827
478343
791683
872301
915879
37435
962499
104315
555144
12505
165090
357180
349105
249694
405757
512795
746813
679363
65092
126769
436396
411946
569029
2439
481850
695540
480468
390202
813853
9391
86805
863800
305500
500909
281574
771942
797447
468464
23339
831396
213463
997057
312695
745448
461154
700576
916883
623047
114234
41749
627759
927506
5348
290277
95395
430877
379888
17056
372768
468059
542714
383831
938359
532773
353659
947180
820549
905113
151756
824129
965819
525983
24377
180306
973318
681479
148030
437343
372767
622094
435489
459521
831537
301184
563563
280606
245793
898615
943748
545592
245311
824705
235690
662367
70153
37856
19790
452039
184278
299434
362507
927156
780838
211921
121923
71954
157955
344125
587224
700257
165843
400341
244676
607693
530365
86813
545366
463579
749046
252922
554378
824320
519335
630032
324483
320908
756413
622796
872231
971267
709388
797693
246359
550156
566113
385949
82954
782531
947747
629870
927557
13417
644196
135424
81977
359867
805962
17359
518072
354656
816852
952777
927637
337723
347531
539308
463064
755489
965576
939918
194011
405924
758300
615927
779653
339022
179935
539432
825632
973098
72152
326783
792856
683260
618118
209714
958482
786576
943753
5689
748774
566767
111152
587400
493563
183791
82848
70906
90878
737762
239837
407625
500735
893742
932600
178234
329704
428285
477397
658198
293914
489162
478360
451602
500197
130140
561004
574096
169828
756944
257199
480062
212019
199374
812029
309212
497935
72414
93080
305500
483400
352467
878321
917794
23461
25701
973013
937451
550740
744989
576567
409610
669836
355241
601046
942732
120065
769039
213707
103613
396675
172926
142577
478276
583988
721536
357553
596009
535268
169805
728488
8311
450123
93305
976376
824189
571362
729612
473320
276334
137246
618994
59961
660584
339082
773769
688774
65426
54847
788760
105238
883038
801155
388640
563906
987566
546748
548682
316861
91090
640591
334527
667909
236336
585306
309975
866597
960637
359370
529833
84644
460007
889113
147201
434894
264597
900711
66415
379804
107462
171828
349436
124098
549718
148536
262264
768342
846943
628063
760559
600
190844
878052
519674
450594
623337
813321
9841
317869
293062
928176
892222
82749
767034
19738
733389
849258
663284
413817
587039
269133
787021
840051
227582
5955
533642
121078
876683
849953
26109
867634
382067
73780
710282
37368
795584
706675
280647
290541
461707
652484
117629
316650
174159
7463
57292
357684
29146
66179
306091
237395
609757
241291
532812
5329
912162
871949
420189
206160
892700
707479
466795
18888
321626
651270
845089
147229
473302
769580
441135
667225
507050
203037
539910
875659
496290
599702
34815
307643
886892
406667
335451
9032
705004
310732
378277
267233
115500
683347
144692
998620
603697
588844
718925
577206
905129
35969
80805
260072
652352
987073
39107
804066
902289
621997
787588
399718
670265
876031
496504
25092
328456
205879
24618
347630
992593
162563
760766
863415
218849
132362
695218
920748
557452
323989
171911
892751
132834
783002
627449
570156
679937
218023
131497
168859
655940
981991
451356
867345
728089
886356
243100
128226
42097
753722
611836
596823
529936
848036
516537
786727
681860
645541
908796
94870
493874
464580
629820
913511
368332
210373
605057
188543
838238
773072
353091
818648
11272
343233
944881
917470
376646
674571
943309
878314
731563
494345
854452
259736
446445
16867
100860
260615
321305
176153
161398
764396
686375
595695
965330
725523
364904
268341
303714
284084
910428
828466
49527
545646
5600
980845
540135
581730
537476
955031
791025
511791
222523
415640
913975
637957
278507
402420
651113
281896
651813
141850
987843
351107
697262
201545
986732
756006
240316
953375
710847
463070
171004
898240
477031
608624
929808
275551
72740
720114
909847
991980
919466
622533
290212
861146
444712
998322
50640
327372
307686
587232
965034
765787
340743
962799
634893
572358
129006
512053
239947
368247
629373
867731
542277
328622
778041
46323
560732
518988
59145
32608
619074
96702
222877
950593
179050
15620
176876
525683
524510
396829
181653
203330
85294
817745
132199
766084
595910
298011
678076
145747
382937
71984
579456
676901
855034
687280
409104
641738
293769
29544
712765
3137
724618
909378
516911
966390
39697
747594
572454
287132
226842
826397
325532
871779
863669
987632
512647
547926
772766
286458
819130
202005
543850
977855
676651
260138
595486
338299
442767
566537
466586
764583
757474
321384
976947
331370
910339
730553
345502
707359
426491
400449
96135
859583
605534
606678
701377
109931
301642
240441
713625
467033
799884
414861
868291
926744
908131
119540
403574
330241
739996
931077
550355
948860
656412
753259
885120
111404
646268
614621
389908
716536
155598
926581
522731
369207
773118
94192
942424
889719
286612
216193
731194
404074
401558
268242
42279
939374
385291
648536
508486
953592
512922
276177
662905
526364
154512
456541
582199
245691
154688
748342
697847
445769
31876
253774
360520
64505
888994
192196
811902
643144
608139
997698
947590
144483
426685
317749
960987
692982
896327
645674
366481
643987
339884
323330
400335
948474
203617
745170
870554
901131
25457
811481
936332
900357
5953
238430
913763
784122
331949
337254
223541
474065
496848
639311
618945
459255
658147
433548
734881
513316
82365
96318
850397
587526
407288
150315
408793
818252
684980
913181
679470
185168
708981
133977
484309
161313
991784
484795
928255
41964
840003
18987
453059
432455
162249
170494
318063
802587
253293
549547
193343
205547
233678
192999
477932
122821
883617
690656
340123
387395
128813
827411
186294
53182
620975
75211
658328
418001
420445
217847
910434
560837
521928
194470
360619
141662
935066
129697
658452
763073
511167
333669
529465
400512
872993
172731
871491
812420
422155
691190
580378
392982
616751
677961
284472
866314
40323
744322
375449
805256
477701
876775
163406
993528
384735
220971
577201
956489
208679
610573
876403
68959
754685
619150
573137
609047
893463
425677
158693
409080
795866
411712
878553
263223
165022
79185
329590
184934
378324
966931
406554
48443
290436
719903
471048
860601
896942
728719
913050
459325
503250
78678
660113
765351
487820
83963
205325
20579
901975
871728
539032
458707
693682
266387
551964
630299
937695
615872
617845
794312
659272
109265
419745
298526
796861
281011
113492
479420
551448
593766
442601
134254
328962
536977
196594
298319
118670
495039
884272
813593
313347
993978
438366
700043
583543
821698
337128
761269
777110
419818
207929
318755
470530
665040
359410
873188
951124
320759
948918
77174
464193
236419
909602
797455
753689
978192
785754
836362
572008
716974
829246
243053
937279
401725
731452
231827
867661
121698
202816
230650
629798
675235
442630
133355
640294
183397
419151
737026
775215
916927
310385
91353
456077
52474
579785
689237
253435
735015
639565
531468
467711
834589
185404
403218
479728
886862
134070
927647
457368
984261
808616
641886
805940
507391
846559
413268
770392
410531
383102
756971
549039
795038
197899
39771
687008
268127
995491
387764
718157
600812
830158
886730
25141
974560
558765
989437
922553
460738
532368
69219
738300
428418
474724
394261
683363
512658
690889
898835
627580
419550
142850
213141
978618
765098
442118
996271
224158
862279
308659
835359
289394
397234
939362
743414
180592
855369
401493
931553
366655
466155
579917
325460
922461
334314
699129
629522
81560
24623
515976
314586
808118
306859
99103
183025
51508
267894
326822
766793
711403
265350
286845
186507
771535
697869
275405
276486
463378
421870
767289
575347
786086
735262
781042
400932
757919
554388
767786
773001
694710
21612
124768
53151
711786
393118
510042
181110
255872
609173
830193
703837
554732
903471
93830
350188
489352
64208
307410
576877
405121
789923
949787
23015
696593
142702
612931
997385
690790
740817
944891
58224
776482
384731
246676
447637
501756
572489
502390
991958
937731
336092
579561
25055
12611
322966
645137
223093
170112
986704
248823
791263
387551
628475
7426
668849
735140
884529
977412
411958
868502
304055
658032
358585
654911
182866
639530
407024
112272
617410
963767
504006
734433
236128
974035
933764
449493
709263
254498
133531
722908
272738
793214
364944
474450
564298
171311
410308
186564
537914
913528
161055
529939
891417
296142
904409
211634
824547
698468
25572
889354
598941
901537
540601
982780
27315
184115
243582
428870
18799
371581
172433
107967
106968
449964
293172
100348
926053
525095
923477
388501
846620
188837
979256
785922
62156
551384
758019
158494
302179
182791
71590
795662
328045
460921
240805
203387
670954
188365
190531
551226
923594
577959
440716
103181
656711
97733
540992
292419
445599
215023
777431
83450
450797
315021
458357
851973
548003
308434
272300
598632
754086
867990
548328
633920
396102
180674
568251
108736
728473
138021
880070
549782
983283
739747
412672
127916
833347
719564
889766
363594
364045
899275
514879
230872
564543
180597
126859
573313
677491
659457
274568
97524
118912
348439
552480
965316
170941
71553
722610
236527
151444
405822
790779
98428
564414
287669
633953
414973
467936
675911
984924
458996
495042
178429
88065
119250
826728
885920
522412
369435
287631
335656
684874
489445
107845
248908
688449
948350
457509
932344
195452
8621
305070
315613
76502
8273
954496
850018
470178
370663
773682
741048
875797
639015
241874
265227
711889
36301
517818
515412
802830
150773
413835
395339
925031
95775
818249
521338
361983
389011
630419
259757
212366
898910
588349
654278
728908
521914
256012
333165
804600
184907
288013
775524
658565
397446
440978
217208
686754
271852
433610
46675
899108
975092
434492
812207
762067
744135
567008
797605
80526
325861
882074
141155
499355
190309
287700
380796
218383
578073
89654
969434
237334
178512
872581
482126
160352
69109
773717
310536
56873
97108
674028
491170
559842
192317
542837
156630
327937
330177
914333
245776
51170
146585
491726
708447
239256
644454
380102
470469
929941
592212
815891
230765
717297
367767
356397
895996
210074
286999
455536
525760
787353
43880
539764
844741
3069
8946
59019
438790
769894
369520
521750
867905
948847
304852
595652
