613625
702240
473381
241167
337686
240793
269555
20513
22866
987950
43031
832078
886184
441850
571436
637962
742478
4137
313960
84456
743906
44824
342235
147913
64178
211288
195332
761839
584488
613586
377168
302383
203216
734404
380336
713157
388680
853929
797781
382337
32323
140919
224203
653920
32633
612866
795567
176310
17967
605630
646479
988358
984542
527970
979612
73460
929091
898279
126926
282065
982403
242095
981781
51990
416824
323843
803447
887532
12508
215093
983563
496872
975440
383588
666256
128596
665354
652638
242474
541800
578778
258784
274619
985560
987095
631800
253018
314247
783274
110860
700083
795033
342902
630899
326779
160678
768611
674497
920845
911882
778630
222944
786150
307417
761518
922521
898426
383920
268814
936050
799985
655591
151426
383474
955137
224034
13760
606208
308776
939335
960732
143978
584263
276617
902583
496705
128918
28323
575109
911328
398920
518177
700730
471502
735420
270808
274769
569721
396828
792054
475513
301347
978838
274420
893276
868249
315509
376936
260428
81629
726491
854838
618508
830949
255709
16935
267769
753660
641659
902482
180948
905095
305978
396854
211309
999074
78944
35882
389164
317737
902668
648683
276543
265619
608239
155093
837212
84664
637355
670317
169393
632755
114630
762970
186480
300386
855819
948852
506224
117642
658941
737397
185282
329944
779193
509837
735057
749378
741735
569489
63156
99404
605596
873747
786196
420647
776080
43469
77109
717940
649591
596790
735011
56166
931838
472247
349689
854084
72995
189111
892753
663694
699953
486802
763587
604471
350167
345961
904092
937617
29796
700819
805149
801095
744738
926514
47724
456579
500940
190176
435932
508592
851116
599111
60500
194905
348117
980560
108830
2032
313082
279155
919694
947627
633066
925165
990157
549257
794857
278864
953729
481587
499180
662324
637082
624125
878640
356683
556668
980427
550647
494610
489092
941201
843232
472420
547961
58738
299042
974825
20433
520266
122213
416555
895901
244295
62525
386377
674194
895154
223875
703748
145652
952204
666962
401782
624992
405331
605595
537123
596407
60516
927206
273768
103139
909562
675237
736400
470343
360532
30774
972678
449799
116789
669302
706276
908720
448133
990781
194409
294726
606165
377017
276618
953385
974592
887722
570847
776867
998380
665463
999934
905745
820464
47340
175717
297003
583696
781521
209744
242033
897379
452584
978859
970931
316566
644482
467938
243645
763337
727230
880596
932766
340503
863839
63205
242452
181299
490185
252018
925718
646957
164824
986848
707774
889940
523997
234254
69520
96630
866422
70889
907883
413251
333001
750941
877322
307408
184477
530216
748727
383351
785173
511115
720526
987867
771977
175899
729194
263241
144770
714932
692526
222458
445266
602956
939954
937653
323342
421029
33159
622353
831530
121052
978025
208280
950639
997983
741632
553991
632155
64892
689363
345523
378005
480980
451402
148677
803275
869422
852510
827494
524010
41896
721823
551670
911481
184776
8993
61109
326482
18736
693892
953412
683455
566256
932063
909446
6893
384758
151625
307361
872079
22496
417027
276961
387282
320114
961733
787643
548728
608163
636835
516334
612116
815442
677020
223429
116961
722582
583424
193210
332094
942706
275643
436980
98506
838119
69057
660849
476952
821732
429592
431615
565647
976793
208253
446373
930017
514985
902260
345630
454758
559550
673711
449477
856468
544310
893914
321740
776797
562491
9089
849254
980133
334512
387103
312453
837023
711623
510532
286077
788099
495215
109793
740552
413166
54507
237683
674403
463253
760574
215946
378709
477351
189890
807158
247695
451903
282264
277581
637871
907267
130106
278682
439839
181852
554925
233125
603738
781906
265426
65627
772047
387267
379482
333978
938909
217407
470105
786779
582655
36931
260596
907389
335361
198608
57333
970346
608560
499624
887229
955560
5137
154149
482969
977022
989575
307382
645101
504960
700504
990326
557388
183866
626825
603178
874602
37621
138981
588567
465961
717416
537693
371454
72527
682110
279113
860086
419865
948096
849100
749860
473256
141728
334678
502552
270106
492961
356292
494087
507252
913189
108578
238817
436987
966293
238800
544911
409890
54247
145346
32459
308509
984911
97249
312475
304660
197572
265679
309483
524083
585005
418824
702790
633630
723752
486499
822641
134850
108919
241592
196132
102599
464904
922012
581542
393057
68000
946312
647876
722118
945059
53336
967533
402362
514050
667759
463213
5125
831233
116471
216964
29126
853988
575878
874978
693282
479477
841500
215106
492053
226229
865417
887520
401512
834525
882540
16408
407619
109967
657685
223517
550298
393822
844556
739602
329603
49142
565995
710344
870248
27626
879334
884693
242200
723289
902763
940429
346808
794875
963492
708896
199510
697037
981018
424592
801886
380759
644339
33549
73957
243927
279836
852654
586979
647180
714369
81742
490686
530592
292025
123649
546753
580722
234687
260594
71019
531072
436123
389978
260388
200238
256544
856799
701898
193909
292302
561991
848746
904363
757015
787991
204427
579370
533759
135372
748004
167392
716572
22837
703213
249267
304381
905835
465874
593422
556199
28974
591620
125773
799611
98014
542954
538753
614195
36115
970806
620576
956875
291609
905746
986636
206716
285515
539000
149118
709411
768203
764193
781455
499777
823067
435029
76451
908444
945051
558753
339634
851458
389023
496615
481332
303661
636460
795727
535081
900482
196239
949979
625794
426036
106075
578841
552367
773573
29181
8945
867846
258413
559613
91486
428173
99347
259923
380730
151460
163384
450276
503729
254418
938931
459224
93400
659946
662807
685401
900182
800089
749872
860393
313024
191055
756012
248736
157251
13512
881879
260801
232058
610934
228031
223736
77600
663245
821047
457523
352351
317802
451382
993178
665607
408481
504927
402348
117402
569826
581787
870839
966148
980870
388322
541556
242664
739644
452377
273725
355669
670026
331990
179435
915863
90050
827327
177808
512554
984324
376464
99150
415370
311338
581754
345426
658021
594388
331433
12849
258802
266703
475550
699101
985627
117988
387708
928899
6102
384955
654878
723333
361170
756843
8613
205775
8716
463519
958479
987032
435712
77606
848514
732151
724413
566166
459241
107999
277649
799006
920309
221049
824420
17639
123461
722140
97697
697063
88544
939372
937487
700162
339103
533708
893950
584476
340008
707201
307932
259775
109205
427620
810343
368038
621298
357955
316861
739812
287205
586902
159631
451188
902825
445273
276596
261406
424691
642891
722649
136514
629045
539777
929047
12676
440320
492455
507357
358484
478852
350484
266764
453848
759411
680905
421986
876601
590980
598087
958989
503303
982164
75338
674017
408522
198374
409829
292773
527398
87819
906235
110984
158953
453149
532119
231217
899829
961445
588073
934452
739717
554140
915166
872864
889629
887311
112922
677045
577426
177499
792469
531763
854323
57816
865935
543437
268371
442195
229169
185725
54900
807155
164610
376113
696850
326780
76738
696035
111241
486834
313191
59398
534371
644757
538353
45724
469634
767755
668716
108836
931175
395292
91970
469169
826076
40535
120378
734486
516100
391185
572369
7998
599805
118541
7219
909208
779951
734967
15190
362223
176052
680203
794228
484439
928612
438547
230883
203715
977979
222861
433874
881972
369193
528618
868770
89036
202871
99635
403678
135745
834065
820743
577433
337132
196404
545663
818595
277761
407925
368946
127143
581658
920491
770132
5668
852524
81914
31289
79622
931866
285309
197560
745376
840680
601103
349546
317193
656264
598710
209106
272080
346000
280493
46870
682397
745101
786509
974892
998885
538993
855703
543184
219721
389415
801120
339825
778060
118343
715929
378476
851951
655717
801402
820143
436971
104516
742347
587712
757899
338536
91663
713430
394787
961673
309005
939301
984240
177444
803644
836983
862542
4267
964042
604278
372880
898844
533961
784326
341567
91375
963959
468751
188274
481320
48104
656920
248327
338829
879634
910031
648891
214578
155829
817317
180267
810928
945445
494486
736616
754996
395637
484614
218865
385651
960898
818823
311567
521979
990233
522935
663250
443685
863110
666502
745763
106727
192506
680790
754246
409094
874584
472315
783535
305704
181788
283298
583549
654279
838056
965005
55255
583426
412973
442172
376226
942541
104498
253160
803100
149577
35140
264616
868952
538799
459898
612599
544598
317861
667748
721357
523070
259059
605264
144361
293497
241679
327352
438768
770925
544468
79435
548847
245843
18065
872022
818685
631926
43134
569807
132092
181321
221898
600574
257534
458918
692624
140297
6851
36511
588583
139610
694368
278787
205464
478639
888700
707887
237291
858685
201589
547405
972954
803714
536992
241454
387495
667686
43949
767488
627849
476813
673128
445036
177345
53692
846299
58958
706380
573221
817809
22994
748785
691536
410805
775976
972922
380904
616601
366371
866751
952544
153492
674291
741085
104576
635331
244221
237830
277264
284143
62292
702067
743967
916047
836055
340916
930224
660516
481703
896999
362114
825218
779458
789383
740987
518127
711169
79964
415088
230436
953898
599760
439827
697456
851379
519778
114042
744892
927508
421299
844552
311465
665479
599998
534394
511638
285855
641445
29072
561981
872450
850470
342677
818749
512709
218988
337741
86578
281634
448898
494779
274112
742232
651746
912140
844655
687392
813740
147363
785584
973127
803634
26242
373374
715117
408688
559954
505760
47512
383129
675407
772235
583350
770764
490578
900452
540717
492070
546364
393058
911393
464945
339580
704466
116609
14009
900478
954548
236942
32447
779761
109059
940138
299399
865714
32210
135768
548684
43482
664338
294358
264084
508577
693360
197588
388190
89773
476187
289360
119607
661563
702883
977487
259179
195881
205309
227449
412505
384221
268067
558418
318496
472918
406040
632209
526133
978189
684297
183327
96599
924423
146511
485677
383769
889466
941841
765554
110494
994457
965255
978752
269476
285694
830873
768898
244534
573811
655142
410836
930181
855901
197728
452863
227985
394950
751828
345616
721026
83398
885895
315411
297043
238988
784124
117361
628270
767246
75667
125603
151634
988107
649931
191954
16624
395769
347496
962061
653590
709521
202928
283110
427138
650867
57999
60265
586521
528502
531802
386874
341808
496784
325936
678218
136582
325471
258429
206902
11733
780050
18136
600316
935997
563191
177804
649626
148385
985185
720948
779973
649549
945525
981183
538819
787860
963537
36244
185893
33721
37722
152271
732645
511939
935521
801832
435288
270580
655026
399477
228751
264850
749624
207622
130192
512996
470928
204014
252588
652281
211304
849569
282365
922657
869076
296313
455486
417215
63149
538515
549447
939574
21478
984150
279395
888385
766701
613139
778127
561119
422201
702856
882130
608427
893558
411327
717428
632650
338891
333460
879388
628157
437892
628307
659594
56022
434017
136128
716205
498119
196090
324976
698849
525653
427341
157396
300745
151660
53990
605462
196998
771597
924457
681691
14865
577762
496895
265001
85115
446003
607707
104802
549886
497264
463272
578479
239358
147950
357009
572856
259170
563375
138668
987471
363210
645594
868164
202732
527276
336713
595521
115859
982606
454145
505206
821522
157666
97533
203207
509350
417593
833827
372085
176318
762085
570264
545224
740503
627952
301807
817368
934278
928690
312828
985527
282132
470419
966663
115774
831555
335902
138908
727539
503087
504317
608192
449364
370448
599959
189246
346819
468764
283523
392863
737165
684361
613223
977591
160664
146288
400818
339676
78441
452109
898418
744690
235664
222371
87570
745186
980912
210300
176180
257065
570223
644750
137511
884684
827958
862970
108869
765673
420837
579566
836332
370473
981079
352745
773975
442386
529357
940126
862232
63417
478009
645810
183476
81237
270697
59616
575066
519406
902990
307580
40770
129843
170089
470229
98271
626859
877009
733811
157056
188676
37283
356799
99272
518472
651078
62146
83400
768621
388761
628294
99574
928843
176700
216344
441165
812456
908728
540783
147200
847151
409740
284839
172828
709184
986453
558630
247353
973025
809112
378016
793692
881297
473967
345141
946092
313597
596687
399351
611471
433420
565618
460810
459553
947157
857189
609956
442321
344752
317744
602549
581015
509994
221277
410720
301205
143442
241767
608998
30410
214128
577537
751972
573357
186901
262527
410227
780780
417294
420069
52077
276928
247410
151499
974607
802669
613979
116009
608250
249491
538673
906501
662484
397044
213154
387574
535307
727043
915822
263187
557306
674917
246046
171133
871652
62663
249876
494022
661276
880219
698366
830717
85511
449072
537508
704024
668858
179628
771297
2364
137341
712937
884399
91307
510513
704682
366363
390474
153485
774649
23319
8142
180164
105118
923822
861763
851779
953853
274194
453113
583318
919565
43985
835595
358762
653937
561254
921229
874413
318708
209580
504273
586962
411814
631662
138390
829936
970381
713305
311822
897354
675530
545555
228299
149097
695434
798052
884421
391270
239781
640018
35210
898820
193238
955596
513474
45049
100888
861820
276190
559182
149529
686463
247133
799580
174813
524721
816762
155254
450482
140129
646006
232229
849419
737764
719421
702350
578364
302277
167992
832304
995857
914522
557614
122570
436875
678450
526615
808153
607928
887274
771967
72895
876142
169246
303124
118527
431524
491773
544908
557669
63212
267126
949685
483587
69393
62735
209626
218197
438025
936980
982351
18502
739735
466028
353626
780556
959360
632391
602174
827886
20391
452403
591397
762406
282759
363150
49513
106145
77837
423062
544191
734690
474384
768540
717696
198407
23982
165143
529750
856740
792772
290133
87039
341195
332553
128972
662529
903854
826760
663695
45290
220187
708216
628316
801795
911909
588793
143250
72401
288227
851949
452480
773511
441874
556849
991896
677899
255702
763383
399298
578723
783070
730754
603405
828988
617508
39676
86656
851607
604756
290935
761679
411217
404356
138366
376489
536269
684514
405719
272174
864639
52140
544537
197054
550552
165143
514596
240045
632329
729683
608064
684818
316342
713638
199957
691263
741817
58421
132996
517386
483088
26018
851810
563658
888996
381262
264207
28830
295351
323327
857718
857959
856617
218397
301283
761557
790758
651607
544123
901791
462575
665635
327005
981132
551044
723874
234836
823983
126892
101345
521909
680432
647712
274236
113372
841028
262426
925981
702589
741118
45365
419298
255081
195775
306625
536989
759584
890313
63717
877172
29645
179826
968881
543017
360098
122612
656960
378996
704720
996257
586886
365389
605731
347123
208636
791750
109817
675586
713381
240468
211549
79886
535227
791406
996804
349820
105851
20685
277603
80350
267274
611028
242859
314411
873474
102218
793827
174414
569630
929858
547872
290522
508414
987484
605730
253530
181142
229028
7182
780486
6201
422551
341252
648082
959038
80774
927836
217185
730380
170388
513858
358104
471880
31385
772779
724493
402903
407593
930163
698013
809106
577263
461909
946012
595270
434034
471430
316520
218916
141114
405934
380631
128908
42124
4
876878
738992
440784
958213
619315
885800
455700
1040
788538
29843
552553
747553
775388
256612
757803
928872
537446
781712
186847
628933
71598
768978
373300
946403
871392
621657
315372
273774
786742
897232
402836
611762
339910
752199
908399
653201
973557
102595
400113
168481
974857
305759
990695
335392
882141
285340
832436
239252
97005
11085
7029
929731
129745
185368
474246
175628
254663
318441
890590
610209
528873
753849
878293
770466
266365
30646
806087
634390
606763
56848
594384
907912
94409
188192
555382
135612
272146
39412
784038
621645
8822
713275
1047
610916
515211
618442
717067
857879
826657
150408
976564
872155
85491
341117
195379
387751
445688
101297
923067
886376
452761
907140
125205
424346
859774
640778
728892
332426
632514
961440
821160
213093
775557
719376
83944
441147
904863
764060
630184
70486
790193
31083
326674
320625
433624
105485
465041
919255
494651
668525
210801
358042
555396
258642
284899
244716
695915
681745
356828
58973
834926
128787
965724
928049
966493
971135
908236
483805
185873
754308
71616
90078
128957
726148
282013
873719
416604
610016
356436
84293
934282
903964
741452
985792
373679
241519
598302
511632
744406
337450
175546
720329
61596
444226
785063
837829
257923
618812
168999
580765
155046
879092
518584
402051
211143
674377
284855
364351
30980
525736
985824
82372
112808
242228
696944
560431
827102
700175
941355
885851
116417
893512
99961
559459
41422
441761
134764
819701
92347
175675
457629
197903
443681
420320
188916
640602
963732
9773
376261
140767
563731
265690
334359
335786
487515
104168
6529
983290
371990
915046
682542
282913
940081
283487
366399
371454
719947
606051
556047
701077
600201
52720
536914
367240
951942
954942
834198
266548
875560
428644
485036
751659
648654
781482
642272
859849
268965
224108
727523
333301
7322
533351
432394
120374
107561
291491
952175
369519
392340
692541
553141
287801
238512
437456
713834
23515
155929
607039
397445
757480
440198
872354
347982
908662
656695
67915
521245
962998
809675
904628
427386
905077
56878
934278
44772
562734
12719
277896
431981
970313
950063
626595
106946
273076
593973
454798
731785
953757
55071
768794
178979
855817
943987
55004
286928
500756
390996
215666
206706
639941
969616
358964
825322
443469
848150
901241
29983
178845
759557
268035
12893
116577
525151
468744
68697
997788
517404
450013
597011
494113
665179
352257
514004
460011
242931
708676
388119
886042
377512
786514
626436
876427
742522
915552
467927
963602
487703
695858
219680
47958
459376
47622
71587
846154
601000
344481
208159
222276
357225
906611
473516
68603
929809
411881
860285
90018
884746
837136
316357
268123
198712
671201
380151
65306
146443
441005
598949
185623
729524
922662
974410
860015
64116
686599
255715
202072
298767
407457
272631
135039
942560
871811
577592
409728
79174
330566
462914
865089
154364
556274
368000
447979
553671
786193
633518
850566
734856
43470
677560
71281
907121
795528
28482
948218
673940
971577
283713
258208
966743
963453
20614
438306
828868
278594
140827
973827
407357
990923
461894
670301
497292
459360
544234
915167
393945
285782
537613
566309
44981
994423
541685
40627
376850
645773
361131
283149
413717
332112
177953
296693
363588
980585
946159
670530
227802
30050
790969
103705
13434
313837
445997
835403
448192
667150
739305
27083
138674
64037
366585
652746
313813
930844
572670
225137
24988
995497
835818
980922
332795
191936
98215
388331
340763
727577
912471
56689
617830
143833
452215
98581
411841
880351
998493
936989
773786
271982
72928
945794
96279
255730
827926
601736
615021
308529
283000
368256
965906
192719
284066
191126
324618
748605
419191
124759
471646
896384
894434
111876
653548
593498
924983
220619
204759
986263
303607
662056
219102
499445
952114
146584
965386
125232
574599
493813
263553
619434
709127
344115
526009
193524
775672
433397
102342
694460
81269
851725
728915
852883
277555
289039
723055
144537
239838
288656
492927
649222
163105
729472
533458
362136
924357
265825
960594
856277
758961
417571
673813
343804
260048
290974
164051
938700
13328
59051
677938
947760
799814
988704
690366
241093
167726
445414
738612
567178
174544
626743
479293
663011
426431
487289
968952
416522
63996
906098
533808
762386
919351
29608
838381
182681
887349
846486
546406
262922
266445
867020
831892
677964
194892
947748
80417
878987
224696
189596
673471
131297
774194
214357
712982
538912
641652
953511
91413
560958
215354
395103
818538
430878
941182
62230
972876
508855
678299
546735
526005
12899
978451
557420
249902
988358
66924
426093
68994
458777
153525
145415
750228
157970
354598
60605
591501
945202
891045
114462
645613
420459
834469
371002
538947
189419
219881
488066
683256
163593
901223
261691
956101
181707
945991
306719
486660
311057
690890
494224
291620
957026
72584
678202
957111
238674
443345
296452
954214
197260
814773
117554
667524
805314
622176
485082
739967
669678
447389
436224
201139
857347
343099
794449
178776
670325
589837
500664
145692
943010
223755
508641
594188
398299
572245
890696
634027
543827
982104
170813
966757
598628
48137
754358
101789
207416
206735
800016
884067
46362
182269
928868
305089
981657
34045
98626
544500
647126
928520
850445
17080
392491
195857
271027
146108
877688
748225
114054
419253
348043
204957
470332
64015
865387
167045
289024
280702
403138
264982
789106
383538
889700
396206
951106
244520
57728
460239
594148
991965
501858
996508
986736
653277
735778
50113
626586
565562
936877
278448
250249
298585
513901
327046
555605
733095
466904
530700
609698
810281
93906
562200
710996
434032
275072
451284
145070
284138
79850
581974
617546
142613
946636
30511
535095
648079
398778
281536
79850
125706
100973
89029
576867
466075
388654
40053
755678
871217
402717
246978
790705
899618
620638
979579
905480
283617
989729
471890
386363
898188
397389
725687
454281
586274
613321
682082
603828
837330
850726
624560
143992
842158
834284
998373
788841
319935
463232
170832
928040
303729
608367
2316
330561
31919
781273
460386
464805
803082
414908
565644
115519
421714
106076
960981
21940
34311
346957
318492
720508
490217
337309
357047
511384
608748
140512
983091
149743
204616
542296
212282
278793
655020
150209
432526
415207
562450
173111
943729
989564
491758
54085
216935
388300
482432
977867
286227
651808
212937
577355
964350
860835
167578
878672
168439
441309
894407
130939
422036
363657
418875
258347
17366
930068
634277
500104
939883
824373
821712
89197
700684
40227
366353
736623
235143
746424
275161
318350
201047
972256
722154
223224
945967
697213
989031
503092
13782
165147
841156
720689
929451
458507
355548
835244
365386
714910
354017
762616
534791
412224
400237
586669
174359
255022
605432
532975
424527
872533
231331
944474
701828
955913
471344
321607
365776
70494
469013
549310
728118
763431
406885
162168
198941
4424
940014
6479
691385
170362
965346
883972
123719
67611
520365
978349
255030
261552
273125
214457
521379
483832
498336
991713
147773
486893
694943
608109
57480
746842
376103
720864
77693
223892
458288
419138
920206
212758
200375
19336
655110
921533
776942
813537
338063
412124
818580
979935
444749
476797
151327
522688
623912
460917
683156
972377
549992
189923
479353
371486
305849
168837
644899
954384
375309
971382
6697
763523
706592
533640
619961
212043
873111
583994
919688
679747
194818
10454
920485
443961
587841
478826
232871
467257
954818
346080
634757
597941
182056
230460
451716
193614
916423
655218
311179
745537
277772
447970
714194
180145
677178
36081
203321
905741
555791
155269
167989
369501
978053
671388
909989
102190
974516
201482
323203
851288
181972
560461
810869
238057
646305
794958
881795
996528
729751
692983
917860
387047
82077
263019
124401
59582
853438
672166
742779
222272
791250
375603
19320
703780
854075
261124
950872
411123
879563
537265
753974
988752
940995
343504
748969
888873
810678
189293
462075
556601
420109
416486
591409
246135
72867
942502
679881
633566
406672
134460
733058
635034
635971
61463
479509
885900
707401
770720
893761
405946
637674
992116
205124
486166
595826
542077
154341
130857
37773
68268
148142
678620
124300
891476
909176
339555
597572
117478
13278
862023
138261
852229
682708
158222
15816
571845
459088
709512
194066
248709
748070
788409
572085
101222
704305
797790
553990
121895
445165
465118
29705
185183
964706
935118
551160
488022
600699
529825
480227
409919
828853
350059
777969
548182
459123
138320
786692
18386
359022
941133
564795
569608
139337
859618
943505
929436
218434
361563
819874
561316
692677
449914
285326
919643
453659
195
306678
542014
523583
469988
228388
724998
286673
749310
96839
613891
383204
651284
605531
706386
881970
913359
189159
518523
17071
654059
817760
881769
808122
443138
233515
254854
240368
19443
173248
260019
153179
679407
183466
785441
728072
685920
193194
724367
395446
901813
772732
947616
201002
632782
124465
901400
98336
939777
333243
678963
995163
180167
888327
49442
54110
109703
816581
511651
267315
504700
780739
15099
686184
886981
731255
738195
737690
439881
359003
222252
293545
722948
652211
159873
27019
483315
897194
179576
476220
809752
187354
283908
295635
84138
766635
316954
915760
395549
869267
80013
292178
614601
116795
29448
781701
319098
242690
162984
42488
666195
184282
827956
218540
408671
601552
626937
229897
955446
510442
718022
846027
137608
500073
190209
4825
485705
227246
135525
410614
113785
625337
136089
228880
406606
836364
177005
36406
721665
52846
900019
906471
688178
523019
380344
783174
930873
401273
526558
838825
581322
525717
103511
878032
857092
207628
430720
187634
949718
855414
992152
242355
827086
723484
282267
128243
766656
736986
260287
60032
723343
737696
699402
969387
105307
81042
177806
907128
340679
713423
172546
343279
735141
227919
113919
396495
988481
473382
340692
510434
786311
165861
446918
668076
497298
687775
624167
471293
427665
678473
269585
844582
844824
626299
433280
646344
396225
116371
65609
604296
261756
576057
364283
529822
883066
20732
501649
141325
100018
206299
810960
754733
199439
254753
29443
444772
745014
740775
439121
566771
431927
438525
966008
1068
942543
211940
887464
740033
626584
445554
802366
909496
289678
421400
551451
777660
919038
694273
233441
529805
525645
702096
533642
610582
796706
759372
670884
400671
853425
625752
79853
983961
164773
827867
406279
318167
475817
876990
449175
916188
519892
792147
185792
627983
163055
653907
850167
260427
622627
404928
313923
833171
695300
50793
472724
556962
300404
900044
831549
118497
931189
728853
313038
638770
832143
904837
758674
573929
143002
516718
694370
842587
502377
473882
522980
871566
579091
784716
619620
188496
300895
429342
483788
189731
901387
248713
261763
472853
717945
378819
909344
276271
590647
308483
794954
45955
542121
835040
544366
218472
373781
509527
583771
740355
143563
399275
409021
672251
526191
93287
759284
924814
454181
695999
436304
712706
596055
593237
761067
818931
713509
294999
663971
550987
981290
926533
818483
381201
732264
817744
202606
309720
608719
488030
944023
147863
636271
468331
301087
546009
679223
361801
501244
239371
273065
25543
621026
918259
510172
683888
803616
66304
857325
950123
954650
761596
371267
954112
975199
36381
266302
337210
983206
836475
500348
103719
590250
933405
123271
119164
851807
683116
795486
620373
53903
822729
963039
214107
918678
182842
950286
386047
257078
663167
690628
186146
140760
476739
920630
442647
376224
886574
458401
349952
875435
745495
999631
978005
217384
651287
514313
860483
136208
892409
656986
415984
224451
356429
31163
825373
354177
422620
851872
270181
503489
281205
86494
580386
501681
378150
617079
422319
337227
468486
570564
182471
667985
388591
69629
679564
383845
630346
215208
146212
572551
851971
46108
255742
794603
653147
982193
276595
262582
612891
43271
464647
136917
83558
459055
657294
130234
670568
919801
82219
203956
419691
917466
142900
12650
706440
95226
338993
911156
889530
896344
392579
253079
597390
333019
410338
424154
59382
198710
182399
74953
718910
265910
180232
660550
821590
235883
22410
649094
632845
402289
475952
511087
894687
895386
679593
397069
734309
821945
453288
794155
753194
526093
49925
452308
152926
416585
375489
405926
26020
975996
861734
909967
597510
856162
902989
852711
371464
244166
29497
949866
862746
299474
494497
896080
692710
487733
122827
826827
491658
860015
131412
429021
842528
58108
333324
126995
80120
924187
406142
784993
941415
675513
364237
269083
859193
699839
971385
550542
132225
327349
173633
820537
466706
504785
429923
346347
813318
439968
849535
482042
546491
364688
627802
966365
766686
834456
328061
979175
652959
314116
479741
878369
681412
516768
430806
700994
537497
881024
723633
266125
896389
777451
730053
497479
106809
889762
290009
554260
756417
165840
638695
795886
996285
765455
349661
14848
157353
708052
499197
543589
786967
40633
881316
838840
840127
4134
39015
987863
947757
119898
996633
605817
549336
677723
668009
622185
960019
622648
671016
219935
282780
519224
613289
696889
254482
187873
505025
855387
919364
815526
863406
387232
274725
719726
897492
292219
677659
926653
399074
719087
607862
806785
293204
71079
241214
446523
999697
704306
469221
325896
414068
10911
500763
199180
503720
920370
606401
277114
453548
71296
308405
3969
179382
816940
775308
488342
354356
280382
395741
90906
534637
452253
60986
472361
686470
597097
903994
873279
665825
440375
555570
232646
917792
436906
86466
438848
236167
65386
21643
812237
952767
238084
773822
104346
284151
182750
913936
135398
460453
212309
934090
77810
281451
908789
113148
174213
490644
120084
241041
159449
372605
440715
106302
182117
522000
734290
255252
556488
5932
106359
997558
853007
786977
382011
563108
211619
931607
591177
364469
557074
428238
22804
160099
732472
936255
946124
38144
966729
119906
686140
512775
680510
285513
524611
505614
515866
645737
345516
88727
77784
192057
166573
397573
997555
258868
145465
124203
295185
227896
475906
911296
16589
400656
502734
161007
161632
774479
760757
197323
770987
262739
719605
376608
236579
739881
743793
761124
460121
127183
859212
162125
302053
142484
713630
902332
656238
416604
139346
334871
397785
216192
349468
10420
597452
705234
189785
831280
45918
669118
933252
594016
713501
629899
800274
973919
278779
455425
457836
320583
892629
572645
545223
625275
956065
898592
147617
521120
116212
856254
551321
333675
197422
894801
379627
911701
108355
733430
12488
111532
845222
741935
89678
940931
512148
632304
600105
554954
434938
571381
366789
516856
497475
136336
768559
420452
775426
790273
713095
101619
425977
710589
392036
956012
477892
966417
892036
633128
18021
507232
462062
522661
351597
370568
855911
949625
749187
116195
877836
899811
814804
734633
850450
506941
304407
178419
612760
150029
657211
872282
771110
30780
201456
500670
997189
26462
642191
537059
17722
110703
554279
962229
550240
802463
233381
5932
10145
361860
191455
962826
469585
761007
196349
655618
362983
551833
230596
353843
414872
917499
740160
329233
460434
868604
252046
468133
814738
321605
69123
480747
201442
749425
636861
146841
778547
386528
312388
665663
993682
137642
481308
843529
566282
36721
475241
939234
617815
208656
490559
161203
731842
367344
88838
689161
202462
591289
997382
155797
637277
69028
480085
335628
83791
920943
523482
654383
377209
24298
799613
656101
489102
254319
972845
224836
823565
96431
897293
161518
860598
765542
844988
791576
610986
247344
305343
5734
144414
865398
834894
338162
413883
338816
763512
251372
564310
574895
387763
356827
522823
108610
976580
780994
422120
825877
873479
594397
274860
706411
266652
606858
965145
268640
913966
84549
546595
137025
163233
849036
282663
480439
265367
912801
990784
618398
613279
82478
271050
829619
28668
436802
923761
754860
606285
762
514484
349666
949021
518715
142332
656682
289801
120155
388499
144705
230986
267871
707907
116773
299807
748639
720588
714368
485656
43526
137152
796223
304640
16502
243839
414914
479080
721288
384331
175404
822476
127537
260551
528025
697637
692736
967377
85935
346250
397507
308728
546638
394052
91721
533084
799329
348845
27011
24801
857494
124931
715396
310415
328810
251406
315496
507658
872157
294956
829904
540457
509253
428406
617931
971252
995327
956497
50192
991807
344384
42195
162919
360221
647433
957583
40936
496451
589369
33599
405340
199547
669308
95245
123264
673985
685793
86206
977895
859710
475658
809019
494079
803038
208636
961342
205356
241744
38167
526357
316752
505754
70943
576406
365292
617110
755192
290592
811040
692684
403569
510921
195918
243117
157239
69289
955805
141930
109162
685506
775257
579311
878668
417866
436088
440128
880853
297367
695480
970094
90149
777895
493091
962613
455505
954504
294132
690549
892894
953642
764116
692363
200524
832255
201533
838796
510345
425292
964032
904990
199559
586896
529569
286066
546023
415373
706400
186913
7124
923831
764755
283298
416045
628792
878894
348134
682842
499102
101093
557776
101120
329506
328360
149076
774927
302934
103309
725931
34808
531690
490700
336368
620540
351130
281763
720859
460512
375864
613594
190743
247549
850193
176801
47041
439731
215167
92181
61823
816318
175627
403745
86779
787297
223548
246657
161531
8766
23745
751778
74719
826119
335414
702438
960630
826127
29014
700803
289596
34106
599934
727051
451252
557651
637466
99974
315486
777852
253870
564155
470742
157568
279427
680718
63817
765189
979436
350595
34388
903133
232691
684768
90171
632379
773605
429937
867778
775490
762359
416677
398955
678457
495572
341398
981069
538203
582404
908198
233998
982667
131834
382213
877501
529637
291386
265422
759950
373616
786597
150801
48819
968943
345378
810156
554387
781335
750571
30994
412457
187290
686001
175725
136636
874594
120045
628192
559734
367705
471237
468517
45412
408869
300759
386454
324169
290801
356452
131143
222431
801767
666524
403664
344363
881914
279234
184616
794236
135007
578427
443372
652672
944667
898489
690944
678210
222007
689791
151244
757252
131665
520848
42728
451124
338637
718968
483538
679567
435368
669046
307420
137807
813868
618116
76131
745106
659968
90821
473593
842057
108055
695562
358628
524569
294601
766529
994496
71185
405182
636603
552831
387336
218182
954904
544913
592083
779719
278482
115935
111521
39630
612194
604144
583411
942086
860114
770542
148090
974086
733473
958211
152590
328196
881484
873182
109577
779687
330815
452498
294718
303035
180888
767069
844761
979518
669332
445765
900949
874583
697496
79326
875220
82214
803550
352489
219742
464310
396090
482135
888760
981583
258824
772459
61984
131433
69620
907517
252068
127802
882086
282010
114780
950384
549320
273353
872394
721595
49077
647273
508748
564353
332671
495414
904763
224053
346077
68010
371236
235714
996656
398335
152289
292833
40560
269075
155859
960970
303671
135333
720317
161606
383850
246652
731328
642339
29696
295207
728687
665153
423280
840671
653518
961930
38587
518408
851628
413695
18323
130582
64282
501421
118695
998029
492743
591230
507468
1249
993913
470123
291913
66363
783402
698639
320063
239965
769981
923415
284659
751772
203099
882006
155386
932876
578031
816373
430656
360443
246458
452232
636660
804755
502675
497531
758163
159907
652863
223083
898704
800311
710889
12561
6941
155491
298686
634777
69337
629151
65703
588753
18966
572940
515620
268348
822597
439829
331394
235527
744257
919856
722232
30739
971573
309636
918564
418801
658154
119845
171549
408044
12016
116410
457716
352895
916072
196352
149836
338407
638701
101031
143827
733587
323869
603610
227740
362361
612039
399260
674203
147074
515571
728398
426172
465701
606984
261901
958944
305490
417822
437368
291957
681092
392417
840719
235376
797305
904350
577719
809898
293374
407533
104858
722004
331171
989499
616875
423065
231567
191795
348487
436623
239852
