963486
372549
865932
709129
349247
691849
813514
441027
89652
111164
4637
864905
259645
328283
715627
745369
884326
427649
870473
359070
698673
53582
87409
834403
728097
757283
500642
800546
406501
984649
633236
416251
594656
82481
185175
807936
127121
937238
884935
454701
628260
775038
583214
329845
515348
688160
766326
954615
119675
967840
594889
668496
241975
672246
528135
205257
684219
481260
732707
877745
299183
29446
979419
555590
419717
739835
394834
803469
433690
527714
96843
402945
364676
300200
474948
908584
490238
720061
338304
166509
301327
810563
108121
902606
172783
693966
361148
111807
998735
903347
415433
112102
641964
355254
869599
861698
495177
631633
749299
997452
814801
638377
835396
471497
420062
303155
575269
224175
388503
694883
107001
393457
802035
353100
748669
20713
860445
451865
469823
162658
821808
134182
402605
78463
166177
765500
981768
219914
485948
251559
348664
62237
960455
417078
998840
98791
239427
550799
249777
532379
830032
514348
484773
559163
985584
954934
790722
110909
606692
929212
724247
755351
657202
875600
924578
137772
820360
974142
701511
843475
212922
896554
489950
74624
942504
94789
476579
997649
894843
627243
524689
40695
842446
983517
531656
10239
77033
921878
337322
987644
671144
574796
551686
504659
86650
868228
475628
984803
217093
379794
634080
981902
218343
23596
110121
875497
366936
383722
49865
416380
337643
254557
384582
196598
452787
749129
140007
910896
653122
757440
430843
331036
586829
448988
726482
376266
371691
536
905935
285334
676348
650379
966101
22002
127718
866947
775071
948236
90491
606138
170412
658331
916087
235320
783383
30475
796517
747140
495620
664323
35424
444040
965111
376463
726647
550336
670463
808623
346730
164126
162895
578491
393617
800446
652204
885489
378844
182913
973442
530781
551989
383368
269458
912356
145602
892815
697670
212780
140870
731107
425318
12907
757991
57537
829090
979211
998538
887693
558927
494711
403802
619628
412015
313157
368424
347902
195497
878272
379885
976827
545623
588112
364906
751977
645182
326664
245424
56247
521689
475917
88572
627002
562126
781150
818618
169473
605698
319235
221866
457942
941320
245398
598304
713108
370420
218152
318693
11488
829134
667794
289275
110661
440674
648602
265854
827504
506805
740862
379686
267397
905618
397408
56553
939931
462337
781069
553662
935451
822297
980971
50747
67376
873133
545407
879136
135787
340066
192025
675628
553079
775393
162973
741037
794739
608423
49838
160790
797233
793273
177720
664904
303371
419189
802522
902323
405533
507460
393007
616598
552994
887148
124216
160354
542318
562498
994663
407100
599685
198845
42954
146210
964503
454885
136658
322725
960089
735849
48320
141588
238529
664976
607595
849209
600670
723976
306160
759933
307729
725339
825270
227302
405548
512127
644508
947457
816101
273292
605762
448667
56566
509640
813681
937961
479061
224222
136232
286215
580299
955118
404036
534941
955508
606525
858123
790686
962642
636429
827029
56298
975757
494280
951063
41428
59595
788694
810125
428541
856232
579406
986819
939743
685650
521864
374785
904166
345796
547473
104017
658296
841309
526712
83630
437974
337500
751621
763851
123802
102843
470665
724732
802528
914853
100945
406021
676033
464276
331892
470334
815675
435211
293772
798687
141164
555437
323649
152046
493881
761473
514754
518684
195299
625036
216434
351585
137743
982507
624672
724946
602604
468224
7259
483842
730667
664889
361141
469780
455067
44894
642147
159133
356003
879370
679306
898791
152411
468279
24044
774162
861639
791282
510318
710550
426032
837485
70981
169699
839265
55283
224317
784297
24635
507574
30566
740852
556533
949572
778331
801263
558068
984280
799152
151433
873987
534989
278903
897204
805871
620462
99119
558730
132034
812328
2442
783882
402074
315041
218970
913409
957349
532513
772119
742212
604347
737070
432079
714841
823511
572727
119338
223670
967539
682342
957081
96225
253440
730264
540315
295990
692223
291305
400940
307207
747263
542568
67018
142430
972275
381610
817829
206557
282031
839802
921186
864647
31807
618478
909132
53591
598692
5076
373784
124878
438508
799052
879699
5898
324269
382767
861226
647058
219037
44077
949781
32686
748049
866869
495713
168755
32784
500557
498970
463517
220692
64257
29969
134036
262364
959352
296719
195665
200881
66530
605974
654810
254515
132941
343056
765929
304094
968023
534231
161835
374111
690558
497696
445028
793933
607763
769989
36527
154566
347149
407341
47331
531623
876922
245529
779218
999655
192464
6542
347947
835472
628962
853531
276351
757595
896238
742086
591457
653288
435091
715991
4774
585111
670752
946816
251787
720838
210183
290535
239286
513255
238192
912082
394773
190396
164394
183022
120803
723634
160444
699964
29065
637528
914586
413977
34465
789882
447027
820968
485205
515486
342503
928926
93350
446106
776022
388841
928649
116112
925396
251134
617131
281416
20408
886718
209878
450984
366163
459588
571947
711122
794622
904013
534991
635930
451853
613956
383459
246499
769312
974762
340459
838229
930583
353631
735056
536444
604645
507535
701184
463552
72446
611324
34483
806781
93994
595043
591689
817662
972092
791758
470927
830299
233691
279542
421473
125740
12479
933714
895977
638185
828344
282368
823365
595424
897768
941263
123719
524753
262673
438887
28822
371305
118921
968213
326833
383706
665994
859127
812244
113555
725606
979968
36403
262305
222103
446889
326883
994338
402229
65141
333912
118049
255616
437790
704073
108179
531549
480161
607408
947053
928030
92387
685677
304352
551802
76159
643850
163442
655196
120429
963353
812794
954326
522000
154490
349624
13686
816540
779193
521167
167409
390497
731860
99807
941820
798265
934490
467459
641530
351626
528238
688228
143568
413625
859947
883512
887764
847340
577826
723035
474019
397497
155518
665544
220881
982704
772169
567796
202172
559041
572295
484103
89721
845644
358848
372855
828656
265284
920155
87811
330756
756286
637542
170314
940650
558940
915571
754437
538971
418448
975900
805735
782052
653135
847270
521232
453979
90773
736963
525800
893420
612622
413873
772126
113169
236648
45441
710717
739424
413299
695346
911976
569150
858545
599292
825906
109937
560448
721512
506780
851028
247329
701148
138284
731043
927332
530421
411942
14134
526386
79437
606122
739147
281014
626268
984490
608380
424553
552634
525381
826703
287802
619330
713861
507116
460118
683346
147570
917161
386777
996144
646993
931009
210321
528391
1468
730596
977770
963983
317663
174248
435900
291018
600780
573981
836270
282410
307260
585341
930821
240720
596771
575170
163661
263279
405230
205714
984098
514255
538716
515158
10523
702894
72246
196712
827668
988864
779437
509099
784215
58327
806158
83892
317287
659103
568804
136037
809896
329344
958122
629083
509038
747238
168235
486909
809312
851037
153336
590645
373640
428117
387653
121019
289659
722629
179745
715981
907871
931372
425809
309819
364254
530035
223880
566686
821926
466671
591556
70697
190874
565058
941255
430935
522840
513953
764336
223748
162151
505008
953207
306456
203069
917705
263234
20318
986475
832027
993510
750898
803750
803375
195965
513049
969267
821446
343264
499499
639726
798239
847617
468843
861046
151956
370472
460983
871865
290212
891016
948442
255063
915084
429117
761855
801717
751054
399077
271041
567777
925971
279384
26653
701917
942892
976005
197193
787978
372660
12010
992030
784242
693970
3759
106544
937394
565403
586080
137982
207554
518036
778181
220997
325219
845396
156128
140655
524772
145608
332099
332713
11792
291217
390091
368786
458551
910472
812477
93198
899416
929313
807803
599163
895720
426477
474530
415420
351681
980793
741892
885744
631594
144532
651837
512071
755775
613166
145396
505707
167677
485020
829616
780761
43500
444217
869588
934291
919529
831974
457016
739566
635343
915377
145958
882758
9538
93075
481582
892818
853335
612052
898534
523474
233251
865097
146754
206117
199839
372669
914956
999287
396725
869486
905344
527831
893033
987502
16390
294758
786855
330475
791628
318123
871973
809032
908863
973508
211764
912489
432551
987959
635241
972302
874333
509863
691106
342999
437993
385122
504631
854950
306044
554711
290495
463457
673030
548581
769916
677398
42677
727822
100260
985338
589004
174026
149389
485450
77403
129400
505396
255251
714145
780719
29929
667724
733306
619251
99227
147169
323654
3972
465084
461707
623257
155344
544656
225946
805336
660488
122007
895828
159670
778895
683349
413111
767947
180047
687547
79003
269710
967206
785715
894900
223023
652734
312333
564531
30740
373435
825025
928011
346605
264653
116000
684113
781878
284709
238556
536316
248585
906243
512176
398860
4061
31214
106797
646664
918431
654270
328099
492255
445419
17619
706216
509232
794535
783848
23880
940069
532348
585409
755081
696954
416498
127362
17177
137436
164583
695066
167062
137260
157228
246876
181562
920290
245436
146158
295970
946831
419866
89370
241977
162747
321030
338946
169989
402348
434651
189936
305038
72456
469000
946188
925478
729554
536169
242470
175194
109904
968961
14259
315955
456909
18774
118101
328681
19258
83818
726355
8421
265136
665489
631528
177265
607377
630644
905399
999103
476748
900704
487964
945427
330686
519755
788957
572813
284918
348454
699263
729239
439953
362520
671029
451623
731780
998428
650227
624177
979129
993592
252834
53933
40912
494424
141996
923776
806342
516040
53942
491082
393523
634379
169710
893323
88813
428570
510777
184178
850570
16316
646479
888068
875011
415934
76835
239845
574261
408784
202234
343303
172417
873916
426717
351724
362066
795267
171818
834265
652094
213078
320196
473497
531654
945390
315306
868266
238712
349320
557157
771593
687284
308929
696923
696405
595147
687177
707905
544290
857283
111815
788334
184989
124151
347401
715786
697495
362139
637478
421093
13296
466781
998259
718436
376481
102696
645534
70166
498469
108674
857194
515109
276229
833941
922951
269287
921663
512587
256845
378388
770450
461778
849685
557074
421225
139391
497972
593005
400353
333839
672405
627746
111801
937544
268082
927002
188885
97278
966127
692532
626735
268017
590291
932603
164379
608596
205987
99575
868212
507176
28829
930079
840232
308615
475150
293740
569502
400253
789712
659784
629567
340497
611172
555301
821992
120289
558440
15915
948714
321579
245941
364425
75772
351976
622999
632045
669566
922386
500778
369614
730218
437703
580301
178662
761049
384134
823366
524350
846512
306965
973938
781345
631205
929541
874087
181234
847153
992141
565992
400026
731668
880084
549700
56857
516608
288971
534987
750142
259107
24246
891566
358001
486484
252682
629874
243822
727449
566514
803408
512140
308435
673964
562797
237627
621895
213072
382321
245965
735305
392497
593222
530603
559495
584796
573423
93032
476271
580861
564802
304498
66942
320097
603908
708132
203046
229846
669535
488697
464411
700463
712962
404700
190715
784484
774741
468059
134232
279382
37464
773497
605987
643567
126295
648930
257398
941544
931276
314873
801405
887460
40849
35662
328898
361210
806656
833131
459541
380496
567593
588493
37780
734370
707311
855344
869020
234786
242751
570243
457548
357114
696174
83515
708211
43181
738478
860100
943830
579099
147501
529297
744799
147683
896971
161428
555300
423395
518325
839754
183315
433498
531619
77614
324600
524015
40554
664333
183211
571467
481854
72377
981273
761313
512584
324183
936941
971661
159072
334228
756762
640922
677032
8756
187719
168478
14468
922955
287768
484288
464697
556484
541910
533210
944289
476894
565050
149689
526536
25143
218971
881921
701159
8641
862577
141166
775803
300177
598981
936373
602496
180694
761399
168776
82127
591654
223531
619577
1553
722996
175122
627958
589855
760478
890448
98802
461112
513827
57935
416229
608478
176114
452448
530729
956941
588445
818633
124101
402585
501292
751855
681287
877347
482510
257889
481674
623223
582315
106046
979672
479109
794325
437253
265832
871290
796124
515767
103176
144571
890176
872363
415510
746430
173505
614190
881896
937669
332179
923028
549004
670391
877230
759392
750569
690204
618177
492491
546692
718388
250822
977396
986527
640373
140145
877029
915771
402912
39618
729790
356671
794751
77178
219329
304561
962493
233450
39993
199712
351713
735398
461383
710244
991145
714841
805834
215294
213055
678258
514026
796057
686170
354428
378882
489458
415028
422924
600296
797459
782115
173395
79770
46842
800023
174483
421254
400857
605743
417327
486325
117239
267128
334107
274774
223540
343618
974130
724771
174313
361825
587686
237554
452462
742589
102225
704858
191285
456278
157931
382016
953235
666649
790229
940477
250335
700567
443857
992365
852979
307624
49557
399959
54480
54107
945652
260468
837214
975448
14140
368350
483664
338517
420895
365910
333350
575857
428809
308786
54284
536112
855184
675105
119840
282708
937994
739612
282577
239252
677688
218924
399522
673404
93279
554066
884046
893984
696247
713302
348934
83902
875709
95087
390934
466223
906339
838603
130725
462666
194855
35965
399387
443414
466113
814465
256413
521065
895990
597868
954163
223457
889418
497460
736075
680446
513170
752985
95575
858203
224104
471536
115025
733575
921399
412426
201950
124228
123829
654917
686288
445851
441969
55599
636678
773914
294978
929106
241646
886316
826527
536800
279531
259795
838797
140156
970450
263492
177907
805346
913293
423007
283657
223477
469026
916361
614063
803300
983246
590440
842202
904247
258443
184442
731049
21436
369009
673938
84182
853256
710841
263089
305223
585004
928796
299773
264580
389174
202330
123104
880580
729377
304790
684928
878240
363866
281886
266582
70825
92975
780489
467565
631573
425366
170169
766969
763860
982680
963392
926930
793280
392729
643871
339148
628467
99268
229994
738227
599220
865431
805639
753832
251593
448584
197653
593747
375600
265747
111273
336643
690280
967201
258227
500266
550506
771030
677695
778926
604469
721591
44568
91885
388359
622966
962247
427216
64999
820508
914489
61066
325599
357138
90046
662830
854920
497612
554605
108267
151869
265619
198182
175013
267697
645101
19120
976048
91421
448682
991104
235371
504018
292302
38107
919159
325100
411542
524242
427347
270183
210089
863725
725654
266699
461021
312355
291847
595075
636706
852740
82140
669324
547727
797945
366606
954505
252423
795428
789
315379
721223
581153
800389
972525
19024
537582
916293
689397
554091
580071
188007
258871
4574
213609
74153
66363
497897
648793
678727
954623
280125
774077
137915
180704
545402
809479
408211
869297
120611
705523
972460
114286
298337
801542
937104
904971
630064
688565
544042
802725
167402
43368
556770
90010
567214
813075
865049
152052
477165
320964
822274
476992
127505
783868
525851
736509
117642
59060
579016
4080
982454
62529
249610
727893
653291
503057
279136
503471
400292
43861
660538
132224
81479
804473
247958
880917
523279
589326
452090
790585
74011
329865
172172
949002
27410
567397
134481
400616
850289
78563
499008
167561
28146
84466
50754
388201
99482
192105
965321
639263
945760
821104
112010
280011
586869
860031
883544
729516
544948
299966
65055
174926
884456
761804
502137
508576
847604
191004
485936
285219
361379
54585
411409
419903
857933
770986
777449
218672
623266
181104
614111
141597
26774
115244
440814
950153
664617
451677
465469
449890
485458
708167
254300
636663
111367
316848
810013
903111
806444
703365
817613
728692
247445
108505
505806
930071
327866
648909
790290
711789
313014
537994
359350
944686
388667
127851
419896
289214
87831
537400
504855
666749
277275
112014
822662
307769
913837
245658
535692
640323
712876
10052
763067
358175
354107
361896
416266
840981
710381
651647
641297
494116
740683
354652
74785
161558
258180
220499
573758
589999
358706
788340
968187
174143
466949
264181
470192
457111
416462
574253
485849
806104
732970
475773
406670
229670
367497
300169
989083
557244
846106
900132
955451
251482
292437
134538
980086
630425
877540
632134
74900
852510
229743
885556
429436
267565
161154
162145
89774
341653
185757
417038
880282
258505
966937
643284
650075
401935
599154
921569
898451
8017
28725
617632
637795
294482
968135
433847
17351
675386
14287
340650
659469
773522
511361
858588
104560
823947
125768
777782
579349
568888
464591
734368
203169
5084
552685
385645
887029
555166
706219
766163
309767
430553
462834
913367
147934
833168
227990
301767
674538
19518
737721
202913
820285
462540
751133
207634
59242
707868
681674
173848
821369
137474
808344
374600
724995
505427
776090
240556
957296
141589
88743
533956
809099
514390
422150
249069
198207
506520
209973
425184
579377
912297
491222
271697
568121
331665
10103
551159
233598
121893
302652
879979
760620
891001
577195
691498
731285
509875
897108
792501
408929
868282
58779
746520
765811
197068
849892
290695
617371
490287
27097
392611
409393
245887
45659
292956
535764
417510
379907
220657
738239
668650
624467
400852
649284
649953
281086
184489
3753
19647
276944
106156
523292
424464
366459
514097
157587
656961
404800
763207
409028
826904
919094
407862
637822
16580
265018
445416
617635
556879
433460
602852
418242
389743
927105
369397
808597
403964
166338
361449
844756
652349
24832
822069
779252
508315
14203
731766
148735
539383
334862
984850
655441
980951
33024
541181
177388
807803
556905
195096
821369
994510
161726
108915
172124
56
224444
734067
106802
920656
851182
75279
615786
96175
978586
689140
465661
418400
297102
962825
745355
928883
665858
208269
583379
34929
476522
782939
794575
520169
364187
522959
334826
779177
844055
956547
571423
131592
761655
271027
986415
94624
588468
115711
172094
649370
851921
308430
634891
173538
680489
685838
654731
554809
413840
575706
311840
594216
581737
380085
389051
188498
243396
587635
256011
75491
626609
317431
686240
256357
87334
32279
142369
294769
642696
758556
713254
652162
519321
862821
949939
66469
387327
745258
737938
95884
47021
626334
56140
365058
925552
844334
559939
464122
16984
408423
989359
878528
779649
571892
309491
37009
598781
635076
782171
673798
647071
570186
209717
69354
16743
959902
225417
811373
953605
329217
666678
332530
422540
254142
333994
892675
11444
694059
69949
249572
446924
467023
272235
62405
695610
216350
289004
520080
563888
3615
20594
221347
271085
751214
179902
579864
810669
558814
280352
92479
813679
405622
656969
979949
38049
152540
46222
103213
707625
900624
629051
547605
498514
682383
998610
249908
853457
976087
323743
691560
746996
370250
438137
197516
253670
957420
977879
620686
619489
977607
713804
641118
919024
201774
923424
656386
209120
389406
239309
325958
444931
748288
928851
429905
740000
984139
123896
245012
171002
636230
769760
260571
445947
859819
610500
760966
230525
568679
46034
552273
568629
370110
796065
811982
935997
920268
726735
212021
594173
821670
193530
217490
105589
587871
192727
540252
685225
742822
236146
24806
839848
849101
557442
419886
551355
751716
965352
591891
574183
108100
645636
811044
963423
512232
348084
204180
444298
204085
592683
160329
128876
771162
94825
166099
573619
716562
845852
495354
788449
667846
437331
974192
933840
372368
20379
867237
147879
841435
544696
546042
766616
756326
905218
85197
715858
861543
736473
716083
681738
903372
124358
855619
308066
892828
613999
630863
688691
667837
635574
205678
513020
78606
211120
679989
147302
767220
802813
221700
72307
996211
512777
983484
46211
499698
59422
543054
617987
24417
889443
128623
806066
754934
600373
936551
909841
369618
618720
379209
698087
882243
166009
995837
954094
388642
117084
287929
143261
945565
809534
217230
46355
228367
249454
63007
972829
308171
940269
52012
622052
463736
428326
155084
735798
618134
551819
385017
485423
430559
211086
142789
112132
115336
6905
357547
953451
152230
85867
131649
645930
628206
619888
807625
282619
577237
25595
64102
234521
77910
77122
999083
934571
65106
140151
535695
508105
787025
59806
400061
905647
933862
381647
335368
704893
95665
478346
240508
448232
454847
991730
826447
175873
299212
976936
564983
469024
25128
329349
903509
921389
472822
114483
69326
764298
74449
376489
115067
150304
858890
227969
985270
575109
436749
21687
992789
754823
756386
427968
688435
664600
382415
662532
85993
365909
587610
191674
924188
586165
25643
356191
581232
557451
563472
354835
44123
302391
279643
597136
415380
650159
548198
277447
605930
768357
395703
133721
422128
947030
913150
651311
463958
643439
801723
461430
167315
566875
399996
818618
786302
325165
262276
437278
755708
566951
397640
37558
720852
291045
112595
258305
159711
374377
253193
751430
853979
51972
657224
753097
942110
195357
515626
886442
436903
578273
801383
109787
326160
34119
225752
984828
967967
822078
470294
795093
411964
982326
950017
390063
787006
438792
446300
623631
389214
102275
855318
923920
437453
410452
758883
165916
979873
897169
247177
320903
575914
452514
280439
532744
547811
789388
127759
88404
493381
738076
456197
302808
946357
586604
741919
767827
717597
358869
926812
658063
981399
56689
434801
318074
275846
7051
422766
838053
677247
206054
763584
352792
572645
521638
811983
174927
320979
612511
807623
313942
666865
910905
696821
342012
475114
911933
585415
599351
725108
386942
836662
975380
278606
968294
153663
879705
567112
419484
310156
26041
722556
286287
214514
700658
167386
29282
654420
593543
458209
806580
68964
223125
602474
999306
103305
860373
141214
25372
997469
518125
798152
405561
591309
868594
52165
267991
22180
325759
117208
772219
197537
295275
51674
487105
436740
349289
139983
931785
70440
717825
286419
994814
93578
358503
468787
600580
462823
945909
416152
687165
509572
652362
145501
31609
865159
746814
158530
116472
479939
566209
968314
245532
152209
523855
382175
47792
77273
844306
871366
209487
597424
222356
73260
174578
762843
922398
190735
942874
430706
117554
596249
878038
359968
716194
245175
843185
88967
883916
498377
692668
598720
333618
642418
899380
227328
460922
812942
787983
61206
840895
184835
186472
919889
664849
52528
352132
406462
887248
866627
17920
265742
615968
744807
182617
114070
193225
429722
936792
805745
991918
151324
384792
361600
533288
650883
939445
705618
705215
322284
681619
800158
648516
692556
535176
497133
254158
587300
918183
269397
213775
707603
706730
115871
443346
247045
509179
922186
870611
978441
40287
816297
459002
879041
527679
916711
474038
750194
879765
829803
172723
618940
997871
130966
447991
938147
707683
211177
768286
350347
87824
216836
533296
594178
509260
497993
403484
908984
600111
868959
981844
745802
505211
150547
543044
705851
271655
972632
113904
849219
49415
49007
148073
571458
907481
380514
922795
109901
51886
96938
266134
903913
212082
26544
872455
704278
201626
844528
276371
603714
9514
90938
20191
780447
756769
475667
327903
933134
866881
103032
604713
662650
446718
751874
694197
408706
8899
873381
693556
419278
936091
314706
302089
969731
375875
919229
358440
758353
999177
825849
189258
559721
806112
724222
389770
611212
623172
584717
406303
714879
46532
258346
753462
81371
584689
97416
678444
80512
868897
951171
650405
148138
427680
688519
483404
778268
129204
225358
64743
303288
228876
674054
540501
65776
292356
685648
210919
294807
318871
452901
972633
67025
439906
670355
946092
772649
69521
234469
156961
225921
515688
401953
474067
361252
660080
199403
79474
206328
923004
675527
222936
195151
89303
700860
989065
915996
834380
480276
283340
810370
561872
54207
675040
954312
51664
414743
340893
497257
719379
716990
408233
981448
979212
950435
701971
738497
73919
430052
457551
215899
580109
990797
91342
538969
756446
431295
160314
173360
773545
97132
268939
281106
926691
418623
713929
294569
705602
431960
73374
107359
416236
144437
775831
847898
169473
707308
434039
105029
346497
833556
439544
342985
699804
965764
706079
860060
158869
964211
450170
320560
30610
545727
195961
248459
364098
547849
346919
7798
103595
173373
828867
777679
948943
677871
193023
750010
351098
548513
969044
48436
489771
731553
714176
324167
254108
433359
838045
183322
647728
334141
316639
598496
177017
997167
52010
2289
989219
316865
607502
48117
849088
771112
779424
15548
171120
232080
483894
867243
54060
68133
793214
782930
695151
391150
490364
871257
993731
624275
250526
991255
721700
583615
898621
764805
747858
533344
567538
28999
487352
906955
397459
964138
85748
120637
372105
224364
568515
478013
411727
559284
449802
944861
303177
584162
641155
445726
238654
518273
816834
55283
679092
893721
261219
33054
573031
621793
472915
951671
866213
770386
690039
388108
825673
860439
100668
297697
226834
725793
722940
37592
438495
546326
679882
333036
979273
405673
96922
394519
771997
649221
431120
714068
726580
241827
752227
548543
192049
800891
298414
243288
625879
147606
965075
316518
371653
534658
542732
691768
107662
786335
603919
70598
198905
700439
231773
150903
325906
713131
145192
413372
316459
598184
109535
674841
767795
617080
470167
588932
938544
963668
424983
708582
622748
944919
129600
416062
360858
401198
56471
924837
134419
939116
273265
955820
881777
124410
201786
7905
647800
336684
60897
760625
888572
413870
190244
239399
416451
519389
817011
799890
345271
710322
874692
517253
302535
827737
791602
405688
715676
74208
596498
166540
67764
55306
999125
429676
515292
808964
605139
447439
691406
122863
711098
428762
760740
212828
121170
927201
583608
93846
938668
772814
768731
421080
786855
618266
316590
802207
567326
329017
534560
384346
673777
169235
736516
96319
201198
302764
421198
28407
89501
312292
573162
120953
447013
620122
298680
680756
797854
343724
320360
958246
109876
448794
223023
739658
726580
996233
470499
341806
308854
964451
528569
891298
700712
568603
250968
517517
805427
535758
23833
929113
728395
458245
638302
536206
713624
592279
108940
195197
413180
28652
29990
585746
366785
654748
53895
22349
623968
761333
121340
341002
338416
835611
573500
411836
333482
551370
613188
97976
462549
154872
148243
307373
152658
590358
959359
733874
53254
621812
271027
998200
149471
731396
333574
951775
907013
350006
972792
494564
340511
683779
601867
768631
914879
334982
799292
527274
847787
304900
727773
709190
659785
199628
934736
998328
278118
414714
445089
428329
375779
886805
461377
219307
349756
51992
272347
474446
671990
325198
545557
340307
735333
463702
27941
795512
386839
284358
311373
106482
642657
670380
907701
993465
212739
706416
595363
617789
436730
978261
523673
602870
106467
107998
416651
137817
498695
574733
810683
350054
794887
226055
877619
917342
940389
478291
649246
941906
94252
288385
834820
324631
614142
290471
551712
242902
166776
240710
754144
718912
5827
324108
305529
967454
535034
402995
452388
491590
748083
334471
512312
796522
812589
643972
335589
970698
717268
780701
99594
731913
891251
426777
506804
697502
238838
280664
480308
377377
947803
366964
694620
465285
22581
171395
582038
147109
656797
964536
320992
57847
219317
292009
98919
397597
416218
851627
530751
488218
826726
510809
576061
949473
417502
255988
173618
513417
43647
460516
475972
286622
151456
150813
223850
718865
231172
139549
42243
990031
633278
173841
477908
600622
399489
142167
149277
649348
776387
670751
724502
554450
94286
204906
564875
852254
507107
149556
319633
927902
785355
173999
351204
787664
385467
762469
927390
931751
664227
866302
939926
57311
777619
185186
432403
286449
118218
614582
229804
476579
374301
952259
528381
846583
103041
870069
463432
438083
378741
464255
886373
423265
983758
55259
737127
331900
299488
465263
909901
714443
656966
637388
109474
232346
675791
43663
277618
884932
945157
688938
682025
918845
727707
286653
542409
481548
288178
957470
683655
283733
381576
495864
854339
832788
99198
448911
47075
425638
798916
705377
573899
109825
330211
622568
654138
60933
734502
528893
886980
790378
390246
139414
710632
884504
269873
228656
320717
799509
403990
231176
200542
305432
587856
326146
165886
860669
710797
808429
997226
800274
668185
168478
367786
961870
120556
296312
179316
47521
995724
826254
387997
639015
139104
640735
259260
459894
123411
268480
759134
753238
327201
921431
65695
157136
490305
492163
927211
3039
339119
683673
367633
263235
705109
872138
572033
88181
615893
726432
665506
943797
377910
662439
138898
1983
123880
170728
88763
384668
445365
382737
195598
750228
749127
806128
915103
681345
866320
383262
402333
644606
556954
170168
803948
200447
35755
839625
956513
63610
117972
949252
369945
346243
20310
915692
80759
222966
14770
392726
774008
533197
216204
233862
63348
296914
622395
609463
376499
670638
943215
591223
802537
974623
908031
496558
408592
988488
973071
64191
541408
225954
444891
729094
367918
122512
152098
690370
76126
913361
645105
465292
837766
111183
116426
498245
322337
383060
45554
747023
954605
976092
181204
471729
998626
594821
211989
622878
372622
927459
186869
800015
811026
292720
362526
404301
57331
22880
195405
219019
74077
977619
340762
733679
639611
276580
330725
875569
247211
733663
967647
969820
881378
861007
193906
175346
283356
848564
931982
395245
168125
952723
737681
110943
900361
781736
354003
535803
950141
858871
196939
490412
359880
910592
183137
881315
728937
508433
439760
226862
542566
317365
748919
354756
993190
603402
515517
340765
220204
456433
608415
645950
722800
128990
552792
549650
332700
526479
50795
354804
361632
801561
42576
959818
82034
559645
594681
963019
691365
916378
690431
230240
494629
820508
25134
579560
893133
441939
923754
224854
607717
422078
806268
78901
278971
792454
184381
356236
599132
962535
420125
267741
739375
541385
549584
566983
798511
642413
472471
898251
41027
879811
419175
459691
188604
148760
9783
191342
271082
705196
544043
625793
301275
564641
63128
355192
300209
377168
140659
107378
485343
410678
613979
668032
305996
341824
385416
398484
212980
611630
297032
122583
915151
402810
687219
507712
25195
583559
610554
25235
866138
58550
144898
346659
452254
514344
611176
774952
85696
302896
917606
560441
843648
188890
478477
317606
288678
569875
63026
977844
14519
160435
909414
575477
552643
198894
804253
1668
230427
207250
63151
992347
681825
245501
725181
421969
478455
322655
143980
306098
145881
529896
672909
994812
551431
307470
21917
502132
98331
897788
828647
671972
714937
848922
662344
258865
957603
544437
417355
602268
226604
785420
313586
446741
840068
492534
110358
558647
725234
883059
947750
244773
362849
413773
267403
56383
675793
474218
404844
992512
391086
883825
355341
827830
381822
216471
32658
673375
364979
227781
448738
306525
37920
771752
358695
757078
658632
320212
482481
687211
518035
446613
97210
28307
806170
543316
806916
903187
806817
671331
7263
145436
137956
78757
156871
682369
3914
776413
425705
105171
421878
437073
156358
59739
998653
676122
824304
844595
225970
716043
667186
429377
898204
225148
302093
209553
857673
114866
364700
505294
448700
996076
376153
819165
623169
550861
906360
511063
284577
532449
275633
972512
343410
229069
897179
187880
757702
427800
355444
766398
241667
60432
837693
813004
558483
176538
890626
10547
845361
403610
802168
993860
900388
345339
621950
768919
980425
677531
124614
988428
867336
883030
896589
476380
492841
860078
957190
964507
117951
107668
291029
2124
716674
379477
368182
135328
859451
238180
480254
83853
907160
131456
461882
557767
70879
921857
774196
747358
492543
232773
503187
280308
317059
73777
408418
617113
578848
237222
608233
857797
230253
889410
234039
480113
791474
58896
251330
298066
792664
44813
495653
543539
604288
244376
56391
152942
323824
369397
550748
953862
978089
806717
499013
799076
213076
841638
347859
802541
473306
748203
166185
781308
7763
95000
422527
405057
28502
146420
567107
258101
926639
905226
504794
844089
346222
971862
912963
569930
642332
245961
733341
868771
359625
102777
949311
592496
252673
770601
485061
403882
646173
276784
923115
573907
411253
779272
94225
79888
855219
788277
581150
466398
364931
968975
271489
157874
787302
459374
316051
503473
274022
642290
923992
920073
318948
985068
186981
977258
146381
708333
260187
419493
155499
47721
884561
483423
569239
977862
488464
627249
350605
999431
312631
938848
785176
266448
175039
600564
682092
35733
820121
594807
827090
72995
358708
887884
813821
338059
496410
224425
523644
410726
458042
602738
672777
592010
27968
846771
605566
33288
390752
319674
731367
18846
313459
315343
843058
69760
895416
856977
843203
537150
176571
508655
297572
29330
552978
304895
387354
290952
135172
653054
950419
894538
502789
664997
259643
639687
300829
355556
399917
486272
994534
227582
730630
867695
433332
518080
591830
447123
400143
687583
328944
462428
67483
982957
965857
320944
168089
529208
84157
737944
761542
128575
153364
789003
408929
393746
81796
616596
623626
485445
55784
659682
43974
345168
159983
205164
181663
849030
44743
621695
262120
319088
831543
53989
133343
880582
904268
595636
676523
747721
61035
190512
231684
936640
323270
591774
966833
943884
227114
519654
279661
380202
785012
676899
424739
263045
331299
674635
140761
366518
73161
203766
599273
362841
360604
595597
193129
148365
157673
164432
51948
815431
739048
409219
998882
257940
526954
793014
2778
495081
304367
428784
564392
644776
983444
819959
617570
220658
112873
161919
557636
86499
349473
96621
155827
904750
545378
348486
856479
908950
116925
390201
970881
861767
846327
400261
882436
822287
231110
1928
938944
566012
819096
430054
534241
847762
723148
224018
821862
607337
8836
158332
372614
881185
854610
243031
743789
188419
166863
57029
197411
943606
630730
512418
973518
765531
256990
707882
726030
745413
516381
876040
846150
243672
911848
77372
884090
612797
468448
878887
785428
490303
742071
708790
426561
267781
783200
725289
375096
84268
21285
739967
918235
177025
695895
2752
619894
527704
433375
38822
171044
577739
854323
20201
411024
520531
586149
847142
989657
353916
692181
130411
624399
42248
376775
242722
170331
541730
464271
476951
917499
21053
366249
371303
640426
651209
500453
258695
121565
832978
533567
666286
704874
954101
509197
851872
781444
579455
488145
164184
78561
567139
683054
259986
734844
995864
428152
506354
520118
87501
424868
478932
212184
252426
567454
912177
424051
50404
430714
507882
968616
123613
605890
198645
307844
4502
600749
207201
842755
637425
855857
773447
49910
282375
834991
760143
505214
932547
609869
116188
247736
582937
723938
116373
813235
553191
687818
363217
708508
649702
12952
919646
999483
345676
128555
676718
375126
365826
275481
593247
954035
318781
503753
395558
422587
620603
513117
655575
826170
179804
503244
508179
451395
511963
429133
823630
737905
832359
433775
455291
867336
716578
753606
894551
466105
142197
956415
872271
335364
503630
957141
664655
598776
38199
911516
15592
899350
27732
532539
840349
48404
59193
249719
795531
594109
407333
76458
635314
838709
626848
207506
40612
118939
565036
12229
691976
189063
300458
