822599
995612
111425
665077
783175
638877
119899
696205
823024
969087
968416
39767
760118
347413
843388
555390
960887
142295
927192
396562
490053
922918
974771
112469
967889
470252
935772
993267
398453
473378
266377
824080
783197
404267
237271
871865
44243
324382
400735
834684
779623
97569
127089
578771
104439
883120
440688
483451
554080
96701
851466
647139
679873
378290
74002
97920
396521
893714
729595
910717
64221
841277
389235
305424
270727
416146
291353
805096
497981
783406
300061
207234
97517
970771
125683
179419
495779
442597
327860
625344
222711
472653
900497
824321
734550
241216
5748
159748
164971
895258
497141
709941
485481
49892
659189
353499
333880
54389
337435
854086
965753
834740
934505
499044
197112
713147
435130
877236
681069
93719
627866
683922
866671
190188
76930
223024
922806
998006
922478
160549
464203
756074
587613
853919
501454
785466
888293
727285
430627
341432
742896
600407
8763
684690
553046
584615
721786
665979
730457
365024
904010
395371
361655
583860
231676
808508
901936
118581
996886
103413
874644
114153
947709
743204
68423
389952
915328
487076
211669
537761
278462
696127
235564
100768
293814
664364
868474
179020
798377
313465
443172
244134
133102
247364
417375
662956
642386
248227
880111
386130
309097
279267
896570
25810
868854
189486
479944
435035
689074
135686
350746
165989
196733
383854
274084
663908
703326
557799
689447
269786
581496
370199
91887
852359
982284
864775
513830
46780
484069
208579
658260
230222
347300
758500
361972
285797
627688
89450
984692
945268
283545
554883
585032
13443
3026
885353
950379
419303
989929
66535
693107
940372
529180
935419
682063
122889
647769
775127
30816
850409
919913
54146
594098
250090
980219
151004
932694
423654
985417
796414
129501
452623
787561
350655
650995
656000
532466
704084
74837
379886
658953
544911
661808
941565
864263
455816
720472
536239
406664
489049
415457
661623
775123
847490
18846
98796
925473
189485
678964
899481
531724
588365
805913
831025
224981
584863
251375
411935
227410
641363
604279
649404
526322
871812
729587
752602
512367
656993
331485
135933
844367
775536
455421
236713
525846
433065
909739
576151
189067
777022
276513
321281
656229
400442
215996
317212
134418
153159
785935
346278
219237
960970
540068
320021
340826
364201
256272
292079
513030
185388
504434
55416
611040
28929
62728
26821
618405
117978
740077
831855
629485
849201
538739
248419
641992
942571
709337
142679
810580
994714
947369
591063
62303
701405
136305
932797
245299
605090
96859
183999
907458
865996
959147
174114
226991
240495
924437
498637
442423
822264
288249
453368
813370
890794
829500
708547
557482
401923
625476
34851
818255
359229
153104
232759
959988
583280
676273
530297
171377
731541
400424
706320
230230
219621
109854
801089
580657
61727
311098
220230
405309
54953
107938
114935
322855
463246
810962
496869
8957
694054
301842
100422
716982
552915
744151
835722
191960
776935
140728
435596
622218
957219
98635
614756
379510
334299
163612
873369
959130
570357
104905
192180
340524
647056
859197
111343
125544
353985
333703
156172
371191
102648
792790
225091
25661
643649
183379
729043
386367
814246
215515
590714
454192
300274
145816
361664
672983
708817
866171
312685
738590
415508
985624
492890
500856
310352
980573
165413
912496
122086
367536
641086
231435
533341
852261
371806
848794
128746
340953
314968
124062
99026
838190
974280
915735
480358
30370
641127
667819
32173
186126
831489
90928
959904
385273
718269
787350
632975
542231
858587
113332
814817
107297
793917
893485
770616
692946
297308
357118
692723
393659
657051
387752
306893
149379
258488
750580
406499
652223
198303
199080
124434
457194
479129
866628
539582
665985
637473
177721
737264
119998
884311
232167
178647
864622
406606
644049
734319
845553
297984
799072
764159
778702
89889
212368
318332
270576
447184
139899
415883
791745
95786
345664
75172
713506
441081
559248
786066
903108
192074
357717
439831
686886
55324
24191
459372
873067
192372
432044
255589
23511
694158
981106
227955
761382
75886
376588
975812
199241
269588
545312
168901
526462
695181
353065
477895
64778
258214
348038
229567
989590
260348
486558
590248
74596
551983
345902
147651
460972
147253
473712
787006
375191
23562
697065
67507
540887
247109
99344
406791
399521
104198
5270
164275
821000
677452
647190
796639
748151
815459
705819
703018
927371
699578
230728
781126
517899
408147
395048
411777
686725
82963
656211
312030
872390
358777
142777
416994
2677
981612
908302
752554
575692
625644
332306
492217
966708
614955
288636
443024
768957
586997
732162
739702
243831
88073
964552
949399
703599
205388
689634
926793
309065
902483
383368
90537
537271
399262
377813
158052
8979
197541
996987
299410
624863
883594
665544
240380
645462
196717
485325
854654
701806
814366
986416
189960
758765
425069
75600
734526
418725
651934
371216
358144
670734
981561
285315
956484
223806
687357
608946
57374
237767
877940
655756
695585
706989
268130
54891
490656
908546
521751
61951
382093
466144
326628
366169
798787
861955
399530
665814
113439
736001
173710
698214
856137
498918
5512
788536
229649
15664
951707
69828
736116
272419
100767
354932
472381
108618
358138
818736
99592
426892
12909
471428
144482
974695
842506
747184
551564
788427
616836
226637
570398
700437
69983
445271
557769
586342
133958
98843
499637
818848
287227
369534
794697
494589
832297
770983
69256
191243
74389
449674
618712
911112
817011
795858
177375
43798
463637
119722
431622
273499
8830
677161
798303
684023
66645
590744
713827
356451
431541
110176
56660
250659
429793
757461
736705
907623
807509
981209
392104
551620
781047
293742
834933
319242
439980
224092
98281
340161
551688
257403
593110
689157
5533
958046
967623
659771
950452
615900
274300
341935
881306
497404
194578
337868
187601
373436
113601
632374
173864
150526
130176
332104
724581
261328
450883
495909
933662
682326
482660
975037
312935
693143
200416
207390
86437
439392
206648
111156
182657
321176
66359
63711
213113
480226
160723
314991
581712
61352
305005
980735
123941
386763
318771
775659
388386
860644
163301
304879
539659
163317
372084
716573
348470
580465
879110
248634
995354
433444
969495
991734
430079
770496
12409
306887
896469
189318
527036
199073
274081
520845
232360
103444
356882
22642
464359
349121
54002
746525
70656
323834
179192
953899
878398
816886
395514
796477
317103
702445
302143
939485
582728
705686
206386
621832
424358
248123
948403
670876
142575
726197
992200
506143
61015
117514
495985
131689
529919
692895
88729
42736
511543
130651
720104
12078
920036
875547
903542
511985
797437
204363
791513
108030
425007
687591
12575
134883
239841
78094
807639
493400
56401
384640
822986
526481
352029
69556
916871
954467
64478
589849
112796
728656
461231
857575
704353
111601
766923
514016
965038
552319
626580
734056
969772
322749
507376
421374
358729
114054
432782
377238
507461
25582
923719
195285
19626
11928
816863
698856
982744
9684
414890
727937
572798
250418
646411
114864
270885
848680
390488
406618
466598
127195
879897
433176
980412
518029
817392
189294
834036
946788
365906
52006
627457
832787
545907
883016
194028
817255
809216
3641
559400
697392
859782
580142
711043
810890
283504
665995
506297
154567
334829
671516
143715
900347
977200
999214
833869
761443
129297
227403
803364
191666
252177
24401
315022
679226
246651
115502
956820
452851
165029
221562
198970
554348
793046
496369
777648
269643
18817
759756
703457
415554
425712
683642
470376
944528
673596
978944
784482
908337
381816
996586
890462
614692
172654
932973
667505
714135
963713
518491
8359
39216
99762
547969
407188
452410
633277
429024
318408
689066
8611
377414
720864
517070
771779
633161
641657
905489
913122
637856
54336
455917
267274
990878
636773
357101
974350
619788
700462
198238
176811
20129
160936
439442
970185
784736
579384
30864
913569
935951
156367
170331
233722
169487
60668
880733
381580
87645
201819
280240
934149
49316
867819
247434
159401
595964
495933
133122
51540
79811
709257
28675
420315
906390
746587
180684
224273
243245
699882
973665
195365
653520
867401
139281
888681
758522
367543
589029
360237
881545
667281
773474
368394
955934
702247
179643
899643
550359
3883
363031
778149
359782
602309
607994
410039
976590
21508
69970
117484
61562
30256
651425
999149
276026
982203
52993
521748
117018
580822
888473
336396
747745
180639
153819
591700
752547
430967
178615
405794
325955
833714
499679
274532
206921
176744
740536
427809
638940
537832
984538
551742
743068
11916
542916
108253
325342
813096
523551
314848
409477
318172
911213
468811
988985
872137
933518
35720
306823
519008
440431
524675
758421
313558
741263
54262
248896
12852
742063
32703
622548
799434
487318
295276
691047
935556
374142
922201
459602
327380
731679
532657
589453
101839
578901
68752
473126
539604
384432
235017
803358
274726
227672
387011
531552
574491
904859
841790
505375
565678
511381
997364
14987
48623
133307
325146
866607
79641
847620
634117
637546
227268
551924
111594
617352
398193
888517
965566
308540
617603
377461
318716
7164
153997
447143
359173
878777
612422
751606
851873
300026
489881
11421
538275
883604
336857
404860
485227
475272
615762
343944
39429
272825
592699
189714
516079
113096
565255
896818
324536
235790
595866
172752
368388
583349
538649
430542
46188
204019
300122
890901
592706
118564
776187
548795
771122
385923
111886
534094
783236
875014
695602
246272
103229
309395
665341
595375
636581
211298
580821
857807
371428
19568
530718
418870
56966
639964
116493
398275
440670
337955
58523
168940
777990
252787
408534
44579
878340
332973
703377
372453
519560
898492
559484
367903
126226
90637
809934
4477
954928
655082
194910
836816
471205
458807
554834
586394
153893
72327
121134
479033
24893
877147
798286
250734
311760
521465
447279
5450
279740
241702
259559
696436
22428
364032
441013
322905
251110
894842
453299
124336
816819
255924
764712
379497
597087
625974
61754
774001
540230
32393
885952
223204
116911
896946
102390
457552
669573
130060
149450
649570
188288
487489
615059
527792
796643
164324
42337
196066
18462
715374
847855
61309
906195
10388
677365
559310
153782
77377
339674
301807
861069
134197
127047
959481
588055
8889
195351
477702
999625
705406
933290
118369
332467
716818
609753
791757
213249
380350
223747
443311
295774
994622
780102
763416
924915
615581
291722
178035
321869
325357
363639
644488
138845
366112
991302
645290
406233
628359
604405
300035
136575
534628
59732
777658
96505
39917
306109
185982
580060
522080
747553
738610
674250
347901
5501
785525
859832
608805
631467
344780
109194
216077
487956
831535
834650
739167
480579
723949
936152
135789
90965
922684
818955
299154
896525
317217
147318
967207
173892
805752
818518
408863
818045
51361
402247
208448
275478
569863
455173
422270
950043
175310
923408
700022
493237
507417
543402
60420
961152
697653
196154
313537
823098
997093
172115
111068
513750
194442
224590
445844
238769
365423
521427
947663
610332
88495
106615
782490
476375
565443
919487
611070
563295
418924
531395
959035
304735
556985
300526
507812
729154
1526
806562
512790
883688
469297
590968
77270
541878
105386
286757
418054
34760
790614
67960
812612
627970
999760
148799
154336
393220
764701
158026
381751
750139
107546
729159
827952
130708
390788
555212
879123
79500
462692
861940
743297
307043
352725
339232
584212
66864
152691
238367
283348
716813
988386
152232
277138
565810
447736
768836
538021
134495
177160
370505
941310
77555
714124
725632
219946
919258
213870
558952
576997
365412
445939
76628
493141
647408
949188
999407
724906
467655
491867
176864
398863
846405
308295
336456
594573
936241
39131
282344
228029
632686
236665
592544
983272
637003
882294
557074
748349
6261
19882
682277
686317
143180
846039
272422
340519
75922
717748
122888
348395
741696
387029
606284
614413
853619
246840
115772
596744
266051
440942
679889
278333
773109
47523
118836
641351
992582
469133
699041
384891
245287
117741
950568
500225
340233
505029
655886
426377
296910
42711
279888
186093
223775
65109
268487
165794
237659
391850
425895
579417
507628
956003
246625
266040
729334
113276
451753
31152
73321
904451
807057
314426
295926
285483
606164
909555
443039
639664
535920
170002
770598
133153
891242
862210
440039
12239
359541
700896
894786
577552
47981
667347
53488
783408
518910
783362
730679
388021
484514
677686
908024
699662
556743
309710
295974
940312
340494
371737
159249
177484
249200
329108
591648
468743
747451
686719
740893
101303
298234
213150
668331
795935
201587
368073
514194
287368
293898
112304
683451
941189
340611
661743
526263
240481
227109
368074
371897
99367
585209
324869
746852
4941
878706
335587
674111
697213
989478
979577
3654
710721
625018
9645
509786
220683
936733
572624
419736
336479
74219
78614
256966
232286
898737
37614
545322
990832
801552
770050
369653
709516
924282
919629
203100
222247
539866
943059
624904
659895
711376
726530
761251
543586
191450
102947
476435
667272
615950
294013
396868
200490
853059
539398
627101
548149
424912
584135
694356
137199
262956
916235
972829
735165
630517
941635
120445
761230
616396
248185
472766
385256
24669
86319
367995
503437
643580
186644
274651
2121
777195
336290
720858
550171
563256
599063
880835
246397
471875
728973
540858
324050
53661
200568
622901
262252
839373
404476
467659
75319
243628
278505
53029
177797
228208
425684
525969
786742
581381
518227
25269
569667
603095
185044
630624
981992
252333
524314
561980
965164
369327
838933
801504
895118
598728
14686
663298
811213
683686
464012
37961
610772
708830
764725
117057
191297
537901
107653
364840
581073
77529
353012
254501
52137
254711
377511
345304
711299
339781
191269
681676
606323
432375
716212
593673
578581
543119
403152
965447
51670
778277
421575
207869
866395
902
316020
842775
613777
791097
774933
915013
365522
453981
318091
525168
863601
295278
512367
680711
143138
829222
460555
99000
481225
277184
362556
82043
743517
633943
202594
196872
889593
50989
950337
10217
267199
538697
714359
840937
238697
710840
484698
650540
816813
221683
337325
293464
944012
11169
837247
785457
709688
922931
437345
268227
550048
436589
112898
902328
67545
604037
27945
989513
858090
374564
123149
936145
110196
205321
291732
242366
295036
308301
756711
876320
513879
408897
430958
889700
54833
757427
410541
124122
167097
42192
175738
872561
921773
403043
389722
849285
422909
413179
644472
848207
331615
224811
532737
502203
840494
240939
295583
699159
598207
714268
956495
185063
470147
85353
680737
240917
89106
233225
808204
998341
511770
478944
882539
791815
415075
716805
375960
119846
395774
425247
56099
508445
789066
976104
729712
742633
366818
56020
820778
336058
894438
599754
239015
307587
660517
144209
4250
299249
334052
880006
568367
863992
872397
740681
852807
505608
347127
768888
824976
689694
769230
361235
757503
936183
540575
739519
752941
237856
223683
190502
311564
393770
140453
640123
180228
185
310641
861595
94766
564987
650010
46031
435692
669941
635912
624750
682786
281464
514141
714655
272726
114163
90467
286333
989920
744226
764819
387347
494093
133540
289348
258822
695446
658923
427567
84690
936440
292621
180891
812077
653936
380791
732713
888071
539733
927488
418366
985907
887569
831131
687240
683935
419709
240551
103535
340159
193433
414177
526362
152969
638181
343033
801371
589913
858142
553282
742968
689972
287768
871298
645335
783721
306356
836969
710149
425043
823999
415839
400547
135164
90472
817206
463597
970972
300635
83135
331688
533759
561086
738744
841896
835332
470983
544163
476987
304001
397624
558641
87990
470980
562232
724957
667290
827061
872399
964246
404513
8663
859966
3796
861355
644461
969977
599052
116544
619001
336450
740414
525313
191647
658659
716780
504496
611497
713416
973861
963800
182500
784630
817343
270043
234407
862188
409186
184342
754611
708437
504897
379699
815222
944486
238308
657674
521002
778394
123361
735540
435610
428808
540458
808495
75077
244381
119615
342311
453787
255484
435396
780839
327524
671471
584813
18843
831744
433032
220629
873601
61705
470744
455022
39404
205333
65803
434771
483765
950935
683487
406842
397822
951781
100415
515909
560356
601300
154304
477431
718913
671359
884471
685188
171674
130855
639988
825025
488876
841460
138016
375546
293710
43162
946798
217890
256067
751959
767425
501477
364574
412696
100058
581786
178962
197243
194172
270612
158549
678639
224095
835032
468081
56376
978124
64936
447911
228751
163227
76222
857216
422054
9927
549012
308977
749513
793899
12064
370538
587360
135324
527454
575739
810641
426274
180933
129699
583042
454675
692251
744951
317436
54478
247780
135660
572843
643025
317110
212033
537282
424504
590376
922059
561467
203219
65640
635550
655420
345186
374252
271637
836565
428271
195649
379263
978342
704520
952511
509926
985950
799320
507550
115133
627870
584162
243169
655845
780860
785241
841968
103324
789859
866526
291971
280259
530071
212310
320122
957130
36822
839335
982347
330106
402458
733392
802899
506014
653115
719714
881869
250575
456434
988127
552672
466523
273529
604526
408082
687377
254477
207927
72539
423148
867861
179681
265236
472858
697309
588454
431054
195431
223803
717647
540479
928779
484562
166737
523480
453900
16437
505796
194226
927377
161187
917756
147814
204933
762800
532742
974395
514980
669573
92161
323834
217893
953598
438614
224222
807748
100977
86293
608232
964651
78543
795757
918862
363516
736866
328008
83219
729086
960310
838721
694834
60641
400148
765187
990772
805999
97897
224767
562977
643410
950726
504713
178259
306684
927297
128912
642150
986807
863800
80056
655115
82569
701813
84502
421052
824003
224749
620423
487882
739366
599395
72237
959442
377843
472554
951815
703758
604174
941575
915948
344263
374990
604469
321764
345256
799460
749953
420195
85614
573669
813590
23907
380988
782005
880915
903645
305995
745298
151768
308387
933183
663290
378272
443805
992980
983994
421256
760990
997303
152981
977966
266914
873585
79757
13429
81446
737022
461712
508452
911076
306172
167874
983406
632874
501119
913507
413324
193814
953857
206557
222022
603824
801783
938733
6226
821412
607742
494827
305939
775962
742132
61879
856514
602484
441188
965442
47658
415843
789529
602294
897485
326183
216659
419651
380708
656993
446616
11912
139076
154006
737569
249562
772380
810434
972725
374387
19867
371478
302484
848826
772846
651153
468809
306282
879079
608694
64291
89122
87801
797359
97725
389641
978208
463038
363256
365532
571102
925084
211338
288726
619935
495536
21808
760763
703806
111085
119743
717184
526112
151304
991832
474522
186110
573013
95482
112289
172033
320957
313970
770593
783686
799134
361453
109310
824641
541951
929454
892033
465661
269166
108506
841219
272577
537913
449457
658676
568079
478533
707543
809928
252870
589902
40400
358656
22887
54203
985291
830929
183284
570333
13013
861874
806516
931460
998382
268167
832340
642238
752121
232741
53672
947437
564364
467202
181262
953860
806440
324666
871859
418590
205890
466496
132911
442426
212608
436895
281036
384663
9855
190892
598884
753640
768593
353035
885544
181557
198468
417882
594685
221326
189597
44413
240832
915180
305188
631111
135594
905317
690393
659201
699663
680011
936260
642907
809921
731107
90730
114348
863185
579517
746203
835112
649973
865460
630633
768733
223877
260164
129075
14377
925088
687491
296223
836604
730988
430718
515942
68486
445882
214129
241352
995965
521479
731426
489121
522188
95966
414490
663380
461467
162651
271297
679779
39607
806603
599253
330273
548255
715120
682311
934462
578346
250593
473714
103618
725592
947917
189176
72149
509043
147104
440059
610874
125089
155774
8757
904604
247945
351148
723061
963969
957984
887374
746167
639003
716175
829195
677662
62269
150851
669964
325968
82155
153360
831268
197870
273802
960066
386186
144111
547190
972738
235201
157016
656690
108834
662424
576858
940154
702533
912781
804935
494069
624814
503949
957170
137799
662755
272279
23011
814786
562813
663742
472052
470972
188943
383693
422156
408123
673009
780037
536821
907277
347944
390081
391323
794037
788147
227515
627043
519807
384885
315943
227237
49589
573178
756157
903496
15082
581287
796820
902265
341235
144323
24746
256903
173366
335708
850368
818975
695322
536151
21474
999071
981854
895448
312708
389016
458054
532618
978056
774373
335855
234827
112605
565538
946308
425335
614273
862859
465865
925008
418470
363123
483285
361671
861747
155166
266460
378025
253089
648635
731754
509801
765574
249025
7212
583622
418095
643300
886377
746713
403045
641780
599438
302333
612946
848979
1062
185242
102654
793681
369320
284304
695218
513766
881194
244797
281341
842443
68468
849836
45076
930933
615343
691482
595668
638575
141757
382118
240484
22098
996450
972244
606326
440164
427167
68925
479980
315467
75807
529879
459991
8620
975755
765533
171098
806309
904504
442779
660845
572002
496512
304344
128830
59360
793454
547359
744945
581308
341907
354028
96328
319287
968565
394288
682142
671817
958439
293889
893518
382302
795572
936034
472177
214129
439605
555562
341059
967684
904642
808403
561959
29369
895237
848609
987201
658256
184490
856940
698049
864574
405874
190220
590272
356966
989031
426977
406146
346167
494314
512636
600155
665249
796584
874926
392559
690548
711339
119531
904594
483288
335053
129753
667278
21091
470471
332027
185858
620954
955303
73269
578023
423944
698208
91195
731758
60468
313531
153690
147205
384257
916140
510819
434489
827495
279103
227824
100214
936330
693617
845972
507817
858868
127835
456291
972038
321268
644617
217946
668837
234258
154089
200173
896904
903661
623967
58412
509111
469939
745334
298065
996556
51901
674800
868840
791755
993413
894206
736795
394665
256580
338123
259737
741614
788012
388850
539235
933300
254143
566161
207283
523599
804043
97205
412041
444487
744898
430837
16787
557888
822778
113562
180215
52347
967101
543355
194689
55349
861390
582440
389028
946861
528313
39357
198639
693635
614229
931094
317389
325308
467162
508193
479864
892002
818137
800782
379964
155208
543644
433827
863012
704939
605338
199021
138371
666805
136151
842193
263648
975771
61334
779137
91007
550117
942716
387338
525192
723662
731331
93833
66327
150401
956439
453758
622367
318083
708432
493305
471227
145904
936397
313200
377747
704862
28329
980210
870311
136222
276573
976630
329979
939041
80434
375373
341663
282038
80737
668215
285722
243761
343817
850961
109362
223400
184587
537515
919259
888919
117574
558520
720570
51811
239146
351327
547284
754044
569595
457710
887384
837211
972516
126894
992645
317355
466293
758161
842553
613572
390843
403656
953624
368978
67451
819569
159189
262484
549066
190574
552352
714176
281228
944849
27628
278724
614151
546547
683676
876968
489635
315108
757513
452943
600640
956220
102194
160157
663732
508176
459841
494450
222112
507329
603638
860243
824429
459630
188594
137194
491944
690697
777826
649700
365880
201351
773318
357176
506360
378545
568797
344840
832757
576536
493487
612960
219269
85797
738039
352987
30850
627662
57898
738596
841250
963813
202984
617690
807668
657546
29950
786445
829369
284865
44566
556005
20317
816670
531580
761827
123985
803549
298765
613630
368262
649806
795646
975791
646279
751341
292294
763913
5107
523984
913641
902271
103062
222713
702690
400778
59812
598923
405677
130146
238801
331674
89966
604585
268176
799003
749121
963687
156005
933755
152287
327152
148073
849803
858089
437730
500250
997592
558613
341387
514076
39705
355314
142055
326865
49793
442009
98822
154064
508853
203826
199884
64068
983384
878944
635475
646884
9985
102282
718635
566538
528334
806535
708737
389939
307474
29285
620893
430354
119849
960278
617925
536209
74797
949304
820287
702437
60609
673152
195636
522444
66954
799106
714160
245478
920510
618527
726150
753069
641492
240139
301329
560723
70555
380729
181461
493430
359079
134310
552835
891267
192486
332351
714267
775460
902544
427760
737516
607591
809277
46282
849975
820461
271696
455504
519858
436938
560657
582943
648168
452608
191641
655671
295549
176531
721894
409002
697103
446921
386446
69727
141817
41408
360849
163203
716657
100395
142983
811406
596049
37035
494328
600365
621043
37318
528522
839762
380149
960710
836245
981588
84187
78896
387475
8579
9812
597151
247795
706380
908117
334654
973964
543749
778210
55391
671087
586327
652715
162554
135701
658693
25107
73668
219703
746973
842507
93483
154557
132793
981469
301996
962830
284658
700037
197650
574150
641571
802234
991180
500293
65941
48330
653033
712804
605388
378723
305074
81603
798829
742318
583076
264510
379338
967893
242248
356478
309004
608869
634737
9003
801020
97615
957522
325375
330030
591625
908985
730678
933834
547026
622444
257826
881784
623954
374174
191067
867943
778783
889422
175955
648443
730716
482109
99719
903121
950396
585354
41489
519663
443044
928043
121882
318477
809391
405706
257006
84026
488779
781434
337704
847981
690112
487636
105548
603177
362385
687858
114803
37835
411131
353095
508321
130867
594778
994714
459570
314957
842923
7261
227635
43643
27244
339438
30222
196001
234208
783657
484765
699788
301230
192423
871839
444991
152041
739928
221896
147228
291435
72505
811186
490604
587290
917361
552306
186443
298764
162254
223877
877939
987015
470935
772970
507619
164129
881037
465417
895787
605574
398339
16912
582359
552344
849751
668383
461814
48945
91340
238361
626374
370692
44549
84571
766717
97953
932448
413129
374454
825111
326637
197636
408182
847795
364810
794040
536603
350311
634396
813457
536672
182662
231980
566413
914895
991468
850332
894252
856964
195387
1092
391045
936281
57088
622381
134579
663603
579763
744104
528684
199592
385565
383692
726833
652108
351828
657291
378145
234199
416610
334192
959017
1140
993412
863416
579478
511720
257550
207370
471051
65949
359852
940819
810830
822091
873539
664898
794364
149378
423029
265245
781149
963222
841924
473982
651666
48231
430286
933614
76203
848587
395126
573533
287957
898459
54883
932731
153137
779671
106914
529269
10239
512118
883879
347663
236153
288719
624369
728410
347260
807389
772875
576275
401249
234098
307118
598168
822635
844219
796676
991495
885336
653484
485767
169589
237210
315080
198216
989128
139616
522638
241356
199666
149389
507203
570193
203274
53706
227865
450286
928969
49143
880441
293336
648733
446588
392946
21312
735213
274174
729277
184602
482666
430318
211052
700537
536398
904955
486575
632470
849397
205159
174531
184048
94740
613111
825528
352717
686234
572420
297885
13790
290337
876335
35145
90304
64913
523570
632969
793887
303378
895761
789089
16309
15083
503919
202625
25520
832444
659132
256838
916850
855956
814028
38953
723058
383408
27907
635208
751936
130257
945517
209679
171301
64697
495594
856771
109992
475265
17990
197739
302189
542298
924071
394331
47609
366430
35039
190430
940497
500946
453410
942463
220863
161851
10321
473652
500790
930201
363572
201128
661197
506756
907591
363555
95847
538978
197995
645977
401908
470019
216381
525964
923472
885017
350852
26206
280073
92887
866692
561591
809086
199396
977967
533454
123682
431676
412411
885464
72928
617508
357455
879499
918361
566024
127063
957518
49993
362994
865591
749823
439111
672233
256155
117280
972651
251108
668205
35551
13130
830953
249184
206912
175580
56391
648553
651945
439807
504044
488846
415306
695060
819556
950807
851494
626631
698991
824608
799363
27565
879549
287504
456298
950150
310472
580964
821275
407841
166222
13221
208145
548959
929130
921144
963693
965007
866766
397652
592514
296505
51743
243086
786492
964342
475629
642576
730221
326140
294094
621416
786422
12920
329174
959740
612430
193812
463860
741212
782130
974424
998956
133680
394409
102700
256300
742224
407795
491772
999566
689458
342542
204852
105321
401726
294052
286955
537044
920702
423124
980124
461880
555313
860187
690766
769425
750783
34847
712854
303105
601670
970008
849587
893329
818514
879899
849111
954437
495404
729860
985989
342426
533193
913088
866197
672478
240483
735349
716949
176876
192614
671502
164682
189315
392128
824806
642708
672579
83611
160272
595951
3907
476007
139137
78229
851281
567568
852891
690881
688135
142863
26198
895695
540550
73052
551693
874112
704530
848257
89251
6425
373450
695114
590736
589482
312770
555865
58699
255980
368703
48918
292246
636868
656334
668419
601569
738276
92545
340589
96412
130705
67399
316862
771932
157695
75879
209200
716649
249880
93273
930844
881890
608859
707521
838065
273165
501921
469768
870464
90047
308219
167129
322163
218596
165368
879285
393118
813164
766531
401012
414701
744658
832296
305625
878653
28938
276983
673552
377160
547655
455233
47622
732600
333670
959168
16869
174620
424378
291411
869419
953080
32693
427942
676134
757110
425135
128176
365518
68219
193494
964886
362943
353813
394675
932333
279761
934416
450517
891165
777494
678376
999836
75104
500655
817880
545699
27050
879051
223505
447691
329955
41597
320838
434977
714703
448185
168740
196459
841679
99051
634655
921492
765185
624373
184616
86193
328770
727555
148155
569903
627091
608011
881748
55899
977625
478182
584897
16526
310590
337094
950547
725555
823542
437524
796270
570743
267676
339751
210880
247563
576442
699362
635022
383256
109031
909546
70058
767553
432651
265218
446209
271054
409791
321222
645521
987194
824015
883265
122999
780058
37729
387947
134950
832807
187247
910978
528116
397995
775791
582211
606734
758917
297109
274437
801100
111960
184366
705715
222111
146134
765485
705700
986023
26916
645379
364953
93793
856427
957607
725906
253310
775675
742581
491853
231311
717915
980211
149020
761755
188657
598062
600033
892371
975050
652355
786153
499421
347207
629817
94499
893772
377701
954700
648316
98289
999847
758149
354712
227851
422114
995588
866798
429145
839525
245856
33792
763536
659458
429733
917942
421225
276926
421820
121814
513106
690257
734696
284258
38340
86489
693932
249615
897780
852834
836299
238173
911587
196938
699751
597079
594000
833748
512459
722601
401550
993420
781188
485721
279920
478033
802666
807780
179232
446020
247612
424118
883791
748748
24937
841989
545734
886915
411243
244682
982555
175104
693966
360477
917696
134658
747151
296684
302582
761397
393503
354455
130143
838564
140039
4523
127536
39740
692965
308410
534981
368121
213652
933587
416462
595439
73770
876643
995623
962807
53338
265768
54982
719988
154426
455566
350221
492993
756320
763432
819840
799673
149157
616140
491792
214178
511563
83595
984022
15094
927611
253387
896347
780816
517991
27268
962836
128624
433422
400723
387179
615339
276637
395646
227704
967282
415475
219781
954830
278908
802813
786977
143666
273427
30208
652764
816359
960953
726582
901772
594213
511284
872335
242541
440936
265789
860120
994970
675108
668673
842809
461800
138069
23442
963417
639263
425845
930605
835932
508822
474695
979304
598220
724010
170449
801464
522133
459098
605798
498460
229226
496962
747809
410794
519238
399603
177710
84148
784077
396075
314306
392151
113681
996598
564779
268640
243184
488224
556609
262298
570842
479765
658364
288696
555120
974808
27551
392795
705672
304796
80338
474689
67149
735234
109070
550667
810691
108592
852914
744810
188137
480266
493298
653029
721207
971920
544559
786569
821767
890004
434529
488109
19536
680854
884720
277344
915341
819774
531491
170098
996540
284661
71535
196828
896834
71904
156721
124492
908651
954425
311287
178577
219664
35404
916409
867424
193681
972492
780709
52417
778178
690768
655128
531737
220835
151021
924840
3284
10374
645232
160798
109358
653269
506872
62529
650527
687340
206190
943181
441377
536738
805795
348739
965407
303845
299332
390170
769084
690307
944828
380307
78588
381765
901158
805994
656595
224630
48941
190120
342792
297665
45571
638230
53894
213240
667898
91532
398527
439153
331650
127527
940349
300427
134976
118424
781831
557582
233415
961497
359212
829040
969781
839035
793455
795380
435693
560860
377295
796142
324524
666356
68529
365537
765578
478606
97388
344009
683600
449683
936945
405236
960048
180609
463637
727178
800037
283003
483325
337262
441768
376059
481765
702525
125707
952931
781389
733428
871350
111088
272000
612910
370877
432207
146114
164938
937370
793162
306709
393899
576204
594971
996328
72473
824651
412961
916189
121156
162086
916528
694261
204393
1275
16899
256603
274894
511123
137229
576841
653095
516248
578284
568283
310811
267763
700095
892846
889696
386438
379662
813748
423298
613699
409576
751320
965443
677095
174858
536904
170589
148567
636155
745379
927011
257429
228661
654465
254086
776223
541309
195801
220594
399396
633492
407827
88216
940131
990534
224043
436423
552419
101727
730686
66036
574281
640573
524149
308696
908953
911873
203275
435128
717004
352671
988028
95168
629065
154773
798988
926793
199427
832377
57777
441402
283120
646570
302878
479306
457186
443369
826924
578339
962627
233792
917927
224290
844977
265824
880371
27707
419700
359881
700570
520442
264792
832610
423219
575972
542444
443880
574063
148796
18069
29955
596099
614561
80207
140276
558957
849044
246530
680683
520230
686040
967485
866358
640867
691698
514513
494163
767495
477520
374796
497446
671592
649158
694161
944582
420028
164467
981777
920177
311072
552642
107880
107232
840516
238413
581142
61942
150967
57307
448856
159442
796107
678538
930594
374979
46629
479176
980220
658075
431395
673595
112054
866588
949226
435393
750217
200847
519882
525009
77900
188404
395920
943424
465680
126868
171753
871200
331352
556082
983790
230211
605944
370144
260305
586653
164361
498605
464225
167047
967429
289724
441021
603168
36230
3760
20499
88334
432406
270531
911956
459298
600818
170038
825142
42714
622624
143651
597413
73920
171370
5550
540871
249647
136374
845338
221930
183157
352963
383543
590093
574356
415746
540409
72648
653283
145550
173797
487896
172242
966474
82404
27147
817739
490390
57786
845316
904243
729838
707024
519980
530063
927007
475501
48118
415428
46437
465091
567052
872439
204518
302182
529755
160147
72133
365144
122552
570280
513765
344895
596781
475376
627834
768503
254116
770158
389005
299396
476143
481520
672716
999648
706034
476531
376907
40371
862254
792933
396059
703137
429034
581509
688709
304637
659456
487206
787364
17947
726401
535955
953180
433858
792774
402637
961914
131904
806612
817968
48874
803544
469675
128820
341263
222999
747563
180622
304707
997317
988964
635254
130731
653622
495544
459588
856437
577856
343919
352372
904817
181447
574359
775176
84169
759667
279830
797261
921311
602499
229198
67573
453889
854907
898475
90595
863691
939129
593676
244550
763162
929958
309131
621660
570344
384071
308523
546328
728585
704947
55837
881183
548865
119775
67503
763820
552959
316373
673682
31507
883578
553412
472518
696162
168935
734960
565476
924259
28756
888394
672519
119550
4644
109530
418520
621499
231336
683416
