747618
163616
738745
244574
73521
931178
355671
217079
882517
667197
248402
596203
483043
58695
289896
235983
70571
631311
865997
497598
60893
317466
920745
383953
211033
632560
646067
587885
651090
696568
579304
897397
833757
158016
831399
500640
433308
764185
294828
314342
471873
948703
5607
912405
888577
498455
25848
62848
712024
513265
783306
979798
540530
774380
387977
811728
217789
281240
108481
115716
187273
879991
870228
544343
611800
184189
13528
661776
379144
499191
108107
387847
979802
420936
730227
351164
222
694350
866327
558851
16765
427746
346515
142749
518562
609022
990620
755683
837702
590522
388817
758235
886872
895279
336185
4525
530437
492860
584607
838447
292777
42791
342855
728541
66258
446427
210508
472676
623276
357519
836119
96349
625423
567624
806078
624343
359650
731701
83063
554957
756714
438967
796023
868279
605555
608516
398507
728316
257945
66913
896210
914308
273459
650444
30197
583212
667741
392508
317508
461971
787809
808832
864591
858641
1090
655492
431709
175624
77860
707059
304428
928914
751003
521654
823750
314906
502478
673242
858045
223174
809799
43663
746179
206994
921243
115212
114472
846648
543537
225168
856752
775947
597104
182788
74704
186404
747465
528829
882181
50099
83742
345373
784402
24759
515853
844440
935444
142088
715678
456212
500163
907857
914501
643626
254151
21404
937683
164362
227188
703942
178943
339195
947684
216465
423629
281663
848560
375128
912217
11348
665739
91037
5250
183319
531770
89982
657014
325444
199092
458951
706837
59160
281746
674081
915396
740055
698610
288231
311569
845290
220270
932057
911230
301024
221812
73193
128940
429269
542082
920115
919270
34416
145537
487498
226246
916166
518587
191341
808391
565660
160633
688921
435497
923657
299901
348408
296251
98490
769880
742135
256648
635664
978410
438965
863520
148004
417844
594391
918530
196970
590683
212472
708323
430195
701116
162942
237213
784844
816230
140424
977655
243140
534328
246659
268045
244555
146456
410652
226460
609910
915469
152464
865196
830303
154234
494750
199514
829290
926328
560158
867777
841890
682318
617260
117765
72961
820432
348924
801659
914446
557905
563857
469112
839841
582726
959433
650741
319362
142264
30736
958940
226608
421477
930101
866417
12029
600820
461913
88032
105046
665876
118211
50143
650081
772464
2641
991167
77695
511440
725962
149
123953
502095
951182
485439
795798
346293
850862
1173
738898
924593
460184
887918
440715
168116
499435
649740
406797
563500
374249
602853
907406
941595
434698
787407
279307
846356
265645
559879
379536
578834
847594
24605
654679
775285
10883
502912
61384
628058
316280
912802
481183
816213
160313
721031
400044
735758
46454
7407
68083
863349
694803
168862
35827
569699
862263
51205
137604
875982
727172
902030
984985
89513
164321
817545
369958
830102
4082
645614
658651
697097
562345
28878
879310
809210
735990
762267
181046
472518
253978
462096
461907
676451
438745
557950
19884
17022
21262
19317
859568
524339
458200
841163
22206
932136
101810
43340
906240
550023
771937
833150
26290
328790
987334
327567
74305
36148
351379
760157
19214
526834
223706
862882
168529
690379
828161
529339
898202
453890
463634
685139
622195
626199
57007
372208
848610
401893
611
355354
230027
536795
904211
509091
955441
629332
792979
461976
145757
19478
173269
383170
860119
423332
352700
213401
697361
667136
24334
692614
164836
494849
635464
170963
140210
867084
972044
912626
604714
944754
946614
478759
277033
544422
954380
691986
211006
484441
20627
995037
923654
375604
943550
743998
318838
923825
135042
604841
385847
638039
228421
858582
631788
663440
3956
159850
82703
755112
497844
309829
890681
894244
593840
170983
317312
193981
828625
927231
358266
504888
368012
885522
896224
813539
997524
132804
829198
529709
695921
381127
248039
537763
375977
514717
557078
930371
901338
933195
522095
692927
29161
895772
143859
851343
263509
867022
82483
220531
803109
659614
758667
563524
979392
156331
249936
39158
509467
184905
495748
785837
701836
23397
103366
503032
781630
108560
460039
393966
180349
10538
902518
571427
922737
592172
851582
671367
486376
333201
455397
66268
682444
572130
607381
214675
787380
846621
70904
19458
634965
871873
324860
709443
807001
168569
589686
159531
795848
200994
947426
164837
906787
42235
556873
234667
617296
317608
915899
446816
82990
940387
536380
940365
971978
280064
401659
254071
606123
309722
162109
54297
298760
312607
805721
20548
737498
347190
391132
508047
993612
780296
546892
360124
478094
689906
161546
531944
942920
27013
722769
678958
909228
429304
755547
774106
871140
925931
803810
226565
194411
598680
571075
338962
591927
473240
968575
432003
813524
18896
448348
315193
309772
544182
649385
236550
262658
727043
256158
339184
459743
667511
141153
445381
205155
328004
779941
708118
117085
776856
869549
41681
873910
230282
635247
236095
585639
236064
498515
322774
462219
549179
318106
103356
640911
728160
491612
982105
116101
741859
282730
36695
247640
86770
899538
239929
772698
861435
146624
311381
231161
108347
801793
20591
411665
716580
737827
71156
303323
193770
137209
954512
430210
196331
515323
612524
106454
967289
83914
162887
25
445829
591760
54320
143479
923113
604934
775901
11348
545873
396239
12203
230141
90503
4418
501875
777856
762331
228485
669957
789271
8939
525716
104068
823231
974292
69857
992158
96423
704245
825366
795878
896004
682589
516790
774863
782209
546257
139297
977991
495252
660987
259574
32045
478636
58737
694162
976817
200518
262625
956407
772551
623071
368023
720777
624840
812740
525675
33009
752357
978437
696202
31588
109576
371080
493471
964926
86665
281721
332637
83976
519241
277535
21228
664729
858351
653450
688813
812504
718077
160936
64556
386463
418126
112248
565985
315707
38510
300438
870691
584336
124950
205812
420842
666138
865154
922153
850687
912334
778097
698851
573122
554270
997689
252345
75799
215516
893188
430875
105455
913910
970602
555179
529070
942175
108141
447076
103678
169359
506571
151672
649904
284384
151172
503161
581194
919193
947240
4589
996209
579208
64859
965636
682612
643784
527209
309541
824306
268451
288064
638756
378922
935824
152270
894416
726045
899101
776952
468202
13986
739688
832243
452144
791942
313287
15747
420374
287581
989831
449806
257942
30058
477010
442844
309279
558374
762538
647918
514409
544625
702994
601720
680552
955154
10443
35003
671390
978604
570427
285955
10891
200704
509035
358522
784448
609625
404327
918248
127634
495000
362760
97096
997673
359004
102478
222856
570616
338381
421351
134428
14599
369158
904845
284351
456875
957533
478347
1031
249304
204176
879455
692515
763981
342669
79419
380276
11565
353757
181606
412870
382574
281135
92416
643306
354922
623613
471202
390897
908179
497693
622563
992839
37508
607910
507896
279145
591730
487613
525683
279620
916865
826811
355116
297132
189107
588604
228733
1525
145595
260743
709030
350898
771184
863445
679633
960136
747677
452992
330673
52205
47925
220937
598915
453699
712995
468998
185719
901195
443648
183014
121320
226247
433054
198819
30725
759729
601793
6531
800468
375953
658029
894346
90573
906047
284379
940543
504738
364725
934597
50713
311006
298960
369504
498374
675115
186403
241258
558681
881582
251960
232217
937806
479437
164004
738035
77306
634960
896070
116604
536468
972581
556124
489737
144793
667390
104385
521139
870753
722389
439239
851175
771964
558927
145389
989147
236424
961214
927805
49563
229779
473537
943813
720577
200167
273030
136623
251907
897462
849584
961535
852262
246755
261779
660521
822609
972971
619036
437133
743676
946030
294606
672592
192071
499166
505639
886552
228135
935171
619617
815908
326843
676904
361684
425541
595069
530661
987321
772796
757844
944138
728585
196786
648005
832037
652227
583886
681738
713841
455885
428982
559163
699291
550962
561126
644969
943409
470794
524518
77898
831274
643767
784939
998094
429132
588619
487116
466256
770494
958663
709279
807656
25834
700415
344432
647453
578382
714393
123485
299256
288480
784820
485521
453491
856156
239781
15067
419664
228011
433052
69162
534343
829873
497893
985639
462167
622195
816650
463535
821822
372260
69718
347308
391620
661451
862453
943951
302513
668178
946424
66924
694238
360876
318964
49009
82409
58468
622858
354756
879618
77759
800257
906361
961506
712590
366542
397741
481948
86354
838198
650626
960588
438795
613770
913078
967211
351199
695057
48546
81285
304996
720132
793997
694145
436042
422323
451499
218463
461160
773765
867381
17793
577697
19164
204326
742688
552754
330583
885903
707103
828252
492017
289111
584060
826408
397063
720723
301155
647708
616886
269310
497885
145528
187874
774677
41509
419245
218580
207122
455323
551835
141691
666050
551314
603013
995475
674757
993604
792276
505827
964194
283813
132228
530848
375108
48980
537967
330415
288405
252142
23860
25224
692278
493437
682308
506614
999384
393102
83849
816571
67130
862240
810995
482384
109375
795000
400224
706249
953899
726546
591142
722583
134842
326002
768192
927592
38877
146584
664020
455081
656914
719697
959069
112171
737246
622634
417146
506531
17962
84224
274
34508
834232
487091
562274
505575
327168
702777
774052
106274
371115
782222
453021
102423
157547
760969
720836
231019
586485
542858
64714
359767
495964
631824
789578
649475
693259
526055
338191
578702
198367
203710
438972
273578
488735
587543
212380
856805
986521
204311
909255
357634
304666
925181
476333
175878
154697
69232
25410
163790
855008
458096
181510
515549
543816
615151
809904
647348
875729
142649
867574
556378
724875
786893
152764
955707
204803
161744
811862
946541
647645
611415
281788
673357
474059
190562
881417
544520
516327
13225
124847
949878
583475
294862
975228
583712
187434
122097
138305
334754
394818
985954
47268
815340
816001
31857
682244
979874
31353
109026
645828
433828
778338
966845
335735
98728
656082
230913
261286
371394
706395
678456
333440
367941
64641
472550
608351
27012
474070
305947
317043
177201
480052
382504
97421
400551
518423
117294
507850
873411
12117
788242
21594
171693
423610
848396
602412
390325
115396
175967
43064
448536
836087
954467
854568
821537
943326
890238
770020
824684
230688
836593
225720
85190
612411
806670
441828
822832
465887
880136
241345
831042
937641
206115
406411
323437
952186
599050
585231
349081
164468
747199
738418
805421
523985
426349
388635
396908
713823
530713
516350
843708
163868
915127
631302
692867
885610
824857
811550
914538
17903
676546
180317
96067
667275
505113
729420
326215
105335
659577
217556
218360
150647
532517
757513
116517
817595
673369
262349
872204
814808
78331
47778
993689
936734
327216
698384
441805
18261
554380
560943
806202
461529
200801
418450
98475
403215
146744
229904
639968
540803
163678
20912
470646
990816
450325
659120
329637
623754
429100
631858
616164
5084
325225
387268
874471
840825
629922
5322
989704
464401
731691
996427
27588
76594
356713
187988
484252
632648
41541
175436
310939
580979
250045
287126
822775
67779
439124
447900
27985
749459
214057
887103
19991
402239
558630
897432
240073
444995
377295
520617
685848
11377
197178
303205
697002
264014
119646
921496
450683
54666
47427
355252
771485
103323
87897
960826
541664
386805
754725
209729
496652
615080
313494
352038
236939
89557
154806
829329
53476
322894
479420
215967
207970
705034
152830
648241
802323
472129
549187
29457
358380
560810
610998
894460
36234
635023
521335
643984
462227
832265
9356
892307
137275
381790
227701
865949
134947
65715
252189
644772
775963
724783
632940
476066
847624
229551
836474
234021
701089
284255
628893
266354
329171
298491
908003
778071
36421
910050
688795
235404
263093
815252
400142
423813
390913
849480
918411
144279
360770
246381
49376
919364
730963
746171
852325
308581
407919
483764
805362
692083
967032
304252
805744
910705
408148
788050
381453
793978
965042
892074
516041
659554
618027
53993
548654
362380
656259
801596
44060
504200
198926
161429
796802
986342
767855
218756
105321
187356
200700
710254
218090
747471
233661
72492
487488
17217
842388
24578
327992
54936
694774
547194
249669
328455
990679
196188
209712
498075
199716
473293
121964
820644
542122
900290
315143
95742
451220
352927
983741
310267
368657
820912
307623
870127
704404
427010
625233
64663
407477
731487
529064
586662
657653
147941
929554
529390
690591
541442
362328
985703
544457
146382
999486
912480
172858
203845
142004
994239
33701
102560
543845
457590
12564
242574
270892
131780
208864
862356
672166
479653
818012
115198
315874
880472
895634
392513
803701
774603
317797
703727
333419
397412
785942
285845
801176
126446
123809
608244
917900
340446
19719
412186
731108
232322
356007
959133
833149
17093
958342
719156
856452
203297
284014
157106
130089
544737
23858
440800
812850
880594
305167
792181
787308
208006
484525
705012
766652
867588
865733
545955
720659
57231
512798
186467
262016
482769
715248
139121
777951
538404
233001
502200
601327
682814
922381
504784
132801
535350
913848
929175
886669
42103
431103
466538
682591
396288
885
17601
949998
843797
574153
302500
737229
199365
55629
429454
835515
492633
310353
345309
602837
173910
964526
94642
357483
677103
608607
351403
309231
223371
125897
189498
826057
766510
815515
223458
676552
897350
761360
340430
457076
675093
674513
381390
785791
561973
802808
851438
187034
967821
44976
427893
722403
756623
86904
290039
197115
781611
520006
430743
974518
819667
323016
577693
127852
639404
467909
426672
915180
523726
64226
995568
864464
831480
47873
470002
240684
353363
800772
129241
955808
692641
676463
450637
248013
55938
815404
96603
558628
538211
504743
65833
938778
473219
205146
39252
232120
565027
900515
469928
303438
999114
881296
848699
241736
321074
998717
35686
389400
125011
920533
339745
427475
564489
340148
849658
700440
408100
726381
614002
465578
362508
469415
202356
491487
242767
39394
202547
260914
739785
580952
847263
677491
781103
102334
163267
486173
804920
399657
719038
479816
314984
446670
955676
606325
781561
431266
559760
77127
941161
765280
231440
863569
539803
298089
12045
77834
323882
194181
709070
794077
231441
162503
839720
973533
29168
225743
188956
130006
462076
885673
259277
912063
15814
966291
302044
130123
310950
971868
824354
74398
979652
539112
529097
849629
522114
338960
193415
761694
600329
720358
620536
456639
644207
455830
494935
265874
845314
688296
520666
394678
666932
101345
700455
506177
741347
718025
444022
514585
124227
237256
234564
729698
945642
988074
722864
535889
908343
618690
31799
864223
869088
34346
579271
641370
454935
629224
804929
252565
307161
961260
518864
848448
998547
703286
776929
881682
97905
790036
862526
756770
229764
932809
157579
964054
857742
988809
655835
903858
980205
879073
869295
519890
520482
33780
463693
42931
16958
281120
758522
192043
61096
801920
304212
860089
62221
964618
899790
592823
905380
876183
332296
784492
858077
81283
943242
152126
588133
689642
104157
260292
633880
439507
784966
728250
859268
413289
829792
843534
587862
93988
363029
836375
805988
369607
231800
943333
708502
847234
871618
663155
91825
299447
522280
748281
25666
460506
232469
337758
488611
261105
596937
520139
867437
463547
619533
421275
782714
831021
913106
128430
639381
491287
220454
586589
369665
948069
717650
60935
900899
832706
300306
457546
234188
593495
125553
544910
219175
267889
814977
960763
356412
541953
230388
320010
16798
887741
792091
26425
263159
340707
285880
534680
125806
777693
589313
422593
126898
48704
250484
819493
46438
933550
159441
535297
192681
351516
868153
445103
523456
400750
588833
680152
703651
35070
930611
344263
612897
885372
395905
496217
540400
641775
754598
97041
518165
347802
935547
440712
75564
472954
435635
976705
171157
495851
982356
193498
71163
182249
661906
756575
706434
799924
814602
224953
13709
635342
645208
448900
85481
443422
733397
480702
700313
627703
232816
810778
378686
410802
870952
2293
574435
17207
707875
101024
165987
567771
849902
638683
591287
900579
734290
591267
493152
56359
726031
276067
686765
903634
467192
161606
473642
507142
868586
188460
446949
137948
919786
424314
701022
587401
260570
300620
484426
456988
494616
765766
753668
124835
946484
234248
407121
276270
804171
700607
84046
81003
468036
571928
423224
589104
818535
201616
499352
623384
847637
135783
744521
204356
68840
948788
143591
251651
201256
342673
873366
140940
113446
510070
813484
312040
360761
859811
866236
599021
718226
996727
927808
357796
5694
267230
943458
501388
16953
670056
164071
315064
838761
35316
652856
370323
316286
913803
708559
195972
972963
316489
993403
609388
570977
432437
976079
59084
520017
58930
998701
285316
198652
559951
836586
554294
229713
228025
563678
310985
804225
580240
708363
372618
456571
991126
65448
922668
861695
209284
215817
910256
90145
20535
501804
495648
226844
903943
641506
294197
320145
4409
730519
719832
535195
750474
610497
421061
680079
547179
108129
568716
323157
91149
643641
811186
38493
414994
124619
425204
528833
837027
706249
282283
711414
613279
921694
131787
646445
979440
652887
883909
954700
415482
194160
753101
355780
35245
880567
212213
368078
865402
644703
816888
154183
629923
48804
941012
40230
183722
506581
517838
743382
732011
738115
493977
182004
810310
731716
986193
482343
895732
942372
302242
890518
841659
714473
917382
825098
690108
584898
943787
85666
592490
138636
305074
637101
652117
488064
841940
932328
583076
899963
501023
940371
395297
514603
142750
901810
114223
826451
223831
511709
816790
381756
444078
26052
767615
408057
167975
536259
798907
343125
460681
656606
836029
896923
732189
866905
356392
710017
630998
150391
460035
935985
702090
241229
596682
969909
754910
875265
328542
56703
549249
637028
665948
89043
233359
545322
633802
105170
506261
732290
742318
13156
537652
380630
197625
865408
756702
360289
455200
967899
166782
193575
612620
697643
725044
240406
536103
104726
360638
37751
653463
624188
721330
657297
139720
357918
793703
405530
710817
205225
546420
155291
303768
15395
305232
1119
858337
331057
951385
76119
30721
572034
383408
613197
2498
647836
900481
414467
976703
927425
42784
263848
647391
105149
965263
388022
324958
592207
930204
134763
405831
403889
447527
454369
814142
904646
448065
447564
498937
927840
460785
426704
250575
612523
643024
215037
656105
365433
37204
222504
254869
448426
129001
733863
574073
713911
376379
100776
595748
928668
820817
34414
291968
935520
403795
443241
495332
742210
538860
421682
476678
916993
234058
192096
881357
914120
266946
700809
257733
954997
53841
345369
909100
894725
645117
884104
811753
326173
802971
827899
15516
315703
822697
920633
700560
72743
820315
112840
293517
199305
13939
503588
418635
65226
927817
588699
14785
95951
19946
941576
660059
297157
781341
550825
153161
592070
91713
264479
582516
742245
720978
470403
953483
149590
553546
205087
36348
690429
210468
460880
878591
813521
702651
356342
457100
502957
253521
430229
657069
961523
289517
173963
439469
201565
678172
181166
320880
289313
449239
463489
161884
579200
587653
771027
435253
144620
571543
900277
106503
635860
648017
494678
649660
238221
161897
614077
979661
344030
158408
188257
498197
444520
734637
508200
368834
622512
749105
848507
900516
346635
440933
456898
539432
984741
154391
57793
478814
564525
493812
160398
623541
581537
555335
632686
455753
997809
433695
868492
21331
252755
901903
596053
60799
368546
662223
646387
549531
326195
827648
785251
377259
882295
573325
474741
526937
561734
323949
467168
779145
138766
451844
550527
787467
233239
529961
246572
257194
170546
705987
691767
40545
190654
383820
602948
545261
278998
193208
945278
813758
300506
94766
206011
148935
168793
950901
390126
670389
467288
450474
257859
345532
503617
116269
14875
107212
504363
860124
52964
567586
191682
265655
339603
500731
823123
15203
904705
21732
605239
385226
336480
335150
485657
444895
520920
864317
536613
319295
560962
354815
755214
536755
251392
971129
811772
673042
475254
719548
496465
274819
292906
222007
100503
518305
137844
770342
327815
742839
275361
351080
313144
144938
493034
58735
149219
604598
978636
220177
11023
915345
128068
33083
991133
652267
781545
269700
703218
107351
579557
849183
125948
768387
630161
572971
260515
685795
320301
312101
59150
551021
56825
420029
51471
769917
271666
371910
327276
65816
193452
311750
70923
512973
864328
680237
529209
535863
385043
864739
575447
118816
309372
478906
811681
241408
804527
463555
203420
570531
615570
190716
581852
829544
417243
621607
174127
705317
532236
398517
681066
353512
553036
729377
460878
857689
545635
469914
545173
902907
837586
211160
247647
926161
959629
62800
939572
117981
200214
981122
848117
128323
932215
386160
978852
506381
250780
649769
707212
184840
716490
279235
517839
460747
26624
502886
739658
715159
709353
996421
280039
616922
996538
700200
826110
925198
657262
318693
453480
295678
423964
249838
778083
395433
47665
425411
593627
628351
813456
539336
290075
602824
738627
911537
292623
748964
435612
46873
881973
759341
418220
366066
556448
467577
636127
233367
996329
916155
186483
325310
26866
653641
961747
807561
540952
871352
108052
852475
79605
804579
549451
20104
544782
385099
151496
708677
627040
15704
444724
986430
485890
754558
640706
383206
407607
715067
278613
79593
32658
315132
804014
535134
589702
344287
361552
570584
457417
837523
517299
435100
334949
836316
751584
116268
903259
394739
173679
883650
939828
929418
244507
147288
778725
962669
473279
860260
593310
371652
312304
881314
751023
607861
557174
59273
756247
610470
331239
964511
903275
804768
153506
726120
679008
503887
634277
543674
895541
65510
475852
137708
496319
180767
241831
262892
999698
778784
913718
218672
163145
249593
7427
198469
146483
565578
813916
933443
189850
484354
493292
930402
68081
289090
523638
492325
77657
409184
535021
450484
248528
423047
762610
70087
102327
33723
539818
394942
679166
206522
156219
279247
874094
680830
204388
914007
941138
539679
8310
205009
384963
815510
54643
907748
866831
970909
212802
367126
963141
942577
397515
726751
158432
350073
695349
181592
798734
593153
556602
554514
810971
12767
790371
598147
302463
519414
579749
530140
431360
100249
532568
419382
288069
926023
133392
947434
648377
215380
722778
788991
200920
305385
285205
886334
791961
772066
577898
442786
102392
890453
106473
69356
823263
787379
70977
672146
130352
848390
486492
875159
81842
786074
779093
927478
982997
947640
386135
801528
573219
590605
154195
392613
36550
722154
921757
485015
863088
119653
415908
678058
698667
751068
397836
217167
89597
518873
673514
689536
257271
904017
822939
799118
582490
100423
943553
141590
117031
302286
423003
855634
918850
583403
343360
71371
836738
224857
65720
463788
118424
580645
608183
677810
360153
480058
460855
925184
656745
271287
356913
19471
471814
802556
672183
567491
103086
618308
396209
95960
325998
380972
974258
358203
956361
476498
744630
910773
745025
12441
944826
675522
669252
759624
207992
642880
669878
394962
361086
317507
480087
762544
242794
410501
562961
418986
224900
439931
879969
437622
879672
439426
80031
333367
328238
976056
205547
710694
218376
440360
517174
996750
524471
304093
10154
643505
234555
160855
3383
947784
940917
459548
392060
11304
969322
862117
442382
519232
87126
881593
680359
741759
660458
216408
462894
219282
651685
228621
359390
670091
760714
658471
983766
858397
966659
368769
139005
294788
940050
194492
864336
439554
314288
786702
159946
48835
396100
107380
189999
175138
969537
861443
500596
509892
670492
661724
724814
943778
287081
346494
70677
337829
975313
408182
12629
772650
243250
833649
494386
530661
806675
634738
380917
258593
954626
246494
694967
19493
798157
932085
626920
334835
565465
979355
240124
633066
438882
169300
448756
881227
710351
714383
375301
695000
970609
9753
745638
227032
972376
57074
478011
780728
884754
735037
253849
129612
921601
157648
383414
411634
996504
490540
778926
708567
457586
549382
413172
432659
111758
372804
424787
119472
949227
967299
977696
284424
711676
793301
688191
992588
572681
460552
245518
897889
893602
561185
348849
468260
262848
913448
503675
742542
108601
490589
998133
777203
147935
962760
32399
166437
295095
367470
654240
425653
433041
736543
205660
903129
986824
822573
171153
539689
895448
635767
631325
213252
212503
100451
675312
164752
587218
624042
863418
792030
104581
440652
229937
181611
600246
170597
981184
551426
338414
462104
61967
315775
564821
270951
761899
361583
574121
68005
698195
352788
338075
507586
341854
413381
19974
59206
74828
152817
133132
766553
6311
740996
16079
635198
232469
169314
552777
799136
976125
78160
88649
752133
723924
329586
44939
936863
243075
986095
957234
738177
953015
493488
951780
484207
733764
276040
421250
516046
746870
178798
721027
388602
24438
87589
48940
300342
679702
971068
598190
417406
83577
472561
19483
59321
31778
23665
531526
527947
422871
638907
626743
576902
502641
611618
383496
146944
409603
260977
207712
296127
66085
421481
168201
541649
620124
690341
185007
961529
864231
685663
681079
600963
859113
916491
863545
241593
660270
555361
503388
388334
688091
63224
643341
286007
480759
819086
942811
90682
914832
861092
88179
4766
138635
508294
940595
496674
609932
203368
851308
938634
283710
610988
427961
820979
491967
866881
554678
418568
602411
984933
943327
25485
918660
647818
622983
11865
385339
266455
470386
558688
154141
808645
519439
945774
231901
604266
332373
640624
808890
253011
947512
95853
277901
665097
247752
940114
23345
731638
189415
952746
974734
652194
773029
823788
389828
967510
983930
375854
52529
360289
815071
875256
39968
623608
525001
600947
328782
511800
45955
24385
226074
810312
522534
202662
33032
122714
879160
370211
700529
595088
429343
542627
759563
467579
493888
829647
700049
423102
197497
470460
646735
36049
628854
640004
762188
468002
243892
157810
686163
424981
70928
787735
738528
403052
809419
582265
669476
474434
94109
869483
274037
251122
759154
842552
578966
16085
808325
735417
688350
559079
817048
177286
826951
122699
705101
203657
806357
309669
271460
434990
34336
596581
512466
588662
658304
72676
294906
305707
762133
183142
397131
66926
561392
867647
701941
841644
725858
706451
185416
738607
279263
448054
896236
189073
412941
377330
798135
970891
658543
973798
762926
306795
35305
110539
914844
975076
450799
556306
343496
706175
780622
46761
527957
430000
823127
376989
20987
769475
194084
216858
537822
279797
513480
752973
218184
419039
744023
62442
789896
821133
160590
438473
492454
754349
192737
214316
240129
277219
705952
762715
176327
504378
125701
294704
731153
286580
921756
112047
198937
597314
580111
502221
457496
623119
440653
954194
528384
245046
86743
193240
436051
618069
133735
567027
995103
768761
889981
691307
21846
344377
162631
55140
953614
639646
536427
970527
410705
446783
940149
553945
550626
811372
951000
98001
235661
151937
518051
672551
480425
461210
186113
327584
491886
124517
136300
986310
762413
299090
781616
695020
690160
933095
789656
697231
342702
744817
995447
113689
100715
107989
452052
841791
64234
683525
67635
371145
768592
736014
100284
91890
520023
162445
349387
542309
868587
522370
424339
532583
939108
281277
960239
819540
973921
357940
181639
138562
444413
941302
135835
900482
788337
777978
186607
524741
359750
650513
57875
780122
633205
232123
885838
739221
161757
820117
189734
919500
169311
919663
111759
294267
687898
999292
927726
951879
506942
826467
397000
45024
982991
114418
113356
394751
585528
448562
508537
363599
343049
419541
444973
885864
950351
408972
323852
4598
556943
806965
451529
219128
706590
462706
533396
607844
473632
625365
309024
458728
27483
487671
78096
136076
592695
541608
398525
708723
622228
885440
259622
21889
559048
116948
691317
502614
32372
201797
657578
763895
454209
47730
913766
127054
63036
886285
323926
912264
466508
608779
952186
122396
331020
197365
46225
119724
15177
648092
197603
610116
484569
70441
317739
290111
756822
548818
32030
534280
883766
907625
829980
224958
65672
217166
407794
623985
420813
152581
85258
778505
28145
661986
672816
894791
201765
95137
727809
663266
458906
951890
597170
735571
776411
309041
517178
166765
473927
217236
823901
434339
773546
481277
960598
229486
293112
998351
494945
413446
146981
109918
900578
895757
702244
209759
384757
465995
195577
702015
990035
880020
640445
136271
952093
86854
95086
490268
966409
21615
512560
735901
765926
933003
275173
968261
815373
974506
696228
822969
62246
568816
467736
625756
404180
396279
739064
272133
6014
101839
303518
411474
807675
171941
184007
958742
62489
264193
424806
495533
563594
484905
951269
99505
471660
289827
992633
5701
396788
58776
49824
900814
290614
624916
431226
837634
632531
875242
222593
522968
620095
779701
597607
115615
372077
915257
702858
640299
365146
916967
715351
759850
393203
65983
368632
385172
593060
846288
41531
460161
748990
948763
544961
986004
959364
954070
155486
362005
529235
331020
313300
618781
477995
593313
208167
126570
31326
756723
108189
156626
208275
898845
362068
531029
967543
14229
249663
758603
230722
234613
896191
35388
112161
769559
480922
465102
25094
103065
554266
621017
682184
963967
766532
219543
706551
37560
636211
618615
672576
301945
632530
9552
428153
254726
100083
150451
669515
229519
604174
363225
248441
141303
795544
598715
840913
195247
346431
410881
733101
349185
544192
545426
681894
732137
926246
377866
857431
13214
626336
110793
419209
28782
244157
351400
492736
330375
570886
195335
720161
578514
186104
161218
201214
890425
776668
91842
475712
886217
64645
147311
806960
217139
729830
977219
744738
216429
379917
489338
809662
97206
792896
274022
221100
331190
547122
204063
208795
648451
884898
93527
183919
195072
957521
43083
356869
581600
521822
898645
160099
673096
470783
9118
785089
829523
21022
481074
473710
438895
408910
225708
734817
696356
224936
844112
341469
664245
203078
867447
668991
38047
340059
501669
596775
702846
186286
856374
912897
498703
480305
509943
276335
869392
208258
998098
951829
636420
211773
241057
400448
794258
910715
996515
161011
15693
393452
924684
285904
525263
322381
37110
409632
981566
718149
704950
148479
938352
755682
833801
954087
73259
254763
63534
394135
552773
890145
601293
284703
396778
975063
464276
83019
581756
338667
328163
66858
99541
70112
265181
948090
52456
376985
660319
390129
698757
122676
911053
389546
530811
173121
293320
409130
85847
229598
213884
307023
818443
842672
702165
225108
669738
433664
869777
534019
584784
760688
836848
394360
530591
97368
26889
844877
655908
566273
305079
568679
480791
910844
918512
590428
564225
143648
901109
878848
102072
78303
811685
94347
321286
401476
908333
687208
525032
81484
69914
753500
669106
935518
118927
271633
38224
6503
7698
502655
69863
155606
914752
299638
179737
781553
679265
43722
63528
940626
592086
881627
433970
833026
945775
656447
659290
437041
652185
537423
246983
699151
684149
494091
141446
958921
686083
621866
215755
585187
322173
482115
535445
398638
141056
392529
46191
826663
301029
116646
530258
922988
20591
552239
852328
996571
409372
275488
372779
334793
93598
926588
773932
750940
763556
712706
930416
960070
399697
965751
343157
358366
24014
37965
404690
334237
382779
927341
205948
287345
878464
632102
818660
235201
734018
143409
987966
700286
299762
133088
39645
302498
311871
863779
549498
161481
398699
705399
593236
786152
917307
577452
573425
887854
830984
351633
293250
167157
984627
796861
452132
790053
894966
98109
159427
588390
491093
111573
353113
740863
754867
402677
986388
550544
463296
257274
207382
704616
834448
928797
177494
384324
540167
801340
420644
567013
563313
497027
236169
72397
723566
456247
610956
738517
838794
716767
327633
387694
41451
907279
51741
859250
208803
331346
742325
799526
449958
680819
217059
673935
539221
570088
843290
73773
687352
434844
513585
201432
331723
397527
908683
1526
775407
883277
902808
734423
808065
241600
121844
424429
729736
382482
724461
349419
784328
732907
527842
307896
266739
672450
166790
616400
362943
738188
922180
998776
770963
10431
167357
117404
471643
614146
719277
559878
648763
360307
746155
703165
526303
614420
987407
201912
77361
484243
502510
262077
753316
699380
453120
997979
277805
144157
203747
543872
263890
403454
154744
20920
665179
725466
704235
540035
612580
477751
647633
754897
17492
270686
524074
852060
314152
483279
787397
636770
541609
852741
294403
683518
617788
527457
750899
683810
687640
905846
980637
978803
895314
442224
430362
825025
543700
885665
690656
466466
10028
732330
856732
749930
455104
945794
440760
78920
791776
467238
881276
714048
932276
418269
179792
929536
324372
961511
817824
560866
457910
267458
824856
641341
22594
44376
640207
333416
376450
381960
276224
325068
143349
875151
984434
267173
231171
330323
660794
533205
184586
302220
318487
936037
842134
320783
939771
847193
870384
651576
740777
85038
837133
755380
963193
905202
87591
611241
614201
464704
212906
680962
514286
678807
896324
557018
340024
250775
395231
279940
734611
176599
876011
282741
823417
921125
349396
344783
341541
97051
272275
895178
17331
178906
983328
907009
772836
411302
185285
500183
622141
200926
739150
881540
398990
714582
618141
195775
747536
179091
406362
742602
110504
143330
530887
937557
346248
763669
701297
644048
494133
928795
474754
77776
408355
859963
35956
212317
865916
384749
220320
874006
893375
835669
39797
801345
622277
645916
283396
133555
679583
284269
566583
441432
30940
805577
433186
230112
470567
347656
753329
948998
409420
584493
327937
978814
501083
196132
895308
617211
455077
240410
894076
847962
831460
726777
117280
96750
792631
516095
401724
72681
685130
839226
614394
23011
613524
867554
361663
345738
354170
133971
873241
678375
830417
613477
217748
710985
273537
166890
967532
592144
167044
277379
2460
643479
731022
680991
681429
929087
308359
430993
673610
375445
140467
868301
442280
674527
120051
99263
327011
970952
108389
868745
149740
500837
35942
716759
346111
459683
402103
302623
486296
926031
686269
178362
400709
137602
575138
712346
630999
631591
561818
192360
781362
871467
32512
376251
137860
788095
959262
647990
748818
257612
547083
667198
65966
702773
10671
215638
919109
84610
152227
811354
381845
405550
232115
728789
409723
517262
334917
112383
903594
988059
994387
229974
57080
849055
777875
33623
501842
930425
524857
858649
912272
213772
472274
116679
379555
71434
140625
402680
632107
743576
495911
934637
243045
899615
415179
595558
791298
67631
578521
763297
919443
963151
384279
65072
154975
135909
688722
929525
471383
23166
152743
253629
544545
361147
460253
657079
630992
166041
692272
549584
95541
25627
714217
823532
343183
198422
410792
38082
230301
777881
902532
861012
877204
