999997
999754
999685
999672
999602
999489
999397
999292
999134
998959
998941
998858
998790
998770
998765
998697
998693
998582
998578
998525
998522
998036
997806
997628
997587
997181
997144
997113
997029
996986
996840
996833
996697
996661
996657
996444
996334
996202
996142
996130
995768
995692
995653
995642
995435
995138
995089
994936
994883
994826
994778
994773
994636
994575
994505
994438
994389
994359
994330
994311
994085
993972
993827
993445
993441
993262
993222
993173
992903
992656
992552
992513
992374
992356
992290
992126
992104
991869
991869
991672
991644
991598
991509
991206
991034
990657
990656
990645
990561
990421
990294
990087
990015
989979
989769
989593
989191
989145
989061
988947
988823
988683
988655
988426
988411
988334
988187
987997
987918
987898
987881
987661
987660
987641
987592
987414
987400
987310
987076
987011
986884
986842
986717
986706
986649
986319
986106
985967
985706
985633
985491
985447
985388
985308
985216
985087
984669
984606
984548
984531
984505
984347
984126
984123
984112
983962
983911
983774
983744
983675
983425
983328
983271
983266
983255
983252
983167
983059
982881
982823
982791
982550
982483
982429
982347
982228
982191
982163
982143
981983
981904
981890
981715
981527
981427
981389
981366
981321
981260
981175
981019
980879
980814
980751
980724
980585
980557
980529
980405
980389
980375
980257
980253
979990
979920
979881
979743
979706
979623
979484
979448
979427
979198
979117
979076
978973
978875
978729
978604
978541
978449
978325
978316
978133
978088
977986
977968
977914
977910
977792
977473
977465
977359
977197
977037
977035
976943
976846
976789
976644
976420
976413
976397
976258
975842
975800
975554
975548
975532
975264
975146
974830
974821
974802
974728
974627
974589
974546
974499
974454
973973
973812
973754
973670
973539
973475
973470
973433
973413
972882
972842
972332
972324
972273
972190
972031
971980
971978
971972
971869
971841
971816
971812
971443
971442
971320
971285
971164
971012
971002
970986
970931
970880
970792
970785
970723
970722
970505
970445
970353
970260
970024
969893
969864
969706
969677
969668
969549
969492
969470
969466
969048
969022
968994
968811
968497
968392
968228
968108
968089
967872
967654
967123
967091
967044
966971
966946
966861
966560
966539
966485
966475
966285
966241
966056
966031
965921
965800
965716
965638
965557
965343
965002
964917
964869
964810
964769
964615
964466
964313
964194
964193
964186
964022
963828
963807
963793
963767
963763
963714
963677
963315
963189
963080
963021
962964
962838
962837
962800
962728
962689
962572
962507
962424
962410
962328
962278
962187
961928
961893
961576
961438
961432
961309
960907
960801
960705
960574
960550
960489
960223
960090
959984
959965
959935
959820
959762
959746
959697
959591
959471
959350
959323
959100
959001
958978
958808
958720
958586
958528
958465
958382
958340
958320
958234
958208
958194
958164
958004
957987
957963
957773
957762
957717
957659
957656
957652
957578
957381
957100
956971
956969
956927
956861
956845
956679
956636
956605
956558
956526
956392
956336
956246
956130
955840
955687
955585
955494
955445
955409
955408
955406
955382
955380
955335
955237
955074
954947
954941
954909
954909
954761
954079
954017
953908
953889
953842
953543
953490
953224
953197
953097
952967
952930
952902
952863
952751
952642
952527
952522
952475
952464
952284
952081
952011
951817
951791
951288
951269
951202
951175
951060
950857
950701
950686
950292
950068
949976
949841
949817
949794
949644
949605
949588
949485
949254
949192
949181
949035
948967
948951
948809
948763
948729
948686
948401
948359
948240
948109
948029
947992
947944
947886
947539
947507
947402
947395
947390
947325
947256
947213
947143
946981
946889
946795
946787
946670
946205
945800
945792
945736
945719
945624
945584
945514
945400
945308
945196
944975
944841
944834
944799
944591
944467
944424
944222
944194
944149
944136
944090
944015
943904
943791
943688
943639
943591
943561
942761
942756
942622
942586
942581
942555
942552
942328
942303
942052
942024
941870
941848
941808
941785
941783
941713
941680
941652
941602
941578
941507
941499
941435
941418
941396
941260
941240
941106
941019
940812
940787
940633
940598
940519
940414
940406
940395
940315
940263
940220
939933
939760
939752
939656
939544
939464
939413
939344
939210
939165
939133
939042
938974
938931
938555
938510
938482
938294
938211
938015
937886
937789
937647
937623
937591
937333
937033
937029
936779
936409
936283
936191
936164
935935
935733
935681
935544
935295
935111
934955
934920
934877
934850
934834
934575
934430
934359
933964
933881
933767
933713
933420
933312
933245
933123
933090
933076
933056
933026
932956
932920
932537
932534
932436
932316
932294
932217
932078
931945
931940
931917
931915
931823
931771
931734
931689
931645
931551
931324
931280
930992
930774
930720
930646
930539
930440
930126
930083
930056
930019
929888
929876
929511
929509
929476
929446
929423
929414
929343
929324
929243
929226
929134
928915
928794
928699
928580
928509
928482
928215
928052
928045
927978
927877
927856
927818
927606
927385
927383
927363
927282
927277
927264
927215
927175
927147
927095
926910
926726
926662
926585
926458
926239
925928
925651
925603
925274
925061
925038
924975
924798
924765
924680
924616
924600
924434
924432
924428
924381
924379
924169
923889
923720
923643
923584
923219
923158
923093
923016
922828
922825
922765
922706
922692
922594
922338
922252
922197
922122
922062
921387
921085
921072
920655
920571
920533
920435
920418
920284
920124
920040
920031
919879
919779
919657
919638
919506
919450
919368
919343
919250
919243
919194
918858
918616
918612
918554
918473
918398
918087
917987
917907
917863
917827
917762
917674
917653
917632
917248
917067
917064
916899
916884
916636
916427
916320
916291
916234
915971
915705
915650
915616
915417
915399
915155
915106
914946
914857
914788
914608
914566
914527
914463
914421
914371
914276
914265
914246
914143
913989
913913
913805
913754
913729
913593
913406
912987
912698
912690
912463
912442
912399
912360
912304
912262
912216
912145
912042
912020
911995
911977
911919
911905
911712
911699
911609
911580
911555
911542
911535
911456
911367
911329
911320
911236
911204
911163
911153
911148
911118
911070
911027
910922
910862
910862
910735
910650
910607
910552
910535
910499
910340
910274
910198
909722
909695
909594
909254
908969
908867
908773
908748
908652
908546
908453
908450
908441
908428
908421
908412
908361
908318
908293
908262
908230
908183
908149
908136
908087
907999
907951
907942
907886
907830
907768
907456
907430
907334
907329
907278
906962
906889
906846
906618
906476
906461
906444
906441
906157
905962
905669
905414
905140
905113
905097
904986
904938
904901
904886
904732
904636
904557
904512
904467
904436
904132
903669
903628
903493
903490
903419
903400
903191
903001
902843
902199
901960
901735
901703
901511
901492
901401
901166
901146
901045
901041
900967
900867
900524
900408
900407
900311
900150
900099
899945
899920
899908
899756
899473
899253
898988
898971
898899
898750
898639
898605
898507
898386
898136
898125
898050
897787
897775
897714
897642
897557
897419
897173
897111
897082
897028
896785
896778
896776
896665
896619
896598
896539
896311
895877
895795
895794
895772
895712
895630
895589
895570
895517
895514
895496
895395
895363
894959
894444
894352
894329
894243
894153
894125
894113
894104
893921
893809
893677
893635
893415
893319
893267
893147
893129
893097
893086
893078
893020
892959
892836
892777
892665
892565
892536
892506
892403
892342
892277
892218
892147
892078
891987
891975
891912
891699
891566
891376
891335
891253
891246
891192
891000
890518
890484
890383
890333
890310
890285
890220
889996
889989
889936
889851
889797
889792
889717
889382
889264
889124
889105
889007
888990
888786
888756
888711
888595
888355
888308
888243
888232
888113
888038
887959
887778
887761
887507
887429
887286
887282
887272
887259
887227
887053
887038
886977
886833
886832
886741
886704
886681
886539
886536
886483
886392
886286
886153
886150
886078
885944
885878
885805
885710
885671
885518
885499
885482
885227
885152
885131
884712
884708
884506
884446
884300
884118
883930
883842
883765
883658
883551
883407
883331
883294
883224
883164
882977
882903
882842
882730
882725
882713
882683
882658
882647
882593
882541
882380
882373
882358
881853
881756
881671
881578
881570
881479
881296
881168
881092
880872
880849
880793
880756
880744
880604
880485
880469
880444
880252
880247
880175
880168
880161
880116
879977
879850
879537
879391
879372
879316
879035
878682
878648
878635
878490
878481
878439
878208
878171
878141
878111
877904
877885
877860
877821
877641
877326
877237
877107
877105
877085
877056
877048
877034
876888
876886
876876
876733
876698
876353
876182
875987
875681
875284
875175
875144
875117
874962
874960
874845
874711
874704
874096
874054
873896
873765
873710
873667
873648
873628
873554
873514
873514
873357
873339
872891
872838
872822
872642
872612
872515
872330
872301
872283
871931
871728
871527
871267
871117
871106
871091
871035
870948
870933
870538
870508
870496
870285
870186
870079
870075
869919
869843
869743
869575
869327
869324
869306
869216
869104
869090
869081
868934
868902
868860
868479
868434
868277
868215
868118
868000
867973
867899
867688
867657
867632
867540
867458
867320
867208
867145
867095
866930
866912
866868
866657
866651
866340
866321
866306
866255
865965
865959
865921
865882
865541
865497
865272
865237
865220
865168
865142
864881
864752
864570
864558
864510
864447
864290
864165
863777
863744
863622
863610
863603
863499
863332
863218
863215
863143
862940
862899
862794
862634
862631
862553
862549
862543
862457
862438
862255
862124
861715
861686
861589
861194
861115
861115
860962
860739
860669
860363
860228
860138
860101
860031
859902
859705
859643
859552
859535
859417
859143
859007
858894
858294
858261
858243
858243
858146
858104
858047
858027
857958
857890
857816
857803
857785
857753
857715
857692
857627
857529
857481
857478
857463
857425
857201
857191
856911
856869
856786
856559
856414
856410
856183
855422
855393
855229
855114
854624
854486
854437
854131
853933
853890
853848
853803
853721
853511
853373
853181
853155
853047
852847
852838
852789
852780
852725
852706
852347
852338
852169
852162
852124
851889
851871
851865
851768
851724
851721
851635
851575
851570
851328
850985
850876
850757
850721
850665
850491
850262
850167
849922
849906
849904
849750
849692
849544
849480
849474
849425
849358
849304
848975
848790
848631
848590
848473
848455
848358
848352
848348
848314
847895
847707
847679
847596
847539
847518
847419
847296
847279
847200
847159
847087
846789
846782
846637
846442
846418
846201
846185
846181
846086
845949
845756
845742
845642
845609
845581
845559
845499
845186
845044
844708
844667
844638
844511
844400
844355
844278
844249
844186
844180
843968
843957
843868
843757
843697
843676
843662
843641
843571
843400
843370
843365
843227
843148
843005
842972
842892
842502
842324
842180
842059
842030
841890
841741
841725
841685
841630
841558
841545
841520
841361
841061
841026
840790
840672
840644
840638
840570
840449
840424
840398
840323
840246
840232
840060
840020
840005
839948
839874
839836
839785
839560
839493
839470
839355
839179
839151
839051
838858
838743
838726
838660
838431
838403
838402
838106
838040
837981
837981
837868
837741
837684
837597
837196
837160
836896
836804
836759
836711
836703
836512
836409
836399
836374
836362
836276
836249
836215
836039
835876
835625
835575
835402
835188
834991
834861
834817
834751
834615
834596
834513
834375
834286
834281
834211
834142
834024
834024
833866
833452
833382
833236
833230
833198
833049
833033
832963
832770
832436
832425
832313
832180
832155
832017
831811
831614
831560
831527
831239
831187
830963
830931
830831
830757
830741
830599
830560
830494
830416
830379
830360
830120
830095
830093
830021
829897
829884
829845
829834
829754
829577
829509
829400
829244
829173
829042
828996
828849
828689
828659
828591
828334
828320
828111
828066
828012
827960
827947
827889
827868
827846
827423
827335
827332
827168
827145
827087
827024
826975
826659
826543
826257
826065
825923
825914
825899
825752
825738
825567
825523
825514
825337
825247
825246
825028
824997
824984
824911
824529
824394
824388
824267
824249
824194
824189
824173
824093
824044
824019
823732
823613
823352
823321
823309
823286
823117
823078
822994
822739
822610
822543
822513
822387
822337
822295
822223
822112
822066
821846
821816
821674
821658
821626
821466
821461
821440
821431
821405
821311
821113
821046
821008
820951
820917
820917
820713
820698
820676
820632
820512
820462
820367
820307
820215
820192
820171
820086
819859
819826
819781
819755
819545
819472
819464
819333
819268
819260
819228
819218
819217
819083
818980
818886
818756
818742
818742
818708
818535
818419
818196
818148
818093
817936
817823
817645
817503
817444
817387
816864
816855
816841
816628
816510
816456
816411
816402
816281
816211
816121
816101
816045
815928
815921
815806
815752
815649
815628
815454
815095
814884
814884
814855
814818
814521
814272
814228
814151
814100
813851
813818
813740
813722
813705
813580
813534
813485
813358
813284
813187
813178
812953
812681
812652
812557
812325
812297
812079
812044
812044
811931
811887
811879
811737
811629
811600
811575
811493
811350
810935
810903
810853
810840
810663
810556
810299
810290
810197
810009
809995
809732
809704
809418
809396
809086
809063
808946
808747
808566
808548
808544
808405
808292
808168
808017
807942
807920
807880
807834
807818
807777
807753
807655
807576
807565
807543
807493
807351
807332
807010
806990
806982
806857
806786
806732
806586
806575
806511
806375
806258
806164
806131
806112
806100
806071
806069
805983
805827
805791
805769
805769
805405
805081
804898
804485
804341
804249
804170
804139
804068
803951
803951
803919
803694
803692
803374
803311
803255
803041
802922
802864
802620
802602
802487
802478
802139
802026
801950
801818
801723
801584
801351
801237
801217
800801
800675
800614
800507
800418
800393
800319
800190
800071
800039
800002
799952
799940
799808
799751
799559
799409
798971
798842
798780
798744
798596
798530
798460
798363
798158
798088
798055
798037
797912
797714
797687
797563
797380
797366
797335
797328
797238
797219
797187
796757
796639
796575
796547
796545
796421
796266
796260
796062
795937
795569
795515
795470
795276
795110
795049
794932
794759
794644
794506
794487
794411
794360
794330
793960
793905
793819
793509
793487
793484
793433
793341
793312
793223
793188
793162
793141
792991
792894
792783
792638
792609
792526
792237
792201
791738
791611
791558
791430
791414
791390
791326
791249
791163
791102
791065
790879
790859
790580
790502
790357
790198
790151
789714
789632
789585
789501
789470
789057
788944
788922
788899
788793
788769
788551
788530
788512
788455
788437
788407
788396
788307
788103
788069
787938
787876
787790
787673
787583
787471
787400
787279
787252
787023
786986
786924
786771
786765
786561
786545
786543
786376
786345
786275
786002
785955
785953
785806
785652
785606
785599
785401
785363
785308
785236
785226
785201
785148
785134
784934
784922
784824
784664
784568
784271
784012
783926
783822
783726
783643
783560
783555
783551
783426
783386
783252
783094
783081
783022
782763
782670
782663
782560
782522
782386
782218
782196
782165
782114
782112
782020
781892
781689
781604
781551
781531
781266
781235
781039
780966
780913
780912
780748
780546
780501
780447
780228
780211
780086
780000
779937
779851
779797
779563
779500
779498
779475
779419
779337
779325
779170
779109
778934
778933
778932
778826
778689
778597
778524
778496
778319
778007
777854
777803
777457
777426
777216
777151
777062
776852
776749
776708
776691
776675
776658
776479
776451
776443
776350
776293
776054
776042
775853
775779
775709
775683
775664
775427
775318
775283
775227
775154
775121
775118
775065
774779
774545
774540
774534
774395
774382
774369
774233
774229
774166
774125
774082
774076
773980
773913
773905
773874
773577
773561
773309
773206
773088
773024
772957
772808
772807
772722
772706
772638
772608
772592
772190
772150
772098
772054
771931
771844
771692
771644
771331
771234
771223
771221
771113
771050
770965
770770
770719
770624
770582
770449
770370
769942
769701
769689
769627
769595
769513
769499
769495
769459
769420
769388
769343
769326
769300
769151
769109
769028
768942
768895
768894
768833
768760
768690
768642
768617
768558
768548
768287
768211
768181
768126
768100
768058
767957
767786
767565
767564
767529
767517
767422
767391
767350
767239
767233
767110
767074
766959
766938
766909
766736
766583
766371
766360
766211
766209
766193
766116
766037
765816
765698
765684
765594
765512
765306
765152
764921
764899
764598
764295
764263
764186
764149
764144
763717
763647
763612
763238
763156
763142
763116
762795
762498
762488
762330
762128
762113
762037
762019
762016
761911
761796
761570
761406
761362
761357
761335
761322
761238
761208
761135
761134
761048
760455
760370
760345
760290
760114
759995
759992
759984
759834
759414
759339
759304
759136
759116
759112
759084
759018
758960
758883
758722
758441
758316
758253
758223
758213
758025
758014
757960
757909
757820
757820
757784
757780
757778
757768
757718
757621
757596
757404
757313
756975
756855
756651
756648
756613
756499
756477
756451
756405
756139
756040
755951
755806
755759
755635
755617
755558
755426
755401
755389
755342
755322
755248
755143
755112
755061
755023
755012
755007
754808
754678
754657
754644
754496
754496
754231
754212
754077
754051
754028
754015
753879
753660
753622
753534
753447
753347
753256
753188
753177
753177
753114
752899
752719
752653
752640
752436
752281
752227
752187
752179
752163
752059
752042
752033
751868
751763
751713
751696
751649
751606
751494
751433
751184
751116
751110
751073
751063
751030
750987
750983
750824
750753
750645
750570
750520
750476
750327
750052
749987
749837
749687
749607
749589
749489
749470
749160
749112
749043
748889
748836
748730
748684
748653
748608
748509
748488
748467
748461
748423
748379
748377
748324
747899
747884
747587
747564
747218
747176
747068
746869
746852
746815
746726
746529
746457
746418
746374
746345
746277
746242
746086
746061
745789
745758
745687
745470
745368
745253
745242
744960
744711
744551
744529
744524
744363
744313
744249
744246
744230
744171
744169
743922
743867
743768
743689
743570
743330
743270
743207
743187
743131
743113
743063
743009
742993
742980
742979
742893
742873
742705
742621
742533
742440
742440
742433
742330
742142
742128
742060
741958
741847
741757
741720
741676
741591
741533
741413
741382
741240
740994
740803
740749
740285
740209
740105
739933
739827
739369
739318
739284
739283
739279
739173
739140
738995
738940
738625
738490
738428
738344
738107
738084
738009
737719
737688
737484
737414
736989
736973
736926
736881
736834
736796
736766
736706
736516
736454
736307
736225
736192
736154
736140
736118
736035
736000
735948
735907
735582
735541
735221
735125
735119
734921
734906
734813
734804
734458
734452
734434
734415
734402
734356
734086
733788
733647
733632
733461
733308
732737
732502
732212
732192
732004
731994
731929
731576
731436
731390
731298
731259
731250
731188
731172
730918
730884
730759
730537
730454
730279
730144
729767
729752
729713
729610
729606
729460
729413
729356
729197
729108
729064
728784
728746
728744
728697
728658
728593
728537
728461
728406
728218
727951
727735
727670
727596
727382
727360
727358
727294
727029
726957
726899
726499
726334
725917
725634
725573
725553
725339
725197
725170
725124
724986
724986
724950
724947
724850
724805
724773
724562
724370
724280
724262
724240
724154
724104
723687
723565
723428
723420
723246
723231
723158
723148
723016
722942
722917
722894
722797
722621
722588
722521
722476
722286
722227
721977
721811
721669
721665
721581
721576
721431
721237
721066
721001
720863
720715
720694
720637
720624
720558
720127
720013
719857
719856
719850
719752
719727
719676
719627
719613
719555
719393
719165
718883
718874
718818
718758
718642
718611
718553
718429
718290
718181
718110
718056
717635
717570
716968
716921
716843
716839
716829
716816
716753
716477
716391
716259
716177
716148
716099
715867
715852
715832
715799
715742
715731
715710
715624
715381
715365
715305
715213
715021
714960
714807
714707
714646
714499
714450
714420
714337
714279
714203
714072
714004
713732
713703
713606
713586
713528
713468
713391
713325
713209
713083
712734
712702
712667
712634
712446
712348
712187
711760
711577
711522
711511
711485
711481
711447
711334
711310
711236
711092
710985
710632
710440
709956
709906
709792
709671
709612
709456
709214
709179
709128
709097
709088
709016
708728
708688
708608
708588
708204
708196
708104
708047
707686
707681
707677
707675
707644
707166
707043
706965
706876
706788
706697
706683
706649
706637
706561
706485
706438
706348
706238
706237
706205
705899
705893
705891
705659
705599
705562
705540
705522
705436
705301
705226
705185
705009
704813
704753
704394
704171
704112
704083
703781
703688
703563
703528
703346
702717
702681
702666
702612
702310
702278
702104
702058
702023
701976
701976
701940
701914
701749
701725
701550
701345
701145
701105
701065
701062
701036
700645
700587
700537
700493
700411
700399
700238
700185
700157
700105
700096
699949
699938
699936
699882
699869
699812
699795
699750
699736
699689
699686
699525
699523
699513
699513
699302
699042
699034
698891
698822
698699
698643
698625
698615
698415
698362
698263
698209
698058
697968
697897
697834
697656
697590
697583
697382
697334
697305
697162
696978
696888
696810
696700
696664
696448
696318
696207
695814
695780
695709
695415
695411
695185
695170
695128
695039
694980
694837
694711
694512
694083
694028
693863
693851
693623
693409
693398
693049
692901
692834
692781
692593
692419
692307
692223
692019
691634
691585
691502
691404
691237
691229
691151
691143
691123
691080
691080
691044
690954
690891
690832
690824
690560
690437
690435
690222
690152
690068
690066
690016
690015
689990
689951
689949
689866
689791
689784
689722
689713
689633
689522
689495
689293
688956
688759
688466
688330
688318
688065
688035
688012
687836
687705
687700
687551
687473
687349
687241
687171
687170
687032
686919
686869
686841
686821
686617
686487
686434
686432
686424
686345
686339
686177
686076
686052
686041
686020
685811
685787
685732
685519
685487
685293
685239
685184
685118
684853
684643
684459
684354
684300
684215
684086
683761
683747
683679
683426
683348
683309
683292
683290
682997
682854
682847
682809
682799
682709
682693
682676
682581
682428
682253
682122
682113
681984
681573
681482
681478
681303
681296
681180
680959
680905
680821
680809
680672
680654
680446
680376
680235
680176
680118
679920
679881
679822
679603
679545
679489
679402
679380
679367
679223
678889
678875
678694
678535
678517
678467
678389
678302
678222
678150
678119
678002
677946
677675
677537
677350
677297
676992
676872
676812
676780
676558
676415
676412
676310
676265
676228
676011
675998
675960
675894
675843
675781
675640
675565
675561
675529
675519
675515
675155
675139
675087
675069
675029
674991
674846
674837
674797
674617
674568
674208
674133
674004
673926
673885
673779
673725
673673
673639
673495
673427
673151
672869
672666
672495
672451
672204
672200
672166
672071
671969
671790
671726
671463
671432
671395
671260
670905
670895
670768
670480
670398
670110
669882
669856
669754
669753
669738
669176
669122
668940
668794
668792
668555
668542
668463
668180
668098
668071
667942
667930
667918
667887
667864
667484
667337
667237
667231
667118
666982
666700
666531
666517
666447
666134
666109
666069
666056
666029
666003
665923
665813
665722
665645
665622
665540
665531
665445
665122
664987
664865
664714
664604
664485
664273
664136
664074
664032
663888
663749
663724
663724
663677
663565
663346
663324
663286
663013
662967
662963
662956
662686
662666
662540
662216
662168
661871
661811
661760
661741
661624
661528
661478
661291
661226
661172
660930
660881
660656
660517
660503
660275
660232
660121
660083
659919
659909
659691
659631
659597
659536
659505
659453
659437
659349
659298
659032
659009
658907
658756
658625
658554
658423
658217
658071
658032
657930
657616
657458
657421
657398
656924
656519
656436
656374
656239
656072
656044
656037
656001
655916
655823
655819
655640
655540
655429
655402
655117
655111
655060
654975
654713
654600
654595
654562
654493
654488
654455
654318
654091
654016
653754
653697
653643
653582
653551
653528
653358
653320
653006
652780
652537
652452
652341
652282
652244
652230
652175
651995
651984
651853
651835
651725
651691
651655
651646
651556
651407
651392
651140
651140
651081
651060
650977
650897
650731
650609
650347
650311
650179
650140
650077
650075
650062
650023
650009
649899
649802
649723
649609
649445
649443
649354
649312
649262
649008
648991
648923
648823
648815
648808
648700
648531
648517
648405
648356
648307
648223
647860
647804
647754
647638
647578
647551
647532
647492
647428
647352
647338
647327
647314
647203
647154
647147
647114
647007
646999
646675
646556
646263
646138
646059
646056
646036
646007
645933
645892
645763
645717
645645
645493
645446
645278
645109
644962
644841
644626
644612
644596
644522
644284
644220
644063
644014
643849
643800
643733
643676
643561
643327
643237
642964
642905
642904
642834
642488
642407
641961
641928
641793
641752
641665
641595
641512
641470
641329
641252
641230
641188
641136
641132
641067
640960
640926
640913
640742
640690
640560
640466
640264
640210
640001
639997
639983
639655
639492
639491
639329
638871
638867
638853
638815
638564
638427
638423
638387
638359
638335
638137
638129
638095
637919
637907
637875
637832
637809
637769
637732
637699
637584
637395
637347
637303
637204
637185
637050
637024
636845
636812
636802
636738
636721
636678
636358
636325
636224
635957
635835
635562
635556
635530
635460
635339
635196
635090
634990
634941
634921
634905
634872
634754
634741
634568
634522
634441
634431
634338
634272
634246
634113
633952
633940
633922
633786
633579
633576
633548
633508
633433
633310
633271
632990
632751
632584
632441
632306
632204
632187
632161
631849
631794
631781
631706
631412
631244
631224
631103
631038
630997
630842
630708
630696
630545
630393
630350
630311
630249
630220
630103
629840
629826
629811
629676
629590
629420
629386
629384
629351
629141
629013
628470
628427
628280
628221
628184
628038
627988
627866
627596
627365
627334
627292
627127
627118
627021
626944
626695
626557
626489
626470
626307
626297
626270
626125
625858
625777
625601
625429
625240
625212
625205
625148
625142
625114
624849
624626
624532
624092
624067
624047
623790
623582
623511
623495
623362
623339
623296
623160
622837
622739
622712
622706
622602
622582
622506
622461
622359
622249
622243
622140
622102
622032
621924
621866
621844
621679
621658
621525
621350
621348
621302
621283
621020
621014
620992
620856
620553
620526
620451
620172
620095
620069
620056
620004
619965
619948
619928
619907
619864
619843
619703
619544
619537
619469
619271
619259
619181
619128
619075
618932
618868
618805
618447
618222
618096
618047
617965
617818
617782
617742
617576
617524
617524
617381
617143
616987
616819
616597
616511
616432
616397
616385
616252
616229
616215
616174
616031
615967
615954
615882
615875
615811
615770
615723
615710
615693
615424
615383
615235
615193
615000
614720
614661
614595
614530
614523
614345
614156
614136
614087
614012
613926
613907
613852
613587
613527
613495
613413
613195
613026
613015
612762
612434
612362
612280
612214
612211
612089
612029
611900
611733
611717
611586
611527
611425
611351
611212
611129
610958
610776
610759
610738
610701
610547
610415
610398
610311
610186
610150
610143
610071
610030
609960
609908
609830
609761
609750
609553
609359
609287
609044
608976
608943
608832
608812
608708
608576
608537
608491
608490
608378
608179
608176
608103
608074
608074
607903
607856
607783
607742
607735
607695
607580
607541
607330
607288
607169
607114
607047
607006
606977
606952
606852
606736
606578
606562
606192
606152
606094
605990
605985
605836
605801
605722
605525
605484
605397
605210
605104
605004
604854
604840
604772
604628
604438
604426
604409
604335
604237
604020
604016
603952
603641
603485
603439
603427
603384
603179
602918
602844
602638
602547
602489
602307
602299
602247
602155
601787
601748
601711
601682
601396
601170
601036
600813
600770
600523
600520
600318
600301
600298
600214
600159
600139
600017
599958
599888
599789
599778
599621
599602
599590
599560
599465
599439
599257
599152
599085
598937
598823
598821
598722
598604
598400
598336
598040
598011
597982
597681
597634
597537
597403
597265
597042
596967
596815
596806
596752
596597
596463
596375
596289
596248
596145
596055
595825
595816
595757
595602
595558
595400
595203
595125
594998
594943
594672
594621
594572
594520
594512
594427
594380
594205
594041
594007
593981
593920
593883
593838
593781
593594
593448
593307
593304
593196
593193
592839
592200
592074
592071
592046
591985
591848
591797
591685
591652
591514
591455
591452
591441
591344
591288
591232
591135
590913
590865
590746
590674
590473
590361
590082
590080
590014
589856
589796
589695
589688
589621
589572
589515
589358
589226
589115
589111
589088
589076
588954
588769
588765
588677
588598
588405
588317
588024
587962
587926
587926
587884
587638
587531
587430
587309
587305
587278
587212
587170
587045
586858
586825
586736
586682
586634
586486
586275
586153
586058
586019
585916
585904
585840
585812
585402
585352
585269
585185
585164
585152
585075
584969
584923
584920
584915
584869
584621
584529
584501
584434
584344
584331
584325
584121
583805
583632
583441
583411
583395
583375
583251
583031
583015
582992
582921
582893
582891
582782
582777
582718
582670
582583
582511
582417
582386
582216
582105
581974
581910
581845
581796
581605
581547
581496
581439
581108
580982
580643
580602
580480
580451
580299
580279
580063
580059
580045
579875
579820
579631
579540
579324
579262
579238
579237
579105
579103
579069
579019
578622
578564
578457
578396
578330
578119
577849
577547
577275
577264
577198
577143
577115
577066
577049
576946
576840
576635
576621
576619
576471
576396
576383
576114
576070
575889
575733
575670
575570
575447
575422
575314
575034
574936
574876
574875
574793
574769
574565
574391
574377
574208
574131
574021
573891
573871
573812
573747
573480
573399
573315
573273
573012
572400
572309
572259
571969
571794
571654
571628
571516
571392
571338
571213
571181
570841
570776
570773
570653
570504
570503
570351
570174
570102
570076
570039
570008
569931
569615
569569
569532
569487
569379
569351
569341
569229
569193
569126
569032
568942
568859
568790
568774
568674
568399
568334
568227
568221
567920
567588
567544
567478
567436
567403
567359
567335
567318
567087
566986
566949
566703
566695
566678
566632
566597
566353
566352
566330
566292
566281
566274
566185
566041
565960
565924
565902
565741
565697
565572
565378
565309
565277
565227
565090
564919
564893
564619
564605
564485
564182
563925
563870
563771
563552
563490
563410
563196
563184
563121
563082
562702
562654
562591
562376
562332
562262
562209
562128
562120
562047
562018
561944
561892
561822
561796
561786
561611
561588
561410
561380
561367
561320
561237
561028
560920
560818
560591
560353
560317
560306
560286
559754
559547
559525
559518
559517
559515
559489
559409
559321
559268
559062
558996
558986
558912
558906
558775
558677
558642
558634
558614
558518
558487
558424
558357
558215
558145
558054
558025
558008
557772
557712
557528
557481
557402
557369
557253
557056
556999
556774
556715
556650
556633
556372
556128
556080
555988
555955
555898
555858
555675
555585
555450
555383
555247
555227
555198
555116
555071
554930
554676
554628
554607
554533
554372
554189
554159
554049
554016
553927
553893
553857
553849
553811
553655
553562
553542
553317
553181
552976
552925
552917
552847
552443
552131
552105
552030
551966
551920
551700
551688
551594
551154
551139
551102
550926
550823
550799
550762
550727
550727
550712
550557
550497
550482
550385
550356
550140
550007
549940
549686
549593
549555
549475
549297
549262
549197
549140
549001
548923
548822
548607
548571
548545
548529
548390
548348
548333
548171
548068
547959
547904
547608
547380
547223
547088
547061
547012
546857
546751
546454
546428
546417
546370
546226
546025
545913
545656
545569
545554
545320
545268
545235
545155
545077
544987
544980
544818
544809
544735
544721
544694
544614
544134
543859
543784
543775
543699
543692
543497
543447
543394
543365
542959
542903
542865
542858
542833
542536
542480
542247
542223
542143
542120
542042
542002
541887
541818
541703
541537
541182
541057
541054
541053
541018
540940
540846
540832
540786
540382
540307
540235
540099
540094
540076
539999
539961
539931
539844
539800
539738
539396
539349
539064
538967
538928
538898
538870
538777
538562
538525
538465
538450
538262
538224
538220
537776
537748
537491
537346
537259
537141
537110
537034
536822
536726
536687
536680
536622
536619
536617
536402
536352
536282
536261
536129
535870
535732
535378
535365
535255
535246
535225
535207
535039
535029
534869
534634
534621
534619
534512
534390
534367
534361
534317
534302
534157
534097
534034
533725
533706
533600
533523
533377
533224
533113
533021
533021
532871
532854
532645
532318
532282
532166
531993
531790
531781
531773
531310
531175
531034
531034
530983
530652
530597
530524
530503
530345
530205
530096
530043
529891
529747
529723
529721
529657
529641
529529
529498
529237
529211
529184
529168
528906
528725
528691
528668
528464
528434
528270
528241
528206
528105
528048
528042
528016
528010
527823
527746
527621
527567
527228
527127
526976
526812
526799
526635
526478
526260
526085
526063
526060
526055
525847
525661
525078
524997
524960
524859
524720
524138
524079
524021
523934
523795
523616
523593
523381
523312
523116
522986
522962
522898
522864
522769
522556
522459
522456
522407
522299
522211
522050
521935
521846
521584
521526
521235
521199
521197
521080
521012
520988
520943
520937
520932
520927
520792
520747
520611
520486
520450
520290
520180
520131
520114
520104
519906
519874
519791
519360
519148
519054
519047
518981
518849
518814
518765
518652
518474
518314
518301
518298
518252
518168
518167
518091
518063
517971
517965
517802
517663
517605
517598
517560
517219
516985
516905
516817
516778
516750
516709
516708
516681
516670
516652
516615
516496
516442
516420
516342
516127
515575
515366
515319
515301
515237
515230
515228
515166
515149
515089
515076
515019
514910
514813
514774
514679
514611
514557
514239
514193
514004
513943
513864
513815
513732
513571
513533
513530
513456
513309
513265
513172
513132
513100
512297
512054
512033
512008
511826
511708
511531
511453
511331
511299
511250
511102
511077
511041
510638
510598
510399
510331
510265
510254
510076
509767
509589
509363
509261
509258
509110
509093
508989
508867
508789
508761
508456
508450
508237
508156
508127
507919
507769
507649
507550
507444
507325
507289
507124
506995
506977
506797
506787
506774
506693
506679
506646
506190
506090
506086
506051
506019
505971
505937
505928
505894
505852
505805
505771
505617
505521
505510
505508
505411
505307
504955
504886
504698
504617
504593
504540
504179
504174
504154
503976
503914
503796
503696
503523
502896
502861
502827
502781
502781
502767
502685
502678
502572
502417
502356
502220
502160
502092
502010
501980
501966
501945
501793
501697
501600
501593
501574
501324
501275
501273
501267
501103
501028
500898
500778
500748
500641
500624
500624
500530
500509
500215
500166
500093
500047
499998
499886
499497
499466
499360
499290
499212
499124
498779
498672
498433
498230
498189
497998
497982
497797
497530
497463
497307
497205
496940
496624
496485
496264
496159
496094
496064
496008
495985
495869
495770
495751
495657
495625
495479
495447
495401
495292
495111
494999
494956
494718
494673
494650
494558
494369
494299
494027
493846
493817
493750
493673
493513
493460
493378
493347
493250
493187
493083
492938
492767
492576
492557
492392
492191
492052
491889
491879
491847
491732
491217
491060
491051
490901
490742
490624
490612
490526
490253
490202
490188
489956
489839
489728
489693
489549
489358
489231
489042
488861
488547
488369
488206
487784
487745
487615
487600
487556
487526
487363
487218
487141
487006
486964
486882
486848
486657
486444
486394
486365
486280
486165
486130
486033
485955
485709
485338
485326
485299
485123
484991
484778
484609
484280
484252
484062
484001
483753
483751
483668
483551
483355
483351
483047
483041
483002
482748
482626
482429
482357
482330
482126
482119
482036
482018
481963
481923
481921
481873
481813
481440
481429
481346
481257
481154
481150
480927
480813
480639
480506
480121
480072
480056
480028
480014
479933
479824
479790
479595
479570
479429
479388
479208
479150
479109
479074
479061
478860
478810
478567
478551
478510
478326
478321
478241
478101
477892
477808
477754
477702
477684
477592
477533
477532
477464
477399
477363
477271
477240
476983
476948
476677
476610
476524
476450
476294
476271
476263
476151
476022
475800
475651
475541
475522
475475
475453
475002
474949
474834
474819
474761
474755
474588
474280
474146
474060
473958
473655
473625
473607
473603
473536
473426
473350
473255
473235
473168
473144
473078
473023
472977
472700
472602
472597
472557
472468
472268
472243
471314
471193
471163
471099
471024
470996
470805
470559
470543
470421
470337
470265
470181
470099
470007
469905
469895
469866
469753
469740
469697
469649
469632
469631
469560
469509
469323
469191
469074
468773
468483
468285
468208
468005
467902
467706
467677
467618
467564
467435
467342
467234
466851
466835
466763
466585
466511
466488
466439
466395
466389
466251
466246
466013
465880
465754
465676
465668
465224
465138
465127
465015
464907
464812
464789
464756
464684
464559
464401
464380
464214
464131
464046
463972
463890
463888
463617
463590
463537
463532
463499
463432
463390
463347
463325
463300
463254
463251
463212
463181
463154
463148
463125
463075
462897
462701
462700
462609
462502
462416
462357
462210
462194
462162
462152
461765
461747
461529
461511
461495
461441
461356
461349
461213
461204
461103
461066
461021
460960
460903
460879
460505
460491
460395
460374
460336
460235
460143
460081
459982
459628
459558
459360
459238
459221
459155
459087
459081
459018
458904
458813
458720
458668
458437
458368
458344
458324
458155
458111
458025
457996
457984
457906
457789
457774
457768
457744
457665
457632
457628
457585
457556
457506
457463
457417
457356
457194
457122
457082
457069
456773
456709
456369
455948
455862
455770
455766
455678
455415
455349
455287
455276
455177
455124
455018
454981
454946
454915
454731
454690
454668
454570
454459
454315
454261
454169
454157
454072
454052
453982
453873
453723
453672
453621
453368
453320
453260
453116
453094
452979
452973
452621
452505
452413
452292
452268
452172
451835
451820
451704
451694
451534
451510
451499
451414
451409
451374
451315
451057
451024
450927
450617
450562
450486
450363
450354
450178
450149
449938
449868
449618
449575
449494
449216
449179
448975
448672
448582
448565
448292
448167
448153
448063
447916
447906
447559
447293
447078
447051
447015
446989
446679
446674
446612
446425
446412
446256
446148
446142
446136
446029
446023
446010
445968
445908
445745
445702
445682
445644
445473
445457
445448
445250
445197
445156
445105
444973
444831
444471
444262
444250
444208
444182
444154
444115
444084
443433
443333
443255
443157
443101
443020
443009
442889
442850
442767
442654
442646
442585
442493
442464
442427
442012
441811
441723
441695
441562
441473
441458
441452
441451
441268
441263
441126
441117
440866
440657
440581
440581
440442
440361
440269
440157
440110
440050
439995
439991
439916
439834
439830
439770
439709
439704
439509
439151
439033
439011
438910
438846
438784
438762
438720
438535
438493
438450
438229
438134
438038
437650
437473
437255
437056
437004
436785
436583
436475
436376
436322
436287
436041
436006
435996
435839
435803
435460
435438
435352
435348
435327
435294
435283
435229
435228
435171
435141
434874
434720
434625
434411
434408
434407
434269
434181
434087
434082
433915
433855
433824
433690
433684
433668
433546
433485
433432
432978
432978
432849
432844
432831
432705
432566
432524
432524
432135
432110
431735
431646
431599
431517
431495
431456
431453
431191
430928
430835
430829
430743
430673
430625
430550
430274
430135
430005
429998
429932
429898
429854
429834
429833
429730
429663
429584
429388
429342
429205
429191
429071
429027
428969
428963
428729
428631
428631
428414
428385
428237
428226
428044
428036
427981
427879
427870
427815
427724
427544
427506
427483
427274
427210
427061
426989
426980
426805
426751
426568
426539
426494
426487
426325
426156
426124
426037
426017
425961
425748
425680
425650
425632
425620
425575
425445
425385
425302
424978
424928
424756
424545
424426
424280
424169
423973
423961
423855
423827
423760
423719
423701
423624
423506
423423
423339
423336
423155
422930
422821
422728
422723
422689
422348
422206
422106
422076
422003
421804
421754
421622
421477
421476
421129
420990
420905
420900
420850
420803
420779
420698
420622
420422
420031
419979
419954
419887
419872
419640
419601
419531
419323
419311
419296
419198
419169
419165
418961
418938
418901
418847
418788
418685
418684
418594
418502
418438
418347
418317
418246
418117
418093
417967
417863
417815
417680
417642
417470
417256
417154
417090
416993
416961
416512
416388
416022
415911
415898
415867
415711
415373
415278
414899
414853
414824
414793
414722
414722
414450
414364
414260
414117
413976
413954
413932
413883
413829
413806
413725
413465
413412
413304
413292
413193
413109
412971
412893
412639
412569
412507
412407
412368
412340
411952
411883
411793
411790
411615
411433
411403
411348
411292
411243
410844
410834
410808
410746
410543
410499
410492
410058
409929
409909
409858
409718
409624
409497
409439
409276
408849
408440
408408
408333
408111
407975
407932
407780
407770
407645
407644
407517
407492
407483
407477
407438
407403
407389
407346
407119
407065
407060
406655
406653
406431
406426
406416
406396
406326
406302
406229
406197
405903
405887
405793
405683
405519
405443
405003
404993
404973
404917
404912
404736
404687
404623
404581
404524
404455
404455
404427
404371
404308
404224
404049
403971
403910
403744
403613
403589
403577
403438
403340
403289
403208
403199
403105
403043
402890
402238
402168
402135
402049
401578
401426
401397
401293
401169
401111
400512
400500
400241
400027
399985
399830
399775
399674
399626
399463
399440
399396
399289
399210
399190
399066
399041
398928
398872
398501
398382
398333
398310
398283
398273
398265
398132
398092
398038
397773
397740
397739
397561
397487
397391
397374
397272
397129
397118
397102
397006
396745
396631
396566
396564
396545
396523
396495
396490
396314
396271
396149
396031
395959
395552
395465
395441
395283
395257
395186
395168
395134
395067
394969
394888
394885
394785
394627
394625
394429
394379
394342
394287
394261
394145
394139
394044
394011
393984
393955
393889
393827
393670
393616
393448
393250
393233
392927
392899
392897
392724
392698
392648
392376
392137
392134
392108
392100
392020
391718
391705
391412
391371
391295
391264
391227
391179
390953
390490
390298
390204
390149
390147
390123
389835
389719
389619
389568
389556
389545
389529
389416
389256
389080
388880
388772
388718
388063
387831
387829
387827
387719
387711
387577
387496
387394
387132
386976
386958
386768
386469
386237
386227
386199
386178
386110
386036
386027
385883
385828
385740
385542
385510
385505
385500
385481
385424
385418
385384
385341
385319
385166
385032
384943
384820
384754
384641
384338
384325
384275
384251
384222
384202
384177
383829
383828
383810
383650
383467
383440
383305
383231
383216
383171
383071
383034
382491
382465
382415
382328
382146
382107
381791
381417
380984
380951
380904
380782
380636
380573
380399
380395
380383
380283
380141
379929
379909
379906
379808
379757
379692
379544
379415
379106
378966
378915
378894
378707
378655
378595
378592
378527
378415
378194
378167
378159
378076
378068
378065
377992
377844
377671
377325
377226
376865
376775
376491
376427
376295
375813
375788
375663
375658
375562
375534
375450
375377
375029
374851
374554
374362
374007
373881
373881
373873
373753
373315
373294
373226
373200
373131
373099
373083
373053
372928
372904
372870
372822
372749
372726
372690
372531
372468
372443
372406
372163
372092
371857
371781
371763
371635
371614
371574
371456
371445
371393
371272
371177
371162
370857
370803
370713
370697
370692
370629
370504
370444
370136
370134
369986
369946
369938
369843
369829
369791
369791
369768
369659
369533
369522
369445
369379
369321
369275
369060
369050
369000
368883
368744
368728
368557
368494
368492
368422
368347
368244
368208
368055
367954
367826
367802
367764
367741
367494
367447
367445
367439
367400
367291
367285
367227
367222
367164
366776
366774
366731
366622
366610
366540
366367
366266
366187
366180
366130
366081
365902
365866
365629
365223
365145
365086
364160
364099
363950
363835
363680
363657
363655
363507
363457
363092
362972
362831
362768
362603
362599
362514
362407
362393
362354
362322
362083
362062
362003
361996
361992
361793
361776
361684
361636
361489
361344
361324
361264
361203
361106
361103
360869
360833
360487
360475
360407
360199
360129
360098
360011
359840
359811
359794
359561
359535
359498
359479
359443
359373
359175
359153
358842
358781
358688
358654
358651
358608
358551
358412
358320
358267
358216
358192
358083
357911
357787
357678
357661
357603
357513
357426
357374
357247
357037
356989
356982
356814
356740
356497
356477
356394
356286
356283
356208
356133
355962
355710
355706
355612
355595
355539
355210
355175
355157
354871
354750
354669
354660
354633
354465
354346
354289
354266
354195
353914
353831
353753
353698
353495
353478
353160
353157
353141
353028
352980
352904
352712
352682
352639
352621
352560
352100
352022
351804
351771
351627
351611
351587
351544
351439
351327
351318
351290
350934
350807
350756
350732
350572
350491
350479
350462
350348
350339
350031
349571
349373
349348
349325
349215
349190
349166
349158
348823
348654
348625
348494
348454
348315
348229
348062
348057
348057
347721
347515
347394
347329
347283
347190
347018
346976
346620
346463
346442
346332
346047
345973
345965
345882
345805
345705
345678
345637
345435
345426
345308
345199
345154
345135
344847
344789
344755
344740
344723
344606
344524
344394
344345
343998
343897
343794
343765
343746
343633
343632
343600
343592
343576
343310
343218
343187
343121
343047
343025
342966
342916
342864
342777
342680
342566
342396
342078
342048
342045
341991
341893
341696
341686
341547
341534
341302
341210
341111
341009
341006
340929
340706
340686
340664
340614
340278
340183
340155
339963
339912
339901
339830
339721
339524
339353
339021
338997
338923
338920
338888
338885
338734
338711
338673
338592
338576
338527
338446
338443
338335
338096
337884
337787
337639
337578
337526
337076
337045
336953
336839
336752
336730
336720
336701
336699
336584
336417
336384
336273
336251
336074
336050
335736
335692
335563
335445
335396
335221
335097
334873
334787
334739
334658
334415
334395
334015
333887
333778
333720
333678
333663
333565
333531
333519
333220
333115
333101
333092
333003
332977
332753
332726
332653
332651
332625
332597
332548
332525
332505
332330
332189
332114
331933
331918
331869
331809
331682
331601
331500
331223
331205
331185
331166
331158
331134
331109
331092
330664
330577
330523
330376
330319
329938
329790
329704
329578
329502
328948
328926
328911
328882
328792
328724
328667
328652
328566
328488
328447
328410
328150
328148
328039
327858
327742
327611
327537
327512
327502
327473
327377
327360
327296
327263
326960
326863
326702
326586
326529
326239
326205
325994
325991
325938
325781
325718
325547
325527
325430
325381
325326
325200
325036
325001
324851
324806
324781
324659
324655
324623
324564
324552
324440
324424
324407
324242
324212
324031
324023
323741
323648
323629
323578
323490
323179
323045
323038
323033
323018
322987
322705
322697
322681
322573
322540
322371
322201
322008
321779
321660
321615
321598
321597
321487
321250
321179
320888
320700
320650
320607
320567
320560
320339
320303
320117
320060
320026
319981
319802
319623
319612
319537
319521
319465
319351
319294
319236
319167
319005
319003
318942
318887
318805
318777
318773
318735
318635
318564
318466
318366
318275
318254
318196
318090
317441
317365
317343
316956
316834
316787
316749
316711
316701
316636
316469
316378
316200
315912
315908
315888
315836
315789
315774
315705
315681
315666
315663
315623
315467
315419
314929
314907
314800
314640
314565
314457
314388
314364
314290
314250
314014
313692
313651
313624
313581
313573
313549
313502
313438
313350
313283
313246
313148
313099
312921
312813
312626
312618
312451
312414
312409
312136
312088
312028
311826
311803
311792
311607
311327
311315
311277
311070
310790
310716
310713
310701
310684
310663
310627
310512
310421
310258
310232
310212
310003
309906
309778
309569
309467
309335
309300
309176
309127
308931
308923
308866
308748
308635
308536
308418
308304
308270
308235
308220
308041
307974
307866
307742
307525
307506
307073
306871
306639
306420
306419
306320
306219
306062
306041
306008
305980
305961
305951
305900
305782
305782
305766
305617
305613
305553
305465
305440
305367
305353
305199
305129
305115
304888
304855
304855
304772
304584
304342
304109
304062
304040
304005
303502
303406
303343
303258
303190
303108
303041
302984
302938
302860
302783
302565
302498
302399
302373
301956
301899
301579
301453
301355
301280
301070
301016
300990
300713
300709
300593
300548
300407
300349
300348
300331
300309
300167
300121
299998
299980
299809
299571
299440
299419
299221
299155
299020
299002
298929
298807
298758
298702
298678
298376
298277
298140
298084
297977
297911
297895
297865
297829
297648
297596
297570
297544
297542
297519
297253
297225
297066
297047
296932
296684
296511
296421
296302
296211
296188
295916
295806
295759
295710
295678
295380
295198
295122
295000
294977
294950
294916
294763
294742
294723
294615
294592
294519
294517
294457
294221
294183
294080
294055
293994
293926
293413
293275
293197
293115
293057
293044
292909
292835
292827
292771
292721
292450
292357
292298
292295
292214
292119
292097
291993
291921
291770
291752
291695
291685
291656
291489
291398
291386
291382
291323
291206
291065
291022
290703
290584
290496
290212
290028
289867
289867
289837
289824
289804
289728
289637
289530
289357
289224
289075
289032
289009
288997
288919
288552
288534
288480
288395
288356
288305
288249
288145
287908
287774
287732
287666
287495
287454
287377
287339
287276
287155
287097
286973
286920
286852
286687
286681
286677
286550
286507
286463
286351
286333
286210
286152
286125
286095
286054
286019
285928
285881
285736
285732
285594
285557
285522
285478
285347
285204
285169
285085
284990
284461
284427
284383
284382
283900
283871
283774
283762
283680
283326
282948
282860
282720
282599
282474
282441
282405
282388
282319
282220
282186
281998
281868
281777
281694
281655
281634
281520
281512
281437
281392
281308
281291
281290
281209
280987
280928
280877
280805
280739
280689
280670
280542
280390
280366
279920
279916
279801
279742
279659
279478
279083
279049
279031
278934
278829
278720
278613
278577
278489
278332
278041
277925
277717
277658
277588
277588
277549
277452
277373
277371
277314
277286
277278
277215
276845
276521
276392
276387
276375
276228
276131
276030
275771
275552
275466
275417
275358
275341
275268
275260
275249
274872
274671
274565
274538
274290
274210
274062
273943
273939
273859
273772
273739
273650
273629
273611
273602
273373
273229
273214
273128
273106
273039
272834
272704
272590
272437
272395
272378
272357
272351
272257
272235
272099
272096
272002
271927
271781
271780
271710
271501
271484
271475
271458
271359
271329
271306
271080
271009
270894
270860
270829
270758
270628
270608
270535
270286
269996
269899
269748
269527
269464
269345
269345
269040
268834
268665
268573
268436
268430
268400
268383
268368
268332
268325
268308
268257
268256
268152
268007
267954
267837
267654
267462
267374
267309
267240
267235
267165
267140
266959
266926
266845
266696
266647
266630
266465
266257
266220
266109
265876
265871
265434
265324
265050
264997
264980
264873
264786
264628
264588
264559
264277
264276
264134
264063
264062
264053
264048
264035
263858
263780
263635
263580
263570
263473
263463
263447
263340
263148
263118
263091
263080
263001
262953
262932
262776
262550
262504
262477
262436
262403
262397
262324
262271
262242
262188
262077
261926
261901
261760
261756
261667
261606
261589
261545
261219
261031
260939
260902
260826
260776
260760
260596
260450
260160
260107
259925
259854
259845
259816
259804
259633
259626
259602
259583
259551
259463
259387
259219
259174
259096
259030
258925
258689
258683
258394
258005
257788
257661
257485
257401
257374
257265
257204
256981
256924
256679
256644
256524
256384
256128
256015
255915
255873
255848
255589
255348
255107
254954
254936
254916
254833
254569
254409
254236
254160
253973
253924
253746
253718
253612
253273
253257
253198
253152
252958
252935
252572
252501
252407
252150
251874
251683
251613
251365
251277
251211
251081
250794
250596
250485
250311
250300
250138
249685
249673
249413
249369
249265
249238
249221
249196
249156
249118
249060
249007
248827
248792
248765
248706
248698
248470
248400
248370
248211
248022
248020
248006
247897
247820
247800
247746
247667
247609
247582
247574
247543
247491
247418
247286
247163
247103
247038
246839
246822
246712
246695
246648
246647
246618
246604
246539
246311
246296
246159
246148
246020
245943
245621
245482
245421
245358
245341
245323
245317
245299
245235
245138
244919
244859
244734
244637
244627
244477
244347
244325
244319
244315
244220
244215
244208
244203
244042
244023
244022
243990
243858
243814
243698
243589
243533
243521
243101
242911
242717
242594
242488
242366
242326
242316
242285
242198
242099
242048
241940
241937
241833
241633
241521
241471
241438
241415
241409
241391
241315
241274
241210
241066
240888
240747
240421
240414
240332
240331
240235
240098
240085
239939
239916
239858
239854
239780
239502
239477
239356
239346
239132
239038
238755
238733
238623
238457
238448
238446
238401
238338
238208
238202
238072
237963
237950
237770
237555
237449
237384
237289
237084
237032
236905
236777
236617
236569
236486
236471
236316
236228
235759
235629
235587
235538
235296
235281
235147
234992
234932
234759
234656
234432
234147
234085
234034
234001
233971
233911
233823
233815
233649
233648
233527
233489
233314
233262
233004
232964
232904
232843
232776
232533
232526
232377
232220
232208
232008
231978
231610
231609
231606
231601
231600
231543
231493
231396
231287
231194
231151
231096
231013
230920
230777
230640
230546
230496
230368
230363
229948
229718
229558
229507
229484
229303
229281
229260
229036
229029
229025
228868
228770
228751
228625
228597
228379
228374
228339
228241
227911
227865
227799
227551
227459
227388
227234
227213
227059
226982
226950
226784
226770
226753
226512
226351
226341
226295
226293
226143
226130
226083
225756
225701
225601
225490
225336
225250
224997
224912
224905
224611
224569
224421
224389
224330
223931
223918
223692
223656
223469
223157
223090
223068
223049
222991
222943
222832
222819
222799
222683
222534
222507
222453
222428
222258
221795
221583
221518
221498
221387
221190
221074
221027
220891
220706
220663
220644
220630
220542
220457
220084
220044
219996
219870
219766
219648
219635
219230
219190
219088
218885
218883
218860
218792
218735
218517
218500
218484
218448
218360
218282
218193
218058
218054
218010
217996
217950
217835
217640
217629
217445
217440
217433
217428
217395
217353
217230
217058
217032
216970
216642
216343
215832
215693
215656
215587
215506
215495
215451
215384
215355
215327
215314
215176
215162
215142
214975
214968
214937
214769
214312
214288
214271
214220
214145
214128
213881
213783
213763
213695
213589
213528
213520
213497
213311
213294
213086
213029
213025
212904
212758
212712
212692
212592
212401
212277
212120
212028
211932
211909
211846
211809
211763
211630
211451
211290
211144
210763
210583
210513
210501
210441
210343
210252
210126
210025
209996
209697
209525
209281
209105
209066
209008
208939
208912
208769
208596
208544
208539
208251
208157
207979
207940
207854
207726
207660
207641
207583
207337
207121
207083
206970
206940
206927
206845
206747
206731
206652
206615
206450
206199
206118
206086
206069
205899
205850
205820
205683
205591
205575
205083
205067
205060
204920
204912
204910
204873
204861
204545
204498
204356
204345
204282
204246
204061
203605
203533
203287
203283
203259
203251
203187
203166
203051
202988
202746
202598
202556
202452
202220
202218
202113
201940
201601
201586
201487
201481
201447
201402
200943
200620
200527
200522
200407
200375
200185
200089
200085
199826
199725
199609
199607
199593
199271
199265
199201
199175
199109
198752
198742
198732
198548
198507
198484
198243
198238
198093
197606
197457
197456
197300
197260
197225
197051
196910
196841
196839
196713
196589
196384
196371
196356
196337
196265
195993
195973
195705
195663
195263
195145
195085
195085
194857
194854
194713
194551
194550
194532
194127
194085
194044
194023
193961
193943
193844
193549
193429
193416
193413
193282
193260
193086
193001
192874
192827
192641
192640
192584
192390
192368
192245
192189
192177
191801
191583
191450
191448
191313
191285
191279
191162
191125
191108
191010
191004
190917
190905
190830
190583
190549
190536
190500
190431
190270
190157
190151
190051
190013
189974
189570
189435
189140
189130
189043
188860
188496
188340
188320
188311
188263
188186
188086
188067
188058
187971
187797
187796
187706
187697
187656
187506
187454
187398
187268
186982
186826
186724
186639
186592
186453
186235
185772
185664
185224
184952
184665
184640
184572
184489
184307
184231
184231
184064
184057
184033
183866
183703
183590
183582
183501
183498
183458
183036
182898
182867
182734
182411
182365
182270
182267
182264
182154
182017
181970
181968
181936
181929
181908
181774
181342
181290
181227
181209
181076
181013
181007
180968
180948
180919
180776
180723
180573
180573
180327
180251
180246
180128
180074
179914
179782
179606
179589
179510
179415
179372
179170
179091
179088
178876
178678
178492
178444
178389
178384
178305
178046
178041
177964
177833
177545
177246
177030
176988
176981
176860
176803
176665
176599
176591
176511
176385
176350
176166
176013
175869
175733
175644
175203
175118
175098
174934
174788
174781
174701
174677
174672
174623
174609
174360
174294
174227
174196
173908
173770
173523
173374
173339
173325
173297
173279
173009
172898
172851
172795
172680
172678
172633
172631
172032
171980
171837
171585
171576
171534
171531
171405
171317
171220
171217
171206
171202
170996
170979
170913
170835
170760
170600
170580
170495
170354
170329
170275
170200
170190
170170
170167
170164
169950
169906
169889
169816
169748
169507
169292
169270
169268
169032
168876
168822
168775
168741
168589
168585
168537
168404
168290
167984
167967
167917
167878
167839
167647
167645
167608
167577
167563
167502
167353
167320
167241
167205
167201
167125
167088
166931
166881
166856
166533
166248
166147
166012
165931
165825
165785
165571
165548
165311
165299
165180
164988
164842
164818
164791
164621
164572
164483
164477
164395
164354
164269
164208
164184
164070
163938
163883
163829
163795
163645
163337
163226
163071
163028
163009
162990
162764
162628
162612
162517
162434
162314
162143
162057
161640
161496
161292
161287
161166
161079
160899
160583
160298
160151
159936
159716
159630
159460
159337
159247
159160
159037
158929
158837
158788
158702
158697
158624
158518
158499
158127
158008
157871
157870
157833
157496
157339
157327
157320
157170
157158
157030
156974
156931
156762
156754
156545
156479
156417
156278
156200
156137
155993
155908
155618
155459
155202
155184
154985
154979
154952
154943
154905
154847
154710
154618
154570
154516
154484
154454
154400
154369
154257
154128
153991
153983
153954
153857
153738
153558
153490
153308
153239
153097
152824
152790
152779
152756
152723
152538
152525
152358
152342
152288
152144
151954
151714
151576
151483
151336
151276
151110
151070
151012
150923
150765
150742
150597
150570
150531
150523
150463
150323
150303
150209
150191
150180
150137
150016
149933
149881
149808
149590
149471
149366
149283
149261
149247
149058
149041
148756
148665
148648
148612
148555
148240
148166
148126
147859
147688
147652
147633
147621
147586
147458
147220
147201
146999
146968
146876
146828
146743
146654
146559
146550
146382
146090
145792
145758
145550
145523
145293
145254
145236
145189
145187
145143
144943
144767
144662
144356
144309
144162
144021
143839
143563
143515
143478
143418
143256
142973
142926
142902
142878
142749
142650
142634
142589
142493
142458
142438
142386
142190
142156
142103
142057
142053
142046
141997
141658
141631
141314
141097
141075
140946
140898
140879
140794
140792
140655
140139
140133
140084
140063
139723
139579
139431
139391
139094
139081
139067
138971
138913
138732
138611
138554
138507
138471
138460
138414
138400
138215
138078
137785
137612
137552
137439
137397
137378
137157
137136
137133
136702
136568
136428
136214
136083
135852
135740
135662
135579
135491
135355
135328
135290
135261
135144
135123
134835
134767
134763
134648
134568
134409
134363
134319
134302
134260
134070
134033
133985
133890
133815
133771
133285
133252
133125
133054
133027
133004
132910
132889
132815
132708
132699
132628
132460
132459
132370
132236
132181
132095
131805
131772
131770
131710
131700
131652
131643
131623
131600
131529
131525
131474
131450
131287
131282
131032
131006
130814
130763
130763
130623
130545
130322
130223
130079
130064
129928
129900
129854
129810
129743
129702
129587
129583
129484
129450
129107
129035
128807
128657
128555
128550
128528
128470
128420
128407
128182
128169
128076
128043
127982
127951
127916
127799
127575
127475
127366
127030
126932
126827
126688
126494
126087
126055
125567
125486
125400
125179
125006
124945
124941
124277
124116
124008
123983
123977
123967
123928
123925
123549
123490
123345
123031
122999
122816
122812
122689
122527
122448
122276
122133
122082
121979
121875
121620
121492
121451
121286
121276
121142
120899
120823
120804
120794
120743
120703
120611
120600
120300
120245
119982
119944
119804
119767
119624
119596
119504
119429
118936
118702
118497
118472
118471
118440
118437
118434
118370
118343
118320
118291
118218
118078
117928
117908
117872
117630
117501
117474
117447
117364
117307
117274
117057
117051
116840
116586
116471
116413
116394
116322
116315
116210
116083
115860
115818
115742
115697
115656
115601
115592
115479
115406
115327
115321
115235
115172
115161
115100
114902
114794
114764
114683
114479
114370
114243
114020
113994
113667
113599
113463
113371
113350
113040
112826
112777
112640
112574
112568
112563
112368
112195
112184
112111
111977
111859
111718
111633
111417
111137
111087
110989
110962
110951
110861
110814
110772
110744
110686
110437
110350
110294
110025
109864
109838
109827
109736
109657
109562
109452
109413
109412
109386
109386
109373
109299
109238
109197
109075
108966
108930
108664
108638
108621
108348
108323
108267
108237
108221
108165
108039
107882
107452
107196
107070
106981
106703
106457
106364
106313
106299
106245
106214
106186
106110
105915
105845
105842
105754
105695
105681
105518
105515
105434
105271
105266
105078
105019
104970
104917
104898
104813
104732
104521
104327
104317
104273
104243
104062
103913
103782
103734
103689
103596
103428
103377
103189
103113
103087
103003
102956
102951
102915
102877
102859
102534
102281
101928
101925
101879
101721
101685
101681
101505
101413
101141
100936
100916
100896
100854
100759
100535
100535
100453
100398
100303
100239
100159
100002
99802
99792
99770
99684
99585
99298
99224
98680
98676
98666
98665
98494
98477
98437
98398
98298
98244
97985
97971
97828
97770
97763
97749
97617
97538
97532
97406
97378
97320
97055
96876
96825
96730
96553
96527
96515
96388
96316
96315
96241
96171
95890
95835
95791
95783
95758
95660
95590
95571
95489
95452
95440
95276
95077
95066
94862
94768
94625
94422
94363
94323
94312
93970
93943
93903
93780
93468
93320
93306
93253
93252
93215
93176
93142
93039
92925
92793
92787
92735
92697
92630
92530
92452
92352
92228
92117
92114
92002
91858
91789
91775
91755
91678
91630
91575
91420
91118
91073
91028
90886
90883
90837
90790
90656
90597
90512
90467
90439
90438
90284
90114
90081
90081
90032
90010
89893
89799
89751
89481
89462
89359
89356
89316
88778
88682
88553
88503
88445
88350
88319
88227
88049
87789
87507
87507
87486
87450
87261
87147
86958
86821
86734
86707
86533
86500
86395
86280
86179
86014
85793
85754
85636
85605
85352
85308
85284
85257
84779
84713
84536
84467
84397
84190
83970
83826
83589
83577
83542
83541
83507
83491
83379
83354
83353
83343
83337
83322
83218
82850
82443
82374
82147
82034
81998
81959
81912
81825
81799
81741
81725
81694
81672
81473
81438
81247
81224
80926
80825
80726
80409
80315
80313
80277
80190
80046
79891
79659
79602
79552
79471
79444
79333
79316
79309
79202
78923
78813
78765
78747
78746
78730
78548
78272
78240
78210
78078
78008
77778
77742
77624
77503
77443
77296
77205
77169
76966
76820
76808
76751
76562
76496
76351
76220
75975
75908
75791
75751
75659
75428
75322
75264
75203
75184
75097
74964
74906
74853
74835
74832
74497
74293
74248
74242
74012
73956
73864
73838
73674
73674
73474
73433
73286
73258
73180
73138
73118
73019
72972
72899
72521
72384
72306
72281
72274
72214
72200
72198
72189
72076
71928
71870
71825
71689
71532
71324
70852
70835
70491
70449
70398
70336
70291
70243
70189
70166
70143
70103
70064
69953
69948
69888
69740
69726
69686
69636
69581
69569
69510
69409
69386
69358
69330
69198
69170
69066
69065
68991
68938
68929
68896
68733
68705
68665
68196
68060
67963
67904
67893
67849
67749
67619
67590
67551
67526
67390
67320
67269
67196
67169
67157
67091
66892
66764
66644
66565
66461
66361
66307
66280
66223
66139
65974
65923
65694
65679
65582
65423
65366
65251
65083
65072
65022
64985
64883
64617
64406
64228
64116
64039
63922
63682
63643
63174
63080
62926
62748
62616
62599
62576
62484
62457
62287
62194
62179
61914
61634
61580
61344
61237
61121
61102
61027
60975
60653
60537
60455
60368
60365
60002
59985
59821
59817
59806
59555
59430
59412
59403
59362
59302
59110
59012
58918
58901
58887
58706
58653
58653
58400
58309
57956
57904
57883
57757
57756
57749
57524
57483
57309
57019
56852
56826
56592
56581
56507
56447
56263
56069
56005
55982
55555
55524
55513
55403
55386
55323
55227
55011
54945
54934
54919
54915
54840
54778
54695
54538
54415
54234
54190
54181
54148
53871
53838
53707
53447
53373
53261
53225
53186
52931
52877
52865
52818
52382
52329
52316
52288
52199
52040
51776
51744
51702
51571
51495
51483
51287
51080
51068
50941
50934
50909
50693
50646
50613
50543
50412
50346
50056
49944
49941
49782
49718
49596
49518
49350
49201
48906
48843
48725
48615
48502
48262
48133
47959
47713
47700
47616
47523
47450
47422
47357
47096
47071
47049
46936
46884
46879
46855
46685
46646
46597
46513
46439
46327
46270
46155
46108
46082
46080
46007
45681
45656
45596
45404
45325
45246
44983
44631
44522
44354
44330
44291
44255
44200
43925
43764
43680
43364
43190
43008
43006
42881
42691
42647
42431
42329
42318
42233
42129
42088
41981
41920
41828
41695
41395
41366
41353
41293
41266
41259
41246
41231
41143
41025
40867
40798
40645
40627
40536
40448
40264
40057
39959
39826
39786
39698
39643
39598
39591
39280
39200
39167
39074
39019
39011
38906
38626
38493
38455
38387
38358
38276
38225
38190
38023
37937
37781
37354
37259
37245
37239
37236
37227
37114
37102
37020
36838
36623
36532
36382
36368
36366
36324
36247
36216
36155
36103
35887
35863
35844
35608
35571
35464
35285
35185
35168
35166
35166
35081
34880
34849
34838
34692
34661
34652
34362
34344
34290
34273
34250
34212
34171
34167
34150
34122
34023
33965
33940
33719
33425
33352
33324
33276
33118
32986
32699
32659
32625
32563
32491
32441
32429
32169
32063
31966
31892
31788
31727
31697
31661
31428
31371
31337
31332
31284
31147
31039
31035
30785
30705
30699
30554
30548
30357
30338
30284
30214
30181
30072
29747
29626
29609
29535
29530
29442
29417
29271
29214
29188
28918
28539
28509
28018
27987
27753
27743
27608
27446
27197
27083
27047
27029
26981
26977
26806
26778
26673
26640
26595
26482
26454
26424
26304
26278
26128
26068
26015
25983
25821
25815
25742
25514
25464
25354
25337
25100
25057
25056
24732
24648
24545
24515
24392
24279
24202
24181
24174
24153
23913
23883
23781
23767
23736
23732
23644
23593
23450
23298
23296
23222
23139
23116
23063
22973
22578
22342
22148
22125
22110
22100
22055
21501
21497
21410
21158
21128
20985
20972
20964
20928
20922
20842
20789
20743
20739
20718
20514
20473
20063
19993
19976
19957
19622
19585
19578
19569
19547
19521
19446
19359
19143
19026
18833
18721
18704
18697
18637
18576
18533
18532
18504
18483
18164
18152
18130
18123
18054
18023
17951
17562
17556
17526
17041
17017
16886
16876
16800
16777
16540
16504
16481
16297
16132
15879
15873
15733
15724
15575
15442
15379
15377
15349
15316
15165
15111
15096
15020
14957
14951
14918
14787
14762
14470
14287
14141
13959
13901
13590
13525
13461
13316
13257
13146
12955
12869
12779
12713
12486
12446
12387
12301
12144
12117
11987
11966
11914
11860
11824
11618
11494
11466
11162
10930
10813
10805
10770
10750
10685
10468
10384
10344
10297
10226
10208
10203
10121
9975
9657
9585
8991
8765
8751
8551
8451
8397
7885
7874
7753
7723
7621
7609
7472
7398
7284
6964
6898
6844
6820
6668
6668
6642
6607
6550
6209
6134
5985
5706
5641
5603
5422
5301
5152
5064
4947
4917
4884
4860
4848
4791
4635
4555
4256
4225
3951
3838
3688
3677
3487
3441
3316
3277
3164
3016
2890
2799
2786
2517
2472
2228
2046
1880
1762
1658
1562
1452
1297
1244
1106
985
906
739
708
693
585
557
468
423
361
287
259
47
