999780
999736
999561
999559
999552
999494
999121
999074
998873
998845
998778
998645
998332
998312
998267
998171
998151
998102
998035
997764
997727
997625
997494
997450
997388
997266
997180
997089
996914
996913
996889
996842
996801
996796
996562
996380
996361
996303
996200
996049
996048
996014
996000
995751
995726
995681
995608
995560
995431
995306
995304
995300
995283
995179
995122
995086
995084
995031
994965
994903
994897
994741
994221
994079
994038
993966
993853
993736
993396
993387
993330
993322
993064
993033
992719
992666
992604
992311
992296
992174
991817
991817
991741
991516
991498
991208
991166
990970
990849
990830
990658
990287
990102
989912
989889
989554
989467
989441
989323
989311
989248
989133
988669
988593
988548
988538
988206
988041
987976
987886
987825
987743
987693
987641
987586
987530
987439
987399
987241
987231
986927
986910
986817
986801
986476
986390
986271
986128
986111
986074
985780
985651
985647
985568
984938
984906
984775
984587
984564
984515
984260
984222
984169
983983
983970
983930
983787
983760
983715
983414
983242
983231
983163
983133
982706
982623
982616
982557
982382
982331
982098
981988
981987
981827
981811
981664
981587
981585
981545
981539
981340
980979
980694
980626
980528
980481
980374
980337
980277
980276
980207
980057
980032
979977
979796
979791
979738
979709
979692
979397
979328
979302
979045
979040
979028
979013
979002
978715
978469
978302
978138
978040
977881
977726
977626
977538
977484
977418
977119
976862
976800
976561
976441
976399
976295
976260
976252
976225
976007
975938
975922
975866
975779
975553
975479
975443
975426
975391
975320
975247
975143
974729
974112
973959
973762
973348
973227
973050
973006
972934
972919
972878
972818
972766
972715
972569
972539
972519
972247
972003
971866
971689
971523
971481
971446
971350
971302
971279
971271
971261
971217
971167
971164
971160
971114
970946
970893
970660
970609
970486
970360
970241
970141
970040
969953
969910
969894
969873
969685
969660
969641
969625
969588
969516
969511
969507
969419
969402
969297
968920
968851
968535
968401
968274
968209
968165
968008
968002
967754
967693
967653
967645
967638
967401
967320
967208
967178
967105
967102
966936
966892
966861
966725
966649
966355
966194
966049
965880
965815
965763
965688
965656
965637
965508
965418
965412
965268
965265
965251
965093
965017
964778
964709
964567
964160
964153
964125
964119
963996
963990
963854
963842
963727
963644
963628
963507
963472
963468
963340
963015
963005
962930
962911
962852
962829
962761
962689
962467
961994
961813
961691
961628
961576
961483
961389
961355
961311
961259
961252
960857
960812
960752
960633
960376
960371
960362
960210
960146
960040
959987
959983
959935
959914
959851
959848
959685
959594
959576
959499
959404
959347
958910
958886
958760
958627
958510
958452
958370
958266
958174
958153
957953
957882
957856
957812
957762
957694
957557
957543
957531
957435
957409
957379
957049
957003
956905
956678
956667
956627
956612
956365
956358
956061
955934
955862
955553
955477
955459
955429
955396
955298
955250
955237
955231
955185
955172
955070
955006
954991
954985
954925
954866
954786
954760
954695
954640
954404
954389
954360
954298
954218
954185
954117
954110
953503
953500
953395
953392
953214
953163
953017
952440
952379
952277
952214
952213
951897
951852
951690
951625
951531
951451
951296
951230
951193
950922
950779
950726
950661
950545
950540
950457
950411
950381
950213
950154
950050
949859
949778
949383
949340
949290
949242
949238
949038
948887
948862
948701
948490
948414
948374
948334
948178
948133
948109
948072
948065
947976
947867
947688
947624
947564
947520
947496
947419
947377
947274
946983
946936
946904
946891
946554
946536
946109
945984
945746
945735
945701
945543
945250
945238
945235
945167
945151
945124
944947
944914
944909
944819
944765
944240
944192
944103
944023
943855
943774
943726
943598
943589
943536
943532
943354
943210
943158
943056
942954
942669
942464
942303
942301
942003
941816
941794
941782
941738
941617
941514
941500
941406
941338
941304
941259
941205
941189
940900
940629
940507
940427
940273
940237
940164
940148
940135
940087
940037
939920
939823
939652
939202
939078
938964
938865
938668
938658
938462
937934
937861
937785
937630
937514
937438
937237
937225
937091
937003
936956
936898
936889
936790
936765
936733
936678
936608
936521
936514
936483
936424
936422
936360
936222
936220
936189
936182
936045
935804
935649
935621
935604
935569
935268
935233
934771
934627
934551
934550
934480
934403
934398
934309
934299
934212
934172
933896
933759
933461
933379
933289
933158
933019
932793
932653
932651
932605
932470
932231
932204
932190
932020
931976
931930
931882
931853
931852
931736
931574
931568
931500
931478
931430
931281
931174
931150
930802
930789
930368
930341
930170
930025
929897
929879
929840
929222
929129
929065
928951
928755
928754
928413
928315
928257
928218
928167
927971
927892
927679
927650
927531
927478
927363
927179
927113
927026
926859
926798
926774
926711
926648
926571
926539
926394
926363
926263
926197
926151
926146
926131
926118
926104
926075
926054
926053
926049
925996
925860
925816
925815
925722
925719
925555
925449
925427
925421
925376
925365
925319
925230
925134
924768
924718
924705
924661
924543
924539
924459
924354
924327
924275
924026
923983
923898
923896
923742
923665
923625
923621
923496
923494
923451
923448
923249
923134
923028
923024
922996
922883
922875
922839
922732
922609
922604
922382
921920
921920
921855
921804
921657
921579
921403
921065
920932
920771
920566
920455
920424
920257
920212
919926
919783
919463
919392
919306
919130
919105
918995
918942
918799
918784
918749
918462
918439
918205
918018
917959
917942
917913
917828
917699
917677
917305
917158
917095
916833
916763
916676
916316
916311
916195
916067
915973
915769
915724
915664
915648
915550
915531
915523
915287
915128
915116
915114
914955
914926
914855
914777
914686
914679
914599
914501
914484
914388
914330
914085
914003
913904
913864
913754
913597
913526
913417
913066
912987
912973
912933
912897
912884
912822
912809
912709
912611
912448
912341
912310
912239
912237
912147
912035
911984
911933
911905
911596
911501
911459
911425
911353
911346
911319
911188
911152
911068
911039
910912
910687
910657
910578
910558
910530
910530
910438
910402
910320
910254
910165
910072
910013
909662
909643
909628
909533
909526
909495
909293
909290
908773
908585
908549
908378
908263
908201
908122
908119
908113
907994
907718
907708
907656
907631
907623
907514
907434
907400
907379
907312
907128
907117
907109
907093
907052
906526
906395
906278
906274
906254
906199
905915
905748
905728
905584
905575
905437
905399
905351
905165
904899
904886
904863
904861
904812
904637
904598
904395
904325
904193
904137
904037
904012
903997
903912
903901
903836
903762
903696
903511
903320
903249
903214
902928
902835
902813
902769
902757
902625
902439
902426
902405
902386
902323
902265
902244
902240
902138
902011
901843
901821
901726
901702
901666
901586
901544
901490
901233
901190
901084
900759
900747
900727
900691
900630
900444
900227
900196
900143
900123
900022
899991
899976
899933
899742
899695
899688
899417
899236
899219
899156
899139
899123
898978
898975
898945
898790
898565
898538
898317
898126
898115
898011
897835
897597
897457
897385
897358
897267
897249
897216
897068
897028
896827
896717
896520
896499
896259
896214
896105
896054
896054
895997
895971
895888
895868
895857
895808
895661
895587
895570
895530
895510
895410
895328
895179
895160
894789
894747
894671
894599
894577
894544
894495
894418
894395
894230
894196
894150
894132
894015
893917
893907
893763
893750
893686
893488
893370
893116
893085
892988
892572
892551
892546
892521
892497
892390
892364
892323
892302
892302
892263
892197
892180
892131
892122
891937
891522
891520
891276
891156
891077
891023
890626
890586
890553
890400
890385
890315
890128
890116
889871
889763
889574
889561
889454
889280
889267
889194
889056
888933
888697
888612
888248
887766
887725
887690
887685
887683
887597
887538
887059
886961
886938
886636
886559
886557
886248
886244
886085
886074
885951
885949
885774
885764
885422
885364
885307
885251
885044
885037
885035
884771
884769
884528
884209
884145
884042
883548
883488
883441
883198
882793
882788
882665
882475
882459
882149
882131
881987
881803
881766
881712
881702
881474
881121
881104
880988
880969
880882
880854
880718
880539
880443
880386
880269
880265
880255
880246
880124
880120
879938
879902
879879
879710
879486
879485
879319
879299
879175
879157
878986
878863
878765
878696
878695
878592
878554
878486
878009
877832
877807
877765
877685
877640
877561
877406
877023
876804
876607
876479
876395
876383
876338
876237
876221
876155
875923
875775
875737
875734
875682
875470
875419
875215
875058
874998
874836
874825
874690
874618
874566
874447
874441
874429
874226
874176
874081
874080
873992
873887
873821
873806
873199
873144
873065
872751
872723
872621
872367
872356
872252
872249
872135
871788
871723
871662
871627
871364
871152
871063
870986
870892
870842
870773
870747
870677
870323
870241
870189
870163
870109
870092
869993
869908
869852
869730
869658
869532
869277
869240
869080
869037
869028
868997
868890
868871
868714
868611
868464
868459
868293
868224
868182
868158
868052
867849
867848
867845
867772
867679
867669
867664
867626
867568
867440
867407
867390
867237
867193
867133
867031
867012
866961
866906
866868
866823
866797
866728
866464
866404
866201
866046
866003
865958
865900
865816
865296
865226
864840
864674
864590
864493
864437
864257
864255
864137
864060
864056
863927
863847
863809
863798
863798
863775
863630
863499
863454
863411
863284
862932
862897
862816
862728
862692
862639
862581
862560
862413
862395
862362
862323
862251
862241
862139
861965
861943
861908
861821
861683
861578
861496
861473
861262
861236
861167
861067
861031
860762
860567
860513
860502
860293
860285
860251
860202
860186
860168
860126
860057
860040
859992
859886
859381
859380
859343
859328
859327
859271
859056
859002
858794
858684
858279
858264
858228
858164
857760
857572
857547
857543
857471
857266
857047
857010
856941
856647
856618
856573
856466
856431
856250
856189
856166
856151
855528
855450
855372
855107
854996
854647
854627
854296
854179
854124
854080
853956
853660
853510
853504
853164
853163
853161
853149
853011
852974
852908
852825
852755
852733
852389
852359
852243
852205
852047
851951
851939
851882
851757
851738
851713
851691
851651
851534
851456
851402
851293
851204
851174
851143
851139
851022
850974
850822
850719
850665
850658
850647
850636
850346
850181
850155
849838
849828
849762
849746
849710
849541
849307
849276
849257
849190
849133
849018
848894
848893
848876
848828
848756
848658
848643
848573
848514
848434
848388
848381
848286
848260
848222
847964
847735
847235
847125
846931
846816
846802
846740
846455
846451
846380
846215
846027
845991
845956
845715
845681
845667
845522
845348
845317
845123
845030
845019
844973
844776
844665
844600
844561
844158
844005
843966
843962
843850
843810
843646
843592
843573
843495
843367
843265
843257
843086
842965
842789
842742
842683
842583
842459
842425
842200
842170
842092
842077
842041
841976
841885
841860
841843
841422
841402
841312
841185
841098
840901
840634
840522
840488
840380
840350
840217
840045
840024
840020
839983
839893
839795
839762
839624
839538
839359
839296
839160
839147
838938
838872
838824
838807
838772
838528
838418
838258
838239
838226
838124
838081
838075
838042
838028
837872
837766
837375
837281
837239
837222
837074
837063
836965
836890
836738
836405
836312
836273
835927
835735
835337
835330
835235
835203
835142
835019
834973
834900
834798
834737
834650
834609
834581
834498
834320
834268
834092
833984
833702
833651
833634
833505
833417
833399
833240
833119
833070
832962
832945
832882
832837
832818
832758
832708
832663
832610
832548
832409
832319
832213
832152
831752
831695
831610
831492
831436
831289
831216
831166
831149
831141
831139
831072
830995
830872
830816
830812
830779
830715
830651
830615
830522
830368
830305
830050
829857
829824
829715
829694
829459
829429
828985
828875
828815
828655
828558
828556
828449
828402
828329
828137
828132
828055
828033
828009
827757
827748
827689
827394
827093
827039
826989
826988
826904
826855
826817
826812
826715
826447
826438
826263
826018
826006
825961
825940
825899
825876
825812
825725
825466
825321
825220
825218
825218
825078
825049
824943
824816
824705
824521
824379
824348
824048
824012
824000
823999
823786
823497
823453
823392
823379
823345
823224
823125
823110
822992
822967
822868
822610
822343
822046
821993
821991
821979
821957
821947
821427
821357
821351
821039
820946
820886
820740
820592
820557
820378
820376
820165
819984
819931
819814
819741
819701
819652
819593
819540
819537
819484
819455
819413
819398
819340
819283
819074
818926
818491
818465
818401
818303
818281
818270
818245
818178
818135
818053
817982
817898
817889
817849
817741
817640
817581
817475
817292
817237
817141
816960
816956
816786
816668
816559
816511
816311
816299
816006
815956
815930
815861
815859
815792
815775
815574
815484
815451
815374
815142
815079
815064
814983
814956
814778
814486
814370
814322
814273
814166
814017
813908
813764
813425
813238
812855
812843
812785
812694
812609
812572
812430
812428
812262
812228
812164
812156
812085
811921
811889
811881
811836
811643
811599
811578
811388
811266
811249
811186
811115
810872
810807
810669
810473
810470
810402
810241
810147
809913
809844
809792
809707
809524
809429
809393
809111
809021
808936
808813
808631
808590
808532
808466
808461
808401
808359
808155
808002
807748
807592
807552
807278
807212
807189
807064
807009
806963
806798
806657
806636
806382
806328
806235
806048
806031
805889
805859
805775
805552
805518
805482
805448
805362
805317
805274
805265
805257
805147
804705
804610
804598
804565
804448
804415
804388
804136
803984
803957
803910
803414
803356
803064
803021
802832
802670
802630
802596
802588
802517
802446
802313
802256
802222
802208
802196
802193
802094
802067
802043
801863
801779
801557
801276
801090
801053
801021
801017
801014
801011
800976
800349
800276
800246
799979
799941
799887
799859
799766
799708
799676
799621
799584
799570
799562
799444
799384
799349
799343
799315
799124
799120
799119
799077
799056
799045
799035
798970
798915
798903
798885
798849
798723
798595
798502
798427
798291
798162
797917
797915
797848
797833
797709
797647
797634
797538
797439
797334
797259
797234
797154
797142
797092
797046
797037
796922
796871
796737
796701
796666
796546
796483
796460
796368
796367
796347
796338
796263
796101
796091
796029
795896
795882
795822
795719
795393
795371
795244
795239
795120
795104
794967
794954
794913
794871
794780
794751
794740
794557
794530
794452
794397
794338
794199
794113
794049
793991
793748
793634
793298
793257
793243
793021
792850
792849
792762
792546
792530
792499
792319
792184
792062
792009
791872
791830
791818
791789
791660
791418
791256
791247
791236
791235
791126
791059
791030
790901
790873
790791
790721
790533
790487
790300
790293
790192
790105
789993
789929
789907
789850
789730
789694
789672
789619
789465
789329
789317
789287
789189
789055
789038
789026
789026
788902
788792
788682
788452
788411
788341
788284
788189
788098
788051
787984
787747
787628
787437
787370
787342
787311
787308
787272
787253
787238
787182
787148
787120
786896
786876
786853
786849
786824
786749
786741
786723
786668
786492
786421
786354
786154
786152
786145
786108
786059
785847
785710
785662
785585
785537
785361
785316
785219
784879
784677
784666
784538
784273
784249
784071
784039
784019
783900
783839
783564
783556
783479
783402
783256
783149
783048
782947
782495
782157
782155
781946
781930
781747
781725
781719
781567
781425
781373
781346
780977
780871
780787
780752
780669
780626
780585
780519
780476
780388
780363
780233
780128
780095
780022
779803
779786
779517
779378
779106
779101
779078
779003
778936
778875
778824
778731
778670
778646
778600
778519
778510
778446
778327
778307
778288
778193
778022
777992
777905
777352
777272
777254
777127
777121
776932
776918
776725
776641
776476
776298
776257
775969
775794
775788
775660
775649
775610
775588
775577
775384
775345
775306
775181
774644
774509
774501
774403
774210
774119
773767
773692
773611
773438
773419
773296
773263
773251
773179
772855
772828
772809
772561
772476
772358
772248
772181
772153
772039
771998
771893
771872
771719
771383
771349
771262
771243
771234
771156
771151
771076
771006
770740
770703
770583
770496
770133
770027
769672
769640
769599
769565
769514
769491
769425
769309
769199
769161
768932
768905
768866
768754
768428
768231
768136
768077
768058
767878
767494
767268
766963
766959
766846
766817
766796
766774
766769
766670
766317
766264
766068
765989
765908
765872
765753
765621
765539
765489
765481
765391
765231
765166
765154
765123
765032
764991
764929
764822
764796
764620
764535
764341
764246
764212
764138
764112
763920
763915
763883
763756
763503
763488
763390
762989
762951
762940
762914
762866
762790
762761
762717
762589
762560
762453
762371
762236
762211
762079
761905
761840
761829
761791
761642
761228
761075
761012
760863
760845
760824
760818
760701
760613
760494
760425
760266
760168
760035
759995
759810
759741
759704
759584
759511
759504
759049
758897
758586
758558
758486
758068
758033
758013
757958
757924
757923
757877
757549
757494
757403
757401
757282
757271
757200
757057
757021
756962
756933
756842
756810
756691
756636
756160
755801
755751
755713
755611
755567
755528
755455
755279
754742
754675
754581
754560
754224
754143
754025
753973
753925
753828
753621
753617
753283
753235
753137
753006
752778
752770
752647
752378
752323
752047
751921
751876
751871
751856
751772
751670
751305
751181
751180
751097
750949
750825
750420
750406
750284
750250
750154
749845
749793
749608
749465
749441
749401
749386
749184
748880
748702
748657
748545
748434
748385
748370
748335
748318
748292
748169
748138
747888
747875
747817
747816
747702
747636
747629
747478
747463
747450
747421
747314
747206
747101
746959
746778
746722
746697
746508
746498
745777
745674
745268
745164
745156
744922
744875
744836
744790
744665
744654
744562
744515
744350
744288
744235
744184
743990
743789
743784
743481
743348
743247
743245
743093
743085
742967
742940
742865
742837
742807
742658
742553
742403
742310
742122
742050
741972
741949
741678
741663
741510
741432
741397
741394
741307
741274
741073
740967
740397
740377
740198
740115
739977
739934
739932
739924
739918
739830
739632
739606
739541
739319
739276
739239
738940
738895
738723
738718
738603
738494
738409
738039
737975
737881
737618
737386
737238
737236
736992
736987
736847
736789
736501
736489
736477
736389
736175
736139
735981
735936
735916
735711
735631
735459
735272
735130
735083
735074
734985
734942
734918
734748
734748
734708
734535
734516
734368
734254
734223
734124
734054
734032
733930
733918
733908
733760
733754
733617
733615
733614
733610
733513
733478
733467
733427
733233
733170
733095
733006
732922
732898
732898
732861
732713
732613
732416
732403
732354
732286
732069
732032
731988
731926
731729
731699
731658
731560
731547
731459
731357
731162
731119
731068
731046
731033
731033
730879
730582
730569
730243
730167
729715
729693
729606
729606
729517
729193
729191
729040
729008
728949
728869
728621
728522
728489
728475
728439
728421
728351
728250
728144
728094
728053
727843
727699
727557
727528
727512
727410
727188
727063
727057
727049
726977
726972
726776
726574
726533
726308
726130
726089
725906
725714
725488
725168
725020
724967
724926
724652
724571
724570
724379
724223
724087
724074
723795
723743
723707
723418
723356
722887
722608
722498
722064
722033
721774
721668
721662
721640
721636
721604
721538
721370
721126
720987
720892
720827
720826
720538
720535
720483
720455
720246
720242
720204
719816
719730
719689
719667
719324
719257
719253
719210
719184
719079
719013
718791
718711
718701
718624
718518
718418
718103
718087
718025
717968
717958
717785
717671
717502
717433
717375
717227
717198
717188
717173
717101
717076
716906
716855
716844
716798
716588
716515
716312
716221
716191
716047
715919
715832
715669
715608
715573
715470
715263
715262
715214
715128
715076
715041
714988
714913
714702
714603
714218
714142
713910
713798
713790
713729
713648
713646
713529
713507
713506
713413
713305
713221
713203
713167
713038
712987
712977
712947
712710
712682
712640
712580
712555
712554
712489
712232
712194
712121
712081
712072
712006
711959
711918
711859
711780
711519
711444
711375
711223
711150
711091
711086
711015
710989
710869
710633
710248
710133
709972
709900
709897
709891
709830
709620
709573
709568
709190
709143
709123
709059
708786
708499
708325
708311
708281
707977
707959
707873
707810
707729
707686
707539
707529
707382
707345
707241
707097
707007
707006
706892
706886
706861
706643
706555
706265
705879
705667
705580
705567
705521
705520
705307
705241
705148
705052
705048
704951
704886
704872
704843
704670
704481
704131
704033
703975
703752
703436
703282
703231
703013
702968
702960
702728
702579
702549
702508
702310
702163
702041
702037
701806
701704
701614
701590
701511
701255
701044
701042
700708
700544
700446
700445
700352
699834
699805
699756
699628
699623
699542
699386
699367
698918
698893
698557
698540
698419
698270
698205
698169
698148
698038
697878
697769
697688
697653
697600
697480
697378
697102
696974
696816
696724
696639
696587
696328
696006
695864
695700
695682
695546
695545
695526
695486
695443
695312
695205
695201
695199
695160
695062
694931
694611
694588
694517
694449
694394
694122
693973
693870
693535
693517
693494
693099
693025
692975
692900
692741
692475
692376
692135
692102
691594
691582
691234
691213
691072
690846
690582
690463
690277
690269
689958
689928
689825
689815
689498
689338
689293
689288
689277
689138
688810
688712
688707
688422
688403
687970
687901
687875
687684
687654
687654
687530
687478
687415
687308
686980
686819
686798
686574
686375
686242
686169
686153
686113
686110
685830
685709
685683
685602
685337
685251
685128
685044
685041
685034
685009
684949
684886
684866
684798
684620
684521
684430
684356
684289
684284
684072
683966
683821
683605
683597
683523
683267
683230
682938
682895
682834
682729
682664
682655
682622
682573
682527
682503
682107
681860
681795
681772
681664
681372
681301
681132
680774
680658
680596
680501
680083
680031
680005
679915
679894
679760
679718
679605
679588
679496
679429
679417
679270
679181
678930
678907
678839
678809
678758
678591
678489
678487
678439
678426
678422
678399
678259
678070
678024
678023
677822
677818
677737
677622
677612
677593
677491
677453
677245
677206
677200
677066
677044
677007
676839
676757
676736
676657
676625
676444
675993
675915
675904
675889
675835
675732
675704
675658
675562
675512
675480
675477
675370
675156
675096
675049
675044
674973
674967
674760
674682
674524
674311
674064
673516
673501
673350
673348
673269
673089
673064
673051
673031
672959
672947
672941
672864
672644
672528
672511
672499
672169
672163
672022
671801
671330
671131
671023
670923
670898
670873
670845
670753
670722
670657
670531
670505
670494
670348
670276
670246
669911
669850
669818
669749
669704
669651
669509
669244
669143
669087
668856
668814
668781
668721
668499
668425
668305
668244
668144
668000
667971
667912
667853
667779
667725
667563
667330
667328
667306
667195
667101
667098
666943
666859
666840
666823
666735
666624
666515
666507
666488
666483
666412
665854
665833
665763
665761
665626
665446
665382
665320
665311
664515
664453
664400
664379
664145
664105
664023
663974
663855
663826
663824
663777
663703
663647
663434
663427
663391
663263
663140
663125
662944
662780
662765
662663
662565
662303
662255
662175
662122
661804
661765
661694
661650
661548
661390
660895
660884
660787
660730
660719
660690
660630
660438
660271
660245
659899
659828
659751
659622
659614
659510
659486
659474
659473
659444
659349
659289
659197
659189
659174
659160
659130
658652
658522
658385
658250
658224
657804
657741
657611
657535
657533
657323
657275
657211
657181
657111
657068
657012
656991
656961
656933
656883
656826
656647
656572
656417
656190
655980
655654
655613
655530
655529
655284
655253
655188
655114
654999
654982
654782
654650
654646
654642
654620
654526
654472
654455
654321
654315
654237
653875
653838
653594
653396
653371
653245
653161
653158
653138
653115
652911
652604
652525
652444
652338
652322
652168
651995
651919
651710
651677
651661
651289
651221
651198
651082
651055
651022
650974
650949
650911
650845
650784
650686
650675
650608
650504
650500
650241
650119
650054
649769
649672
649570
649551
649384
649353
649213
649188
649170
649031
649004
648896
648824
648801
648785
648707
648663
648606
648571
648314
648248
648196
648049
647901
647884
647700
647596
647581
647555
647389
647382
647347
647208
647065
647043
646863
646638
646635
646492
646368
646315
646264
646176
646073
646019
645978
645854
645762
645657
645638
645637
645609
645597
645545
645502
645218
645210
645109
644812
644687
644672
644671
644429
644323
644306
644225
644045
644022
643879
643863
643853
643725
643664
643613
643427
643389
643363
643331
643262
643223
643168
643013
642910
642905
642851
642839
642749
642476
642319
642243
642194
642170
642049
641903
641856
641850
641752
641734
641574
641564
641523
641418
641307
641268
641228
641116
641114
640958
640865
640660
640578
640496
640337
640134
639950
639870
639828
639812
639675
639506
639367
639284
639181
639007
638931
638833
638830
638757
638738
638659
638576
638440
638324
638233
638213
638068
637879
637849
637847
637684
637580
637433
637317
637283
637270
637201
637138
637067
636955
636904
636811
636602
636575
636500
636225
636004
635835
635709
635642
635445
635422
635352
635320
635302
635299
635219
635216
635206
635147
635142
634930
634642
634571
634472
634346
634237
634200
634078
633962
633831
633671
633648
633332
633253
633151
633052
633031
632865
632857
632848
632812
632737
632717
632716
632505
632494
632444
632388
632354
632250
632182
631920
631829
631779
631627
631607
631592
631542
631524
631496
631467
631394
631237
631009
630832
630808
630776
630511
630493
630426
630419
630382
630320
630173
630096
629929
629795
629754
629721
629709
629464
629319
629285
629058
629038
628793
628774
628704
628600
628594
628457
628402
628375
628135
628102
627938
627890
627875
627670
627609
627543
627242
627008
626965
626937
626933
626897
626715
626287
626235
625720
625714
625501
625402
625296
625247
625137
624861
624851
624847
624805
624713
624694
624621
624607
624549
624543
624521
624428
624321
624318
624028
623602
623151
623044
622953
622859
622846
622677
622591
622550
622482
622445
622444
622161
621968
621934
621883
621735
621524
621505
621493
621470
621443
621231
621150
621122
620887
620843
620829
620735
620562
620507
620397
620255
620215
620177
620161
620129
619994
619985
619950
619864
619807
619546
619518
619502
619450
619412
619294
619168
619145
619137
618612
618592
618587
618484
618451
618401
618350
618248
618072
618023
617862
617610
617439
617363
617340
617088
617017
616956
616761
616699
616629
616528
616492
616409
616397
616281
616104
616099
616055
615935
615920
615920
615896
615867
615836
615783
615735
615600
615548
615427
615372
615291
615199
615197
615076
615069
614639
614619
614479
614445
614378
613980
613886
613873
613687
613562
613447
613278
613131
613067
612985
612974
612972
612942
612886
612722
612682
612605
612543
612498
612487
612478
612440
612158
611890
611644
610872
610861
610824
610742
610713
610607
610514
610499
610488
610433
610351
610224
610077
609980
609926
609821
609808
609717
609631
609586
609460
609431
609374
609158
609036
609020
608709
608629
608546
608430
608295
608143
608015
607996
607673
607524
607458
607398
607248
607113
607090
606983
606855
606786
606657
606655
606511
606459
606149
606137
606129
605925
605860
605838
605833
605575
605536
605497
605440
605438
605192
605162
604976
604828
604822
604815
604778
604747
604655
604497
604456
604193
604045
604044
603896
603861
603814
603808
603752
603629
603512
603506
603343
603292
602929
602924
602808
602743
602474
602419
602396
602308
602088
602077
602074
602027
602002
601916
601803
601709
601610
601410
601409
601394
601390
601352
601320
601286
601265
601238
600936
600907
600870
600558
600469
600416
600212
600183
600096
600092
600076
599992
599426
599314
598807
598795
598725
598595
598385
598337
598098
598013
597875
597828
597795
597751
597656
597633
597492
597471
597271
597261
597038
596992
596938
596714
596692
596517
596490
596367
596136
596069
596016
595823
595723
595621
595478
595363
595327
595176
594860
594859
594781
594741
594691
594597
594485
594463
594409
594273
594158
594101
593928
593895
593763
593438
593225
593198
593144
593037
592904
592682
592547
592467
592453
592432
592087
592075
591806
591710
591425
591276
591123
590996
590891
590701
590618
590457
590445
590352
590089
589885
589821
589743
589618
589616
589594
589573
589569
589568
589487
589416
589268
589086
589054
588934
588772
588533
588308
588298
588217
588211
588161
588159
587999
587900
587697
587656
587603
587437
587313
587247
587012
586929
586859
586762
586553
586535
586050
585987
585981
585755
585742
585731
585612
585355
585352
585305
585193
585183
585158
585149
584829
584735
584624
584539
584119
584092
583840
583574
583455
583441
583298
583257
583190
583000
582966
582932
582783
582733
582720
582512
582179
581889
581880
581818
581813
581812
581622
581603
581570
581383
581044
581027
580829
580744
580642
580562
580421
580409
580371
580189
579993
579897
579885
579554
579458
579209
579098
579017
578978
578881
578802
578338
578155
578132
578074
578061
578060
577976
577755
577739
577647
577526
577512
577450
577446
577350
577328
577207
577140
576934
576933
576779
576729
576616
576398
576395
576324
576198
576098
576081
575997
575708
575539
575427
575356
575354
575337
575235
575131
575109
575090
575017
574990
574909
574632
574627
574577
574380
574328
574311
574125
573953
573888
573885
573828
573825
573617
573616
573587
573355
573229
573228
573195
573168
572831
572829
572777
572602
572596
572347
572281
572167
572128
571971
571916
571727
571621
571577
571552
571336
571254
571161
571136
571036
571034
570793
570762
570728
570555
570386
570381
570379
570295
570175
570142
569927
569923
569693
569641
569617
569481
569452
569438
569419
569406
569396
569339
569270
569103
568883
568845
568817
568797
568795
568472
568403
568191
568151
567958
567955
567877
567853
567776
567489
567470
567302
567152
567010
567006
567003
566931
566903
566880
566794
566707
566703
566538
566395
566313
566173
565750
565690
565581
565437
565428
565402
565375
565274
565243
564964
564956
564801
564795
564769
564548
564543
564497
564033
563889
563788
563653
563612
563578
563252
563246
563212
563175
563146
563091
562878
562866
562765
562647
562541
562434
562383
562201
562132
562103
561999
561984
561935
561900
561768
561756
561679
561617
561491
561444
561377
561375
561144
561126
560867
560821
560818
560693
560457
560410
560274
560061
559847
559777
559699
559511
559510
559482
559480
559427
559363
559182
559178
559150
559129
559098
558907
558754
558660
558177
558140
558061
557968
557850
557662
557600
557586
557438
557299
557013
556970
556881
556881
556469
556388
556345
556272
556169
556137
556044
556006
555990
555902
555882
555762
555759
555723
555700
555578
555507
555298
555154
555055
555050
554949
554363
554322
554157
554037
553870
553717
553583
553531
553226
553226
553164
553096
553052
553009
552669
552559
552550
552533
552526
552446
552437
552124
552023
552007
551928
551865
551827
551664
551642
551448
551409
551409
551338
551323
551295
551254
550990
550937
550782
550712
550640
550632
550244
550121
550096
550093
549830
549806
549361
549298
549249
549236
549007
548995
548985
548891
548718
548571
548384
548340
548339
548071
548026
547816
547801
547648
547529
547424
547410
547397
547359
547321
547169
546718
546639
546499
546210
546089
546009
545789
545737
545609
545594
545466
545444
545429
545233
545041
545012
544783
544750
544685
544680
544425
544377
544299
544299
544209
544178
544082
544067
544001
543948
543941
543888
543865
543820
543776
543736
543733
543597
543350
543321
543181
542970
542789
542775
542479
542409
542325
542290
542004
541971
541912
541888
541864
541782
541667
541661
541557
541431
541397
541324
541091
541030
540926
540918
540891
540708
540681
540645
540571
540550
540379
540295
540225
540162
539775
539494
539441
539406
539398
539284
539123
539014
538915
538879
538870
538854
538850
538771
538749
538637
538368
538260
538104
537918
537844
537840
537829
537797
537718
537573
537484
537394
537347
537178
537067
537051
537030
536795
536755
536712
536686
536598
536565
536534
536468
536429
536371
536295
536288
535976
535854
535595
535513
535455
535396
535189
535121
535117
535090
535013
534875
534792
534615
534613
534540
534406
534246
534093
533928
533766
533732
533629
533446
533293
533220
533109
532779
532751
532694
532677
532530
532473
532396
532312
532200
532188
532090
531721
531613
531573
531499
531422
531385
531369
531206
531149
530985
530954
530953
530793
530625
530489
530456
530423
530222
530213
530191
530132
530023
529929
529829
529823
529772
529646
529520
529465
529457
529433
529429
529323
529256
529127
529067
529065
529040
528817
528772
528644
528638
528625
528612
527926
527904
527701
527677
527588
527437
527396
527283
527247
527224
527212
527123
526978
526727
526482
526469
526467
526300
526103
526102
525870
525736
525678
525624
525612
525610
525326
525283
525267
525245
525231
525195
525151
525012
524953
524786
524747
524664
524644
524636
524625
524624
524553
524374
524295
524265
524257
524190
524065
523901
523853
523841
523718
523716
523643
523632
523490
523485
523386
523296
523284
523235
523179
522973
522956
522953
522743
522734
522683
522637
522568
522170
522105
522093
522090
522033
521772
521703
521700
521605
521414
521379
521346
521233
521230
521160
521118
520903
520871
520853
520773
520578
520364
520278
520267
520162
519992
519910
519655
519597
519522
519491
519164
519049
519038
519037
518959
518888
518724
518718
518342
518267
518251
518067
518008
517884
517796
517497
517414
517287
516974
516945
516854
516801
516782
516512
516264
516253
516228
515942
515849
515817
515702
515595
515469
515419
515273
515207
515166
514827
514749
514654
514650
514474
514407
514371
514320
514200
514062
514008
513924
513884
513801
513126
513096
513013
512908
512908
512859
512758
512676
512665
512500
512395
512282
512270
512251
512132
511817
511792
511491
511472
511353
511181
510876
510875
510860
510785
510738
510503
510499
510305
510115
510036
509821
509790
509772
509717
509690
509625
509579
509252
509136
509041
508993
508974
508682
508627
508612
508514
508455
508453
508433
508128
507619
507551
507319
507264
507121
507069
507048
506931
506926
506767
506598
506555
506337
506073
506013
505984
505945
505891
505805
505796
505675
505392
505369
505351
505206
505172
505171
504997
504896
504746
504656
504644
504577
504281
503885
503853
503759
503730
503650
503560
503353
503183
503126
503104
502978
502926
502692
502664
502589
502571
502463
502461
502319
502284
502282
502187
502033
501975
501960
501944
501723
501685
501485
501407
501285
501242
501136
501098
501094
501055
500854
500821
500812
500809
500794
500455
500298
500233
499793
499666
499619
499564
499291
499208
499132
498884
498799
498673
498564
498331
498140
498130
497870
497705
497601
497583
497580
497381
497326
497051
497039
497031
496951
496818
496531
496506
496501
496482
496293
496198
496134
495874
495733
495719
495708
495455
495429
495329
495278
495139
495078
494949
494943
494832
494793
494739
494592
494521
494319
494293
494287
494246
494166
493981
493923
493919
493849
493682
493566
493519
493455
493427
493415
493231
492945
492936
492924
492804
492760
492759
492445
492362
492359
492286
492229
492141
492113
491992
491950
491925
491809
491803
491790
491743
491531
491462
491460
491351
491322
491292
491276
491252
491166
491003
490922
490864
490785
490421
490382
490263
490242
490103
489970
489696
489650
489578
489502
489482
489330
489263
489157
489134
489010
488867
488809
488775
488750
488509
488471
488267
488178
488051
487990
487985
487763
487553
487512
487456
487395
487335
487263
487154
487079
487038
487002
486870
486593
486252
486251
486138
486066
485898
485825
485712
485688
485655
485573
485566
485518
485409
485351
485260
485203
485129
485032
485004
484844
484542
484419
484393
484330
484235
484157
484063
483789
483642
483604
483597
483582
483568
483533
483531
483491
483370
483295
483085
483038
482956
482940
482940
482585
482513
482500
482462
482423
482397
482120
482093
482057
482013
481937
481934
481810
481674
480812
480794
480677
480608
480606
480600
480535
480350
480124
480041
479862
479847
479758
479639
479499
479484
479458
479200
479109
479068
479019
478997
478972
478945
478794
478702
478595
478512
478339
478329
478189
478050
478031
477920
477904
477816
477815
477788
477499
477479
477429
477267
477100
476908
476820
476718
476716
476698
476577
476473
476426
476301
476278
476194
476187
475879
475841
475402
475140
475094
475025
474924
474751
474669
474631
474506
474497
474445
474262
474236
474231
474206
474028
473906
473902
473888
473874
473837
473760
473735
473650
473611
473561
473313
472946
472911
472747
472737
472715
472524
472390
472135
472098
472050
471968
471902
471518
471496
471454
471378
471322
471319
471281
471270
471255
471197
471121
471032
470906
470569
470540
470510
470203
470170
470004
469944
469875
469862
469807
469789
469690
469684
469554
469544
469539
469539
469457
469105
468985
468880
468658
468207
468082
467570
467565
467517
467419
467101
467062
467000
466911
466856
466759
466627
466616
466548
466269
466138
466082
466052
466048
465952
465869
465794
465777
465658
465555
465535
465396
465166
465146
465130
464880
464702
464679
464512
464312
464097
463908
463867
463840
463696
463676
463606
463507
463402
463257
463153
463112
463098
463097
462982
462719
462299
462214
462169
462128
462096
462027
461996
461986
461921
461535
461472
461355
461323
461254
461224
461208
461105
461010
461003
460945
460943
460942
460876
460726
460605
460584
460527
460440
460308
460281
460214
459880
459439
459348
459329
459192
459068
459002
458969
458872
458644
458632
458479
458332
458270
458080
457756
457616
457562
457545
457511
457160
456993
456979
456970
456945
456887
456624
456535
456505
456499
456138
456027
455946
455876
455836
455428
455406
455274
455079
455040
454792
454775
454730
454676
454630
454586
454349
454110
454076
453993
453923
453867
453722
453548
453347
453319
453186
453086
453079
453012
452805
452486
452383
452250
452165
452157
451881
451807
451731
451599
451477
451384
451238
451042
450878
450799
450797
450775
450733
450729
450662
450621
450571
450377
450341
450238
450173
450160
449939
449797
449785
449746
449538
449469
449385
449383
449371
449291
449291
449257
449194
449172
449021
448766
448764
448698
448625
448446
448403
448380
448310
448169
448147
448137
448008
447570
447538
447397
447108
446978
446937
446748
446629
446533
446425
446389
446298
446194
446122
446101
445911
445806
445598
445421
445351
445273
445266
445199
445048
445048
444867
444643
444607
444532
444234
444220
444195
444143
443952
443928
443914
443737
443634
443494
443432
443401
443384
443270
443206
443110
443054
443035
442811
442763
442758
442663
442593
442511
442448
442392
442387
442313
442105
441787
441781
441774
441763
441740
441435
441389
441348
441340
441181
441090
440983
440924
440895
440710
440665
440599
440477
440341
440291
440133
440109
440100
439647
439632
439559
439392
439381
439329
439203
439077
439073
439059
439059
439052
438997
438982
438952
438761
438689
438617
438583
438576
438492
438413
438386
438325
438211
438176
437934
437802
437695
437676
437625
437609
437601
437585
437546
437423
437371
437268
437058
437046
436985
436891
436889
436787
436588
436528
436452
436427
436356
436286
436184
436093
435757
435330
435320
435273
435167
435027
435001
434987
434876
434851
434731
434672
434425
434255
434237
434163
433963
433821
433815
433737
433541
433368
433264
433119
433113
433077
432986
432705
432670
432625
432608
432604
432591
432210
432159
432124
432006
431935
431898
431810
431779
431691
431650
431594
431592
431290
431279
431249
431232
431172
431139
431112
431096
431080
430726
430603
430293
430280
430097
429898
429318
429275
429247
429232
429176
429156
429088
428999
428979
428574
428423
428317
428265
428177
428005
427859
427858
427607
427587
427495
427494
427402
427287
427274
427222
427152
426970
426893
426828
426606
426547
426338
426186
426183
426098
426083
426054
426006
425860
425811
425421
425280
425175
424982
424922
424899
424845
424624
424313
424210
424117
423961
423775
423748
423677
423543
423471
423402
423339
423240
423190
423021
422975
422925
422893
422765
422647
422461
422452
422426
422367
422327
422188
421938
421881
421775
421768
421508
421412
421281
421270
421230
420840
420811
420794
420701
420695
420685
420651
420620
420390
420365
420299
420211
420124
420118
420099
419938
419906
419886
419669
419625
419608
419564
419405
419278
419255
419144
419130
419003
419000
418886
418822
418658
418422
418132
417927
417757
417722
417223
417216
417187
416833
416780
416645
416623
416414
416379
416118
415970
415954
415949
415935
415891
415807
415719
415611
415547
415479
415262
415230
415175
414384
414271
414255
414128
414121
414078
414075
413898
413833
413824
413631
413601
413599
413587
413351
413346
413342
413284
413248
413152
413086
413071
412986
412892
412805
412634
412625
412556
412444
412398
412363
412238
412143
412097
411566
411561
411543
411526
411510
411374
411322
411281
411139
410982
410923
410709
410677
410576
410561
410535
410473
410415
410409
410322
410171
410022
410020
410012
409710
409691
409461
409341
409279
409148
409037
408812
408612
408556
408478
408263
408234
408129
408016
407888
407865
407565
407556
407496
407457
407424
406872
406840
406834
406769
406762
406368
406175
406131
406029
405922
405780
405675
405661
405406
405301
405264
405188
405138
404862
404663
404619
404613
404538
404200
404155
404023
403939
403836
403827
403814
403808
403683
403676
403548
403504
403460
403289
403289
403096
403006
402926
402887
402859
402831
402782
402665
402426
402405
402400
402332
402078
402051
402042
401953
401659
401638
401475
401242
401122
400757
400692
400623
400611
400572
400390
400374
400312
400296
400199
400121
400115
399852
399759
399758
399667
399573
399539
399451
399442
399392
399286
399212
399159
399158
399128
398945
398875
398851
398674
398626
398606
398580
398559
398419
398266
398251
398217
398184
398143
398136
398069
398011
397983
397956
397729
397719
397522
397450
397248
397234
397213
397203
397091
396825
396788
396585
396545
396528
396456
396408
396382
396280
395819
395745
395665
395608
395520
395412
395205
395195
395071
395002
394930
394761
394653
394510
394296
394185
394088
393934
393874
393724
393699
393641
393587
393540
393085
393025
392963
392916
392897
392872
392805
392743
392664
392587
392423
392191
391935
391879
391859
391801
391800
391568
391378
391055
390854
390710
390590
390588
390586
390555
390497
390475
390441
390336
390266
390187
389994
389891
389772
389655
389623
389472
389282
389052
388926
388925
388872
388871
388833
388786
388772
388759
388757
388751
388619
388444
388383
388367
388355
388333
388200
388086
387875
387670
387660
387620
387611
387563
387550
387253
387207
387040
386923
386894
386854
386755
386432
386211
386140
386137
385928
385698
385680
385513
385496
385306
385305
385156
384985
384976
384914
384789
384788
384685
384644
384620
384155
384138
383989
383832
383782
383722
383575
383550
383525
383446
383439
383107
383041
382681
382504
382445
382050
382025
381902
381876
381686
381651
381637
381623
381622
381582
381559
381550
381405
381352
381043
380873
380635
380611
380515
380496
380132
380025
379980
379924
379702
379626
379610
379606
379553
379527
379323
379090
379034
378740
378596
378536
378440
378419
378396
378308
378254
378180
377890
377845
377809
377490
377379
377310
377247
377230
377195
377186
377161
377102
376997
376945
376922
376761
376648
376466
376450
376311
376222
376152
376096
375897
375816
375779
375660
375364
375161
375121
375079
375028
374997
374833
374480
374204
374053
373794
373742
373741
373668
373352
373114
373046
372921
372907
372708
372702
372685
372621
372614
372475
372262
372243
372201
372195
371907
371878
371775
371626
371528
371462
371261
371149
371040
370917
370823
370788
370421
370400
370220
370183
370177
369615
369598
369543
369541
369460
369276
369263
368999
368855
368840
368746
368683
368648
368577
368513
368456
368452
368227
368200
368168
368126
368101
368044
367991
367747
367382
367259
367244
367020
366935
366920
366686
366630
366619
366443
366384
366152
366104
366031
365942
365719
365412
365284
365097
365004
364975
364777
364754
364685
364594
364567
364524
364468
364432
364207
364117
363825
363818
363802
363743
363643
363605
363477
363398
363363
363292
363271
363178
363167
363146
362919
362918
362643
362503
362378
362293
362116
361859
361804
361781
361734
361582
361513
361446
361368
361338
361324
361317
361232
361172
360757
360740
360671
360451
360074
360043
360006
359963
359916
359549
359486
359184
358975
358919
358872
358863
358691
358664
358557
358390
358159
358146
358113
357999
357935
357758
357724
357582
357468
357346
357224
357206
357129
357120
357066
357029
356910
356908
356847
356672
356664
356647
356639
356621
356564
356534
356316
356299
356013
355908
355869
355676
355574
355440
355275
355235
355194
355130
355066
355015
354948
354828
354690
354675
354617
354615
354492
354483
354477
354473
354453
354383
353891
353860
353736
353507
353499
353362
353327
353291
353254
353168
353011
352999
352727
352721
352650
352585
352538
352375
352195
352119
352051
351850
351785
351762
351663
351642
351458
351400
351309
351244
351107
351051
350996
350950
350948
350790
350722
350643
350608
350451
350406
349958
349925
349848
349801
349561
349476
349470
349431
349368
349365
349299
349078
349056
348952
348836
348687
348520
348382
348348
348220
348004
347855
347824
347815
347662
347630
347454
347396
347278
347218
347217
347031
347026
346965
346944
346931
346929
346928
346748
346719
346632
346599
346576
346559
346510
346303
346233
346040
345966
345575
345481
345466
345325
345100
344989
344969
344366
344321
344280
344258
344212
344171
344124
344112
344026
343994
343972
343926
343896
343893
343819
343697
343685
343558
343481
343340
343308
343212
343201
343109
343107
342984
342960
342791
342771
342722
342638
342589
342461
342327
342319
342102
341919
341847
341828
341818
341451
341305
341261
341187
341158
340918
340901
340887
340886
340847
340838
340761
340668
340618
340559
340514
340509
340394
340272
340241
340187
340158
340008
339872
339870
339863
339858
339829
339691
339668
339504
339194
339138
339126
339006
338947
338934
338667
338564
338315
337939
337855
337828
337809
337724
337588
337581
337008
336970
336738
336706
336683
336515
336481
336462
336438
336269
335959
335863
335644
335202
335024
335010
334732
334704
334644
334465
334435
334386
334280
334253
334056
333595
333474
333277
333251
333060
333019
332910
332711
332585
332464
332242
332195
332086
332085
331876
331714
331607
331574
331514
331513
331476
331461
331438
331230
331150
331133
330858
330760
330675
330496
330487
330134
330084
329985
329925
329812
329755
329478
329459
329347
329334
329329
329304
329303
329283
329056
328804
328572
328457
328427
328351
328180
327854
327799
327739
327597
327529
327493
327378
326798
326414
326280
326259
326257
326182
325702
325592
325001
324807
324739
324711
324701
324539
324431
324365
324267
324207
324089
324074
323997
323899
323699
323498
323492
323483
323257
323252
323247
323147
323114
323075
323058
322797
322667
322637
322580
322416
322293
322176
322140
321877
321814
321792
321763
321686
321578
321464
321373
321165
321084
321064
320942
320896
320690
320643
320637
320620
320544
320498
320459
320442
320399
320370
320249
320064
320057
319942
319746
319562
319507
319298
319169
319168
319151
319143
319058
318990
318881
318818
318750
318735
318694
318617
318415
318389
318350
318340
318300
318218
317725
317614
317539
317377
317358
317357
317242
317224
317140
317049
316949
316939
316905
316852
316793
316534
316521
316360
316273
316189
316163
316132
315929
315787
315747
315692
315332
315212
315079
314924
314859
314767
314742
314723
314559
314384
314104
313993
313988
313854
313634
313543
313476
313325
313322
313236
312990
312980
312776
312644
312636
312621
312615
312506
312326
312282
312239
312204
312136
311953
311877
311868
311835
311732
311722
311649
311568
311324
311310
310856
310836
310812
310785
310749
310447
310419
310258
310116
310059
309957
309939
309868
309815
309797
309606
309512
309292
309123
309060
308934
308933
308881
308844
308718
308560
308487
308450
308394
308364
308345
308011
307935
307912
307596
307528
307465
307435
307411
307377
307274
307015
306937
306853
306793
306320
306283
306126
306041
306034
305915
305793
305723
305670
305606
305565
305558
305451
305438
305207
305203
305066
305065
304969
304748
304655
304652
304513
304511
304425
304312
303906
303877
303814
303734
303385
302997
302907
302856
302672
302413
302196
302141
302048
301949
301891
301810
301783
301775
301709
301642
301583
301508
301473
301472
301457
301307
301109
301076
300907
300855
300779
300778
300603
300603
300580
300537
300532
300430
300343
300303
300279
300201
300141
299931
299845
299818
299818
299807
299797
299780
299585
299387
299280
299216
299123
299088
299028
299010
298740
298696
298469
298398
298147
298137
298109
298070
298051
297909
297905
297877
297746
297713
297686
297367
297318
297088
296975
296548
296502
296259
296104
295918
295858
295577
295520
295422
295202
294984
294840
294781
294629
294627
294564
294490
294489
294476
294384
294027
294002
293875
293858
293555
293425
293153
293008
292505
292499
292454
292407
292397
292358
292337
292322
292297
292193
292192
292148
292099
292037
291729
291622
291611
291511
291410
291336
291151
290609
290478
290133
289802
289622
289421
289390
289272
289201
289013
289011
288928
288903
288816
288815
288724
288687
288671
288612
288490
288411
288376
288305
288248
288143
287924
287544
287458
287425
287092
286827
286695
286570
286525
286312
286311
286269
285756
285612
285432
285422
285399
285244
285134
285127
285118
284944
284931
284802
284747
284679
284559
284257
284212
284204
284118
284105
284071
283978
283935
283814
283734
283588
283587
283467
283400
283180
283177
282969
282858
282800
282393
282308
282204
282182
282179
281998
281934
281909
281867
281777
281712
281500
281444
281403
281389
281364
281301
281277
281152
281151
281129
281120
280762
280735
280689
280669
280603
280486
280440
280326
280096
280020
279955
279854
279812
279725
279709
279686
279675
279429
279427
279323
279299
279278
279257
279235
279117
278896
278851
278818
278799
278739
278689
278601
278482
278109
277596
277528
277520
277320
277310
277283
277177
277060
277011
276904
276859
276823
276808
276564
276257
276075
275989
275786
275610
275561
275544
275410
275301
275191
275152
275137
275052
275015
274908
274873
274651
274572
274564
274420
273710
273674
273657
273641
273580
273579
273572
273502
273313
273257
273247
273215
273175
273079
273071
273059
272863
272781
272759
272684
272684
272672
272618
272579
272554
272499
272470
272434
272414
272400
272284
272269
272169
272154
272109
272102
271903
271898
271895
271720
271628
271576
271519
271466
271402
271399
271239
270854
270831
270780
270754
270752
270719
270555
270466
270459
270291
270284
270223
269933
269733
269707
269577
269538
269505
269464
269427
269425
269159
268846
268807
268738
268702
268686
268598
268482
268276
268253
268096
268028
267870
267728
266856
266835
266810
266806
266612
266313
266290
265987
265906
265876
265719
265594
265555
265423
265420
265383
265239
265060
265038
265024
264998
264848
264814
264677
264668
264625
264058
263935
263865
263710
263685
263667
263657
263328
262437
262346
262333
262308
262226
262178
262116
262073
261971
261956
261820
261723
261628
261567
261325
261268
261244
261234
261134
261043
260773
260720
260665
260515
260511
260283
259722
259577
259446
259430
259228
259226
259192
259068
258951
258931
258870
258793
258714
258697
258663
258631
258565
258542
258453
258346
258265
258220
258079
258042
258028
258000
257934
257919
257827
257823
257793
257621
257573
257225
257149
257057
256998
256881
256752
256723
256657
256595
256578
256480
256461
256358
256254
256076
256058
255935
255850
255659
255558
255354
255307
255228
255169
254935
254866
254832
254542
254501
254493
254412
254202
254049
253690
253650
253596
253463
253434
253294
253119
253112
253108
253093
252978
252744
252655
252556
252438
252293
252170
252142
251653
251407
251328
251327
251322
251282
251240
251196
251135
251084
251059
250978
250883
250859
250789
250487
250447
250331
250259
250236
250212
250208
249852
249632
249477
249246
249186
249150
249061
248810
248768
248751
248686
248628
248586
248430
248342
248321
248302
248208
248204
248179
248004
247988
247920
247726
247696
247654
247532
247488
247203
247144
247060
246862
246645
246437
246361
246138
246135
246107
245939
245609
245581
245554
245427
245400
245377
245314
245220
244975
244846
244825
244783
244717
244716
244634
244607
244530
244495
244429
244303
244160
244006
243705
243687
243651
243619
243490
243480
243469
243433
243393
242977
242947
242928
242839
242835
242824
242714
242326
242249
242124
242035
241881
241813
241682
241544
241242
241242
241059
241041
240884
240875
240870
240567
240295
240152
240150
240135
240049
239919
239846
239840
239778
239496
239294
239258
239246
239224
238966
238697
238666
238619
238606
238558
238404
238331
238197
238074
238061
237992
237945
237931
237867
237755
237687
237327
237301
237226
237205
237152
237066
236723
236698
236691
236659
236653
236636
236335
236274
236167
236166
235832
235734
235694
235557
235461
235444
235269
235055
234983
234773
234768
234410
234335
234281
234159
234016
233862
233770
233757
233316
233287
233030
233027
233023
233002
232866
232756
232133
232090
232070
231902
231771
231712
231467
231418
231367
231200
231127
230989
230977
230814
230808
230715
230617
230614
230505
230503
230494
230485
230411
230293
230091
230083
230074
229914
229734
229551
229515
229277
229228
229033
228633
228506
228452
228335
228298
228256
228229
228147
228050
227945
227868
227783
227728
227570
227546
227496
227467
227334
227285
227080
226917
226890
226711
226690
226562
226551
226505
226353
226189
226173
226070
226009
225954
225665
225602
225599
225538
225442
225330
225324
225230
225156
224908
224630
224402
224399
224276
224211
224170
224144
224060
223800
223785
223697
223625
223610
223411
223382
223278
223141
223051
222993
222964
222940
222775
222749
222717
222701
222644
222553
222500
222365
222310
222169
222152
221857
221834
221616
221611
221408
221381
221300
221289
221228
221179
220949
220855
220757
220744
220526
220382
220337
220317
219908
219894
219838
219811
219605
219497
219422
219394
219169
219167
219102
218889
218858
218630
218609
218549
218221
218048
217995
217981
217866
217799
217767
217723
217505
217423
217351
217264
217249
217110
217103
217100
216924
216726
216627
216538
216492
216456
216445
216236
216131
215971
215932
215894
215884
215846
215828
215678
215617
215610
215604
215500
215489
215332
215269
215148
214965
214603
214592
214364
214333
214329
214233
214084
213942
213938
213919
213580
213413
213364
213358
213322
213292
213286
213159
213131
213072
213031
213017
212924
212891
212770
212752
212650
212449
212437
212165
212058
211985
211942
211686
211621
211578
211386
211318
211267
211199
211121
211045
211033
210898
210810
210767
210712
210659
210576
210551
210422
210177
209999
209980
209934
209917
209801
209667
209655
209448
209312
209234
208995
208973
208818
208767
208720
208602
208585
208537
208433
208431
208368
208166
208124
207950
207803
207775
207692
207660
207491
207304
207260
207219
207065
206951
206845
206836
206784
206779
206753
206730
206712
206669
206634
206584
206557
206517
206441
206441
206438
206424
205944
205800
205603
205551
205506
205490
205363
205305
205193
205163
205151
205066
204891
204837
204621
204543
204541
204485
204446
204410
204406
204389
204374
204202
204110
203682
203675
203657
203599
203553
203519
203508
203487
203221
203168
203076
203072
202958
202945
202913
202666
202560
202557
202554
202543
202298
202254
202250
202232
202186
202092
202025
201974
201860
201392
201188
201098
201078
201038
200987
200858
200560
200531
200344
200288
200253
200236
200162
200121
200064
199959
199953
199850
199849
199827
199739
199738
199716
199709
199450
199363
199302
199286
199234
199129
198779
198773
198692
198546
198427
198259
198221
198186
198165
197999
197566
197549
197458
197336
197328
197226
197199
197196
197193
197109
196919
196697
196654
196575
196251
196233
195977
195890
195782
195712
195672
195615
195551
195382
195094
194913
194879
194587
194570
194284
194124
193878
193756
193723
193632
193599
193565
193555
193240
193156
193077
193064
192867
192814
192791
192748
192696
192688
192640
192622
192505
192489
192442
192441
192423
192355
192307
192204
192130
192026
191846
191728
191710
191561
191501
191376
191374
191372
191203
191051
190931
190894
190877
190825
190772
190469
190424
190366
190327
190122
190080
189903
189890
189852
189706
189668
189604
189552
189456
189324
189302
189150
189128
189107
188993
188975
188911
188864
188780
188626
188558
188489
188396
188325
188276
188231
188158
187979
187969
187912
187821
187778
187766
187743
187651
187448
187187
187153
187111
187042
186968
186942
186872
186841
186516
186489
186217
186162
186112
185960
185882
185666
185539
185519
185338
185207
185200
184960
184895
184890
184821
184810
184679
184658
184586
184535
184519
184429
184416
184335
184275
184253
184227
184011
183887
183826
183724
183382
183367
183258
183164
183150
183022
183012
182880
182811
182569
182461
182326
182177
181830
181824
181718
181626
181617
181424
181393
181377
181291
181211
181151
181127
181126
181107
180551
180521
180428
180269
180192
180100
180097
179915
179880
179695
179687
179685
179677
179331
179288
179143
178887
178798
178718
178406
178350
178191
178188
178121
178082
177964
177920
177789
177690
177650
177603
177540
177537
177357
177323
177295
177286
177243
177145
177138
177111
177101
177093
177057
177038
176904
176789
176638
176534
176492
176358
176064
176033
175748
175579
175530
175317
175287
175163
175036
174988
174701
174598
174556
174378
174376
174332
174249
174110
173926
173923
173885
173885
173876
173875
173732
173710
173639
173449
173384
173338
173276
173030
173008
172769
172736
172610
172452
172410
172122
172105
171666
171640
171624
171541
171503
171359
171353
171162
171131
171120
171105
171085
171070
170992
170946
170832
170710
170597
170577
170269
170255
170232
170202
169636
169501
169493
169487
169467
169335
169333
169226
169161
169101
169043
168975
168927
168906
168864
168606
168596
168590
168516
168482
168444
168222
168175
168126
168074
168028
167925
167888
167823
167812
167756
167731
167665
167307
167244
167204
167193
167069
167059
167059
167052
167014
167008
166935
166930
166444
166409
166388
166283
165954
165922
165795
165746
165668
165462
165433
165369
165348
165344
165262
165172
164650
164487
164349
164338
164310
164302
164101
164077
164024
163956
163866
163804
163648
163604
163425
163406
163333
163056
163038
162857
162805
162663
162485
162467
162434
162138
162114
161980
161965
161945
161874
161859
161797
161789
161636
161611
161468
161319
161300
161094
160912
160852
160803
160719
160479
160302
160280
160172
160081
159977
159886
159706
159589
159532
159472
159162
159146
158978
158815
158801
158778
158632
158618
158477
158350
158164
158057
157990
157856
157776
157658
157644
157408
157360
157359
157230
157171
157078
157070
156910
156910
156893
156708
156433
156361
156340
156060
155988
155818
155734
155609
155314
155225
155215
155157
155154
155067
154924
154843
154711
154697
154678
154612
154558
154402
154226
154180
154143
153833
153825
153687
153606
153597
153538
153389
153339
153284
153265
153157
153048
153048
152785
152720
152701
152663
152404
152370
152230
151714
151693
151614
151503
151182
151107
151009
150917
150878
150701
150570
150388
150062
150050
149844
149813
149546
149421
149356
149239
149130
149056
148911
148844
148767
148729
148621
148418
148400
148324
148303
148221
148066
147997
147905
147745
147679
147612
147475
147327
147302
147296
147284
147151
147140
147109
147034
147028
146995
146903
146876
146872
146795
146606
146484
146399
146368
146082
145956
145870
145701
145504
145465
145457
145452
145437
145426
145422
145414
145269
145227
145065
145038
144983
144949
144944
144931
144446
144366
144357
144072
144064
144062
144017
143954
143729
143619
143523
143333
143256
143086
143061
143053
142802
142710
142698
142499
142464
142424
142398
142240
142169
142120
142095
142083
141968
141944
141798
141759
141448
141400
141398
141390
141332
141262
141238
141234
140769
140660
140594
140425
140367
140343
140213
140160
139854
139371
139322
138925
138914
138749
138267
138233
138224
138214
138121
138016
137949
137947
137540
137175
137171
137118
137107
137061
136928
136738
136675
136655
136634
136507
136504
136472
136050
136050
136004
135975
135900
135872
135817
135645
135522
135450
135343
135292
135287
135267
134934
134835
134763
134711
134704
134446
134375
134354
134339
134238
133972
133969
133861
133310
133261
133112
132987
132865
132751
132725
132688
132610
132491
132201
132095
131829
131796
131759
131738
131600
131536
131460
131413
131400
131366
131219
131206
131080
131023
131017
130874
130768
130682
130616
130583
130522
130480
130470
130007
129937
129858
129813
129774
129694
129598
129453
129414
129369
129192
129088
129035
129035
129025
128754
128632
128559
128519
128440
128125
128082
128071
127985
127747
127717
127682
127610
127304
127230
127152
127003
126956
126908
126862
126852
126786
126755
126741
126706
126405
126382
126334
126247
126105
126092
126041
126004
125997
125984
125759
125741
125668
125594
125404
125244
125099
125059
124967
124944
124815
124653
124574
124278
124276
124229
124054
123792
123746
123497
123322
123254
123230
123223
123138
123103
123064
122928
122826
122700
122608
122473
122421
122412
122379
122257
122197
121788
121691
121642
121626
121595
121517
121275
121266
121228
121223
121194
121178
121089
121084
121074
121033
120953
120750
120691
120636
120584
120513
120355
120337
120114
119959
119849
119828
119794
119742
119466
119206
119151
119069
118754
118603
118558
118545
118494
118416
118242
118201
118028
117989
117794
117729
117627
117550
117413
117336
117233
117209
117207
116863
116857
116856
116796
116599
116565
116546
116522
116436
116436
116408
116386
116373
116362
116307
116294
116236
116205
116125
115958
115929
115914
115803
115781
115666
115626
115600
115581
115432
115384
115281
115203
115197
115162
114850
114695
114687
114639
114567
114453
114452
114387
114340
114188
113865
113825
113782
113725
113497
113403
113037
112817
112670
112649
112622
112431
112362
112362
112343
112190
112185
112176
112128
112013
111807
111787
111756
111665
111425
111378
111364
111169
111138
111065
111030
110727
110632
110410
110302
110234
110118
110086
109818
109661
109377
109144
109006
108985
108956
108769
108630
108616
108394
108305
108260
108207
108181
108115
108083
108075
107866
107761
107704
107653
107440
107201
107151
107115
107026
106902
106864
106801
106793
106774
106769
106490
106319
106283
106075
105854
105763
105407
105331
105307
105229
105171
104877
104868
104840
104790
104666
104571
104379
104122
104020
103804
103801
103703
103697
102981
102746
102697
102385
102358
102305
101970
101867
101860
101783
101147
100999
100836
100827
100480
100235
99785
99653
99472
99443
99331
99264
99004
98998
98875
98871
98625
98622
98311
98233
97773
97685
97606
97513
97417
97416
97174
97161
96908
96812
96762
96657
96503
96467
96358
96293
96287
96220
96204
96164
95965
95935
95343
95298
95243
95232
95174
94990
94965
94931
94802
94775
94623
94514
94514
94459
94455
94386
94368
94326
94283
94253
94224
93989
93855
93838
93547
93382
93338
93205
93182
93095
92881
92808
92762
92719
92662
92650
92575
92396
92385
92331
92094
92062
91911
91903
91857
91782
91479
91214
91207
91179
90829
90764
90659
90522
90221
90065
89956
89697
89503
89500
89430
89317
89152
89097
88805
88785
88746
88745
88720
88601
88362
88353
88320
87980
87938
87715
87688
87522
87520
87501
87494
87459
87416
87217
87210
87140
86948
86894
86842
86836
86765
86731
86705
86684
86664
86624
86602
86425
86395
86261
86173
86029
85974
85942
85861
85837
85772
85696
85635
85630
85144
85120
85118
84877
84868
84699
84568
84509
84476
84463
84367
84347
84223
84136
83979
83933
83920
83682
83503
82950
82905
82868
82677
82612
82341
82318
82206
82088
82044
82025
81992
81979
81920
81681
81575
81478
81434
81377
81251
81204
81069
80900
80879
80661
80600
80573
80525
80483
80422
80343
80241
80135
80132
80089
80021
79964
79939
79814
79730
79401
79343
79342
79253
79231
79178
79141
79005
78798
78635
78538
78473
78397
78337
78314
78303
78177
78150
77859
77709
77684
77590
77577
77465
77365
77348
77228
77091
77008
76998
76972
76885
76859
76855
76640
76579
76570
76545
76538
76377
76196
76144
76131
75877
75811
75808
75760
75670
75441
75408
75263
75234
75218
75217
75195
75133
74991
74827
74730
74527
74497
74495
74479
74445
74194
74144
73995
73973
73841
73841
73836
73290
73229
73160
72966
72909
72896
72812
72630
72445
72359
72337
72237
72231
72094
71915
71863
71783
71766
71469
71304
71212
71175
71040
70925
70770
70735
70518
70454
70382
70358
70247
70151
69994
69751
69554
69322
69319
69266
69240
69232
68785
68743
68542
68496
68492
68386
68238
68101
67960
67912
67795
67666
67618
67488
67414
67407
66853
66647
66625
66609
65931
65921
65887
65750
65741
65578
65456
65152
65078
64989
64868
64798
64715
64465
64442
64430
64353
64349
64315
64106
64099
64090
63893
63819
63780
63636
63603
63544
63426
63393
63375
63373
63365
63177
63141
63076
62945
62932
62888
62852
62840
62835
62745
62555
62476
62406
62316
62315
62270
62243
62154
62112
62041
61541
61267
61137
61101
61096
61005
60879
60859
60680
60639
60574
60549
60412
60291
60260
60099
59951
59935
59923
59829
59818
59811
59773
59552
59229
59186
59125
59035
59029
58901
58747
58735
58467
58213
57964
57843
57796
57771
57702
57454
57375
57364
57305
57293
57144
57137
57108
57093
57092
56620
56579
56490
56283
56235
56196
56074
55940
55846
55678
55478
55297
55236
55079
55044
55028
54948
54881
54528
54516
54496
54470
54458
54411
54279
54279
54153
54127
54096
53940
53476
53435
53391
53254
53217
53122
53080
53066
52948
52694
52657
52652
52250
52201
51937
51926
51812
51681
51463
51444
51274
51006
50955
50760
50713
50671
50636
50618
50520
50503
50441
50319
50229
50228
50218
50189
50071
49859
49799
49698
49641
49639
49629
49628
49623
49528
49276
49195
49105
49081
48952
48838
48829
48112
48063
48048
48035
47947
47887
47562
47469
47398
47294
47186
47124
47080
46984
46891
46739
46695
46602
46470
46411
46411
46240
46155
46149
46112
45749
44911
44649
44457
44346
44293
44211
44191
44177
44115
44065
43838
43535
43520
43269
43264
42999
42875
42802
42654
42538
42506
42447
42334
42289
42256
42210
42147
41813
41811
41761
41684
41628
41319
41274
40763
40756
40497
40458
40456
40043
39855
39482
39388
38975
38949
38898
38836
38673
38604
38334
38268
38267
38108
37900
37865
37831
37526
37252
37194
37171
36949
36925
36788
36657
36274
36143
36105
36070
36037
35974
35959
35908
35855
35850
35778
35716
35701
35510
35334
35132
34906
34879
34729
34714
34629
34523
34502
34356
34109
34030
33917
33916
33885
33193
33093
33038
33030
32785
32746
32505
32499
32467
32453
32433
32155
31896
31709
31643
31381
31351
30918
30757
30741
30629
30592
30544
30543
30122
30117
30079
29993
29955
29943
29865
29853
29738
29660
29502
29393
29332
29236
29144
29068
28610
28606
28523
28456
27760
27712
27702
27665
27562
27557
27448
27256
27128
27105
27041
26926
26910
26858
26658
26590
26529
26486
26274
26160
26156
26069
26004
25925
25831
25788
25784
25778
25552
25457
25405
25391
25328
25313
25273
25273
25155
25015
24824
24465
24432
24304
24109
24050
24044
23997
23902
23895
23876
23835
23817
23786
23754
23711
23642
23532
23526
23232
23041
22856
22658
22634
22352
22164
21952
21945
21725
21651
21529
21396
21292
21278
21208
21208
21108
21009
20970
20804
20673
20490
20398
20044
20032
20017
19786
19688
19604
19516
19311
19309
19213
19211
19122
18987
18953
18922
18686
18663
18600
18596
18532
18365
18256
18230
18034
17977
17951
17790
17595
17518
17453
17167
16930
16865
16435
16434
16416
16382
16320
16122
15546
15446
15388
15368
15360
15283
15132
15115
15114
15040
14890
14872
14741
14699
14427
14148
14078
14071
14066
14051
13963
13958
13955
13907
13768
13718
13585
13503
13503
13447
13424
13268
13202
13150
13043
12977
12959
12629
12033
11949
11926
11460
11373
11363
11357
11266
11108
11042
10819
10654
10647
10546
10259
10191
9693
9687
9550
9517
9508
9406
9297
9269
9247
9179
9088
8888
8593
8494
8392
8153
8104
8053
8023
8001
7999
7998
7981
7716
7697
7453
7296
7294
7215
7094
6884
6854
6756
6755
6723
6697
6430
5970
5912
5879
5751
5483
5396
5389
5139
5119
5104
5102
5059
5042
5025
4886
4799
4735
4324
4264
4242
4234
4101
4039
3723
3655
3617
3569
3542
3474
3451
3312
3271
2720
2560
2558
2398
2361
2355
2300
2268
2209
2079
1966
1829
1723
1719
1612
1590
1404
1230
1209
1187
877
863
854
788
657
649
556
456
398
329
149
23
