999962
999759
999736
999679
999644
999510
999485
999377
999263
999143
999122
999020
998983
998915
998821
998696
998562
998523
998490
998421
998354
998264
998260
998028
997881
997877
997836
997829
997804
997751
997513
997486
997235
997222
997164
997073
997068
997014
996962
996733
996445
996300
996085
996041
995967
995910
995782
995774
995745
995703
995669
995531
995320
995313
995268
995250
995245
995136
995011
994879
994852
994807
994797
994744
994690
994621
994579
994470
994459
994373
993997
993713
993516
993468
993313
993285
992992
992991
992814
992697
992662
992656
992471
992408
992346
992311
992311
992243
992207
992132
992029
991985
991984
991971
991838
991822
991801
991723
991549
991526
991257
990851
990755
990703
990694
990692
990622
990574
990515
990477
990404
990348
990331
990269
990016
989966
989700
989469
988950
988839
988593
988547
988392
988182
988169
987872
987818
987763
987680
987438
987380
987354
987223
987046
986946
986716
986715
986608
986602
986549
986403
986365
986365
985962
985880
985841
985808
985773
985750
985634
985464
985315
985277
984927
984765
984731
984672
984585
984566
984424
984337
984135
984074
984053
984036
984024
983744
983670
983620
983600
983497
983441
983391
983122
982888
982866
982780
982740
982665
982569
982534
982524
982507
982383
982378
982311
982183
982162
982009
981683
981669
981645
981307
981303
981276
981151
981075
981071
980992
980920
980646
980620
980555
980440
979931
979915
979447
979230
979225
979224
979134
979101
978827
978761
978609
978515
978499
978462
978381
978370
978350
978302
978247
978206
978187
978068
978000
977996
977919
977716
977715
977700
977659
977577
977544
977522
977468
977443
977348
977343
977203
977116
977068
977045
977041
976686
976408
976257
976237
976222
975935
975920
975757
975751
975705
975639
975587
975551
975429
975329
975302
975270
975225
975026
975014
974998
974988
974985
974918
974769
974734
974729
974663
974534
974508
974377
974340
974060
974057
973974
973922
973764
973596
973544
973537
973519
973395
973374
973342
973058
973034
973015
973002
972614
972583
972521
972484
972098
972095
971774
971589
971544
971520
971381
971072
971071
970902
970890
970837
970805
970676
970572
970519
970348
970302
970258
969993
969992
969958
969636
969590
969577
969516
969512
969314
969278
968827
968697
968613
968437
968406
968367
968332
967955
967892
967883
967792
967295
967267
967252
967179
967075
966838
966813
966722
966626
966339
965976
965915
965847
965753
965651
965636
965613
965611
965174
965081
965023
964837
964784
964777
964702
964640
964622
964615
964580
964555
964452
964417
964410
964182
964145
964064
964017
963863
963531
963518
963406
963360
963331
963218
963178
963005
962953
962929
962845
962837
962522
962412
962215
961960
961554
961341
961137
961104
960964
960925
960886
960786
960688
960459
960196
960139
959778
959725
959650
959639
959616
959553
959455
959180
959146
958960
958890
958827
958826
958749
958572
958405
958338
958332
958214
958191
958152
958040
957986
957945
957870
957717
957567
957519
957461
957381
957348
957322
957208
957119
957118
956833
956577
956572
956527
956454
956248
956152
956138
956088
955900
955809
955751
955748
955742
955552
955475
955373
955298
955201
954964
954852
954619
954603
954287
954225
953917
953872
953792
953758
953684
953440
953428
953024
952971
952938
952918
952652
952573
952541
952511
952503
952351
952279
952095
952062
952030
951839
951585
951515
951410
951214
951204
951091
950897
950793
950770
950588
950213
949953
949919
949857
949854
949807
949455
949250
949232
949156
949125
949083
949012
948926
948679
948335
948330
948317
948298
948280
948104
948085
948042
948039
947999
947853
947365
947336
947257
946941
946923
946849
946844
946616
946606
946580
946483
946470
946445
946432
946102
946073
946039
945974
945780
945698
945683
945630
945462
945326
945308
945238
945234
945178
945134
944976
944904
944761
944749
944607
944537
944439
944189
943715
943712
943674
943584
943538
943468
943460
943413
943407
943319
942705
942621
942416
942330
942106
942035
942032
941935
941782
941730
941551
941546
941544
941532
941233
941071
941015
941011
941006
940893
940890
940804
940735
940734
940698
940575
940501
940463
940437
940404
940354
940353
940236
940158
940126
940004
939903
939724
939718
939638
939563
939485
939425
939353
939175
938938
938867
938737
938664
938622
938614
938495
938312
938205
938178
938171
938105
937823
937805
937612
937564
937526
937456
937373
937357
937285
937238
937088
936998
936963
936908
936723
936714
936708
936681
936503
936427
936413
936327
936280
936275
936246
935833
935735
935734
935653
935537
935383
935289
935117
935024
934925
934904
934891
934829
934819
934767
934706
934422
934365
934189
934045
933932
933915
933906
933782
933722
933657
933611
933356
933356
933168
933070
932988
932983
932908
932903
932821
932797
932757
932737
932641
932490
932240
931997
931983
931974
931934
931932
931855
931805
931768
931631
931559
931496
931418
931338
931272
931092
931061
931050
931002
930822
930715
930698
930420
930406
930364
930010
929911
929661
929593
929532
929441
929303
928977
928760
928576
928373
928283
928273
928250
928083
927988
927812
927711
927664
927609
927599
927395
927234
927229
926940
926803
926717
926632
926419
926400
926266
926153
926145
926090
925859
925787
925698
925558
925496
925428
925370
925327
925318
925268
925260
925253
925095
925076
925073
924991
924976
924802
924547
924328
924238
924199
924166
924080
923772
923744
923679
923653
923609
923586
923541
923514
923456
923372
923295
923199
923167
922977
922776
922656
922599
922540
922502
922389
922331
922286
922283
922077
922014
921972
921945
921906
921759
921654
921458
921403
921345
921321
921320
921317
921232
921185
921180
921122
921116
921012
920983
920923
920871
920805
920579
920467
920399
920286
920286
920149
920099
920022
919951
919932
919887
919587
919459
919451
919138
918959
918924
918849
918759
918626
918626
918577
918139
918082
918018
917967
917947
917866
917810
917808
917805
917729
917657
917432
917324
917314
917288
917028
916842
916794
916561
916451
916390
916372
916367
916296
916221
916160
916139
916029
916005
915803
915510
915405
915256
915243
915108
914996
914737
914404
914279
914246
913936
913919
913709
913689
913676
913618
913533
913514
913409
913264
913171
913085
912796
912622
912575
912550
912466
912393
912107
912058
911887
911881
911672
911486
911396
911258
911197
911105
910898
910850
910817
910658
910435
910401
910359
910349
910291
910282
910261
910066
909909
909903
909656
909505
909502
909447
909445
908986
908967
908774
908729
908682
908607
908514
908218
908038
908032
908004
907973
907951
907912
907808
907755
907737
907443
907228
907200
907171
907136
906949
906779
906415
906332
906321
906315
906196
906063
905592
905525
905468
905416
905413
905278
905137
905090
905045
904995
904931
904891
904762
904547
904416
904369
904337
904268
904162
904106
903933
903803
903789
903703
903694
903510
903435
903379
903324
903296
903217
903178
902949
902931
902529
902521
902293
902265
902082
901774
901409
901406
901359
901333
901167
901032
900899
900809
900645
900542
900524
900173
900118
900085
899791
899777
899590
899470
899456
899357
899329
899053
899004
898910
898852
898752
898566
898315
898207
897931
897559
897505
897428
897349
897316
897200
896979
896733
896564
896502
896482
896354
896353
896119
896052
895953
895891
895728
895590
895562
895372
895366
895213
895178
895163
895147
895142
895002
895000
894819
894802
894637
894548
893793
893686
893627
893544
893503
893459
893019
893014
893002
892987
892943
892915
892909
892856
892787
892611
892485
892340
892335
892216
892096
892085
891958
891785
891772
891753
891613
891589
891511
891347
891278
891233
891232
891059
890842
890657
890585
890325
890263
890222
890121
889943
889924
889899
889800
889724
889460
889456
889450
889419
889126
888838
888456
888452
888293
888275
888225
888061
887972
887912
887911
887849
887817
887809
887733
887699
887565
887516
887449
887395
887345
887188
887157
887080
886874
886714
886440
886162
886107
885807
885752
885721
885698
885632
885482
885428
885406
885391
885335
885319
885235
884859
884687
884628
884611
884596
884558
884343
884309
884230
884191
883870
883844
883760
883695
883554
883553
883537
883495
883483
883471
883447
883383
883242
882915
882858
882748
882620
882586
882169
882149
882115
882094
881989
881872
881787
881671
881635
881484
881484
881446
881126
880973
880930
880801
880795
880667
880615
880571
880521
880491
880337
880086
880044
879998
879990
879891
879403
879314
879199
879100
878935
878837
878701
878583
878360
878186
878154
878127
877921
877917
877747
877593
877500
877361
877234
877233
877140
876691
876639
876603
876543
876483
876269
876167
876049
875952
875678
875536
875444
875219
875174
875123
874993
874977
874912
874904
874789
874735
874723
874616
874571
874530
874529
874486
874482
874447
874371
873907
873883
873857
873744
873609
873603
873548
873544
873539
873284
873191
873121
873067
873062
872974
872917
872682
872653
872612
872431
872422
872360
872334
872308
872301
872174
872147
872108
872042
871991
871974
871590
871575
871544
871490
871429
871418
871362
871265
871204
871141
871054
871024
870775
870668
870629
870527
870482
870480
870444
870440
870402
870393
870387
870249
870219
870077
869980
869702
869691
869679
869491
869471
869356
869343
869342
869308
869186
869164
869123
869120
869025
868984
868868
868610
868573
868341
868233
868218
868117
868098
868086
868013
868003
867772
867450
867326
867309
867256
867253
867226
867115
867110
867106
867067
867000
866914
866558
866463
866434
866422
866390
866370
866288
866260
866165
866117
866091
866078
866013
865796
865755
865662
865405
865336
864915
864763
864531
864514
864472
864431
864343
864337
864235
864117
864102
864088
863900
863860
863830
863636
863607
863598
863409
863350
863334
863013
862959
862739
862719
862497
862441
862363
862331
862273
862177
862134
862059
861682
861657
861573
861517
861171
861105
861006
860820
860714
860537
860438
860424
860251
860205
860058
859993
859904
859654
859623
859470
859385
859365
859340
859332
859283
859260
859149
859148
859122
859046
859032
858918
858902
858772
858760
858655
858523
858481
858479
858430
858138
858116
858113
857826
857673
857622
857619
857618
857563
857434
857194
857079
856956
856915
856581
856490
856444
856419
856324
856298
856223
856167
856065
856038
856019
855924
855922
855899
855787
855579
855540
855488
855462
855452
855351
855293
855126
855047
854943
854779
854715
854376
854179
853773
853555
853524
853327
853306
853256
853252
853207
853186
853144
853142
852941
852785
852700
852387
852226
852121
852085
851904
851888
851866
851835
851707
851691
851582
851412
851387
851377
851327
851268
851188
851027
851010
850951
850871
850788
850695
850635
850628
850512
850432
850420
850375
850325
850303
850264
850181
850072
849878
849863
849842
849703
849573
849514
849502
849367
849044
849037
848768
848694
848659
848454
848315
848234
848058
848032
847590
847457
847291
847255
847039
847010
846793
846774
846688
846570
846508
846483
846355
846332
846198
846161
846051
846014
845996
845855
845825
845821
845703
845490
845449
845218
845184
845139
845108
844918
844872
844848
844777
844684
844614
844594
844534
844405
844258
844174
843909
843728
843727
843684
843486
843426
843245
843141
843103
842989
842968
842955
842755
842549
842516
842503
842412
842303
842218
842216
842151
842066
842028
841870
841861
841800
841759
841719
841656
841492
841441
841345
841274
841140
840796
840796
840747
840624
840581
840459
840383
840382
840254
840231
840171
840038
839975
839945
839771
839392
839314
839194
839118
839055
839055
839013
838889
838834
838812
838737
838714
838685
838626
838624
838407
838329
838252
838202
838063
837812
837750
837729
837713
837682
837601
837442
837399
837317
837179
837113
836804
836677
836582
836504
836468
836271
836072
836034
835783
835754
835742
835669
835631
835482
835331
835267
835177
834865
834594
834538
834450
834433
834324
834273
834148
834139
834132
834085
834013
833942
833873
833798
833662
833631
833487
833431
833347
833248
833248
833228
833176
833091
833080
832995
832959
832955
832928
832840
832828
832695
832580
832569
832450
832447
832424
832309
832182
832012
831931
831883
831837
831357
831346
831317
831276
831266
831104
830963
830952
830889
830876
830854
830837
830525
830454
830451
830436
830324
830282
830161
829723
829718
829679
829666
829628
829594
829471
829452
829345
829182
829100
829039
829038
828964
828783
828702
828692
828675
828473
828422
828364
828151
828090
827813
827762
827753
827580
827501
827490
827469
827422
827377
827210
827067
826937
826727
826716
826609
826590
826436
826223
826194
826148
826084
825994
825951
825949
825835
825758
825621
825431
825420
825242
825188
825105
825060
824927
824539
824538
824328
824271
824233
824089
824054
823946
823920
823893
823889
823876
823759
823388
823383
823347
823296
823117
823089
823066
822962
822849
822486
822402
822184
822182
822159
822083
822019
821978
821960
821837
821769
821763
821720
821661
821653
821575
821551
821382
821304
821245
821196
821168
821066
821050
820842
820748
820732
820702
820647
820565
820527
820429
819856
819752
819737
819633
819494
819406
819233
819131
819106
819094
819059
818715
818501
818415
818236
818097
817987
817970
817900
817850
817843
817755
817739
817679
817531
817529
817446
817423
817171
817145
817121
817112
817094
817090
817012
816692
816683
816617
816501
816408
816344
816215
816049
815929
815882
815784
815702
815488
815434
815322
815097
814969
814955
814908
814844
814701
814653
814561
814449
814378
814319
814235
814143
813959
813848
813800
813759
813718
813652
813623
813619
813602
813250
813247
813176
813140
812858
812717
812629
812619
812603
812359
812330
812243
812231
812118
812096
812060
811995
811968
811908
811845
811816
811800
811637
811538
811488
811448
811254
810984
810979
810903
810555
810514
810444
810416
810389
810231
810189
810150
810093
810020
810019
810007
809961
809810
809793
809571
809472
809400
809392
809210
809172
808841
808833
808720
808668
808458
808331
808136
807781
807658
807436
807392
807217
807140
807027
807006
806943
806922
806835
806757
806755
806692
806622
806355
806284
806253
805999
805854
805816
805811
805787
805549
805464
805150
805101
805021
805008
804955
804931
804869
804841
804596
804053
804010
803961
803820
803803
803766
803756
803625
803312
803242
803186
803155
803151
802862
802832
802803
802790
802717
802565
802412
802314
802228
802226
802175
802058
802045
801860
801723
801691
801589
801478
801377
801131
801058
800958
800946
800942
800906
800795
800661
800638
800609
800571
800479
800357
800163
800094
800091
799995
799704
799652
799440
799329
799209
799031
798798
798718
798664
798287
798284
798237
798110
798059
797979
797929
797906
797675
797555
797470
797450
797387
797355
797307
797118
797026
796978
796974
796783
796714
796696
796685
796616
796500
796432
796081
795476
795387
795051
794986
794950
794899
794881
794737
794612
794596
794569
794547
794402
794229
794035
793829
793796
793752
793751
793520
793332
793048
792923
792698
792684
792660
792588
792559
792488
792376
792311
791971
791917
791782
791693
791634
791563
791283
791142
790980
790708
790667
790592
790397
790372
790344
790320
790296
790265
790263
790255
790222
790089
789960
789892
789828
789636
789633
789558
789547
789419
789386
789150
789096
789074
788987
788983
788943
788798
788714
788636
788584
788514
788493
788414
788338
788160
788100
788092
788042
787994
787975
787965
787714
787646
787267
787252
787194
787133
787013
786909
786750
786749
786520
786334
786177
786121
786066
785893
785816
785717
785699
785567
785476
785375
785360
785296
785274
785124
785101
784932
784922
784719
784634
784431
784266
784107
784024
783977
783972
783961
783819
783733
783517
783381
783325
783311
783208
782796
782685
782568
782482
782293
782025
781841
781793
781685
781681
781371
781364
780871
780816
779461
779383
779381
779305
779144
779051
779034
778974
778945
778869
778688
778600
778419
778419
778355
778147
778093
777844
777740
777589
777539
777496
777428
777330
777293
777127
777095
777065
776708
776673
776504
776488
776172
775926
775911
775861
775451
775323
775258
775029
774947
774848
774784
774665
774512
774483
774459
774450
774368
774192
774033
773998
773987
773571
773456
773300
773126
773077
773026
772996
772805
772682
772443
772435
772276
772233
772048
771913
771855
771769
771541
771488
771477
771472
771404
771363
771027
771019
770883
770821
770353
770348
770310
770267
770170
769958
769769
769767
769592
769582
769418
769416
769341
769061
769038
768914
768909
768878
768767
768713
768670
768631
768337
768215
768038
767852
767806
767695
767543
767462
767260
767181
767156
767156
766887
766822
766620
766525
766486
766327
766112
765879
765749
765597
765592
765391
765247
764986
764914
764810
764804
764667
764363
764325
764290
764195
764103
764048
764016
763997
763990
763743
763724
763535
763450
763414
763342
763335
763316
763264
763153
763047
762964
762844
762697
762671
762582
762513
762488
762471
762393
762385
762325
762280
762259
762206
762176
762170
761917
761902
761835
761819
761790
761738
761463
761419
761293
761262
761064
761007
760774
760643
760524
760423
760230
760091
759978
759955
759798
759616
759596
759315
759262
759226
759164
759120
759096
758818
758730
758654
758613
758595
758409
758117
757954
757893
757752
757675
757613
757588
757428
757392
757326
757296
757253
757200
757082
757079
757041
756979
756498
756401
756395
756302
756294
756197
756094
755979
755944
755889
755574
755555
755406
755398
755393
755290
755222
755184
755132
755129
754627
754449
754303
754231
754043
753835
753724
753682
753668
753604
753517
753515
753286
753276
753212
753196
753151
753093
753057
752926
752831
752809
752783
752743
752741
752658
752256
752218
752105
752051
751632
751162
751160
751151
750950
750948
750828
750392
750234
749835
749807
749790
749462
749279
749261
749245
749135
749049
748941
748883
748823
748654
748630
748548
748482
748456
748395
748357
748311
748300
748056
748054
747985
747888
747846
747779
747715
747662
747617
747549
747540
747491
747445
747396
747391
747347
747084
747029
746967
746918
746917
746832
746783
746665
746662
746637
746609
746579
746516
746492
746374
746316
746293
746259
746220
745908
745889
745875
745830
745645
745516
745448
745446
745405
745394
745349
745211
744890
744691
744685
744614
744349
744331
744281
744213
744136
743549
743523
743437
743372
743224
743202
743162
742999
742986
742778
742714
742466
742429
742289
741870
741733
741681
741486
741308
741085
740955
740898
740723
740667
740583
740582
740494
740422
740295
740011
739983
739866
739786
739745
739704
739668
739063
739041
738984
738853
738829
738797
738644
738624
738555
738551
738463
738121
738104
737970
737916
737816
737710
737706
737617
737394
737330
737214
737125
737045
737031
737022
737001
736972
736801
736791
736710
736592
736522
736512
736435
736386
736251
736248
735669
735204
735169
735159
735151
735126
734992
734901
734797
734796
734615
734478
734377
734048
734018
733974
733938
733897
733887
733820
733699
733640
733495
733436
733295
733260
733229
733146
733095
733025
732914
732905
732606
732437
732379
732292
732247
732168
731676
731628
731530
731413
731317
731257
731257
731179
731162
731126
731016
730683
730308
730301
730040
730037
729721
729653
729617
729538
729527
729249
728976
728903
728863
728805
728774
728513
728335
728161
728051
728026
727787
727690
727612
727591
727502
727401
727256
727154
727064
726839
726816
726814
726796
726780
726753
726707
726547
726519
726506
726149
726108
726039
725805
725655
725608
725565
725524
725470
725454
725276
725271
725082
725022
724937
724819
724489
724482
724471
724356
724310
724226
724136
724124
724104
723892
723800
723686
723664
723618
723610
723601
723480
723431
723401
723365
723360
723357
723275
723113
723105
722937
722885
722499
722437
722282
722125
722030
722019
721790
721647
721466
721417
721401
721364
721295
721239
721023
720874
720823
720779
720703
720595
720583
720570
720516
720430
720369
720207
720103
720025
719984
719947
719808
719493
719379
719365
719212
719155
719135
719076
718901
718777
718735
718630
718607
718448
718440
718256
718150
718022
717952
717901
717707
717629
717521
717500
717474
717382
717277
717207
717117
716913
716827
716732
716337
716236
716157
716136
715923
715856
715851
715845
715721
715388
715348
714884
714860
714788
714680
714515
714481
714417
714374
714150
713814
713732
713429
712943
712872
712866
712756
712749
712724
712393
712274
712172
712138
712128
712030
711871
711759
711684
711636
711560
711334
711328
711261
711185
711171
710811
710687
710609
710554
710477
710472
710256
709895
709889
709830
709821
709731
709701
709624
709609
709507
709496
709357
709355
709221
709153
708595
708556
708530
708521
708475
708422
708369
708139
707815
707698
707521
707511
707390
707374
707076
707032
706950
706882
706772
706688
706686
706593
706585
706524
706494
706463
706450
706173
706068
705913
705853
705788
705760
705558
705446
705308
705186
705163
705077
704880
704850
704766
704542
704249
703969
703876
703791
703784
703561
703551
703533
703120
702968
702958
702943
702755
702644
702622
702553
702461
702414
702344
702313
702306
702296
702269
702095
701884
701827
701639
701629
701538
701451
701385
701361
701354
701326
701303
701010
700966
700966
700950
700769
700432
700422
700287
700267
700246
700148
700096
700024
699949
699923
699555
699538
699519
699475
699188
699182
699073
698903
698760
698723
698696
698637
698617
698293
698025
697962
697839
697768
697642
697472
697442
697367
697146
696763
696584
696448
696245
696198
696096
696063
695997
695967
695721
695688
695566
695537
695379
695356
695328
695238
695012
694994
694978
694553
694524
694511
694509
693884
693818
693730
693603
693571
693567
693534
693433
693425
693421
693021
692664
692549
692337
691961
691784
691775
691721
691676
691537
691388
690973
690875
690817
690692
690504
690470
690206
690204
690168
689990
689891
689831
689803
689708
689612
689512
689505
689457
689456
689432
689416
689258
689216
689122
689093
689040
689031
688823
688748
688729
688581
688226
688211
688031
687910
687857
687702
687650
687535
687508
687398
687377
687350
687108
686963
686667
686659
686614
686534
686501
686421
686039
685806
685722
685598
685569
685478
685418
685373
685322
685136
685120
684919
684898
684847
684550
684479
684383
684218
684088
683947
683931
683869
683854
683809
683805
683786
683723
683678
683634
683582
683508
683357
683230
683099
682984
682891
682864
682806
682799
682686
682601
682530
682510
681949
681892
681890
681825
681643
681640
681591
681422
681356
681340
681294
681260
681202
681133
681118
681103
680938
680893
680884
680821
680646
680620
680515
680428
680204
680161
680058
680029
680019
680007
679954
679926
679900
679839
679746
679575
679560
679552
679541
679348
679344
679334
679297
679239
679225
679210
679201
679156
679121
679056
678993
678948
678653
678611
678586
678573
678562
678507
678496
678390
678346
678213
678206
678099
678038
677957
677783
677762
677500
677380
677268
677219
677072
676953
676829
676785
676761
676584
676493
676405
676303
676230
676151
676146
676099
676098
675980
675929
675926
675878
675699
675667
675492
675289
675248
674881
674874
674581
674564
674271
674268
674161
673999
673742
673622
673622
673561
673500
673495
673402
673395
673322
673242
673225
672818
672691
672672
672643
672508
672500
672445
672399
672299
672224
671982
671956
671907
671705
671698
671510
671480
671478
671301
671095
670844
670806
670740
670631
670611
670229
670076
669976
669943
669856
669712
669643
669587
669229
669164
669113
669037
668985
668807
668542
668532
668456
668377
668347
668302
668296
668166
668103
668055
667951
667900
667894
667671
667602
667415
667406
667099
666837
666820
666754
666553
666537
666451
666436
666393
666366
666320
666225
666105
665734
665661
665325
665261
665208
665145
665109
664861
664741
664613
664451
664421
664396
664372
664338
664311
664132
664125
664106
664030
664030
663922
663916
663885
663862
663696
663515
663370
663213
663103
662883
662775
662726
662712
662697
662612
662601
662572
662451
662083
662063
661982
661944
661754
661699
661661
661613
661345
661053
660919
660857
660692
660690
660628
660619
660529
660495
660479
660455
660455
660270
660052
659849
659786
659766
659567
659485
659074
659054
658983
658887
658810
658727
658558
658365
658347
658323
658279
658185
657909
657882
657817
657711
657678
657659
657656
657586
657238
657149
657073
656877
656814
656747
656745
656631
656613
656524
656444
656440
656348
656254
656006
655836
655706
655647
655644
655537
655432
655403
655340
655204
655074
655008
654969
654966
654942
654648
654608
654363
654360
654344
654324
654274
654247
654125
653813
653634
653598
653477
653342
653304
653297
653189
652917
652856
652845
652783
652772
652674
652547
652398
652378
652366
652290
652199
652135
652097
652060
651871
651633
651562
651550
651421
651342
651191
650871
650680
650592
650588
650549
650446
650381
650228
649992
649976
649620
649547
649523
649523
649435
649315
649245
649150
649044
649023
648994
648861
648838
648720
648688
648587
648558
648446
648387
648347
648292
648130
648022
647942
647933
647500
647489
647475
647350
647209
646987
646890
646876
646839
646538
646472
646284
646232
646159
646150
646147
645980
645933
645886
645599
645463
645419
645385
645210
645186
645106
645011
645005
644888
644841
644825
644685
644613
644536
644480
644448
644407
644051
643985
643757
643737
643688
643391
643382
643359
643141
643038
642757
642595
642528
642513
642469
642442
642275
642197
642188
642174
642084
642021
641744
641664
641651
641545
641422
641377
641232
641094
641087
641002
640840
640776
640746
640731
640567
640499
640229
640191
640185
640175
640160
640076
640003
639883
639866
639469
639403
639382
639357
639337
639306
639287
639279
639198
638820
638731
638610
638557
638548
638473
638458
638151
638044
638043
637675
637667
637655
637616
637439
637295
637275
637146
637099
636922
636679
636613
636583
636472
636419
636344
636120
635969
635919
635860
635763
635731
635648
635283
635188
635179
634752
634614
634590
634452
634204
634141
633898
633850
633639
633480
633318
633222
633187
633083
632951
632774
632405
632382
632279
632234
631858
631658
631544
631521
631464
631456
631449
631399
631355
631338
631275
631255
631190
631187
631093
631080
631009
630897
630419
630312
630312
630000
629991
629927
629898
629741
629642
629489
629422
629055
628981
628920
628889
628884
628661
628382
628265
628223
628104
628099
627889
627864
627854
627718
627529
627455
627395
627017
626963
626836
626690
626636
626564
626453
626433
626347
626237
626226
625824
625686
625634
625609
625552
625431
625395
624998
624964
624830
624695
624661
624427
624387
624297
624218
624209
623807
623751
623712
623627
623604
623559
623514
623483
623376
623313
623177
622881
622779
622625
622458
622454
622258
622131
622106
622038
621970
621918
621833
621362
621282
621153
621151
621119
621021
620659
620521
620494
620254
620221
620187
620162
620099
620057
619997
619979
619864
619859
619821
619597
619246
618980
618570
618499
618442
618275
618194
618114
617948
617884
617822
617700
617700
617651
617634
617563
617476
617340
617242
617204
617144
617101
617087
617070
616859
616702
616673
616653
616583
616428
616324
616218
616147
616088
616038
615737
615659
615543
615536
615466
615415
615344
615337
615319
615313
615265
614987
614899
614886
614829
614806
614700
614614
614556
614404
614271
614238
614146
614134
614094
614013
613994
613973
613798
613643
613345
613342
613323
613298
613195
613059
612897
612853
612767
612723
612640
612503
612500
612483
612341
611997
611826
611756
611663
611625
611612
611612
611516
611355
611141
610979
610924
610887
610885
610622
610585
610217
610154
610153
610104
610104
609914
609875
609736
609655
609650
609345
609195
609115
609053
608975
608945
608454
608438
608288
608151
608106
608083
607820
607785
607692
607393
607356
607168
607153
606985
606733
606618
606541
606431
606417
606363
605974
605974
605963
605719
605558
605318
605288
605207
604970
604681
604672
604551
604512
604115
604102
603911
603892
603883
603864
603825
603813
603802
603536
603377
603365
603361
603280
603266
603243
602979
602875
602812
602808
602805
602651
602512
602424
602049
602036
601971
601942
601930
601904
601831
601757
601684
601497
601375
601369
601315
601286
601267
601192
600967
600928
600880
600602
600374
600203
600177
600158
600008
599757
599653
599379
599249
599245
599209
599156
598709
598371
598120
597947
597934
597606
597507
597462
597438
597423
597318
597273
597257
597056
597053
596809
596685
596601
596591
596515
596444
596362
596269
596227
596187
596151
596141
596046
595998
595935
595718
595679
595522
595498
595468
595329
595046
595034
594816
594791
594690
594674
594672
594588
594412
594379
594177
594177
594137
594021
593913
593885
593666
593625
593252
593213
593198
593151
593108
593097
592993
592885
592764
592579
592561
592531
592402
592052
592015
591707
591612
591518
591368
591325
591114
591093
590991
590921
590917
590897
590602
590456
590236
590167
589913
589874
589854
589563
589411
589399
589004
588768
588468
588330
588161
588099
588064
587923
587872
587866
587702
587471
587464
587446
586958
586948
586903
586879
586377
586310
586289
586210
586009
585624
585551
585517
585410
585229
585225
585094
585083
585045
584876
584842
584841
584704
584686
584594
584591
584543
584523
584365
584212
584163
584120
584058
583968
583859
583806
583790
583707
583648
583540
583496
583381
583225
583098
582738
582530
582458
582449
582392
582367
582289
582056
581937
581880
581877
581860
581727
581297
581197
581187
581092
581053
581008
580964
580918
580818
580720
580703
580408
580264
580076
579981
579913
579870
579860
579233
579187
579106
579039
578841
578807
578775
578760
578553
578479
578207
578057
577886
577810
577685
577515
577511
577510
577471
577315
576765
576730
576686
576665
576583
576552
576502
576466
576400
576325
576231
576156
576149
576114
576099
576029
575906
575876
575789
575760
575621
575400
575270
575267
575140
574996
574929
574866
574716
574406
574345
574344
574315
573894
573865
573853
573811
573699
573694
573676
573676
573574
573294
573248
573238
573233
573207
573177
573136
573076
573028
572961
572899
572875
572810
572800
572719
572677
572506
572470
572363
572353
572299
572278
572168
572142
571960
571906
571892
571856
571804
571765
571730
571674
571660
571649
571475
571475
571432
571418
571206
571086
571027
571007
570814
570700
570685
570620
570619
570500
570245
570238
570005
569753
569706
569705
569698
569662
569609
569564
569447
569425
569361
569147
568959
568774
568748
568729
568487
568382
568323
568120
568049
567891
567881
567790
567787
567774
567656
567453
567216
567184
567173
567159
567141
566718
566689
566667
566578
566545
566429
566326
566255
566156
566145
566024
565982
565718
565717
565707
565663
565524
565415
565201
565189
565108
564937
564808
564716
564586
564437
564343
564216
564152
564106
563966
563813
563747
563740
563672
563528
563087
562876
562826
562768
562617
562494
562456
562414
561497
561423
561392
561267
561221
561131
560974
560974
560850
560807
560788
560768
560620
560163
560058
560030
559939
559594
559458
559410
559350
559329
559234
559154
559130
558949
558898
558891
558868
558857
558675
558598
558517
558326
558296
558219
558127
557967
557795
557613
557501
557455
557446
557424
557361
557271
556911
556801
556797
556516
556376
556331
556184
556145
556045
556020
555867
555840
555742
555709
555639
555588
555487
555222
554954
554941
554737
554728
554683
554469
554468
554218
553987
553915
553907
553524
553412
553380
553285
553254
553170
553077
553018
552992
552890
552884
552795
552705
552499
552473
552329
552207
552050
551986
551938
551577
551548
551383
551300
551216
551197
551182
551071
551018
550892
550732
550709
550701
550549
550531
550519
550449
550190
550168
550046
549886
549884
549870
549673
549663
549580
549530
549497
549429
549220
549185
548802
548761
548707
548525
548509
548507
548437
548384
548384
548383
548262
548231
548193
547928
547896
547670
547600
547505
547401
547367
547365
547258
547234
547190
546929
546813
546808
546807
546691
546668
546634
546620
546617
546583
546451
546395
546395
546157
546136
546074
545998
545970
545825
545778
545714
545051
545025
544979
544898
544843
544843
544548
544398
544398
544273
544146
543861
543848
543844
543705
543640
543574
543510
543418
543354
542972
542942
542914
542691
542653
542652
542557
542530
542491
542421
542419
542304
542270
542244
542067
542024
541912
541804
541642
541369
541343
541324
541297
541237
541228
541022
540803
540660
540620
540575
540262
539947
539851
539641
539288
539186
539149
539033
538938
538777
538752
538718
538612
538488
538420
538416
538360
538326
538314
538190
538142
538066
537870
537684
537633
537473
537410
537127
537034
537029
536957
536847
536836
536833
536802
536619
536579
536420
536340
536108
535830
535739
535652
535646
535556
535348
535309
535226
535010
534981
534933
534572
534364
534309
534232
534172
534055
533890
533870
533706
533656
533484
533359
533132
532990
532903
532727
532634
532462
532376
532261
532208
532145
532145
531546
531526
531341
531305
531274
531201
531108
531100
531057
530937
530893
530705
530590
530358
530295
530258
530064
530060
530029
529968
529872
529763
529447
529228
529045
529032
528937
528879
528853
528804
528722
528584
528462
528345
528334
528297
528283
528236
528143
528068
528033
528026
527784
527631
527605
527535
527522
527481
527426
527417
527376
527303
527132
526847
526828
526769
526648
526528
526221
526198
525797
525684
525660
525598
525539
525502
525341
525173
525096
524982
524923
524893
524889
524583
524145
524046
523962
523936
523864
523838
523769
523749
523618
523589
523330
523283
523187
523022
522770
522646
522579
522378
522155
521937
521772
521660
521277
521141
521063
520971
520865
520595
520500
520437
520105
520048
520011
519935
519884
519835
519754
519678
519544
519394
519225
519157
519079
519016
518888
518874
518866
518751
518725
518707
518592
518552
518532
518526
518463
518382
518376
518343
518311
518292
518217
518086
517967
517829
517533
517428
517421
517273
517226
517215
516884
516865
516691
516642
516574
516570
516476
516476
516438
516330
516297
516265
516102
516023
515961
515858
515788
515699
515695
515685
515489
515424
515359
515356
515318
515303
515189
515170
514900
514683
514342
514341
514325
514294
514137
513967
513832
513737
513673
513469
513351
513308
513294
513225
513144
512909
512898
512867
512860
512852
512824
512643
512567
512355
512307
512235
512085
512027
512000
511942
511809
511770
511770
511304
510927
510852
510837
510699
510698
510649
510584
510496
510373
510288
510255
510205
510163
509959
509936
509901
509855
509662
509642
509616
509582
509518
509502
509302
509037
508781
508709
508588
508578
508436
508292
508090
507949
507928
507858
507846
507501
507401
507053
506928
506906
506845
506757
506665
506663
506627
506564
506512
506449
506339
506338
506095
505819
505780
505779
505651
505623
505593
505574
505568
505518
505412
505390
505269
505130
505024
504938
504706
504661
504603
504570
504529
504321
504294
504269
504008
503902
503881
503813
503626
503577
503488
503345
503305
503290
503183
503145
503129
502798
502592
502137
501994
501758
501710
501668
501594
501518
501504
501495
501370
501070
500876
500863
500816
500756
500753
500652
500511
500421
500267
500145
500069
499976
499917
499806
499694
499434
499379
499284
499263
499245
499125
499107
498956
498947
498940
498868
498862
498807
498782
498725
498719
498449
498439
498248
498019
497749
497738
497727
497716
497670
497648
497535
497455
497426
497349
497262
497259
497205
497001
496921
496743
496614
496590
496501
496222
496121
495867
495652
495648
495644
495575
495457
495246
494778
494623
494572
494564
494503
494452
494335
494244
494170
494136
494127
493950
493829
493729
493722
493475
493405
493218
493140
493133
493103
493028
492925
492896
492815
492634
492584
492581
492501
492466
492346
492318
492287
492267
492010
491973
491515
491229
490988
490945
490860
490478
490460
490166
490074
490071
489783
489677
489636
489570
489560
489554
489377
489283
489264
489150
489016
488968
488944
488932
488919
488903
488881
488486
488445
488435
488403
488397
488220
488153
488073
488022
487849
487734
487703
487664
487640
487508
487373
487373
487356
487316
486972
486922
486802
486773
486547
486389
486324
486027
485782
485676
485635
485413
485261
485242
485067
485024
484831
484740
484402
484368
484331
484275
483962
483932
483885
483819
483724
483671
483368
483321
483251
483204
483190
483155
483118
483085
483073
483011
482723
482683
482527
482453
482287
482176
482073
482050
481929
481754
481573
481213
481166
481043
480994
480939
480860
480801
480779
480772
480475
480354
480351
480301
480265
480173
480108
479963
479931
479883
479839
479832
479565
479560
479419
479041
478951
478806
478752
478669
478587
478322
478286
478231
477983
477833
477700
477488
477414
477381
477355
477334
477045
477024
476989
476939
476916
476878
476809
476672
476619
476325
476286
476184
476182
476132
475958
475945
475931
475695
475539
475290
475260
475234
475140
475135
475067
474754
474704
474700
474392
474307
473883
473844
473819
473696
473460
473403
473296
473179
473106
472735
472681
472561
472433
472226
472155
472121
472115
471985
471693
471645
471523
471302
471215
471171
471132
471123
471116
471016
470969
470967
470515
470229
470102
470082
470079
469925
469826
469133
468997
468935
468852
468850
468734
468526
468526
468431
468349
468320
468263
468246
468242
468213
468197
467987
467896
467678
467531
467472
467367
467261
467037
467014
466745
466671
466669
466411
466383
466223
466081
466056
466032
466001
465820
465788
465777
465707
465688
465629
465620
465507
465496
465494
465420
465205
465115
464932
464904
464720
464682
464583
464552
464488
464487
464431
464425
464280
464164
464157
464044
463982
463678
463431
463374
463341
463089
463005
462972
462956
462867
462593
462516
462446
462432
462312
462263
462227
461938
461858
461768
461762
461539
461385
461377
461366
461179
461175
461042
460989
460860
460847
460837
460761
460696
460688
460648
460646
460640
460595
460533
460443
460370
460272
460255
460160
460136
460086
460081
460033
459971
459913
459830
459560
459347
459161
459137
459113
458963
458775
458773
458689
458682
458680
458652
458649
458543
458298
458244
458190
458042
458023
457988
457891
457808
457768
457703
457567
457538
457513
457075
457050
457022
456819
456750
456744
456529
456417
456333
455909
455768
455748
455668
455652
455616
455389
455377
455178
455157
455028
454889
454490
454454
454384
454258
454136
454099
453650
453454
453396
453261
453256
453220
453209
453207
453139
453139
452954
452883
452881
452833
452751
452639
452619
452586
452536
452500
452447
452353
452152
452131
452112
452041
451884
451699
451595
451397
451329
451160
451024
450739
450573
450505
450295
450164
450008
449667
449641
449640
449516
449421
448882
448827
448597
448382
448374
448265
448111
448075
447998
447740
447550
447413
447353
447321
447275
447273
446719
446616
446440
446355
446323
446319
446168
446161
445994
445783
445720
445418
445362
445295
445063
444872
444703
444595
444407
444288
444274
444160
444026
444006
443861
443730
443574
443531
443320
443165
443130
443036
442925
442867
442737
442316
442260
442013
442009
441943
441814
441787
441713
441581
441546
441486
441172
441146
440989
440964
440930
440911
440773
440726
440487
440487
440418
440387
440382
440337
439961
439724
439705
439437
439315
439198
439179
439104
438992
438924
438760
438749
438737
438713
438617
438515
438458
438399
438392
438389
438354
438338
438326
438128
438093
438071
438053
438011
437970
437945
437857
437830
437811
437719
437536
436915
436785
436763
436681
436536
436534
436424
436313
436300
436281
436200
435978
435954
435609
435543
435482
435473
435375
435373
435245
435084
435030
434903
434862
434770
434720
434645
434483
434422
434196
434139
434025
433882
433692
433546
433512
433335
433321
433269
433245
433163
433077
433064
432953
432947
432720
432672
432582
432512
432282
432139
431912
431877
431789
431581
431346
431201
430980
430940
430935
430904
430880
430849
430762
430747
430701
430623
430506
430499
430300
430286
430226
430151
429936
429724
429646
429528
429459
429391
429289
428945
428923
428834
428825
428767
428764
428463
428147
428071
427745
427607
427597
427573
427522
427377
427374
427354
427278
427213
426982
426940
426881
426872
426837
426798
426778
426750
426706
426573
426544
426409
426346
426265
426255
426198
426080
425913
425798
425794
425661
425498
425459
425450
425317
425171
425129
425115
425026
424886
424847
424813
424796
424789
424710
424614
423966
423924
423857
423833
423808
423661
423611
423607
423595
423574
423525
423432
423185
422937
422914
422658
422529
422520
422425
422285
422274
422167
422144
421948
421838
421827
421681
421637
421580
421383
421272
421267
421027
421013
420939
420745
420450
420423
420194
420144
420128
420025
419966
419476
419467
419427
419405
419401
419390
419302
418915
418864
418432
418378
418319
418317
418306
418249
418179
418113
417883
417645
417588
417499
417477
417345
417257
417234
417230
417191
417053
417001
417000
416981
416813
416809
416699
416641
416599
416518
416477
416397
416327
416278
416265
416225
416172
416170
415886
415857
415784
415766
415762
415667
415586
415383
415343
415342
415307
415161
414998
414800
414762
414756
414665
414564
414366
414064
414056
413996
413806
413775
413769
413757
413751
413702
413562
413413
413323
413294
413230
413127
413110
413043
413034
412851
412715
412701
412644
412560
412529
412513
412411
412398
412253
412240
412045
411881
411878
411760
411724
411640
411261
411158
411061
410785
410647
410626
410210
410167
409911
409741
409633
409474
409221
409193
409021
409019
408487
408477
408363
408325
408317
408168
408149
408098
407794
407754
407745
407736
407622
407602
407436
407416
407376
407350
407107
407032
406973
406894
406820
406808
406736
406424
406366
405997
405896
405781
405522
405520
405437
405401
405269
405172
405159
405068
404759
404748
404621
404463
404350
404332
404240
404030
404002
403858
403855
403739
403717
403629
403597
403559
403545
403476
403417
403372
403288
403232
403177
403095
403073
402988
402969
402930
402914
402865
402533
402479
402444
401704
401496
401481
401405
401190
401006
400983
400857
400816
400800
400594
400511
400310
400306
400284
400272
400247
400171
400080
400016
399998
399991
399906
399722
399603
399564
399421
399421
399402
399317
399314
399248
399186
399116
399035
398986
398933
398813
398787
398758
398646
398640
398527
398526
398479
398358
398250
398203
398095
397915
397496
397341
397136
396975
396949
396789
396774
396730
396670
396602
396544
396511
396382
396326
396199
395998
395770
395716
395641
395639
395604
395603
395595
395393
395200
395130
394912
394865
394749
394647
394529
394461
394457
394185
394115
394087
394051
393967
393811
393722
393531
393433
393418
393181
392793
392495
392463
392348
392235
392147
391901
391685
391583
391577
391564
391505
390966
390921
390854
390745
390726
390706
390700
390675
390467
390405
390050
390016
389999
389957
389949
389935
389905
389897
389835
389789
389662
389556
389510
389346
389299
388768
388763
388685
388511
388458
388205
388127
387942
387898
387762
387693
387636
387348
387292
387006
386713
386705
386628
386574
386528
386361
386205
386131
386107
386099
386073
385841
385711
385626
385613
385583
385518
385315
385253
384956
384938
384937
384899
384851
384739
384709
384486
384383
384324
384207
383951
383862
383862
383386
383260
383251
383142
382970
382874
382698
382537
382491
382329
382305
382295
382157
382050
381576
381525
381427
381089
380988
380977
380961
380731
380706
380614
380559
380299
380146
380131
380056
379934
379729
379667
379655
379585
379169
379065
379012
378926
378665
378547
378533
378284
378250
378247
378226
378108
378043
377672
377398
377393
377354
377334
377082
377005
376918
376749
376729
376717
376561
376547
376443
376359
376171
376150
375989
375900
375891
375777
375452
375448
375377
375334
375268
375145
375137
375076
374981
374907
374838
374695
374621
374511
374349
374047
374011
373855
373482
373472
373462
373400
373390
373371
373357
373315
373275
373188
373046
373007
372983
372951
372469
372465
372412
372321
372228
372175
372157
372081
372071
372055
371995
371973
371923
371894
371867
371837
371823
371775
371555
371444
371429
371018
371013
371013
371006
370481
370388
369847
369676
369647
369520
369406
369377
369325
369323
368772
368765
368531
368511
368372
368322
368164
368002
367987
367953
367889
367697
367477
367476
367269
367101
367085
367082
366898
366812
366601
366425
366355
366175
366129
366056
365888
365877
365862
365793
365769
365735
365471
365465
365433
364933
364883
364692
364653
364534
364468
364370
364326
364154
364073
363908
363756
363402
363350
363203
362702
362677
362453
362440
362437
362294
362238
362214
361976
361823
361638
361472
361452
361430
361282
361204
361126
360938
360836
360831
360827
360773
360734
360444
360381
360334
360096
359996
359834
359776
359620
359566
359477
359362
359307
359290
358799
358745
358680
358625
358067
357861
357749
357617
357520
357450
357418
357356
357246
357198
356924
356811
356701
356565
356553
356510
356471
356397
355991
355925
355855
355652
355636
355477
355476
355430
355207
355075
354583
354578
354460
354414
354341
354218
354018
353921
353543
353484
353390
353310
353288
353158
353015
352979
352834
352833
352602
352590
352448
352259
352225
351864
351669
351536
351356
351286
351258
351232
351187
351140
350953
350770
350635
350580
350419
350393
350384
350137
349976
349887
349880
349826
349667
349525
349449
349379
349063
349031
348923
348875
348754
348445
348322
348294
348229
348197
348162
347890
347653
347626
347620
347586
347463
347354
347273
347132
347028
347025
346960
346948
346923
346687
346682
346671
346659
346294
346249
346246
346171
346040
345980
345793
345685
345473
345457
345442
345432
345212
344993
344987
344977
344791
344400
344221
344127
344109
344077
343766
343476
343434
343359
343122
343114
343001
342864
342724
342680
342674
342667
342664
342636
342614
342550
342320
342290
342265
342264
342116
341832
341746
341724
341465
341342
341308
341300
341268
341239
341105
341098
340886
340830
340710
340661
340657
340237
340182
340156
340148
340015
339617
339600
339567
339563
339405
339386
339087
339016
338523
338474
338470
338391
338182
338145
337921
337904
337743
337332
337286
336841
336781
336753
336723
336720
336685
336614
336603
336509
336470
336427
336339
336315
336300
336300
336055
336011
335992
335964
335868
335791
335783
335733
335721
335707
335593
335431
335347
335331
335287
335230
335221
335013
334753
334714
334694
334689
334550
334494
334358
334284
334089
334021
333987
333969
333796
333785
333782
333554
333454
333418
333372
333281
333170
333128
332918
332821
332606
332574
332458
332393
332074
332073
332011
331833
331823
331769
331763
331666
331597
331438
331118
331099
331066
331062
330993
330986
330864
330753
330724
330661
330550
330518
330441
330148
330128
329788
329682
329354
329262
329238
329216
329213
329209
329166
329125
329094
329049
329001
328809
328744
328635
328586
328319
328205
328163
328068
327965
327921
327797
327776
327597
327484
327456
327153
327065
326944
326922
326855
326842
326814
326756
326492
326452
326299
326119
326106
326098
325914
325869
325642
325588
325528
325485
325468
325305
325170
325130
324932
324902
324760
324701
324699
324511
324394
324165
324124
323948
323858
323789
323640
323515
323493
323465
323321
323007
322940
322927
322835
322706
322612
322477
322474
322336
322218
322145
322104
322066
321787
321460
321450
321249
321244
321207
321177
321166
321141
320982
320724
320719
320307
320098
320065
320040
319900
319894
319873
319853
319569
319504
319440
319377
319317
319268
319263
319210
319182
319039
319023
318936
318923
318890
318714
318691
318630
318447
318414
318276
318220
318064
317977
317940
317778
317742
317648
317643
317471
317371
317345
317321
317240
317183
317163
317059
317006
316968
316914
316850
316816
316798
316677
316643
316627
316584
316567
316492
316467
316086
316028
316020
315995
315882
315796
315625
315588
315494
315426
315311
315293
315264
315138
315122
315018
314941
314882
314854
314793
314629
314387
314340
314270
314034
313934
313796
313638
313634
313586
313540
313459
313441
313420
313321
313305
313241
313055
312718
312647
312571
312518
312479
311861
311702
311500
311496
311322
311253
311104
311036
310983
310812
310543
310279
310238
310113
309999
309923
309818
309477
309362
309349
309281
309264
309239
309077
308711
308516
308288
308163
307958
307661
307642
307632
307365
307347
307310
307244
307220
307023
307010
306579
306535
306431
306260
306249
306175
306170
306100
305932
305610
305498
305448
305334
305238
304886
304863
304831
304814
304738
304640
304622
304536
304365
304361
304301
304256
303935
303812
303700
303635
303609
303535
303492
303426
303409
303371
303273
303162
303047
302917
302874
302664
302638
302607
302515
302445
302394
302323
302248
302147
302065
301955
301909
301905
301851
301654
301589
301510
301496
301436
301387
301193
301167
300986
300929
300909
300905
300831
300762
300413
300363
300152
299971
299840
299361
299340
299201
299136
298935
298864
298858
298455
298404
298344
298337
298194
298082
297922
297827
297739
297736
297730
297481
297474
297164
296971
296962
296869
296728
296719
296686
296634
296577
296546
296460
296407
296084
295952
295785
295768
295749
295594
295466
295376
295195
295044
295027
294971
294943
294940
294810
294769
294627
294516
294429
294394
294308
294224
294220
294097
294086
293980
293968
293841
293824
293763
293377
293307
293225
292962
292959
292882
292847
292840
292760
292754
292741
292674
292672
292522
292250
292166
292073
292014
291896
291746
291705
291698
291697
291617
291577
291569
291562
291512
291423
291350
291068
291068
291038
290959
290798
290793
290750
290708
290704
290676
290569
290513
290507
290485
290424
290367
289710
289687
289544
289530
289155
289111
288990
288952
288881
288858
288792
288660
288635
288410
288396
288350
288330
288256
288255
288174
288037
288018
287847
287768
287756
287710
287654
287512
287439
287410
287388
287372
287340
287132
287001
286740
286692
286563
286506
286500
286493
286202
286180
286175
286174
286123
286052
285944
285873
285729
285670
285445
285378
285329
285290
285259
285219
285205
285151
285108
285018
285012
284872
284660
284625
284426
284382
284156
283998
283790
283732
283422
283291
283225
282951
282854
282794
282741
282674
282586
282492
282434
282401
282248
282125
282026
281943
281929
281883
281809
281775
281698
281538
281518
281378
281302
281120
281102
281080
281078
281074
280780
280748
280734
280657
280632
280509
280475
280328
280134
279940
279892
279834
279653
279603
279521
279366
279096
279087
278970
278962
278959
278913
278889
278331
278160
277881
277848
277820
277775
277730
277705
277703
277493
277414
277258
277206
277174
277170
277004
276964
276744
276684
276674
276670
276578
276562
276448
276327
276258
276183
276021
276006
275816
275812
275793
275575
275546
275477
275367
275344
275334
275074
274687
274686
274596
274549
274441
274246
274211
274135
273588
273566
273382
273271
273207
273116
273098
273092
273081
273054
272936
272804
272745
272689
272615
272582
272560
272547
272406
271910
271888
271850
271835
271646
271632
271531
271509
271483
271443
271179
270808
270704
270675
270459
270434
270310
270248
270240
270176
270150
270072
270069
270011
269996
269892
269762
269740
269712
269582
269299
269171
269076
269046
268698
268522
268519
268323
268114
268035
267993
267888
267860
267795
267776
267650
267644
267593
267478
267448
267406
267350
267225
267072
267057
266975
266919
266896
266865
266679
266616
266492
266478
266318
266307
266251
266236
266200
266063
265956
265763
265339
265279
265249
265224
265034
264976
264901
264738
264735
264698
264675
264176
263961
263906
263703
263570
263484
263462
263161
263144
263115
263108
263044
262897
262867
262860
262784
262699
262587
262510
262332
262288
262150
262037
261937
261707
261614
261563
261552
261494
261473
261404
261320
261315
261291
261214
261114
261081
261012
260850
260790
260786
260561
260536
260446
260370
260292
260135
260049
260039
259944
259912
259891
259821
259807
259756
259670
259564
259237
258979
258945
258943
258923
258737
258689
258606
258366
258248
258229
258185
258008
257997
257926
257788
257661
257619
257566
257315
257303
257242
257206
257117
257114
257062
257028
257018
257004
257003
256576
256520
256495
256290
256251
256171
255729
255649
255644
255556
255483
255456
255379
255290
255284
255065
255004
254996
254940
254462
254253
254245
254128
254007
253987
253809
253749
253734
253660
253605
253512
253421
253382
253346
253285
253285
252519
252377
252264
252161
252141
252033
251935
251662
251645
251546
251546
251544
251343
251321
251319
251207
251185
251160
250899
250858
250582
250578
250440
250178
250167
250137
250031
249972
249851
249844
249746
249457
249424
249385
249364
249317
249313
249163
249160
248817
248754
248470
248461
248231
248149
247997
247920
247878
247778
247655
247539
247417
247210
247134
247059
246946
246934
246752
246683
246576
246440
246295
246157
246157
246157
246105
246026
245881
245830
245790
245635
245527
245522
245410
245391
245361
245354
245254
245138
244770
244670
244609
244523
244464
244397
244334
244331
244193
244088
244005
243947
243941
243775
243662
243516
243466
243213
243203
243147
243101
242805
242775
242704
242632
242459
242283
242236
242100
242019
242010
241884
241867
241836
241669
241595
241483
241292
241171
241135
241102
241100
240506
240488
240471
240454
240440
240432
240365
240318
240292
239903
239717
239619
239567
239381
239266
239030
238975
238929
238693
238632
238520
238484
238384
238342
238283
238272
238180
238155
238032
238023
238009
238007
237862
237556
237390
237381
237264
236970
236612
236602
236312
236163
236053
236042
235864
235813
235794
235676
235548
235177
235126
234913
234842
234778
234748
234648
234612
234544
234389
234359
234312
234288
234196
234187
234115
234040
233900
233845
233703
233589
233180
232829
232730
232726
232328
232253
232247
231991
231963
231824
231528
231445
231430
231325
231292
231148
231026
230984
230771
230760
230569
230337
230269
230244
230225
230157
230091
230022
229746
229729
229561
229456
229419
229121
229074
229063
228998
228324
228068
228032
227896
227884
227847
227842
227840
227528
227399
227337
227321
227144
227005
227000
226998
226886
226880
226821
226805
226309
226176
226135
226028
225881
225763
225648
225621
225502
225404
225333
225326
225113
225092
225042
224866
224841
224802
224584
224571
224486
224363
224082
223808
223645
223542
223449
223411
223347
223251
223142
223133
223019
222960
222791
222463
222316
222194
222078
221826
221800
221777
221743
221579
221556
221271
221136
220620
220550
220452
220307
220229
220122
219972
219763
219736
219573
219324
219322
219304
219253
219030
218951
218923
218708
218578
218537
218454
218303
218230
217917
217886
217666
217594
217497
217321
217286
217184
217094
217032
216831
216698
216668
216604
216557
216552
216521
216319
216200
216133
216078
216066
216049
215949
215912
215909
215860
215548
215544
215259
215117
214953
214802
214701
214604
214470
214464
214389
214384
214311
214272
213903
213844
213796
213780
213717
213653
213463
213291
213244
212991
212858
212828
212693
212582
212536
212395
212096
212065
211995
211558
211200
211171
211168
211138
211133
210957
210715
210398
210342
210263
210212
210069
209896
209814
209652
209560
209462
209229
209221
209186
209095
209064
208736
208591
208514
208327
208306
208283
208093
208056
208036
208022
207996
207847
207699
207686
207521
207357
207312
207187
207115
207041
206971
206922
206856
206849
206812
206276
205946
205835
205806
205717
205617
205516
205474
205418
205390
205385
205312
205271
205192
205128
205103
205030
204998
204773
204658
204514
204494
204238
204095
204062
203966
203912
203795
203746
203709
203682
203659
203542
203292
203116
203050
202951
202909
202787
202679
202588
202516
202261
202190
202121
201804
201569
201277
201134
201066
200930
200894
200891
200792
200695
200629
200407
200215
200132
199854
199585
199520
199275
199058
198888
198867
198855
198814
198665
198628
198496
198463
198349
198276
198240
198229
198220
198198
198150
198127
198063
198045
197991
197973
197968
197898
197871
197840
197829
197815
197751
197715
197680
197674
197589
197588
197273
197124
197096
197083
196861
196583
196419
196402
196031
195911
195590
195415
195302
194926
194871
194790
194704
194372
194317
194174
194171
194057
193725
193660
193474
193457
193358
193269
193050
192950
192944
192842
192837
192578
192561
192470
192320
192251
191978
191894
191796
191788
191757
191488
191469
191402
191400
191388
191124
191058
190893
190814
190638
190637
190599
190575
190563
190561
190556
190543
190524
190402
190128
189987
189910
189877
189770
189751
189496
189112
189064
189060
188935
188761
188705
188697
188641
188385
188382
188353
188319
188298
188273
188243
187882
187873
187848
187527
187507
187428
187341
187120
187005
187000
186855
186784
186734
186633
186396
186276
186200
186199
186149
186132
186043
185929
185648
185565
185502
185333
185322
185281
185258
185251
185171
185118
185102
185060
184974
184883
184826
184805
184647
184645
184408
184401
184089
183973
183970
183878
183859
183819
183796
183658
183527
183424
183330
183251
183251
183163
183061
182959
182741
182417
182214
181880
181835
181827
181636
181580
181498
181459
181357
181338
181331
181293
180964
180825
180797
180515
180471
180428
179928
179903
179785
179674
179357
179198
179083
178830
178824
178746
178563
178537
178393
178319
178315
178248
178221
178176
178078
178049
177983
177875
177864
177727
177680
177547
177524
177514
177290
177287
177255
176924
176795
176749
176377
176286
176100
175951
175861
175842
175822
175680
175563
175551
175512
175355
175333
175328
175299
175258
175156
174942
174937
174930
174673
174645
174377
174326
174274
174258
174181
174114
174099
174057
174046
173785
173729
173642
173392
173323
173315
173289
173287
173255
173032
173022
172926
172921
172846
172658
172519
172393
172172
172099
171975
171779
171752
171744
171703
171653
171513
171512
171504
171258
171194
171135
170977
170847
170716
170686
170685
170680
170664
170632
170487
170322
170265
170196
170086
169972
169919
169855
169841
169700
169594
169489
169313
169253
169203
169123
169098
168872
168794
168718
168706
168694
168676
168619
168522
168512
168309
168275
168254
168227
168200
168092
168017
167893
167871
167837
167611
167509
167324
167301
167284
167255
167212
166970
166798
166614
166244
166077
165984
165919
165732
165715
165693
165684
165590
165589
165373
165312
165223
165147
165138
165137
165013
165000
164972
164778
164746
164719
164556
164411
164225
164096
164094
163823
163740
163699
163427
163358
163348
163344
163207
163152
163101
162856
162773
162755
162686
162615
162576
162504
162349
162301
162299
162271
162117
161795
161767
161753
161750
161626
161547
161475
161189
160984
160911
160907
160905
160720
160669
160667
160599
160578
160546
160359
160189
160176
160131
160114
159977
159764
159748
159611
159602
159459
159286
159230
159219
159081
159068
158969
158873
158867
158804
158803
158767
158737
158703
158669
158621
158612
158541
158457
158405
158331
158315
158129
158067
157929
157699
157548
157412
157382
157339
157311
157299
157254
157107
157065
156705
156664
156657
156655
156576
156569
156551
156348
156319
156227
155979
155974
155963
155932
155710
155560
155483
155434
155349
155219
155186
155035
154913
154891
154842
154831
154746
154399
154195
154123
154045
154045
154008
153989
153399
153243
153126
153098
153084
153019
153017
152976
152930
152742
152730
152713
152707
152668
152502
152219
152153
152080
152080
152067
152032
151969
151968
151926
151745
151743
151666
151611
151388
151000
150989
150949
150942
150862
150767
150698
150671
150520
150303
150150
150119
149994
149820
149757
149532
149526
149458
149270
148789
148632
148627
148525
148418
148344
148165
148099
148048
148021
147992
147986
147930
147913
147603
147427
147291
147255
147163
147148
147084
147034
147013
146961
146937
146914
146793
146620
146545
146526
146441
146403
146377
146250
146234
146123
146061
145966
145845
145834
145706
145644
145619
145494
145400
145400
145303
145121
144894
144876
144857
144828
144710
144639
144600
144494
144484
144376
144147
143919
143870
143820
143571
143500
143342
143249
143240
143113
143064
142995
142706
142673
142650
142642
142544
142487
142305
142032
142007
141827
141765
141761
141707
141696
141647
141513
141382
141326
141251
141197
141177
141171
141109
140813
140535
140530
140459
140411
140346
140292
140117
140013
139722
139704
139679
139653
139643
139561
139294
139222
139207
139180
139179
139106
138980
138933
138797
138754
138719
138523
138330
138218
138166
138124
137755
137558
137320
137187
137133
137030
137018
137001
136922
136921
136889
136871
136815
136779
136551
136538
136471
136412
136323
136250
136034
135856
135360
135312
135078
134979
134873
134833
134616
134583
134450
134312
134238
134117
134058
133906
133822
133769
133626
133613
133554
133447
133021
132761
132692
132651
132443
132276
132131
132033
131992
131883
131839
131787
131625
131577
131525
131440
131316
131265
131192
130978
130703
130668
130562
130541
130422
130406
130392
130390
130330
130311
130198
130106
129835
129343
129227
129203
129171
129084
129027
128980
128923
128783
128730
128715
128656
128634
128367
128335
128297
128247
128226
128113
128094
128063
127844
127803
127699
127687
127675
127651
127573
127470
127191
127139
127024
126972
126922
126893
126836
126833
126801
126697
126575
126501
126431
126261
126237
126053
126023
125966
125879
125867
125726
125671
125626
125564
125490
125474
125136
125132
125106
125077
124963
124922
124707
124668
124662
124643
124640
124602
124464
124448
124261
124038
124006
123877
123801
123640
123639
123612
123565
123540
123501
123474
123117
123000
122806
122791
122772
122542
122528
122277
121864
121858
121761
121746
121693
121670
121518
121342
121317
121149
121140
121113
121039
120878
120875
120693
120501
120457
120443
120388
120316
120273
120223
120181
120179
120167
119940
119636
119482
119470
119393
119253
119202
119161
118980
118978
118977
118872
118712
118643
118380
118073
118023
117970
117845
117502
117402
117187
117139
116827
116773
116724
116606
116383
116333
116200
116040
116039
115892
115883
115864
115803
115740
115710
115658
115488
115436
115396
115188
115104
114983
114966
114850
114805
114662
114624
114555
114555
114528
114423
114356
114203
114182
114167
113743
113741
113694
113115
113055
113025
112809
112654
112552
112551
112527
112419
112271
112217
112011
111698
111680
111473
111377
111327
111287
111001
110858
110841
110471
110325
110242
110094
110060
109945
109827
109800
109711
109579
109562
109385
109330
109241
109185
109181
109171
109092
108933
108813
108533
108500
108494
108406
108341
108339
108215
108210
108140
108058
108020
108015
107997
107949
107934
107868
107868
107761
107757
107631
107623
107462
107284
107265
107133
107066
107045
107002
106825
106636
106618
106475
106350
106337
106335
106128
105766
105732
105591
105409
105375
105361
105315
105119
104949
104813
104406
104349
104325
104280
103902
103831
103830
103756
103463
103408
103338
103300
103201
103171
103142
102975
102956
102904
102900
102662
102631
102513
102321
102300
102250
102010
101988
101896
101838
101767
101523
101387
101274
101255
101211
100847
100826
100804
100797
100720
100674
100642
100112
100049
99834
99831
99746
99600
99459
99446
99168
99155
98863
98743
98684
98585
98548
98527
98500
98462
98391
97946
97906
97811
97808
97679
97380
97137
97134
96827
96605
96589
96258
96101
95863
95587
95566
95488
95409
95327
95303
95302
95189
94947
94749
94684
94637
94529
94451
94378
94309
94252
94250
94216
94165
94163
94113
94044
94040
94013
94003
93414
93399
93232
93133
93008
92994
92878
92801
92695
92513
92472
92469
92370
92316
92303
92264
92136
92108
92062
91967
91877
91815
91794
91705
91678
91453
91412
91408
91246
91205
91172
91156
91064
90957
90957
90895
90741
90589
90567
90513
90471
90290
90272
90092
90014
89965
89867
89831
89748
89612
89581
89563
89516
89495
89437
89341
89229
89065
89033
89022
88959
88938
88922
88832
88575
88571
88504
88489
88357
88326
88286
88083
88079
88076
87883
87733
87694
87683
87669
87532
87416
87390
87364
87258
87224
87072
86823
86683
86661
86645
86635
86436
86385
86345
86281
86130
86054
86024
85986
85943
85926
85706
85525
85451
85418
85301
85215
85035
85030
84899
84734
84674
84612
84599
84511
84326
84262
84189
84167
84108
83867
83801
83596
83480
83390
83324
83306
83259
83219
83169
83149
83023
82961
82876
82835
82459
82103
81933
81822
81526
81524
81460
81421
81297
80977
80946
80914
80829
80706
80659
80650
80609
80474
80439
80378
80202
79997
79923
79827
79625
79462
79333
78862
78699
78691
78634
78404
78240
78153
77981
77954
77805
77733
77660
77489
77419
77418
77392
77291
77202
77014
76978
76909
76839
76814
76798
76793
76756
76555
76514
76233
76023
75990
75946
75858
75775
75755
75707
75653
75565
75467
75452
75281
75269
75215
75170
75136
75092
74775
74591
74473
74342
74333
74108
73832
73823
73764
73614
73542
73504
73411
73231
73145
73135
72788
72595
72454
72450
72437
72219
72130
71984
71919
71862
71802
71765
71397
71394
71237
71027
70894
70884
70826
70784
70782
70767
70560
70424
70407
70313
70246
70233
70041
69947
69761
69749
69518
69451
69421
69309
69157
69116
69089
69057
68808
68799
68739
68666
68653
68555
68324
68298
68290
68253
68226
68174
68027
68019
67997
67594
67589
67498
67261
66843
66759
66741
66529
66485
66271
66250
66183
66125
65960
65866
65774
65743
65629
65552
65551
65282
65053
64960
64924
64819
64731
64637
64425
64314
64138
64132
63848
63477
63445
63291
63189
63171
62868
62716
62619
62531
62439
62129
62060
61964
61904
61738
61733
61552
61502
61499
61458
61399
61207
61009
60817
60802
60748
60515
60401
60378
60317
60270
60208
59588
59384
59352
59304
59299
58975
58842
58793
58699
58518
58501
58366
58356
58029
57769
57743
57720
57662
57625
57282
57159
56989
56928
56928
56779
56771
56568
56527
56479
56232
56227
55988
55872
55856
55831
55677
55566
55561
55337
55035
55026
54899
54879
54846
54831
54789
54662
54585
54580
54564
54511
54396
54386
54351
54289
54260
54151
54106
54040
54029
54004
53963
53930
53767
53732
53723
53669
53653
53515
53482
53458
53448
53340
53299
53298
53273
53120
52990
52886
52858
52695
52648
52452
52437
52433
52427
52424
52331
52319
52307
52296
52151
51824
51681
51591
51586
51288
51218
51196
50937
50884
50764
50756
50632
50303
50258
50235
50206
50191
50134
50074
50021
49827
49661
49423
49054
48994
48974
48961
48957
48684
48600
48588
48460
48408
48203
48094
48085
47914
47857
47318
47262
47260
47246
47034
46965
46954
46806
46622
46399
46213
46159
45998
45648
45462
45448
45386
45268
45242
45092
45063
44874
44747
44634
44572
44463
44398
44338
44251
44119
43971
43947
43688
43615
43592
43540
43495
43433
43229
42765
42723
42707
42585
42476
42450
42329
41885
41850
41714
41617
41476
40856
40803
40723
40054
39968
39867
39602
39462
39420
39395
39229
39168
39135
39022
38960
38827
38764
38600
38489
38429
38271
38245
38049
37831
37755
37612
37470
37368
37301
37155
37113
37088
36971
36961
36830
36781
36728
36714
36647
36374
36206
36162
36080
35810
35807
35795
35791
35742
35739
35643
35375
35334
35218
34869
34713
34686
34587
34399
34090
34030
33921
33843
33723
33662
33655
33648
33614
33612
33348
33292
33214
33175
33125
33113
33024
33024
33023
32964
32858
32699
32631
32506
32016
32011
31919
31875
31619
31614
31590
31525
31489
31451
31428
31205
30626
30495
30430
30424
29928
29925
29884
29821
29736
29609
29563
29518
29353
29202
29175
29102
28985
28866
28842
28819
28743
28579
28382
28037
27985
27843
27842
27842
27825
27343
27317
27226
27118
27099
27022
26914
26724
26659
26617
26240
26196
26181
26055
25279
25246
25118
25012
24985
24907
24879
24846
24709
24421
24369
24306
24195
23917
23881
23569
23568
23469
23430
23294
23195
23187
23113
22801
22705
22633
22593
22549
22447
22061
22024
21985
21974
21958
21901
21840
21816
21626
21228
21175
21124
21115
21070
21036
21033
20715
20572
20494
20485
20312
20140
20083
19861
19759
19635
19491
19355
19307
19127
19102
18966
18854
18754
18748
18603
18529
18426
18172
18010
17968
17912
17831
17768
17749
17576
17432
17421
17397
17279
17265
17086
17081
16967
16705
16636
16613
16542
16534
16384
16163
15999
15964
15902
15824
15723
15694
15622
15577
15542
15452
15290
15131
15003
14911
14823
14757
14725
14675
14635
14048
13998
13762
13519
13514
13467
13350
13294
13126
13016
12917
12860
12789
12718
12475
12352
12338
12304
12258
12126
12064
12060
12009
11921
11777
11747
11738
11648
11374
11307
11224
11090
11046
10906
10879
10701
10440
10418
10355
10354
10237
10027
9920
9681
9641
9608
9542
9181
9167
9129
8906
8865
8627
8610
8531
8421
8357
8356
8281
8235
8226
8185
8156
7833
7813
7736
7697
7613
7473
7422
7348
7039
6896
6893
6836
6674
6642
6504
6446
6322
6313
6047
6015
5951
5947
5760
5603
5576
5534
5377
5334
5242
5164
5115
4803
4624
4580
4572
4440
4387
4348
4340
4280
4242
3966
3880
3739
3471
3452
3432
3417
3295
3288
3272
3272
2891
2856
2796
2741
2581
2537
2532
2452
2316
2281
2215
1967
1807
1801
1589
1580
1495
1409
1315
1307
1280
1253
1174
1150
1124
1012
1005
995
956
411
