999852
999814
999631
999451
999090
999056
999054
999042
998989
998808
998754
998641
998566
998490
998005
997991
997875
997871
997817
997815
997642
997572
997528
997372
997319
997287
997284
996983
996937
996924
996922
996880
996867
996855
996819
996760
996730
996682
996636
996635
996601
996511
996436
996426
996385
996325
996234
996166
996150
996136
996117
995985
995515
995373
995362
995331
995304
995057
994953
994769
994638
994567
994558
994492
994275
994252
994152
993849
993780
993700
993664
993128
992890
992871
992635
992581
992553
992529
992332
992240
992045
992005
991882
991795
991579
991445
991440
991266
991211
991169
990850
990706
990485
990180
990143
989909
989891
989888
989720
989603
989502
989468
989423
989369
989310
989251
989213
989154
989150
989087
989049
989045
988952
988871
988837
988552
988544
988499
988337
988317
988277
988019
987890
987761
987697
987606
987341
987206
987102
986694
986268
986227
986201
986085
985921
985858
985755
985751
985658
985615
985529
985489
985346
985329
985260
985158
985151
984869
984823
984812
984525
984336
984313
984165
984164
984163
984043
984028
984018
983939
983923
983867
983456
983424
983359
983248
982879
982658
982593
982262
982258
982243
982243
982199
982021
981876
981705
981634
981426
981260
981132
980907
980769
980759
980743
980546
980534
980521
980482
980422
980284
980229
980089
979937
979904
979862
979718
979682
979625
979547
979483
979435
979343
979259
979240
979017
978957
978894
978875
978873
978819
978819
978396
978347
978296
978288
978223
978207
978161
978041
977875
977860
977859
977505
977098
976903
976434
976133
975889
975635
975237
975117
975019
974897
974805
974763
974618
974509
974496
974481
974203
974130
973969
973711
973651
973553
973521
973397
973280
972837
972752
972731
971993
971948
971740
971735
971687
971463
971420
971250
971221
971185
971166
970824
970636
970572
970517
970506
970475
970394
970331
970322
970313
970066
969910
969879
969826
969707
969698
969662
969657
969635
969634
969322
969310
969182
969151
968822
968714
968702
968691
968440
968309
968271
968267
968189
967989
967822
967792
967661
967602
967584
967522
967473
967362
967341
967117
966973
966924
966922
966850
966732
966719
966712
966696
966676
966560
966545
966303
966111
966084
966061
965899
965802
965802
965657
965438
965371
965360
965341
965259
965100
965027
964938
964870
964665
964660
964373
964345
964331
964248
964071
963955
963892
963860
963841
963571
963498
963463
963461
963334
963275
963219
962795
962506
962448
962423
962356
962323
962216
962183
962133
962028
961964
961914
961694
961547
961524
961199
961182
961149
961100
960968
960848
960776
960556
960444
960341
960162
959954
959820
959745
959735
959716
959613
959583
959569
959537
959495
959470
959400
959377
959367
959342
959310
959304
959136
959129
959076
959063
959014
958792
958650
958618
958608
958606
958605
958560
958479
958420
958406
958283
958232
958136
957854
957820
957721
957609
957598
957381
957345
957230
957154
957039
957038
956969
956866
956859
956835
956831
956767
956763
956704
956571
956545
956521
956518
956482
956354
956353
956111
955938
955932
955930
955902
955754
955633
955601
955587
955411
955351
955296
955282
955276
955169
955095
954973
954964
954915
954900
954860
954654
954639
954594
954485
954467
954432
954315
954134
954125
954015
953889
953814
953712
953703
953594
953532
953494
953494
953411
953397
953173
953146
952822
952763
952598
952561
952529
952455
952355
952339
952335
952158
951998
951973
951768
951767
951735
951700
951522
951501
951498
951496
951279
951046
950971
950782
950722
950428
950388
950220
950070
950045
949831
949518
949500
949401
948878
948749
948690
948548
948530
948510
948428
948213
947969
947921
947849
947675
947432
947257
947136
946974
946866
946748
946457
946310
946306
946088
946008
945880
945865
945863
945762
945695
945211
944973
944732
944619
944462
944296
944277
944224
944160
944051
943950
943933
943889
943870
943750
943748
943742
943692
943688
943577
943507
943503
943497
943344
943096
943053
942995
942901
942553
942547
942463
942429
942269
942234
942060
942052
941970
941736
941664
941573
941376
941139
940870
940803
940604
940386
940322
940219
940203
939900
939737
939718
939615
939479
939378
939165
939100
938874
938858
938814
938708
938542
938436
938411
938348
938260
938117
937967
937842
937683
937662
937632
937567
937561
937523
937474
937421
937158
936808
936728
936725
936035
935973
935921
935788
935780
935500
935400
935400
935368
935153
935100
935046
935015
934663
934584
934555
934532
934334
934268
934172
934141
934132
934104
934009
933979
933974
933958
933913
933871
933688
933608
933429
933426
933380
933332
933331
933256
933251
933107
933023
932831
932437
932411
932356
932345
932296
932249
932198
932194
931897
931865
931850
931814
931627
931332
931254
931190
931189
931178
931070
931069
930821
930724
930596
930595
930523
930403
930356
930346
930326
930255
930217
930081
929933
929675
929642
929628
929526
929475
929454
929445
929393
929321
929157
929143
929080
928988
928811
928582
928517
928472
928319
928274
928222
928073
928004
927883
927806
927769
927664
927541
927464
927438
927430
927412
927395
926985
926891
926847
926818
926706
926686
926283
926221
926139
926096
925941
925827
925764
925639
925415
925186
925162
925130
925047
924920
924903
924884
924877
924783
924775
924725
924703
924661
924519
924505
924445
924432
924299
924294
924111
924011
923702
923626
923620
923450
923429
923301
923243
922727
922712
922685
922657
922449
922342
922263
922258
922238
922115
922114
922091
922070
921978
921923
921630
921414
921386
921385
921263
921093
921032
920969
920795
920597
920422
920388
920232
920175
920097
919890
919884
919776
919599
919406
919396
919372
919278
919245
918771
918731
918607
918587
918475
918431
918413
918372
918353
918351
918117
918048
917848
917289
917219
917210
916988
916976
916915
916895
916815
916794
916709
916683
916619
916557
916299
916178
916114
915738
915729
915721
915363
915326
915320
915165
915161
915145
915014
914875
914684
914586
914454
914450
914419
914334
914320
914310
914296
914291
914234
914206
914073
914042
913992
913835
913777
913708
913568
913494
913416
913387
913030
912824
912811
912778
912647
912544
912489
912448
912395
912372
912353
912303
912082
911901
911841
911804
911795
911432
911416
911327
911169
911095
910930
910900
910631
910420
910410
910397
910112
910112
910081
910066
910051
909662
909660
909616
909567
909522
909485
909236
909209
909199
909186
909176
909111
908989
908933
908837
908819
908714
908578
908569
908226
908183
908134
908113
908112
907800
907665
907563
907307
907247
907224
907095
907072
907024
906992
906951
906829
906827
906753
906599
906408
906407
906057
905714
905680
905678
905608
905305
905299
905229
905163
905119
905103
904782
904771
904749
904553
904439
904393
904311
904308
904276
904078
904055
903965
903941
903826
903822
903821
903813
903651
903608
903474
903177
902913
902595
902563
902535
902509
902501
902454
902228
901901
901711
901653
901119
901101
900951
900798
900648
900615
900502
900457
900428
900313
900270
899979
899971
899849
899635
899553
899461
899453
899310
899276
899045
898995
898979
898869
898797
898795
898757
898629
898582
898567
898552
898549
898396
898190
898182
897968
897936
897930
897815
897709
897379
897296
897233
896984
896946
896757
896689
896542
896480
896446
896436
896403
896143
896113
896110
896021
895990
895879
895750
895641
895245
895228
895079
894914
894784
894777
894721
894362
894203
894192
894172
894161
894101
894082
894065
894052
893789
893738
893639
893588
893563
893414
893408
893384
893356
893343
893311
892960
892882
892845
892705
892676
892548
892439
892246
892227
892208
892207
892192
891980
891779
891676
891643
891592
891515
891448
891414
891395
891201
891188
890788
890729
890586
890555
890475
890458
890431
890415
890239
890054
890051
890014
889920
889684
889548
889485
889355
889006
888973
888916
888728
888660
888621
888525
888489
888284
888282
887989
887889
887789
887691
887678
887604
887531
887405
887342
887274
887184
887147
887115
887080
887023
886810
886740
886614
886608
886103
885906
885807
885733
885182
885010
884881
884864
884652
884551
884479
884315
884249
884173
883879
883817
883801
883772
883702
883671
883428
883341
883267
883159
883002
882978
882970
882960
882904
882881
882861
882796
882751
882587
882474
882400
882375
882128
882068
881945
881825
881796
881769
881694
881686
881523
881505
881488
881350
881234
881170
880442
880413
880307
880040
879975
879892
879796
879695
879625
879620
879502
879288
879237
879232
879134
879071
879058
878989
878926
878809
878518
878508
878404
878214
878206
878057
877632
877503
877278
876928
876856
876837
876725
876566
876313
876278
875875
875824
875510
875330
875254
875205
875155
875051
874983
874909
874722
874705
874573
874564
874445
874163
874003
873973
873885
873827
873734
873727
873636
873194
873180
873146
873081
872760
872756
872619
872471
872373
872360
871995
871976
871962
871730
871624
871515
871420
871256
871058
871047
870948
870719
870630
870465
870161
870155
870151
869818
869706
869491
869416
869408
869369
869323
869145
869069
869050
868967
868869
868823
868611
868568
868466
868418
868400
868021
867994
867654
867634
867278
867238
867053
866817
866698
866691
865875
865752
865748
865729
865701
865587
865509
865482
865318
865241
865095
864978
864913
864654
864615
864483
864419
864205
864175
864155
864111
864032
864011
863894
863502
863188
863080
863017
863002
862972
862849
862792
862473
862455
862286
862174
862151
862141
861994
861969
861954
861927
861924
861755
861405
861339
861338
861292
861265
861144
861077
860968
860872
860805
860654
860575
860556
860515
860452
860280
859953
859931
859878
859776
859674
859673
859662
859623
859613
859532
859364
859340
859302
858882
858868
858842
858837
858786
858748
858618
858614
858458
858351
858326
858294
858148
857943
857912
857880
857837
857673
857567
857479
857367
857327
857286
857251
857121
857048
856973
856898
856394
856116
856078
855986
855885
855721
855444
855209
855028
854991
854989
854929
854728
854636
854534
854398
854171
854093
853765
853654
853640
853579
853535
853501
853470
853421
853374
853142
853123
852975
852890
852889
852370
852134
851570
851359
851269
851214
851117
850734
850613
850274
850183
850163
850157
850155
850108
850102
850025
849964
849964
849911
849691
849619
849475
849279
849232
849211
849171
848938
848801
848798
848719
848555
848517
848447
848418
848389
848180
848089
848040
848040
848013
847945
847897
847761
847693
847664
847638
847633
847456
847306
847266
847114
846908
846804
846785
846751
846605
846371
846345
846256
846038
845834
845712
845707
845659
845637
845558
845542
845443
845254
845253
845100
845017
844905
844806
844751
844742
844582
844399
844270
844252
844246
844188
844118
844055
844014
843960
843816
843777
843705
843693
843691
843615
843588
843329
843257
843197
842854
842772
842661
842590
842547
842539
842494
842472
842255
842119
842106
842095
841961
841917
841908
841778
841600
841550
841528
841404
841388
841342
841239
841182
841062
841039
841034
840945
840939
840907
840905
840861
840847
840784
840631
840547
840359
840316
840238
840234
840203
840127
840073
839975
839918
839700
839617
839550
839478
839398
839393
839282
839219
839126
839084
839021
838884
838815
838612
838257
838234
838034
837838
837838
837742
837636
837636
837494
837452
837440
837429
837252
837242
837015
836934
836860
836675
836671
836562
836553
836527
836511
836461
836170
835969
835831
835812
835642
835598
835582
835547
835418
835397
835345
835293
835271
835243
835224
835092
834708
834674
834605
834554
834517
834435
834407
834209
834083
833977
833971
833923
833701
833469
833439
833139
833025
832862
832860
832782
832704
832562
832547
832530
832407
832375
831966
831725
831610
831480
831413
831326
831249
831192
831137
831001
830919
830896
830862
830795
830665
830420
830304
830166
829849
829525
829431
829378
829198
828983
828902
828750
828700
828663
828247
828102
828091
828090
827938
827924
827858
827810
827744
827739
827650
827587
827540
827435
827161
827136
826861
826843
826475
826443
826425
826312
826286
826083
825621
825536
825450
825430
825190
825136
825025
824987
824756
824694
824574
824558
824521
824489
824479
824446
824441
824363
824096
824039
824028
823950
823585
823551
823515
823473
823163
823101
822935
822816
822644
822644
822630
822422
822406
822348
822286
822125
822002
821983
821880
821880
821841
821608
821578
821458
821216
820844
820666
820259
820254
820230
820000
819984
819954
819786
819760
819706
819658
819372
819261
819222
819099
818989
818952
818910
818847
818790
818742
818733
818693
818687
818603
818596
818553
818518
818373
818315
818284
818127
817953
817790
817788
817654
817559
817543
817400
817312
817231
817119
817009
816985
816834
816816
816792
816751
816720
816501
816469
816386
816290
816091
815982
815965
815925
815888
815770
815747
815664
815643
815529
815526
815436
815407
815406
815365
814985
814941
814893
814820
814748
814532
814317
814305
814001
813883
813742
813653
813324
813249
813228
812928
812847
812733
812696
812645
812504
812338
812143
812103
812058
811900
811840
811814
811611
811530
811459
811394
811296
811195
811183
810925
810714
810657
810565
810535
810450
810428
810216
810178
810177
810159
810103
809992
809764
809504
809428
809374
809320
809262
809252
809189
809123
809108
808843
808768
808657
808490
808470
808331
808302
808246
807928
807879
807825
807790
807727
807504
807458
807265
807148
807113
807064
807051
806771
806727
806664
806587
806529
806429
806368
806199
806190
805847
805807
805797
805677
805621
805556
805541
805405
805307
805169
805168
805166
805132
804988
804898
804831
804776
804750
804738
804646
804639
804564
804412
804400
804395
804332
804262
804192
804188
804151
804141
803968
803955
803908
803752
803420
803408
803230
803225
802908
802794
802768
802695
802454
802373
802367
802334
802322
802186
802180
802100
802064
802030
801240
801184
801183
800987
800947
800830
800796
800776
800643
800605
800588
800397
800198
800097
799656
799422
799280
799055
799014
799007
798993
798920
798817
798669
798458
798439
798369
798347
798216
798061
798052
797936
797895
797777
797759
797667
797535
797519
797448
797143
797128
797063
796997
796977
796733
796684
796670
796639
796631
796608
796093
795939
795914
795864
795703
795654
795631
795524
795362
795353
795274
795176
795141
794964
794836
794700
794629
794627
794619
794456
794397
794342
794055
793781
793698
793602
793516
793302
793267
793228
793170
793115
792954
792938
792840
792725
792218
792152
792071
791859
791785
791776
791719
791654
791631
791503
791470
791465
791128
790990
790937
790905
790891
790757
790684
790399
790397
790280
790177
790165
789841
789828
789683
789621
789599
789491
789461
789276
789159
789158
788974
788828
788797
788646
788607
788336
788245
788240
788181
788159
788130
788057
788013
788012
788004
787961
787722
787646
787471
787358
787238
787202
787081
786976
786962
786699
786689
786493
786325
786265
786191
786107
786023
786015
786012
785916
785861
785858
785716
785693
785686
785579
785564
785545
785535
785174
785153
785142
785117
785077
785058
785008
784993
784969
784939
784563
784525
784491
784475
784417
784308
784279
784175
784010
783845
783663
783498
783388
783249
783236
783202
783091
782765
782681
782615
782596
782542
782509
782433
782395
782374
782185
782128
782072
782048
782012
781921
781677
781607
781594
781498
781452
781353
781249
781145
781132
781029
780946
780875
780598
780374
780237
780229
780127
780083
780068
779990
779960
779955
779875
779344
779237
779154
779002
778914
778911
778885
778878
778823
778754
778620
778591
778577
778471
778461
778428
778378
777946
777819
777712
777598
777571
777528
777486
777448
777372
777310
777159
777150
776923
776453
776393
776385
776332
776286
776259
776071
775552
775452
775417
775398
775300
775298
775239
775001
774950
774848
774768
774691
774507
774503
774282
774199
774021
773973
773936
773733
773731
773688
773636
773628
773317
773186
773127
772878
772822
772806
772776
772738
772634
772469
772214
772196
772172
772161
772019
771920
771831
771814
771800
771681
771548
771540
771445
771352
771338
771332
771241
771111
770958
770918
770843
770727
770700
770618
770550
770483
770408
770316
770194
770082
770053
769862
769698
769495
769413
769376
769357
769294
769267
769230
769215
769167
769157
769041
769006
768947
768943
768895
768879
768805
768633
768499
768310
768297
768201
768159
767817
767721
767682
767599
767497
767425
767323
767302
767292
767264
767231
767150
767036
767003
766981
766653
766608
766594
766585
766557
766509
766200
766064
765960
765947
765855
765748
765720
765687
765596
765489
765409
765359
765137
765080
765011
764479
764391
764387
764124
763799
763608
763601
763505
763460
762896
762824
762638
762634
762573
762540
762374
762221
762170
762025
761892
761869
761823
761622
761581
761557
761493
761459
761458
761423
761359
761333
761309
761177
760870
760719
760645
760539
760534
760476
760346
760310
760297
760139
760138
759731
759661
759274
759119
758863
758645
758621
758579
758563
758437
758346
758022
757910
757719
757575
757415
757330
757268
757236
757198
757137
757132
756920
756763
756723
756644
756643
756244
756188
756187
756161
756127
756104
755762
755746
755663
755633
755459
755341
755175
755097
755083
754979
754687
754582
754532
754506
754489
754468
754457
754274
754250
754233
753742
753592
753478
753182
753085
753046
753024
752960
752944
752875
752856
752822
752737
752576
752534
752379
752327
752171
751599
751367
751298
751275
751180
751022
750973
750956
750904
750857
750810
750793
750665
750558
750267
750079
750021
749894
749653
749586
749474
749349
749225
749206
749119
749092
749004
748882
748316
747679
747677
747587
747437
747404
747339
747336
747301
747299
747284
747144
747107
746972
746938
746917
746803
746734
746724
746712
746406
746313
746219
746215
746198
746155
746137
746136
746091
746034
745979
745946
745897
745874
745754
745725
745633
745616
745292
745280
745162
745099
744957
744600
744584
744425
744345
744287
744269
743894
743793
743746
743487
743361
743080
743077
742840
742816
742748
742521
742508
742480
742350
742244
742243
742213
742047
741986
741448
741358
741348
741318
741189
741080
740931
740928
740894
740872
740794
740511
740485
740461
740400
740306
740287
740161
740146
740091
740078
740071
740059
739990
739810
739739
739562
739505
739503
739405
739062
739022
738969
738845
738705
738678
738654
738574
738567
738563
738402
738270
738232
738216
738194
738033
737885
737884
737850
737770
737690
737563
737491
737283
737266
737160
737134
737094
736987
736847
736750
736724
736479
736387
736136
735927
735888
735742
735558
735544
735369
735330
735327
735020
734852
734809
734600
734379
734192
734121
734045
733930
733776
733491
733446
732900
732849
732747
732501
732293
732193
732193
732168
732162
731786
731699
731671
731571
731464
731385
731296
731295
731056
731011
730931
730899
730822
730687
730582
730549
730547
730496
730418
730412
730211
730037
730034
730029
729906
729824
729687
729661
729403
729280
729266
729212
729068
728999
728836
728836
728712
728631
728607
728606
728582
728489
728444
728119
728099
727842
727824
727806
727735
727606
727509
727490
727327
727324
727314
727287
727281
727223
727086
727065
727049
727003
726849
726847
726770
726627
726455
726408
726388
726214
725857
725633
725621
725620
725570
725382
725229
725011
724987
724972
724942
724930
724886
724860
724640
724494
724356
724079
723915
723878
723710
723638
723514
723501
723295
723203
723172
723048
723020
722997
722925
722896
722758
722709
722661
722599
722355
722344
722283
722060
722024
722009
722005
721984
721739
721700
721688
721498
721444
721396
721372
721241
721215
721196
721182
721101
721100
721025
721000
720995
720978
720794
720784
720777
720472
720450
720232
719764
719741
719739
719689
719558
719549
719524
719495
719482
719305
719251
718974
718918
718817
718643
718550
718536
718452
718222
717916
717899
717808
717525
717445
717403
717045
717003
716981
716932
716816
716764
716741
716736
716703
716666
716645
716617
716562
716505
716367
716237
716215
716156
716050
715853
715811
715810
715737
715542
715446
715415
715371
715310
715276
715255
715215
715104
715012
714872
714833
714685
714672
714625
714464
714418
714402
714323
714240
713807
713605
713367
713359
713081
712906
712859
712806
712735
712713
712555
712551
712510
712406
712368
712174
711944
711647
711638
711621
711566
711404
711190
710923
710845
710638
710522
710433
710337
710337
710321
710024
709486
709378
709359
709265
709041
708883
708602
708579
708489
708485
708287
708259
708132
708104
708011
707997
707953
707840
707557
707476
707376
707363
707326
707317
707290
707184
707090
707071
706986
706963
706936
706906
706873
706777
706228
706228
706195
706146
706105
706003
705902
705870
705788
705720
705324
705294
705138
705079
705049
705006
704878
704852
704839
704818
704775
704619
704604
704542
704463
704436
704430
704224
704206
704043
704034
703894
703812
703710
703662
703556
703541
703514
703499
703260
703193
703085
702834
702831
702806
702615
702201
702111
702069
701929
701913
701878
701840
701664
701465
701407
701384
701380
701199
701188
700758
700645
700530
700382
700240
700161
700153
700114
700097
699681
699554
699524
699519
699354
699310
699279
699260
699214
699024
698831
698667
698488
698454
698440
698416
698230
697748
697339
697276
697258
697062
697032
697029
696817
696455
696344
696209
696176
696167
696024
695998
695992
695930
695767
695748
695719
695688
695686
695682
695669
695656
695652
695218
695098
695047
694881
694878
694586
694576
694242
694211
694144
694131
694130
693922
693903
693885
693864
693845
693843
693714
693704
693636
693581
693287
693268
693120
692800
692769
692646
692596
692442
692238
692045
691970
691766
691696
691571
691446
691421
691367
691332
691197
691161
690882
690820
690614
690544
690446
690431
690418
690401
690261
690140
690115
690109
689910
689886
689863
689844
689778
689747
689668
689414
689391
689256
689199
689018
688930
688889
688889
688863
688858
688737
688463
687705
687648
687644
687447
687360
687177
687149
687121
687114
687092
687001
686808
686696
686651
686561
686460
686420
686420
686361
685963
685805
685658
685655
685510
685457
685350
685236
685201
685140
684954
684716
684703
684576
684273
684091
684052
683909
683905
683825
683789
683701
683543
683538
683474
683309
683195
683069
682830
682801
682780
682712
682509
682341
682296
682295
682213
682050
682000
681917
681904
681661
681516
681514
681497
681475
681430
681373
680937
680851
680812
680734
680647
680009
679991
679976
679853
679842
679809
679769
679719
679527
679514
679112
679039
678870
678857
678786
678691
678654
678636
678624
678559
678189
678120
678091
677969
677888
677671
677394
677322
677072
676738
676373
676345
676285
676182
676105
676034
675915
675871
675628
675605
675591
675417
675285
675270
675199
675164
675021
674720
674676
674567
674509
674461
674386
674343
674154
674075
674070
673994
673966
673882
673776
673700
673680
673519
672857
672638
672568
672536
672453
672272
672063
671998
671852
671798
671783
671684
671367
671241
671223
671155
671113
670978
670895
670817
670512
670423
670291
670141
670075
670006
669912
669883
669832
669798
669780
669778
669667
669607
669514
669509
669110
669006
668903
668898
668866
668780
668614
668570
668518
668508
668253
668086
668077
668066
667955
667922
667896
667882
667704
667619
667246
667212
667049
667049
666994
666790
666641
666499
666493
666344
666057
666038
665987
665938
665828
665524
665443
665310
665309
665286
665039
664961
664934
664753
664658
664640
664418
664360
663805
663674
663586
663578
663578
663550
663376
662719
662499
662223
662219
662040
661966
661901
661728
661704
661528
661248
661149
660998
660870
660859
660858
660817
660797
660698
660185
660102
660030
659892
659766
659662
659309
659309
659044
658993
658948
658928
658893
658843
658759
658749
658570
658566
658553
658438
658421
658376
658231
658096
658013
657997
657995
657988
657841
657592
657551
657137
656856
656761
656671
656613
656559
656537
656265
656187
655948
655629
655381
655296
655071
655031
654965
654939
654720
654707
654523
654499
654438
654433
654257
654254
654160
653967
653965
653960
653910
653691
653560
653539
653534
653423
653361
653354
653248
653172
653042
652901
652892
652879
652639
652614
652460
652331
652155
652130
652062
652062
652055
652019
651983
651942
651698
651648
651450
651444
651232
651154
651032
650865
650661
650626
650622
650499
650440
650383
650163
649967
649957
649660
649645
649587
649558
649395
649365
649265
649073
648756
648231
648215
648199
647848
647768
647760
647620
647612
647572
647423
647204
647083
647009
646852
646850
646573
646493
646458
646402
646305
646268
646258
646153
645707
645672
645575
645543
645523
645493
645435
645398
645384
645363
645360
645348
645248
645239
645187
645091
645004
644966
644854
644837
644790
644784
644594
644140
644042
643971
643909
643815
643800
643762
643432
643388
643378
643291
643005
642984
642816
642797
642462
642412
642411
642385
642363
642282
641955
641825
641820
641796
641501
641487
641485
641476
641317
641267
641124
641120
641110
641008
640827
640641
640627
640486
640289
640242
640239
640197
640133
640085
640059
640045
639978
639952
639908
639902
639861
639847
639834
639705
639670
639651
639533
639347
639179
639147
639142
639023
638931
638902
638882
638877
638866
638210
637996
637978
637901
637665
637649
637596
637494
637476
637427
637333
637244
637218
637056
637030
636809
636624
636577
636476
636466
636326
636306
636293
636059
636031
635931
635873
635841
635751
635750
635713
635629
635597
635311
635263
635136
635068
635060
634985
634981
634979
634954
634901
634680
634530
634265
634252
634199
634184
634108
633864
633528
633440
633322
633080
632983
632965
632934
632890
632803
632707
632636
632517
632505
632492
632432
632242
632149
631958
631947
631780
631675
631673
631652
631644
631230
631113
631057
630949
630855
630841
630833
630782
630635
630477
630341
629938
629890
629747
629648
629635
629619
629456
629325
629160
629076
629034
628972
628970
628958
628849
628700
628640
628404
628230
628192
628182
628159
628118
627963
627945
627820
627559
627542
627263
627222
627041
627016
626949
626941
626754
626717
626512
626248
626217
626200
626146
625764
625373
625346
625241
625203
625172
625120
625084
624735
624706
624683
624648
624603
624402
624391
624080
623758
623611
623297
623237
622999
622890
622831
622616
622528
622526
622465
622361
622292
622134
622085
622061
622027
621967
621899
621836
621617
621590
621586
621499
621095
621014
621002
620987
620882
620805
620748
620364
620354
620210
620177
620146
620136
620072
620013
619824
619687
619272
619186
619165
619002
618872
618776
618595
618584
618531
618408
618388
618385
618308
618143
618076
617753
617683
617681
617415
617165
617126
617108
617064
616967
616951
616873
616845
616658
616618
616543
616346
616298
616220
616101
615946
615921
615842
615729
615555
615532
615483
615481
615430
615421
615247
615219
615135
615091
615081
615077
614820
614783
614728
614629
614613
614505
614360
614173
614058
614054
613852
613803
613716
613586
613453
613324
612961
612929
612736
612616
612490
612378
612310
612278
612226
612196
611872
611872
611662
611458
611276
611077
610872
610788
610650
610528
610448
610268
610230
610204
609945
609925
609914
609801
609709
609671
609662
609586
609584
609546
609244
609234
609170
609166
609104
609022
608914
608732
608636
608368
608345
608256
608184
608081
607968
607549
607533
607261
606616
606550
606453
606293
606286
606239
606235
606202
606160
605992
605903
605842
605643
605566
605262
604879
604862
604833
604825
604817
604769
604668
604645
604559
604501
604493
604488
604439
604390
604243
604189
604159
604101
604046
603837
603692
603626
603617
603533
603474
603406
603359
603323
603143
603133
602915
602740
602624
602448
602344
602219
602101
602018
601925
601823
601809
601594
601580
601374
601281
601070
600800
600784
600693
600626
600540
600497
600445
600240
600239
599854
599844
599770
599688
599621
599612
599386
599370
599367
599180
599148
598953
598823
598632
598383
598309
598176
598136
597887
597731
597728
597726
597622
597571
597536
597468
597175
597119
596982
596918
596745
596707
596693
596563
596540
596438
596431
596364
596348
596319
596215
596209
596035
595929
595916
595847
595832
595799
595670
595544
595460
595415
595364
595257
595112
595013
594726
594704
594701
594698
594688
594631
594601
594486
594336
594310
594215
594202
594122
594017
593989
593911
593897
593820
593747
593695
593545
593373
593336
593216
593133
593131
592882
592764
592674
592639
592618
592582
592481
592234
592148
592130
592114
591980
591921
591896
591877
591716
591688
591531
591465
591093
591078
590894
590103
589995
589969
589801
589660
589530
589495
589419
589065
589009
588980
588971
588864
588751
588673
588660
588628
588550
588499
588396
588196
588131
588102
588093
588018
587876
587754
587662
587338
587318
587242
587191
587139
587130
587032
586938
586918
586904
586840
586779
586771
586755
586665
586476
586449
586350
586116
586029
585920
585872
585784
585711
585705
585477
585410
585260
585192
585155
585081
584876
584788
584617
584565
584521
584293
584272
584016
583938
583881
583620
583619
583267
583235
582967
582886
582739
582591
582487
582376
582255
582194
582164
582069
581805
581784
581775
581627
581223
581166
580958
580824
580658
580658
580605
580515
580471
580462
580343
580311
580309
580252
580164
579934
579927
579893
579831
579780
579695
579578
579560
579527
579369
579335
579335
579266
579220
579203
579071
579039
579021
578648
578374
578356
578303
578264
578221
578149
578129
577996
577818
577730
577728
577676
577475
577309
577283
577281
577246
577245
577202
577062
576882
576877
576780
576513
576473
576385
576345
576264
576236
576152
576075
576045
575991
575849
575591
575404
575188
575187
575183
574987
574852
574711
574545
574335
574264
574210
574167
574157
573915
573247
573176
572881
572738
572660
572484
572262
572110
572017
572009
571977
571845
571683
571603
571460
571357
571315
571113
571073
571044
570852
570804
570616
570577
570505
570480
570480
570434
570387
570351
570179
570118
569925
569660
569655
569638
569612
569584
569534
569517
569443
569386
569327
569255
569018
569014
568968
568820
568803
568413
568299
568007
567936
567860
567693
567390
567368
567301
567069
566976
566973
566916
566868
566640
566571
566354
566053
565963
565942
565721
565600
565482
565413
565412
565323
565167
565166
565036
564904
564843
564514
564441
564438
564405
564309
564299
564285
564144
564052
564040
564033
563881
563765
563649
563547
563510
563374
563362
563206
562922
562811
562771
562721
562679
562505
561798
561773
561762
561674
561575
561543
561485
561303
561241
561085
560927
560893
560829
560801
560341
560331
560188
560062
559967
559768
559735
559701
559682
559658
559632
559460
559444
559197
559079
558963
558938
558916
558863
558602
558400
558307
558163
558121
558077
557958
557793
557269
557138
557033
556991
556931
556918
556844
556807
556697
556659
556595
556577
556523
556521
556517
556086
555989
555977
555966
555957
555756
555722
555610
555594
555557
555455
555449
555259
555192
555098
554901
554406
554334
554326
554141
554131
554126
554092
554090
554068
553969
553817
553501
553352
553233
553179
553108
553024
552973
552722
552676
552382
552249
552001
551970
551905
551882
551798
551569
551459
551364
551152
551122
551012
550942
550830
550794
550752
550715
550591
550256
550160
550151
550134
550131
549941
549879
549856
549826
549784
549687
549517
549458
549425
549410
549397
549287
549285
549233
549172
549105
549045
548820
548791
548788
548786
548721
548623
548264
548142
548141
548134
548045
547925
547788
547618
547585
547452
547333
547281
547207
547199
547147
546977
546895
546603
546602
546457
546275
545841
545821
545671
545560
545475
545070
545017
544745
544725
544710
544420
544334
544317
543962
543958
543902
543290
543206
543117
542946
542870
542812
542756
542700
542692
542601
542591
542537
542417
542301
542286
542137
542001
541992
541924
541841
541738
541546
541353
541196
541181
540859
540800
540797
540779
540651
540508
540306
540250
540210
540042
539749
539673
539594
539577
539574
539337
539243
539212
539129
539003
538867
538854
538655
538564
538504
538294
538083
538063
538014
537817
537788
537762
537619
537548
537519
537487
537471
537431
537154
536939
536812
536588
536564
536557
536498
536488
536376
536261
536015
535768
535737
535689
535663
535627
535593
535424
535379
535254
535053
535002
534998
534914
534907
534751
534689
534658
534495
534488
534233
534058
534056
533770
533768
533640
533588
533581
533429
533399
533369
533116
533109
533083
533082
533073
532978
532891
532848
532661
532613
532515
532442
532409
532291
532257
532198
532021
531992
531949
531919
531912
531789
531720
531570
531521
531381
531302
531217
531102
530936
530888
530834
530766
530692
530661
530564
530535
530432
530215
530155
530085
530062
529971
529961
529785
529783
529773
529684
529544
529534
529448
529439
529223
529068
528808
528694
528622
528457
528419
528331
528316
528171
528076
528038
527942
527920
527779
527742
527706
527627
527576
527396
527230
527100
526984
526981
526963
526657
526550
526434
526204
525745
525687
525620
525578
525578
525396
525379
525325
525218
524991
524940
524905
524605
524578
524511
524488
524456
524382
524357
524328
524170
523971
523692
523680
523655
523641
523628
523590
523527
523436
523389
523243
523177
523114
523081
522995
522933
522921
522883
522789
522783
522707
522662
522559
522530
522520
522237
522117
522080
522073
522066
522031
521803
521656
521366
521366
521283
521264
521232
521069
521028
521017
520799
520797
520587
520474
520452
520390
520379
520226
520163
520036
520024
519968
519930
519916
519898
519874
519663
519541
519532
519527
519511
519465
519456
519410
519288
519185
519141
519092
519043
519035
518998
518932
518873
518839
518762
518583
518542
518438
518337
518222
518189
518110
518058
518037
517961
517732
517692
517414
517385
517211
517162
517119
517085
517063
517025
517017
516903
516811
516730
516539
516435
516433
516365
516143
516097
515980
515926
515813
515684
515616
515615
515504
515442
515279
515273
515240
515197
515123
515078
514988
514745
514736
514609
514582
514556
514433
514306
514284
514277
514148
514051
513608
513506
513495
513464
513443
513369
513037
513024
512925
512923
512807
512693
512487
512112
511988
511978
511843
511775
511692
511620
511376
511169
511120
510982
510838
510676
510618
510608
510601
510369
510244
510160
509973
509887
509870
509686
509684
509557
509552
509541
509371
509371
509272
509272
509257
509208
508977
508971
508879
508840
508814
508782
508417
508400
508062
507990
507725
507709
507318
507204
507188
507082
506968
506926
506878
506873
506836
506707
506699
506654
506424
506369
506323
506281
506250
506169
506118
506114
506092
506083
505842
505761
505670
505551
505499
505498
505328
505292
505287
505112
505015
504945
504920
504910
504895
504723
504541
504494
504218
503943
503560
503301
503289
503284
503222
503113
503062
503030
502938
502923
502875
502680
502451
502412
502205
502127
501821
501789
501542
501440
501422
501373
501225
500817
500809
500529
500409
500382
500201
500162
500146
500145
500145
500126
500055
500009
499633
499618
499536
499482
499260
499161
499076
499048
499011
498870
498856
498662
498653
498479
498456
498414
498113
498075
497969
497925
497694
497682
497656
497648
497329
497257
497225
496986
496977
496787
496612
496359
496196
496178
496095
496091
496001
495798
495775
495435
495386
495335
495318
495255
495220
495153
495110
495050
494977
494861
494717
494660
494642
494459
494354
494316
494298
494172
494076
494027
494021
493891
493757
493581
493559
493165
493138
493126
493001
492819
492749
492732
492433
492342
492281
492248
492165
492147
492068
491979
491850
491834
491738
491721
491682
491681
491647
491513
491423
491310
491230
491222
491204
491121
491047
490933
490894
490872
490570
490250
490203
490200
490173
490054
489948
489708
489624
489478
489364
489281
489254
489225
489113
489096
488896
488713
488602
488366
488329
488173
487972
487957
487899
487853
487604
487431
487342
487264
487254
487254
487196
487153
486997
486944
486940
486686
486452
486340
486133
486082
486073
485682
485646
485553
485536
485352
485296
485159
485012
484975
484920
484696
484604
484508
484451
484333
484301
484194
484135
483863
483675
483570
483522
483299
483207
483107
483040
483005
483000
482954
482733
482603
482579
482442
482417
482367
482364
482163
482051
481889
481861
481722
481699
481664
481633
481532
481469
481432
481371
481303
481258
481107
481038
480989
480989
480972
480969
480858
480616
480409
480339
480150
479993
479848
479795
479610
479539
479532
479515
479446
479366
479308
479173
479148
479067
478990
478916
478588
478582
478519
478458
478340
478201
478007
477968
477944
477832
477667
477409
477355
477253
477166
477040
477013
476967
476684
476615
476571
476287
476250
476242
476225
476203
476108
476074
476025
475707
475580
475467
475409
475396
475362
475303
475301
475157
475110
474915
474774
474773
474769
474194
474131
474053
474020
473989
473959
473691
473579
473564
473542
473492
473334
473238
473230
473185
472958
472758
472466
472411
472310
472106
472102
471966
471826
471770
471701
471655
471614
471539
471525
471444
471361
471326
471213
470982
470930
470870
470840
470825
470692
470679
470648
470627
470500
470413
470357
470295
470241
470233
470103
470094
469981
469930
469925
469876
469625
469611
469424
469405
469300
469274
469182
469095
468849
468831
468815
468803
468664
468493
468487
468353
468186
468184
468170
467893
467829
467726
467576
467505
467478
467306
467204
467148
467082
466960
466936
466733
466715
466642
466504
466356
466117
466014
465931
465917
465817
465648
465599
465534
465350
465289
465268
465057
464978
464907
464870
464823
464524
464438
464392
464348
464271
463810
463784
463531
463510
463437
463433
463403
463337
463223
463088
463049
462857
462800
462751
462636
462491
462455
462308
462260
462047
462023
462015
461986
461870
461704
461251
461249
461115
461030
461028
461012
460879
460847
460782
460176
460134
460124
460072
459968
459859
459673
459446
459333
459170
459159
459099
459067
459048
459024
458975
458847
458824
458594
458511
458417
458344
458260
458205
458143
458036
457900
457703
457600
457583
457552
457406
457308
457247
457241
457081
456971
456809
456693
456638
456347
456324
456238
456036
455955
455950
455880
455874
455841
455702
455683
455680
455599
455523
455390
455366
455235
455182
455078
454927
454914
454744
454581
454457
454311
454263
453946
453914
453735
453665
453618
453587
453576
453365
453230
453171
453095
453024
452921
452909
452787
452778
452701
452556
452467
452333
452256
452097
452080
451955
451914
451867
451782
451759
451518
451355
451343
451298
451244
451211
451184
451146
451127
450757
450584
450473
450397
450328
449988
449981
449875
449711
449546
449396
449315
449157
449083
449052
448960
448936
448874
448854
448792
448591
448589
448512
448461
448236
448217
448212
448204
448071
447996
447989
447959
447901
447672
447667
447592
447530
447373
447251
446954
446818
446810
446554
446529
446448
446418
446362
446349
446219
445769
445430
445160
445154
445098
445075
444964
444956
444836
444711
444667
444418
443829
443711
443407
443381
443349
443295
443241
442872
442630
442620
442532
442503
442143
442137
442122
442050
442044
442008
441980
441862
441807
441774
441689
441637
441555
441530
441368
441366
441333
441273
441273
441268
441185
441044
440914
440896
440882
440602
440587
440376
440074
439916
439700
439680
439448
439424
439323
439215
439143
439082
439039
439039
438996
438957
438870
438813
438657
438616
438515
438491
438439
438355
438174
438010
438010
437987
437939
437905
437902
437869
437842
437745
437662
437660
437307
437299
437270
437210
437121
437063
436763
436619
436561
436511
436501
436448
436407
436213
436115
435988
435984
435898
435840
435747
435695
435686
435648
435432
435407
435294
435238
435216
435063
434967
434922
434781
434777
434704
434664
434506
434489
434454
434372
433966
433814
433757
433623
433542
433493
433318
433250
433176
433069
433039
433005
433002
432916
432744
432711
432336
431706
431692
431658
431640
431631
431586
431557
431531
431523
431513
431465
431283
431275
431238
431007
430977
430869
430778
430684
430644
430638
430534
430460
430302
430232
430136
429853
429769
429368
429236
429200
429197
429112
428990
428952
428933
428828
428811
428685
428635
428554
428346
428195
428038
427354
427330
427118
426925
426837
426798
426699
426696
426666
426435
426348
426179
426137
425959
425836
425736
425643
425612
425552
425519
425449
425421
425416
425412
425412
425173
425032
424848
424585
424508
424366
424349
424082
424054
423913
423904
423895
423885
423758
423629
423588
423529
423453
423217
422965
422938
422817
422685
422489
422417
422343
422301
422123
422099
422052
421890
421680
421655
421294
421006
420930
420922
420771
420770
420608
420577
420555
420513
420448
420153
420103
419848
419683
419656
419613
419542
419351
419334
419002
418931
418920
418835
418673
418643
418640
418499
418438
418360
418336
418311
418187
418176
418078
417696
417690
417422
417396
417279
417062
416983
416917
416803
416615
416613
416596
416540
416481
416424
416202
416140
416006
415734
415674
415399
415349
415146
415094
414999
414895
414782
414774
414739
414574
414500
414413
414288
413830
413518
413476
413267
413080
412980
412917
412889
412857
412845
412834
412803
412701
412689
412682
412628
412500
412453
412257
412144
412114
411705
411637
411604
411573
411503
411487
411393
411232
411175
411164
411110
411086
410875
410692
410380
410364
410192
410170
410154
410110
410092
410014
409829
409793
409561
409407
409384
409234
408705
408291
408287
408186
408000
407913
407670
407378
407331
407285
407079
406765
406643
406592
406577
406316
406307
406294
406097
405871
405838
405823
405776
405476
405454
405434
405397
405206
405089
405072
404934
404905
404827
404746
404624
404619
404617
404601
404507
404335
404312
404165
403957
403832
403636
403595
403396
403153
403106
402946
402625
402624
402623
402444
402384
402292
402139
402090
402060
402018
401992
401905
401735
401465
401313
401211
400958
400924
400870
400685
400551
400376
400353
400243
400239
400182
399732
399540
399377
399300
399251
399153
399052
398899
398890
398722
398499
398472
398413
398263
398111
398095
398053
397949
397935
397932
397900
397653
397403
397317
397291
397215
397124
397101
397083
397035
396975
396754
396753
396718
396659
396631
396583
396571
396527
396520
396484
396360
395960
395601
395518
395514
395477
395460
395386
395371
395288
395245
395215
395181
395163
395033
394943
394873
394823
394747
394628
394534
394530
394504
394347
394290
393876
393697
393667
393659
393621
393614
393506
393447
393369
393357
393303
393238
393088
392811
392790
392732
392671
392610
392585
392539
392347
392260
392064
391995
391979
391942
391799
391748
391447
391422
391318
391303
391252
391247
391086
390980
390931
390929
390871
390797
390703
390651
390617
390525
390497
390332
390330
390057
390054
390007
389966
389876
389809
389704
389694
389596
389468
389464
389402
389320
389102
388998
388948
388844
388691
388555
388208
388143
388047
388037
387929
387854
387837
387801
387709
387684
387624
387433
387302
387231
387009
386998
386902
386712
386651
386606
386462
386362
386307
386207
386172
386016
385977
385911
385855
385813
385609
385446
385395
384969
384893
384810
384715
384663
384153
384081
383973
383937
383886
383699
383661
383503
383437
383360
383064
383050
382939
382912
382823
382778
382769
382608
382607
382282
382103
382041
381996
381947
381833
381686
381530
381388
381361
381284
381215
381179
380984
380958
380956
380821
380644
380615
380490
380466
380343
380139
379984
379908
379907
379596
379476
379444
379353
379182
379110
378955
378954
378942
378654
378646
378540
378442
378404
378293
378216
378166
378136
378082
378059
378024
378011
377952
377944
377909
377907
377892
377743
377684
377677
377573
377438
377407
377289
377095
377061
377016
377001
376990
376977
376945
376779
376724
376722
376693
376638
376502
376327
376325
376235
376193
376146
376062
376060
375980
375971
375922
375836
375817
375392
375326
375084
374988
374864
374847
374796
374706
374538
374461
374419
374281
374157
374116
373810
373786
373730
373719
373606
373584
373418
373268
373176
373124
373073
372867
372809
372699
372589
372517
372394
372304
372265
372104
372082
372022
371960
371921
371911
371814
371789
371709
371708
371685
371666
371651
371289
371205
371117
370928
370898
370811
370808
370653
370648
370542
370515
370329
370325
370109
370075
369796
369656
369631
369543
369401
369273
369232
369109
369096
369071
368969
368909
368799
368709
368689
368671
368629
368621
368580
368373
368297
368282
368227
368167
368127
368104
367812
367711
367700
367667
367415
367143
367100
367089
367073
366900
366898
366805
366748
366708
366486
366461
366419
366398
366340
366274
366250
366196
366169
366144
365904
365814
365803
365700
365651
365597
365520
365472
365389
365370
365320
365307
365240
365136
365057
365019
364827
364787
364773
364522
364488
364393
364356
364070
364027
364015
364009
363981
363975
363937
363902
363823
363724
363702
363575
363560
363290
363258
363233
363223
363214
363002
363001
362790
362680
362634
362415
362344
362196
362188
362050
362004
361968
361933
361921
361821
361723
361611
361523
361452
361295
361211
361083
361001
360685
360666
360643
360553
360476
360423
360403
360384
360061
359969
359916
359894
359826
359644
359520
359284
359226
358941
358896
358894
358767
358718
358692
358682
358549
358341
358256
358063
357947
357944
357743
357735
357668
357636
357349
357298
357295
357002
356929
356891
356880
356877
356845
356810
356628
356528
356492
356293
356186
356169
355920
355896
355842
355416
355354
355352
355323
355317
355148
354855
354817
354697
354660
354589
354315
354296
354220
354209
354148
354005
353941
353849
353613
353010
352969
352889
352489
352328
352167
352152
352141
352113
351936
351931
351916
351863
351551
351547
351485
351333
351284
351203
351130
351107
351050
351039
351002
350975
350824
350695
350627
350616
350608
350521
350432
350328
350320
350152
350052
350051
349968
349914
349867
349808
349773
349707
349499
349407
349079
348982
348968
348955
348880
348792
348732
348625
348606
348410
348343
348245
348243
348221
348164
348048
348033
347898
347872
347871
347767
347713
347712
347598
347307
347233
347080
347033
347018
346869
346830
346781
346760
346689
346630
346386
346162
346066
346042
345982
345960
345954
345742
345657
345622
345486
345277
345149
344924
344765
344592
344564
344458
344438
344357
344106
344080
344008
344001
343942
343830
343779
343736
343404
343273
343163
343157
343027
342948
342608
342186
342101
342005
341804
341648
341289
341175
341121
340931
340914
340800
340799
340766
340636
340263
340248
340188
340158
340110
340092
340086
340077
340033
339751
339650
339596
339400
339384
339340
339284
339283
339184
338993
338968
338815
338803
338722
338594
338440
338078
338045
337877
337803
337777
337712
337601
337055
337016
337010
336907
336801
336721
336336
336136
336088
336075
336046
335956
335776
335556
335504
335270
335209
335196
334988
334960
334883
334847
334581
334535
334510
334471
334416
334230
333945
333894
333806
333655
333650
333611
333504
333270
333261
333242
333177
333044
333025
332913
332647
332617
332596
332427
332420
332360
332286
332228
332224
332211
331987
331942
331742
331568
331481
331443
331238
331035
330911
330835
330668
330614
330543
330509
330486
330401
330393
330328
330253
330203
330081
329979
329956
329741
329663
329653
329577
329517
329453
329326
329027
329016
328949
328887
328838
328752
328691
328649
328648
328470
328433
328431
328430
328341
328337
328291
328210
328170
327898
327793
327789
327716
327630
327582
327499
327494
327328
327185
327152
327126
327102
327077
327063
327045
326993
326959
326928
326851
326773
326710
326709
326504
326467
326395
326274
326076
326033
326026
326021
325893
325833
325811
325684
325570
325449
325146
324999
324979
324814
324585
324466
324376
324279
324117
324025
324025
323565
323475
323467
323443
323399
323345
323169
323083
322707
322675
322581
322345
322313
322117
321618
321598
321459
321433
321222
320947
320843
320837
320749
320727
320558
320451
320279
320191
320086
320049
320002
319733
319428
319124
318979
318943
318881
318665
318522
318521
318413
318377
318321
318270
318191
318028
317945
317893
317495
317371
317306
317229
317043
316917
316880
316865
316768
316667
316641
316608
316512
316314
316301
316193
315988
315922
315872
315811
315744
315635
315593
315590
315314
315302
315259
314934
314879
314806
314805
314803
314770
314730
314559
314556
314325
313989
313917
313634
313395
313354
313288
313223
313179
313163
312978
312957
312873
312867
312758
312656
312617
312607
312340
312228
312179
311969
311910
311858
311741
311515
311491
311299
311177
311045
311039
310751
310686
310611
310560
310498
310370
310363
310147
310139
310052
309925
309847
309791
309681
309627
309615
309527
309470
309407
309399
309397
309127
309117
308825
308598
308520
308452
308404
308359
308270
307686
307495
307494
307487
307391
307158
307106
307062
307022
306950
306906
306828
306708
306661
306566
306498
306490
306319
306310
306266
306210
306150
306134
306092
305979
305636
305407
305251
305230
305111
304915
304863
304588
304493
304468
304349
304143
303987
303889
303697
303678
303543
303383
303368
303302
303175
303076
303036
302979
302946
302824
302715
302687
302458
302447
302410
302395
302353
302338
302243
302188
301795
301712
301680
301659
301607
301577
301479
301409
301381
301359
301344
301272
301271
301156
301067
300966
300916
300901
300888
300778
300746
300558
300338
300149
300111
299990
299817
299793
299640
299612
299610
299558
299423
299234
299233
299091
299082
299026
298913
298792
298713
298645
298618
298536
298476
298474
298393
298369
298341
298221
298214
298204
298198
298178
298147
298133
298090
297904
297790
297754
297626
297560
297530
297435
297368
297266
297261
297243
297223
297184
297118
296932
296791
296742
296668
296617
296594
296507
296366
296359
296318
296295
296265
296244
296241
295977
295932
295929
295668
295625
295599
295522
295305
295216
295125
294936
294842
294579
294365
294200
294157
294112
294014
294007
293934
293875
293864
293854
293804
293664
293607
293602
293453
292991
292833
292829
292526
292453
292415
292307
292226
292182
292043
291811
291790
291750
291667
291608
291375
291237
291034
290986
290903
290727
290513
290505
290490
290452
290287
290261
290088
289686
289621
289367
289049
288960
288871
288617
288552
288519
288504
288428
288213
288205
288106
288073
288040
287971
287922
287890
287853
287747
287641
287641
287436
287276
287145
287076
287051
287024
286982
286928
286873
286703
286488
286463
286455
286350
286209
286202
286164
286144
285896
285836
285505
285505
285346
285278
285248
285225
285157
285134
285065
284917
284846
284607
284554
284420
284164
284162
283864
283848
283817
283796
283762
283723
283644
283550
283448
283319
283121
283035
282798
282773
282707
282648
282600
282535
282377
282372
282347
282329
282290
282228
282088
282048
281860
281667
281622
281362
281218
281058
280873
280622
280614
280580
280185
280102
280078
280063
280061
280047
279961
279672
279593
279484
279292
278983
278974
278768
278736
278730
278708
278662
278656
278619
278541
278519
278396
278239
278221
278169
278134
277927
277923
277317
277052
277016
276990
276962
276808
276649
276639
276461
276340
276097
276079
276045
276036
276025
276005
275960
275950
275890
275609
275595
275512
275442
275426
275343
275334
275293
275284
275193
274944
274759
274665
274581
274573
274544
274393
274303
274275
274019
273973
273954
273949
273910
273694
273692
273589
273541
273202
273114
273095
273013
272774
272741
272486
272459
272449
272417
272252
272046
271979
271949
271834
271813
271759
271687
271610
271437
271337
271297
271192
271155
271041
270875
270696
270483
270321
270151
270015
269881
269802
269751
269741
269717
269244
269239
269202
269151
269146
269004
268969
268860
268602
268593
268550
268543
268432
268429
268375
268366
268170
268061
267988
267682
267466
267441
267431
267350
267276
267185
267172
267143
266901
266843
266807
266772
266683
266654
266458
266325
266261
266257
266216
266176
265977
265918
265791
265789
265772
265763
265754
265745
265674
265631
265505
265425
265422
265205
265195
265045
265014
264968
264884
264883
264839
264755
264423
264350
264261
264249
264203
264187
264044
264018
263998
263547
263401
263314
263024
262958
262668
262608
262494
262379
262339
262320
262275
262265
262264
262176
262097
262046
261993
261873
261778
261664
261643
261233
261137
261099
260970
260884
260736
260187
260172
260131
260033
259964
259905
259803
259794
259757
259626
259523
259431
259387
259298
259201
259189
259015
258997
258966
258960
258850
258819
258793
258790
258672
258637
258426
258386
258155
257983
257967
257813
257793
257670
257524
257474
257164
257094
257059
256980
256777
256748
256626
256605
256535
256478
256221
256167
256006
255996
255891
255780
255381
255250
255053
255020
254665
254307
254156
254125
254063
253997
253919
253807
253721
253675
253469
253396
253385
253251
253086
252925
252924
252897
252844
252837
252544
252420
252187
252112
252098
251822
251502
251449
251279
250979
250827
250738
250730
250615
250593
250384
250381
250064
249811
249712
249692
249691
249609
249454
249318
249297
249133
249077
249056
248994
248851
248843
248840
248773
248765
248666
248539
248479
248452
248320
248227
248195
248109
248099
247858
247838
247837
247777
247775
247622
247615
247475
247406
247320
247210
246716
246541
246455
246387
246131
246048
245752
245639
245566
245361
245339
245264
245181
245163
245044
244921
244896
244783
244721
244472
244462
244231
244077
244029
243877
243656
243643
243596
243591
243578
243190
242999
242874
242804
242788
242764
242716
242653
242649
242461
242428
242271
241873
241657
241641
241579
241509
241481
241479
241414
241172
241103
241102
240991
240858
240721
240715
240491
240415
240086
239546
239245
239148
239101
238952
238943
238827
238800
238778
238768
238618
238613
238593
238487
238455
238150
237896
237841
237805
237511
237475
237412
237338
237139
237023
237006
236975
236708
236681
236601
236437
236410
236322
236176
236165
235957
235765
235630
235488
235488
235471
235412
235396
235244
235216
235118
235071
234914
234845
234827
234824
234816
234790
234703
234421
234158
234135
234079
233709
233694
233162
232985
232970
232858
232782
232779
232745
232672
232591
232484
232288
231950
231514
231491
231466
231315
231168
231130
231122
231080
231075
230974
230930
230883
230830
230773
230715
230666
230516
230478
230223
230102
230014
229637
229625
229576
229325
229242
229163
228904
228865
228758
228754
228688
228597
228372
228242
228155
228143
228037
227681
227606
227541
227496
227401
227331
227101
227021
226859
226859
226823
226608
226527
226237
226102
226057
226044
226042
225888
225866
225627
225463
225458
225217
225086
225082
225064
224971
224566
224500
224425
224290
224112
224023
223963
223881
223824
223790
223769
223526
223036
222984
222938
222889
222870
222743
222395
222216
222176
222063
222012
222009
221779
221731
221229
221198
221183
221155
221085
220963
220904
220683
220587
220463
220353
220341
220336
220324
220296
220036
219927
219902
219873
219869
219802
219796
219756
219699
219697
219318
219295
219092
218959
218937
218877
218846
218846
218811
218804
218664
218503
218486
218411
218190
218143
218076
218024
217701
217674
217539
217523
217406
217360
217296
217270
217067
216927
216908
216907
216874
216793
216764
216688
216642
216433
216415
216345
216260
216240
216227
216202
216141
215979
215885
215871
215861
215818
215507
215464
215389
214698
214608
214608
214508
214506
214402
214355
214352
214251
214082
213646
213579
213493
213388
213374
213339
213331
213324
212911
212819
212777
212702
212685
212493
212475
212387
212086
211782
211712
211486
211459
211374
211335
211329
211209
211200
211186
211169
211142
211069
211025
210971
210908
210724
210647
210591
210552
210390
210290
210257
210240
210236
210189
210149
209790
209293
209237
209115
209044
208993
208975
208943
208795
208790
208746
208696
208661
208481
208473
208282
208218
208148
207882
207733
207696
207623
207612
207605
207486
207419
207369
207283
207261
207157
207154
207055
207028
207020
206945
206904
206877
206798
206619
206575
206535
206245
206215
206212
206164
205950
205934
205932
205902
205882
205569
205224
205085
204976
204784
204503
204418
204404
204163
203979
203942
203839
203666
203640
203537
203376
203329
203269
203264
203237
202867
202838
202816
202748
202745
202714
202699
202649
202156
202057
202051
201994
201948
201896
201872
201617
201473
201292
201250
201230
201165
201153
201090
200857
200849
200843
200784
200569
200519
200488
200458
200444
200401
200203
200119
199972
199957
199877
199758
199708
199707
199630
199618
199535
199283
198885
198619
198298
198192
198117
197915
197669
197466
197264
197185
196624
196605
196512
196504
196328
196279
196263
196234
196210
196177
196176
196087
195910
195887
195749
195681
195588
195462
195365
195263
195254
195204
195108
195013
194996
194955
194951
194881
194869
194864
194291
193883
193874
193790
193395
193369
193339
193331
193207
193160
192853
192715
192707
192033
192030
192019
192005
191636
191572
191549
191530
191424
191375
191358
191288
191166
191080
191046
190983
190916
190781
190497
190438
190327
190316
190232
189805
189476
189439
189188
189158
189155
189066
189014
188970
188870
188736
188637
188447
188168
188027
188018
187883
187648
187531
187524
187468
187452
187431
187259
187214
187195
187049
187013
186978
186702
186694
186627
186560
186361
186187
186171
186167
185763
185717
185677
185581
185489
185487
185393
185250
185226
185186
185101
185092
184962
184693
184546
184413
184196
184115
184092
184037
184007
183921
183852
183792
183752
183723
183290
182919
182915
182911
182776
182650
182630
182545
182470
182447
182317
182170
182153
181894
181761
181735
181671
181562
181431
181048
181032
180976
180329
180325
180096
179814
179626
179601
179590
179521
179417
179378
179372
179252
179070
178619
178608
178431
178123
178094
178082
178072
178038
178036
178025
178011
178006
177955
177949
177617
177603
177560
177275
177148
177065
176955
176951
176580
176312
176167
176140
176094
176024
176019
175763
175738
175706
175661
175616
175552
175504
175444
175255
175246
175199
175103
175096
175087
174982
174932
174841
174758
174673
174625
174535
174450
174444
174416
174228
174128
174017
173991
173866
173478
173363
173340
173296
173234
173191
173173
173140
173069
173036
173000
172835
172690
172653
172538
172380
172333
172284
172126
172116
172019
172018
172003
171876
171625
171510
171263
171237
171185
171011
171004
170994
170901
170766
170342
170264
170149
170141
170095
170024
169781
169639
169329
169217
169138
169124
169095
169031
168937
168765
168478
168223
168129
168039
168034
168020
167844
167768
167753
167747
167664
167508
167074
166935
166810
166713
166414
166410
166221
166217
166190
166078
165854
165616
165544
165427
165395
165309
165131
165069
164534
164493
164459
164445
164428
164398
164381
164371
164341
164305
163993
163929
163856
163820
163642
163593
163431
163347
163336
163301
163168
163101
162993
162832
162823
162668
162561
162432
162221
162152
162125
162122
161972
161909
161900
161866
161781
161754
161627
161617
161538
161503
161409
161387
161373
161345
161336
161328
160927
160819
160805
160564
160562
160361
160293
160031
159939
159938
159928
159927
159878
159781
159705
159600
159491
159488
159480
159261
159181
159134
158888
158654
158598
158420
158373
158351
158113
157951
157911
157847
157662
157569
157462
157289
157288
157245
157104
157034
157014
156917
156863
156861
156730
156722
156669
156512
156503
156366
156221
156192
156089
156024
155865
155839
155760
155694
155676
155622
155539
155369
155308
155202
155116
155006
154994
154985
154948
154899
154765
154743
154565
154357
154253
154219
154145
154094
154079
153919
153768
153702
153579
153509
153426
153333
153331
153293
153247
153243
153223
152985
152700
152669
152578
152520
152427
152353
152325
152128
152119
152083
151999
151994
151972
151962
151905
151593
151568
151520
151271
151185
151152
151148
151048
151024
151005
151001
150959
150675
150549
150471
150413
149971
149962
149786
149395
149394
149291
148873
148808
148786
148761
148484
148211
148089
147892
147800
147732
147714
147696
147670
147631
147333
147318
147288
147229
147198
147144
147031
147022
146916
146842
146785
146638
146309
146295
145827
145707
145589
144699
144530
144105
143966
143934
143762
143669
143550
143515
143316
143310
143039
143024
142919
142912
142769
142537
142096
142074
142044
142018
141978
141927
141830
141782
141706
141614
141238
141164
141099
141078
141077
141001
140640
140598
140360
140326
140251
140158
140128
140065
139389
139352
139083
139024
138962
138715
138696
138555
138546
138417
138389
138371
138259
138256
138246
138157
138153
137980
137976
137919
137848
137724
137532
137503
137472
137357
137203
137020
137012
136864
136813
136787
136540
136532
136479
136450
136414
136304
136241
136220
136165
136107
136095
135980
135902
135828
135721
135700
135623
135457
135216
135192
134977
134973
134777
134367
134329
134052
133904
133871
133846
133824
133810
133808
133804
133783
133728
133711
133706
133564
133503
133320
133319
133272
133262
133225
133078
133011
132827
132808
132756
132720
132572
132480
132182
132129
132124
132065
132062
132058
132001
131961
131879
131665
131611
131594
131472
131206
131201
131170
131168
131147
131121
130930
130432
130403
130366
130347
129900
129521
129381
129350
129350
129133
128700
128603
128578
128529
128352
128182
128074
128067
128039
127809
127795
127791
127763
127573
127565
127431
127386
127369
127276
127149
127020
126960
126751
126697
126467
126233
126183
126168
126103
126088
126074
126051
125804
125772
125687
125667
125489
125369
125363
125197
125155
125140
125056
124911
124839
124814
124728
124503
124483
124109
124048
123965
123866
123651
123575
123401
122944
122910
122821
122774
122614
122502
122268
122126
121884
121867
121803
121733
121550
121469
121435
121431
121285
121188
121030
120997
120900
120842
120817
120753
120729
120671
120533
120504
120485
120117
120100
120074
119963
119894
119892
119661
119601
119518
119291
119230
119168
119000
118738
118689
118673
118540
118155
117688
117578
117292
117276
117223
116767
116740
116694
116607
116545
116492
116429
116265
116040
115900
115881
115625
115533
115406
115288
115154
115126
115083
115056
114957
114893
114358
114293
114197
114135
114125
113907
113765
113681
113646
113610
113514
113483
113419
113089
113069
112809
112788
112778
112557
112498
112474
112344
112340
112096
111847
111712
111668
111617
111522
111502
111223
111168
111106
110997
110855
110850
110567
110293
110249
110234
109649
109100
109045
109039
108934
108855
108850
108699
108554
108406
108389
108360
108355
108238
108148
108129
107972
107743
107677
107625
107457
107341
107219
107125
107083
106903
106748
106746
106628
106488
106176
106168
106024
105962
105569
105448
105247
105214
105199
105159
105141
105136
105106
105093
104829
104802
104729
104601
104568
104500
104488
104482
104439
104206
104024
103910
103862
103794
103577
103354
103173
103101
103059
103058
102903
102899
102689
102409
102013
101911
101889
101795
101724
101693
101641
101520
101500
101459
101346
101209
101082
101002
100974
100761
100105
100040
99776
99705
99691
99675
99585
99577
99508
99404
99335
99173
99168
99134
99032
98959
98640
98569
98481
98337
98288
98154
98106
98076
98050
98037
98022
97921
97835
97698
97621
97401
97379
97348
97259
97125
97024
97018
96959
96857
96652
96570
96561
96548
96500
96379
96353
96233
96132
96063
95809
95796
95669
95616
95614
95600
95344
95189
95073
94971
94711
94536
94373
94366
94044
93865
93504
93474
93454
93420
93275
93239
93166
93078
92698
92600
92543
92465
92418
92208
92156
92145
92134
91974
91817
91766
91756
91613
91571
91503
91359
91280
91019
90982
90601
90573
90441
90394
90356
90159
90061
89964
89784
89739
89672
89612
89595
89592
89589
89367
89358
89144
89142
89041
88930
88799
88778
88363
88337
88303
88276
88268
88234
88123
88099
88093
87815
87799
87743
87481
87245
87191
87032
87011
86934
86876
86437
86069
85915
85915
85882
85741
85536
85243
85153
85128
84839
84761
84717
84671
84585
84470
84286
84271
84240
84189
84177
84127
84020
84001
83996
83966
83937
83928
83834
83823
83531
83402
83314
83246
83218
83213
83142
83111
83107
83107
82944
82937
82882
82635
82518
82481
82291
82094
82072
81907
81633
81563
81510
81254
80928
80798
80714
80699
80657
80523
80497
80421
80250
79767
79766
79475
79414
79259
79106
79050
78897
78787
78760
78624
78416
78369
78069
77947
77805
77350
77330
77328
77290
77170
76924
76861
76679
76604
76373
76185
76144
76121
76059
75999
75952
75924
75769
75738
75697
75611
75511
75502
75358
75355
75176
75123
75092
74828
74732
74437
74403
74395
74322
74306
74237
74137
73868
73761
73620
73608
73575
73560
73542
73512
73505
73454
73306
73205
73160
73146
73136
73118
72683
72622
72578
72456
72302
72289
72276
72141
71928
71866
71795
71626
71608
71544
71529
71347
71283
71265
70917
70761
70732
70732
70671
70240
70163
70111
70086
70080
70024
69976
69911
69826
69638
69465
69291
69200
69139
69034
68947
68927
68869
68810
68756
68659
68551
68531
68070
67944
67835
67715
67576
67364
67360
67228
67148
67070
66978
66918
66891
66864
66819
66479
66468
66271
66215
66212
66143
65692
65557
65545
65418
65393
65263
65244
65113
65021
64975
64955
64799
64777
64763
64646
64589
64505
64412
64173
64161
63838
63795
63658
63604
63551
63516
63255
63213
63193
63027
62956
62913
62892
62845
62796
62317
62011
61947
61942
61697
61626
61577
61526
61464
61304
61114
60995
60874
60863
60759
60660
60391
60376
60282
60229
60130
59943
59885
59876
59804
59676
59532
59498
59406
59375
59196
59190
58995
58893
58823
58809
58795
58717
58650
58616
58592
58535
58467
58351
58320
58223
58210
58185
58180
57992
57983
57807
57763
57521
57435
57421
57322
57209
57098
56951
56813
56704
56673
56543
56536
56520
56401
56248
56143
55998
55992
55941
55881
55470
55438
55410
55296
55132
55048
54993
54972
54910
54793
54781
54765
54513
54484
54387
54223
54172
54089
54003
53997
53933
53750
53673
53658
53601
53487
53330
53248
53226
53209
53059
52916
52866
52780
52650
52597
52570
52297
52225
52089
51812
51777
51751
51592
51541
51427
50942
50775
50768
50741
50693
50676
50665
50495
50448
50298
50296
50244
50157
50095
49963
49936
49934
49905
49857
49790
49618
49576
49197
49166
49014
48768
48713
48705
48685
48664
48618
48369
48328
48170
48153
47964
47719
47586
47522
47329
47261
47045
46962
46808
46733
46690
46622
46567
46496
46183
46050
45977
45929
45751
45399
45227
45196
45117
45001
44877
44554
44415
44313
44226
43994
43744
43700
43672
43564
43476
43080
42913
42761
42556
42409
42364
42338
42333
41993
41860
41808
41764
41617
41562
41489
41447
41428
41345
41287
41200
41160
41049
41034
40853
40786
40753
40680
40678
40626
40620
40373
40339
40130
40129
39946
39914
39879
39621
39353
39302
39189
39099
38999
38974
38828
38754
38682
38531
38410
38269
38167
38036
37864
37712
37307
37285
37236
37049
36986
36888
36883
36748
36723
36532
36506
36457
36307
36265
36264
36260
36213
35868
35805
35517
35508
35269
35174
35151
35095
35024
34772
34652
34619
34521
34518
34482
34167
33938
33868
33803
33792
33764
33600
33420
33377
33159
33112
32991
32971
32910
32875
32826
32683
32649
32645
32564
32515
32502
32397
32199
32118
31869
31744
31487
31384
31283
31101
31035
31001
30866
30782
30712
30709
30195
29887
29825
29699
29610
29544
29516
29504
29429
29377
29350
29213
29201
29145
29015
28937
28761
28726
28087
27934
27838
27770
27633
27615
27510
27020
27000
26850
26843
26781
26597
26569
26565
26404
26380
26379
26154
26039
26012
25963
25855
25825
25807
25647
25485
25420
25404
25403
25401
25387
25089
24966
24916
24855
24805
24722
24720
24505
24335
23715
23621
23589
23563
23504
23479
23450
23390
23360
23348
23310
23193
23119
23063
23040
22957
22943
22721
22711
22580
22572
22541
22477
22408
22265
21931
21929
21777
21575
21520
21503
21471
21467
21303
20800
20645
20582
20549
20513
20505
20378
20227
20155
20114
20112
20006
19954
19742
19560
19534
19478
19460
19426
19222
19173
18864
18538
18510
18303
18144
18016
17868
17721
17710
17709
17672
17539
17471
17306
17193
17192
16771
16500
16390
16373
15927
15898
15728
15721
15662
15529
15492
15456
15366
15349
15276
15259
15226
15127
15036
15026
14936
14800
14727
14644
14635
14573
14519
14513
14500
14478
14091
13969
13952
13898
13878
13670
13619
13602
13494
13449
13348
13126
13076
13057
12893
12817
12803
12750
12730
12701
12661
12300
12279
12217
12055
11809
11726
11358
11258
11237
11170
11140
11115
11078
11010
10864
10846
10720
10687
10449
10381
10241
10101
10080
10039
9968
9852
9661
9646
9583
9336
9172
9132
9106
9102
8911
8901
8882
8608
8559
8285
8270
8232
7955
7754
7691
7558
7526
7512
7314
7282
7125
6932
6903
6864
6791
6733
6190
6133
5977
5802
5770
5515
5511
5479
5378
5368
5272
5188
5158
5157
5036
4908
4716
4602
4477
4338
4185
4120
4120
3999
3947
3782
3709
3599
3083
3081
3067
3052
3025
3004
2996
2960
2730
2697
2566
2379
2130
2064
2049
2017
1952
1943
1913
1821
1702
1691
1618
1563
1540
1270
1188
1110
1080
1045
837
734
709
583
531
509
435
391
329
300
59
25
