13
184
271
350
382
617
689
750
762
914
936
972
992
1058
1138
1272
1458
1484
1756
1769
2023
2052
2179
2247
2362
2443
2459
2603
2692
2818
2857
2924
2981
3141
3215
3506
3550
3552
3647
3688
3746
3809
4046
4147
4410
4432
4621
4624
4671
4846
4903
5127
5199
5219
5227
5583
5827
6025
6085
6165
6430
6645
6730
7021
7069
7111
7214
7484
7503
7509
7561
7747
7858
8172
8266
8312
8417
8540
8696
8800
8829
8997
9052
9125
9225
9233
9285
9332
9384
9514
9551
9667
9690
9727
9730
10215
10305
10307
10453
10488
10532
10655
10732
10892
10898
11128
11196
11355
11397
11415
11426
11531
11625
11671
11725
11796
11853
12277
12310
12312
12352
12422
12450
12578
12647
12751
12816
12914
12959
13144
13225
13350
13386
13491
13500
13582
13633
13785
13824
14010
14031
14147
14222
14245
14267
14337
14452
14576
14628
14799
14829
14855
14930
15071
15111
15258
15308
15332
15424
15646
15786
15816
15884
15919
16284
16336
16381
16389
16506
16555
16558
16593
16600
16665
16807
16894
16960
17055
17125
17159
17344
17500
17530
17534
17557
17606
17664
17665
17730
17780
17843
17843
18096
18170
18247
18257
18366
18505
18508
18581
18598
18617
18854
18971
19174
19293
19293
19343
19461
19528
19561
19613
19644
19658
19726
19872
19911
19989
20065
20076
20080
20143
20162
20384
20405
20406
20490
20495
20626
20744
20857
20897
21119
21182
21285
21449
21467
21483
21639
21751
21762
21827
21849
21854
21924
22035
22252
22382
22656
22671
22678
23188
23248
23297
23407
23477
23534
23698
23727
23757
23780
23846
23854
23858
23891
24040
24248
24361
24514
24776
24893
24933
25158
25205
25301
25341
25416
25681
25696
25800
25818
25930
25933
26135
26234
26236
26272
26351
26489
26531
26581
26932
27180
27515
27615
27654
27725
27748
27867
28293
28336
28399
28442
28655
28685
28694
28723
28765
28778
29113
29184
29292
29304
29431
29454
29586
29618
29747
29814
29897
29922
30000
30053
30081
30198
30257
30335
30497
30590
30623
30731
30771
30771
30889
31021
31060
31219
31231
31252
31520
31587
31632
31782
31789
32184
32193
32321
32443
32482
32780
32815
32853
32884
32894
32916
32964
33037
33038
33046
33109
33196
33262
33318
33460
33490
33495
33548
33616
33683
33737
33779
33864
33921
34012
34021
34034
34037
34226
34299
34349
34429
34695
34930
34956
34989
35034
35070
35109
35141
35203
35279
35302
35538
35639
35650
35818
35843
35913
36109
36146
36206
36278
36283
36368
36507
36684
36731
36793
36795
36970
36986
37423
37464
37853
37861
37876
37937
38095
38107
38178
38205
38264
38550
38550
38581
38660
38677
38810
38858
38910
39193
39197
39318
39322
39327
39347
39351
39359
39461
39497
39508
39559
39623
39765
40116
40138
40243
40361
40560
40695
40815
40817
40848
40887
41354
41469
41554
41612
41651
41662
41684
41838
42002
42057
42067
42089
42261
42300
42366
42410
42454
42459
42516
42553
42735
42742
42858
42890
42894
42960
43031
43187
43358
43370
43509
43516
43650
43650
43653
43772
43856
43885
43896
43898
44004
44033
44069
44171
44220
44404
44664
44689
44767
44813
44853
45115
45241
45297
45333
45421
45622
45655
45902
45919
45985
45986
46126
46170
46210
46487
46621
46623
46787
46882
47014
47073
47298
47303
47525
47552
47563
47603
47671
47774
47880
48114
48174
48247
48391
48469
48535
48582
48727
48904
49156
49213
49253
49270
49307
49367
49554
49609
49652
49714
49760
49782
49795
49865
49865
49867
49996
50161
50217
50378
50489
50611
50674
50748
50834
50920
50958
51072
51086
51227
51255
51272
51572
51662
51810
51878
51920
51950
52045
52189
52280
52400
52470
52473
52476
52547
52583
52643
52679
52767
52834
53050
53385
53714
53736
53760
53971
54075
54170
54204
54225
54577
54579
54670
54872
55051
55096
55105
55141
55146
55154
55155
55220
55718
55817
55897
55978
56249
56321
56339
56358
56489
56722
56906
57005
57216
57287
57357
57449
57573
57647
57671
57776
58128
58429
58490
58578
58597
58703
59049
59129
59304
59339
59423
59571
59680
59828
59929
59971
60040
60085
60098
60119
60286
60357
60632
60750
60751
60755
60950
60969
61271
61369
61480
61505
61565
61616
61739
61795
62081
62242
62298
62384
62404
62620
62631
62689
62769
63130
63552
63577
63655
63694
63812
63854
64033
64060
64199
64209
64278
64326
64339
64362
64370
64401
64408
64411
64515
64596
64625
64720
64740
64760
64769
64785
64811
64832
64947
65332
65333
65342
65347
65383
65508
65612
65673
65795
65858
65903
65930
66027
66194
66449
66473
66528
66678
66813
66814
66918
66940
66963
67238
67373
67482
67618
67961
68013
68133
68474
68524
68820
68880
69040
69215
69272
69450
69468
69798
69813
69902
69964
69974
69994
70052
70105
70209
70215
70230
70351
70535
70700
70838
70866
70986
71029
71125
71511
71518
71570
71764
71894
71978
72034
72051
72089
72238
72642
72886
73280
73530
73703
73892
73974
73992
74254
74326
74345
74453
74488
74768
74778
74794
75032
75054
75325
75335
75353
75442
75510
75516
75520
75746
75768
75795
75858
76137
76146
76173
76247
76312
76341
76651
76852
76927
76933
76997
77007
77084
77112
77345
77525
77559
77585
77671
77705
77724
77749
77752
77936
77964
77973
78027
78030
78136
78223
78260
78402
78470
78537
78574
78609
78712
78879
79054
79082
79135
79163
79288
79608
79649
79677
79870
80234
80264
80315
80324
80342
80408
80647
80768
80826
80898
80903
81069
81219
81241
81250
81355
81363
81365
81372
81379
81440
81531
81720
81742
81774
81829
81887
81890
81943
81958
81961
82006
82025
82037
82066
82114
82143
82257
82277
82355
82509
82599
82707
82825
82853
82982
83021
83031
83055
83248
83255
83374
83516
83625
83642
83744
83755
83765
83783
83857
83859
83871
84195
84371
84401
84541
84567
84814
84822
84901
84944
84966
85061
85076
85161
85251
85258
85346
85376
85600
85652
85839
85983
86023
86045
86145
86268
86324
86339
86391
86621
86662
86791
86804
86939
86940
87112
87151
87152
87164
87223
87343
87463
87490
87625
88001
88003
88296
88575
88673
88835
88980
88984
89150
89377
89471
89623
89651
89817
89851
90051
90098
90119
90180
90267
90696
90903
90995
91147
91160
91258
91316
91438
91476
91487
91570
91622
91749
91860
92097
92225
92263
92384
92451
92584
92631
92634
92681
92998
93168
93250
93255
93311
93412
93419
93471
93994
94048
94113
94151
94228
94257
94636
94754
94839
94978
95009
95151
95181
95444
95504
95544
95654
95719
95805
95896
95920
96036
96183
96187
96229
96302
96419
96774
96960
97220
97256
97611
97744
97856
97896
98022
98213
98320
98580
98794
98907
98946
99013
99121
99257
99289
99437
99441
99512
99572
99573
99632
99758
99785
99831
99881
100118
100123
100188
100280
100294
100474
100512
100702
100798
100852
101081
101081
101130
101277
101518
101560
101633
101671
101695
101859
101919
101952
101955
101974
101975
102002
102373
102383
102559
102570
102623
102702
102960
103086
103145
103225
103240
103673
103740
104053
104055
104357
104549
104589
104620
104681
104720
104948
105038
105265
105442
105510
105533
105547
105727
105741
105830
105873
105953
106030
106191
106242
106342
106428
106468
106479
106644
106695
106818
106848
106883
106945
107046
107098
107174
107178
107214
107353
107376
107447
107512
107587
107672
107787
107916
108018
108143
108216
108342
108429
108668
108911
109003
109099
109231
109339
109379
109540
109582
109696
109783
110091
110161
110272
111013
111094
111289
111436
111621
111842
111941
112092
112419
112443
112623
112825
112993
113070
113126
113180
113202
113363
113375
113437
113439
113485
113668
113890
114020
114138
114138
114239
114317
114326
114448
114536
114650
114722
114765
114866
114916
114969
115027
115206
115437
115535
115594
115631
115806
115873
115917
115952
115980
115989
116085
116096
116121
116301
116470
116632
116675
116699
116780
116790
116883
116899
116929
116979
117026
117172
117228
117259
117308
117456
117459
117471
117473
117522
117545
117614
117723
117868
117896
117974
118243
118645
118666
118823
118849
118864
119178
119233
119405
119502
119513
119540
119638
119680
119687
119855
119917
120030
120097
120171
120193
120432
120679
120693
120705
120730
120761
120874
120983
121075
121204
121440
121453
121679
121735
121800
121886
121894
122039
122067
122102
122202
122208
122418
122489
122516
122554
122592
122638
122754
122784
122792
122826
122932
123033
123183
123202
123416
123459
123474
123515
123530
123821
123823
123870
123878
123885
123946
124186
124291
124427
124600
124671
125211
125238
125326
125378
125400
125408
125608
125852
125923
126055
126220
126379
126425
126504
126520
126558
126656
126683
126779
126830
127003
127036
127038
127096
127346
127468
127478
127680
127911
127936
128012
128028
128299
128638
128652
128671
128704
128739
128750
128852
128864
128872
128903
129310
129351
129511
129563
129580
129604
129886
129980
129982
130031
130038
130055
130079
130178
130188
130667
130718
130718
131123
131212
131561
131577
131784
131962
131972
132026
132043
132062
132094
132121
132203
132329
132374
132383
132503
132547
132552
132563
132620
132656
132878
133179
133226
133370
133411
133477
133608
133611
133670
133685
134001
134019
134050
134072
134171
134210
134258
134386
134770
134799
134843
134889
135026
135028
135040
135176
135234
135261
135390
135408
135571
135656
135843
135877
135976
136069
136125
136151
136300
136346
136487
136881
136908
137158
137306
137354
137445
137527
137589
137810
137840
137893
138035
138117
138247
138258
138358
138445
139000
139006
139268
139369
139370
139412
139474
139477
139633
139808
140051
140186
140291
140376
140511
140589
140592
140601
140622
140759
140803
141126
141162
141233
141273
141385
141394
141494
141503
141571
141577
141771
141825
141893
141950
142130
142146
142186
142345
142351
142678
142698
142838
142871
143037
143094
143258
143259
143303
143349
143541
143703
143763
143908
144002
144015
144142
144391
144441
144474
144628
144680
144831
144856
144995
144997
145037
145095
145729
145766
145796
146231
146292
146440
146600
146613
146798
146828
147092
147322
147333
147370
147415
147692
147818
148070
148089
148121
148163
148253
148344
148480
148491
148507
148525
148530
148620
148717
148769
148784
148827
148907
148926
148935
149102
149173
149558
149669
149849
149951
150034
150047
150413
150421
150508
150519
150615
150794
150852
150960
151156
151307
151334
151413
151440
151447
151551
151579
152090
152181
152185
152418
152588
152672
152790
153044
153072
153091
153155
153183
153236
153351
153381
153445
153487
153780
153858
153865
153924
153931
153973
154135
154600
154613
154719
154720
154748
154915
154930
154950
154975
154991
155024
155375
155406
155416
155455
155662
155714
155885
155921
155929
156247
156258
156322
156498
156589
156660
156963
156970
156983
157063
157156
157188
157327
157801
157893
157988
157997
158479
158871
158946
159016
159072
159080
159365
159574
159631
159636
159927
160049
160146
160169
160364
160490
160495
160588
160699
160753
160855
161046
161055
161135
161272
161280
161588
161648
161732
161758
161785
161863
161887
161932
162198
162488
162709
162742
162776
162914
162982
163032
163183
163481
163591
163660
163684
163774
163797
163851
163857
163901
163914
163937
164445
164587
164645
164694
164700
164759
164811
164846
165001
165004
165012
165059
165141
165198
165427
165512
165581
165611
165648
165739
165833
165939
165940
166006
166232
166334
166706
166873
166946
167003
167061
167211
167393
167445
167529
167779
167849
167920
168055
168111
168879
168949
168963
168997
169106
169234
169318
169385
169655
169659
169689
169750
169790
169883
170268
170352
170367
170368
170417
170552
170627
170648
170794
170869
170897
171176
171188
171312
171324
171418
171653
171676
171693
171699
171746
171772
171784
171850
171884
171926
171933
171990
172044
172148
172291
172339
172649
172842
173055
173060
173280
173572
173576
173668
173700
173820
173874
173925
174156
174207
174346
174462
174533
174534
174711
174750
174842
174849
174867
174925
175099
175188
175206
175211
175338
175493
175499
175564
175565
175594
175936
175988
176107
176127
176207
176321
176335
176845
176892
177075
177094
177096
177123
177340
177602
177780
177785
177830
177860
177940
178014
178061
178229
178234
178240
178459
178481
178497
178619
178800
178901
179226
179428
179459
179498
179851
179969
180034
180048
180254
180257
180304
180492
180645
180836
180999
181089
181157
181222
181225
181304
181327
181388
181396
181596
181710
181762
181782
181797
181977
182012
182188
182213
182315
182469
182475
182776
182877
183588
183618
183719
183832
184070
184283
184341
184380
184392
184507
184686
184746
184795
184820
184921
185108
185124
185154
185410
185587
185721
185831
185893
185915
185953
186100
186184
186475
186526
186545
186582
186699
186706
186861
187052
187113
187139
187230
187240
187412
187569
187576
187632
187735
187837
187960
188624
188752
188842
188860
188877
189149
189407
189520
189541
189628
189695
189717
190029
190412
190545
190600
190677
190745
190759
190972
191175
191282
191301
191482
191555
191701
191719
191836
192433
192465
192556
192560
192627
192773
193138
193160
193319
193435
193539
193615
193760
193932
194035
194200
194206
194275
194442
194510
194600
194842
195382
195419
195435
195609
195644
195736
195793
195835
195963
196198
196203
196288
196298
196330
196494
196503
196527
196591
196598
196600
196702
196844
197012
197305
197843
198054
198155
198169
198177
198291
198403
198628
198683
198853
198867
198944
199221
199247
199326
199486
199570
199617
199629
199685
199836
199870
199976
200096
200461
200484
200652
200844
200937
201019
201083
201176
201179
201280
201314
201379
201570
201708
201932
202067
202844
202936
202977
202997
203313
203426
203462
203582
203592
203621
203623
203691
203736
203781
203957
204037
204087
204376
204444
204484
204564
204690
204994
205018
205067
205243
205337
205580
205745
205907
205923
206044
206066
206102
206271
206301
206329
206336
206463
206696
206771
206815
207010
207063
207175
207442
207608
207664
207884
208041
208065
208210
208227
208279
208522
208585
208789
208814
209046
209108
209129
209191
209370
209408
209540
209566
209605
209622
209946
209963
210121
210124
210245
210270
210549
210594
210616
210635
210703
210752
210947
211200
211246
211253
211281
211368
211475
211525
211529
211662
211716
211718
211820
211938
212296
212353
212458
212554
212576
212759
212829
212835
212875
212916
212936
213022
213155
213387
213452
213452
213531
213551
213564
213578
213692
213746
213826
214168
214204
214398
214416
214585
214693
214750
214760
214886
214904
214957
215112
215137
215242
215342
215449
215788
215958
215976
216081
216337
216825
217068
217332
217338
217405
217469
217521
217533
217756
217884
217990
218124
218239
218324
218436
218544
218580
218633
218697
218968
218968
218972
219010
219024
219036
219500
219573
219677
219951
220036
220117
220177
220495
220648
220663
220676
220892
220904
220928
221171
221588
221691
221835
221877
221881
222011
222016
222099
222256
222543
222565
222621
222636
222673
222696
222796
222890
222907
223105
223105
223448
223464
223557
223564
223601
223608
223703
223715
223775
223787
223823
223839
223846
224056
224104
224555
224706
224797
224818
224824
224910
224918
224955
224969
225251
225580
225583
225654
225791
225980
226162
226183
226428
226468
226661
226714
226729
226731
226889
226941
227004
227117
227260
227344
227427
227639
227671
227697
227754
227955
228014
228045
228156
228411
228444
228504
228779
228804
228933
229012
229024
229024
229066
229085
229121
229179
229247
229259
229448
229579
229643
229680
229696
229723
229874
229986
230092
230267
230567
230797
230803
230823
230893
231017
231036
231089
231092
231176
231222
231249
231561
231668
231687
231751
231833
231861
231872
231874
232072
232082
232430
232442
232466
232540
232669
232692
232840
232888
232960
232997
233113
233160
233175
233219
233376
233400
233621
233710
233734
233743
233961
234165
234196
234267
234401
234492
234538
234644
234650
234661
234707
234720
234777
234859
235009
235028
235175
235379
235505
235533
235545
235730
235752
235791
235848
235926
236103
236419
236491
236594
236676
236690
236692
236695
236749
236759
236764
236928
237091
237127
237195
237216
237238
237607
237947
237980
238038
238147
238223
238371
238376
238511
238623
238638
238778
238881
238913
239012
239057
239094
239203
239282
239315
239316
239365
239470
239476
239499
239536
239583
239625
239635
239734
239741
239857
239981
240030
240085
240289
240473
240618
240713
240795
240818
240842
241070
241216
241245
241331
241474
241531
241592
241616
241621
241636
241878
241893
241911
242012
242052
242082
242112
242355
242390
242441
242525
242613
242667
242816
243097
243139
243188
243210
243271
243406
243575
243606
243714
243799
243805
243998
244119
244156
244175
244431
244474
244696
244795
244820
244940
244996
245703
245737
245759
245774
245865
245880
246044
246066
246260
246317
246366
246417
246503
246564
246708
246794
246956
246970
246971
246981
247247
247284
247368
247472
247691
247900
247925
248243
248293
248404
248529
248577
248689
248703
248773
249066
249165
249192
249215
249236
249368
249529
249955
250101
250152
250154
250240
250341
250586
250687
250710
250916
250919
251028
251071
251129
251130
251202
251245
251303
251323
251498
251506
251626
251643
251655
251770
251808
251859
251882
252117
252117
252118
252249
252258
252276
252418
252690
252781
252782
252794
252801
252809
252837
252889
252894
253068
253114
253478
253535
253547
253687
253725
253861
254031
254095
254174
254179
254343
254421
254471
254482
254614
254743
254757
254786
254791
254872
254960
255078
255127
255137
255179
255515
255751
255832
256081
256353
256565
256572
256587
256620
256744
256903
256959
256962
256978
257086
257292
257337
257381
257488
257586
257629
257650
257683
258042
258402
258409
258431
258505
258514
258629
258660
258668
259072
259136
259166
259479
259605
259858
259993
260008
260105
260128
260319
260398
260475
260542
260608
260759
261131
261218
261256
261541
261595
261680
261692
261831
261892
261983
262095
262138
262138
262171
262270
262381
262419
262519
262540
262780
262904
262942
262957
263102
263103
263213
263387
263447
263457
263498
263502
263630
263660
263736
263816
264002
264041
264043
264080
264195
264226
264304
264477
264521
264585
264598
264651
265014
265144
265198
265280
265473
265488
265540
265725
265764
266210
266213
266242
266395
266459
266703
266708
266806
266883
267084
267115
267277
267375
267553
267653
267762
267788
267823
267875
267980
268165
268394
268422
268498
268526
268616
268649
268678
268692
268699
268984
269074
269113
269441
269591
269603
269609
269649
269760
270186
270293
270462
270521
270527
270618
270644
270831
271232
271388
271524
271528
271752
271913
271992
272099
272183
272363
272373
272514
272550
272679
272755
272761
272796
272815
272841
272903
273205
273305
273325
273508
273510
273555
273607
273640
273663
273768
273786
273877
273950
274256
274291
274605
274656
274974
275178
275248
275379
275642
275800
276004
276026
276052
276053
276218
276300
276361
276535
276591
276612
276633
276904
277007
277009
277191
277296
277490
277580
277615
277642
277734
277759
278173
278197
278197
278214
278305
278374
278548
278593
278995
278997
279084
279097
279105
279182
279501
279625
279725
279812
279940
280005
280060
280223
280428
280465
280712
280827
281031
281184
281383
281630
281914
281952
282070
282224
282241
282464
282465
282500
282640
282670
282788
283117
283121
283272
283357
283396
283457
283490
283570
283589
283632
283791
283824
283966
284280
284303
284354
284389
284399
284470
284547
284590
284614
284668
284761
284929
285100
285136
285228
285483
285672
285819
285896
285979
286118
286225
286465
286504
286665
286688
286764
286855
286914
286950
287081
287099
287102
287188
287252
287417
287490
287514
287761
287811
287952
288006
288020
288036
288164
288313
288356
288977
289056
289246
289326
289425
289480
289498
289712
289869
289966
290145
290343
290606
290805
290967
290997
291205
291247
291414
291421
291451
291863
291913
291967
292053
292185
292373
292392
292578
292599
292659
292676
292811
292821
292839
292919
293003
293129
293168
293257
293261
293281
293434
293461
293708
293893
293939
294030
294171
294359
294368
294372
294438
294533
294552
294686
294691
294715
294844
294973
295007
295152
295196
295198
295340
295381
295842
295847
295898
295980
296141
296197
296256
296289
296414
296429
296447
296498
296825
297076
297395
297454
297543
297618
297649
297681
298056
298131
298143
298237
298250
298353
298395
298547
298657
298729
298803
298833
298865
298872
299106
299107
299197
299228
299229
299297
299316
299396
299517
299562
299692
299761
299802
300024
300283
300421
300504
300605
300621
300653
301025
301040
301132
301162
301372
301489
301563
301681
301758
301806
301882
302006
302031
302370
302406
302705
302736
302745
302757
302925
302954
302962
303031
303042
303064
303113
303288
303416
303517
303642
303689
304160
304186
304275
304339
304434
304481
304701
304869
304913
304999
305358
305392
305424
305502
305526
305816
305829
305854
305894
305926
306000
306015
306159
306295
306439
306695
306811
306854
307016
307070
307105
307127
307141
307321
307605
307723
307863
307976
308112
308291
308320
308557
308594
308601
308607
308684
308784
308797
309153
309166
309207
309288
309478
309496
309599
309626
309702
309821
309825
309988
310039
310127
310183
310347
310377
310378
310457
310536
310582
310600
310731
310733
310819
311116
311259
311299
311365
311411
311607
311786
311865
311945
311987
312001
312039
312684
312732
312746
312877
312963
313053
313211
313224
313615
313716
313862
313875
313992
314231
314288
314401
314408
314411
314432
314555
314681
314693
314702
314708
314769
314972
315040
315174
315393
315618
315650
315660
315787
315878
316061
316246
316258
316585
316604
316628
316643
316842
316892
317007
317084
317092
317151
317204
317246
317248
317376
317512
317523
317562
317636
317737
317746
317757
317812
317845
317998
318012
318041
318050
318103
318294
318385
318521
318670
318725
318935
318942
319094
319220
319310
319461
319483
319565
319648
319723
320000
320114
320159
320216
320235
320416
320496
320836
320887
321292
321319
321512
321713
321945
322036
322162
322319
322379
322396
322456
322543
322568
322715
322761
323211
323218
323245
323253
323541
323544
323614
323742
323813
324088
324101
324187
324200
324233
324313
324388
324395
324484
324500
324609
324615
324642
324644
324837
324861
324915
324952
324976
325230
325251
325438
325546
325648
325672
325905
326096
326212
326521
326549
326638
326638
326748
326777
326837
327073
327205
327605
327726
327900
327952
328000
328068
328087
328155
328177
328274
328287
328442
328640
328648
328688
328747
328960
328975
329435
329648
329728
329957
329980
330076
330295
330513
330540
330576
330588
330740
330862
330903
330926
331106
331147
331345
331424
331490
331632
331880
332003
332035
332351
332364
332406
332413
332524
332638
332638
332668
332818
332841
332908
333170
333216
333281
333335
333347
333418
333674
333697
334095
334176
334265
334317
334397
334492
334580
334592
334637
334759
335040
335063
335389
335513
335550
335906
336111
336144
336169
336292
336306
336471
336503
336747
336776
336839
336839
336846
336936
337134
337150
337166
337404
337409
337419
337435
337447
337502
337534
337699
337759
338054
338198
338272
338304
338381
338412
338428
338500
338510
338568
338572
338681
338908
339112
339142
339179
339183
339302
339450
339492
339618
339756
339784
339859
339940
340056
340236
340243
340551
340622
340646
340921
341076
341216
341295
341503
341518
341520
341564
341856
341960
342035
342079
342263
342347
342405
342443
342515
342517
342600
342714
342746
342873
343020
343134
343205
343216
343264
343383
343561
343709
343900
344058
344214
344232
344338
344404
344642
344702
344826
344850
345036
345291
345333
345369
345396
345405
345415
345973
346129
346172
346199
346258
346369
346469
346569
346618
346678
346746
346926
346944
346957
346965
347027
347208
347316
347617
347795
347842
347905
347919
347979
348008
348024
348242
348425
348428
348567
348599
348704
348723
348816
348910
348970
348988
349164
349182
349187
349219
349328
349409
349430
349539
349620
349706
349730
349742
349743
349767
349893
349894
349913
349936
349976
350010
350038
350072
350197
350678
350911
350946
350969
350991
351038
351432
351501
351519
351582
351934
351982
352043
352077
352078
352147
352333
352646
352770
352923
352980
353008
353241
353366
353495
353499
353634
353668
353685
353799
353835
353943
353977
353980
354022
354064
354221
354327
354471
354585
354658
354918
354998
355004
355065
355263
355268
355339
355379
355473
355542
355639
355723
356118
356571
356663
356672
356814
356977
357028
357093
357330
357358
357368
357444
357455
357456
357487
357629
357709
357729
357800
357811
357935
358017
358161
358202
358214
358221
358485
358727
358755
358938
359039
359060
359111
359151
359178
359545
359607
359614
359656
359729
359745
359779
359847
359848
359953
360115
360128
360409
360454
360551
360657
360677
360777
360793
360914
360984
361160
361162
361404
361413
361630
361709
361725
361759
361780
361858
361913
361933
361939
361983
362016
362069
362151
362214
362223
362274
362467
362507
362606
362656
362773
362965
362998
363562
363580
363624
363811
363820
363949
363992
364035
364135
364329
364348
364602
364727
365130
365319
365348
365350
365407
365428
365526
365606
365633
365818
365866
365912
365914
365993
366008
366109
366121
366133
366159
366233
366338
366680
366970
367026
367079
367098
367146
367333
367393
367708
367774
367809
367869
367907
368049
368063
368091
368097
368284
368547
368548
368551
368871
369024
369052
369513
369541
369569
369573
369644
369890
369958
370044
370120
370162
370166
370398
370522
370631
370844
370873
370916
371227
371394
371410
371690
371918
372050
372261
372328
372365
372542
372633
372714
372907
372933
373103
373199
373236
373289
373345
373353
373391
373437
373461
373477
373551
373715
373725
373873
373939
374058
374113
374169
374393
374403
374461
374585
374641
374720
374804
374808
374894
374903
374956
374995
375094
375110
375144
375187
375242
375271
375351
375423
375476
375500
375674
375696
375730
375864
375994
376442
376574
376852
376876
377082
377258
377627
377689
377710
377826
377840
377894
377957
377973
378070
378126
378154
378236
378889
378948
378965
379016
379123
379339
379449
379466
379519
379549
379883
380001
380027
380049
380064
380122
380181
380184
380435
380596
380793
380869
380996
381125
381148
381161
381189
381347
381431
381489
381921
381929
382039
382060
382208
382285
382593
382660
382794
383039
383196
383236
383372
383498
383724
383761
383820
383959
384042
384058
384126
384140
384225
384385
384417
384439
384604
384745
384833
384833
384864
384971
384983
385015
385047
385164
385172
385179
385240
385290
385494
385542
385718
385720
385797
385857
386078
386201
386433
386674
386829
386895
387066
387142
387267
387318
387354
387379
387379
387407
387453
387466
387621
387793
387876
387953
388021
388081
388216
388713
388813
388868
389046
389245
389250
389254
389408
389436
389596
389646
389658
389755
389988
389999
390083
390200
390348
390529
390705
390778
390866
390884
390985
391069
391099
391125
391228
391271
391303
391327
391414
391461
391657
391698
391715
391806
391952
392046
392127
392175
392258
392311
392491
392832
392912
392959
393089
393195
393293
393484
393765
393814
394285
394390
394457
394535
394633
394686
394788
394874
394927
395110
395152
395168
395265
395414
395416
395445
395451
395492
395507
395639
395663
395706
395992
396087
396288
396313
396353
396380
396446
396556
396588
396631
396755
397052
397129
397188
397299
397332
397334
397449
397700
397814
398055
398099
398622
398688
398755
398810
399061
399066
399136
399174
399315
399400
399409
399419
399503
399514
399521
399600
399618
399635
399645
400013
400045
400099
400276
400279
400289
400333
400349
400377
400520
400527
400688
400765
400837
400990
401078
401186
401189
401241
401445
401490
401499
401522
401606
401625
401756
402154
402262
402318
402354
402405
402455
402820
402846
402932
402989
403000
403061
403138
403290
403328
403349
403372
403691
403778
403795
403818
403944
404028
404118
404384
404475
404504
404553
404873
405099
405129
405131
405137
405475
405585
405667
406367
406395
406670
406699
406757
406768
406859
406900
406978
407114
407217
407224
407325
407365
407438
407597
407603
407634
407736
407809
407824
407925
407994
408089
408134
408508
408628
408889
408996
408997
408998
409075
409109
409159
409796
409853
409904
410621
410822
410856
410928
410986
411147
411241
411249
411358
411358
411381
411681
411820
411983
412162
412277
412323
412354
412463
412464
412594
412853
413217
413271
413366
413463
413529
413681
413815
413825
413856
413954
414065
414071
414135
414272
414546
414551
414904
414990
415054
415171
415282
415331
415370
415912
415943
415968
416053
416061
416071
416171
416300
416371
416439
416583
416615
416708
416712
416855
417029
417197
417208
417341
417387
417540
417582
417743
417782
417985
418314
418414
418500
418550
418583
418744
418780
418929
419281
419396
419604
419685
419698
419739
419760
419906
419961
420033
420095
420177
420226
420433
420481
420527
420613
421111
421125
421266
421388
421389
421458
421593
421840
421922
421965
422053
422171
422240
422356
422583
422891
423128
423145
423155
423430
423452
423457
423470
424058
424345
424354
424530
424532
424658
424724
424744
424785
424785
424930
424963
425106
425127
425136
425212
425274
425282
425806
425847
425915
425970
425972
426004
426112
426225
426291
426348
426477
426789
426846
426952
426980
427143
427258
427272
427297
427384
427392
427848
427878
428132
428511
428618
428653
428679
428685
428854
428888
428985
429107
429163
429170
429259
429356
429402
429474
429519
429716
429817
429840
429880
430083
430095
430241
430433
430433
430504
430516
430745
430780
430986
431181
431190
431317
431369
431469
431553
431614
431615
431663
431959
431976
432037
432285
432416
432572
432605
432670
432716
432798
433014
433037
433385
433396
433405
433419
433653
433967
433968
434093
434173
434195
434211
434232
434270
434281
434285
434298
434372
434380
434402
434455
434538
434829
434898
434936
435010
435017
435160
435191
435284
435417
435449
435605
435648
435707
435771
435854
435863
435881
435954
435971
436014
436047
436064
436138
436291
436388
436457
436532
436737
436949
436952
436967
437039
437048
437059
437218
437306
437358
437590
437770
437775
438145
438278
438351
438456
438520
438565
438604
438616
438636
438784
438834
438853
439463
439573
439671
439792
439817
440023
440535
440648
440649
440659
440755
440792
440924
441065
441383
441492
441545
441791
442112
442122
442132
442190
442197
442212
442214
442265
442312
442411
442583
442661
442729
442927
442953
443074
443193
443216
443430
443507
443522
443547
443580
443790
443799
443825
443859
444058
444072
444287
444451
444538
444599
444685
444704
444925
444960
445071
445133
445229
445248
445263
445397
445486
445493
445681
445874
446031
446197
446225
446236
446238
446263
446374
446407
446430
446440
446445
446537
446539
446770
446827
446875
446919
446939
447011
447124
447129
447139
447484
447521
447563
447577
447625
447631
447638
447680
447720
447820
447836
447844
447981
448027
448037
448048
448049
448064
448091
448241
448269
448286
448365
448376
448396
448533
448562
448623
448625
448893
448956
448997
448998
449024
449040
449263
449276
449394
449628
449659
449856
449901
449933
450009
450099
450579
450586
450683
451064
451131
451167
451201
451288
451341
451498
451770
451974
452137
452202
452607
452803
452837
453063
453177
453179
453537
453646
453647
453675
453728
453794
453797
453829
453926
453968
454175
454304
454514
454776
454885
455060
455228
455273
455313
455318
455363
455405
455511
455561
455631
455931
456127
456270
456319
456359
456379
456404
456430
456844
456964
457180
457316
457326
457409
457676
457705
457863
457883
458010
458358
458535
458638
458686
459006
459068
459173
459192
459245
459251
459369
459476
459504
459672
460076
460117
460160
460258
460447
460675
460695
460698
460776
461232
461240
461355
461533
461660
461700
461917
462050
462248
462401
462454
462771
462956
463079
463107
463164
463369
463409
463555
463597
463674
464000
464268
464307
464672
464675
464846
464916
464920
465066
465071
465696
465756
466001
466438
466468
466548
466704
466716
466741
466769
466877
466940
467018
467047
467085
467103
467287
467315
467321
467693
467708
467743
467764
467987
467988
467991
467991
468019
468198
468202
468274
468292
468307
468345
468360
468618
468867
469180
469260
469355
469490
469520
469659
469668
469774
469777
469852
469907
469912
470053
470127
470157
470438
470467
470494
470505
470527
470528
470582
470645
470645
470680
470709
471135
471142
471242
471303
471436
471459
471497
471548
471737
471904
471941
472225
472259
472391
472404
472824
472873
472934
473021
473240
473250
473303
473541
473691
473693
473813
474027
474120
474200
474221
474239
474246
474324
474359
474492
474532
474566
474678
474678
474775
474851
475028
475079
475110
475114
475117
475303
475531
475546
475553
475582
475738
475855
475944
476028
476102
476175
476210
476214
476240
476680
476814
476833
476897
476955
477093
477119
477187
477215
477217
477268
477282
477373
477453
477668
477873
477997
478045
478097
478225
478393
478406
478628
478780
478838
478920
478978
479063
479118
479166
479191
479570
479590
479752
479838
479930
480112
480214
480219
480251
480368
480558
480587
480689
480726
480820
480838
481155
481302
481378
481474
481507
481577
481581
481668
481973
482012
482114
482258
482390
482466
482577
482642
482647
482673
482682
482684
482795
482849
483043
483131
483190
483251
483382
483453
483644
483710
483805
483809
483931
483977
484139
484471
484476
484759
484888
484933
485000
485062
485172
485365
485791
485848
485977
486038
486073
486131
486153
486176
486287
486392
486425
486589
486630
486864
486916
487269
487286
487516
487647
487681
487685
487780
487828
487907
487965
488032
488077
488086
488192
488306
488370
488475
488536
488619
488713
488844
488877
489012
489016
489076
489294
489381
489454
489713
489992
490259
490263
490293
490362
490520
490619
490703
490839
490973
491007
491075
491087
491113
491131
491262
491709
491709
491880
492067
492072
492460
492464
492590
492624
492923
492956
492981
493098
493201
493313
493343
493351
493352
493352
493470
493539
493668
493746
493918
493982
494071
494155
494270
494278
494378
494425
494571
494623
494751
494813
494831
494851
495047
495061
495539
495687
495751
495771
495790
495876
495974
496131
496454
496569
496669
496708
496878
496884
497108
497161
497305
497311
497432
497451
497491
497500
497526
497582
497609
497659
497693
497972
497993
498145
498151
498390
498613
498613
498644
498686
498705
498732
498882
499023
499248
499352
499482
499553
499842
499871
500070
500120
500347
500557
500575
500584
500684
500826
500878
501003
501056
501060
501185
501215
501494
501523
501567
501684
501763
501778
501826
501969
502200
502204
502233
502328
502449
502637
502796
502930
502993
503028
503262
503845
503945
503986
504105
504392
504503
504550
504599
504675
504759
504766
505014
505187
505266
505370
505399
505509
505605
505681
506007
506033
506309
506339
506355
506621
506688
506699
506731
507145
507172
507279
507525
507627
507649
507768
507854
507897
507916
507980
508039
508171
508298
508662
508765
508885
508968
508997
509139
509160
509207
509278
509297
509424
509448
509459
509468
509568
509577
509838
510058
510083
510155
510194
510222
510439
510450
510512
510617
510704
510735
510898
510904
511023
511041
511225
511290
511319
511479
511484
511518
511574
511625
512158
512263
512365
512461
512586
512697
512757
512908
513075
513183
513248
513281
513340
513372
513571
513859
513974
514184
514245
514309
514420
514458
514656
515090
515165
515218
515318
515369
515474
515532
515660
515743
515811
515937
516006
516115
516116
516264
516384
516482
517110
517216
517401
517424
517524
517596
517707
517754
517796
517827
517919
517928
517931
517965
518080
518125
518157
518190
518205
518212
518327
518363
518460
518470
518536
518721
518755
518805
518969
519064
519126
519132
519231
519262
519284
519519
519550
519683
519701
519874
519928
519977
520005
520099
520226
520423
520479
520523
520629
520634
520704
520782
520826
520902
521017
521032
521104
521257
521366
521415
521482
521600
521629
522031
522134
522762
522984
523053
523120
523212
523364
523424
523441
523554
523742
523772
523968
524011
524033
524321
524417
524423
524457
524658
524724
524756
524809
524840
524844
525020
525174
525246
525272
525350
525407
525552
525705
525721
525732
525922
526079
526090
526153
526167
526215
526260
526323
526465
526550
526573
526803
526869
526899
526924
526934
526971
526981
527049
527135
527198
527237
527239
527249
527273
527444
527530
527568
527707
527839
527949
527974
528014
528109
528273
528323
528413
528433
528437
528574
528621
528797
528831
528859
528927
529132
529192
529463
529708
529827
529835
530113
530277
530394
530400
530431
530463
530637
530740
530795
530961
530967
530980
530999
531041
531093
531160
531347
531386
531405
531470
531526
531562
531586
531731
531842
531867
531945
532130
532135
532229
532321
532368
532435
532493
532970
533042
533046
533106
533247
533265
533283
533356
533452
533680
533741
533792
533828
533839
533940
534163
534291
534299
534425
534701
534873
535210
535291
535328
535476
535501
535686
535760
535766
535792
535854
535907
535928
535951
535963
536024
536107
536253
536321
536457
536503
536680
536975
537119
537248
537384
537441
537526
537595
537683
537715
537803
537883
538043
538312
538484
538529
538538
538587
538632
538643
538746
538958
538987
539006
539071
539119
539145
539230
539253
539513
539620
539675
539712
539729
539924
540120
540163
540181
540256
540262
540369
540411
540570
540772
541066
541083
541089
541214
541244
541250
541284
541915
541986
542201
542331
542361
542519
542551
542615
542790
542885
542936
543061
543063
543197
543263
543284
543439
543742
543744
543771
543801
543837
543847
544041
544118
544214
544315
544606
544772
544859
544973
544976
544995
545230
545252
545306
545488
545561
545698
545995
546083
546181
546192
546204
546543
546558
546661
546701
546782
547244
547276
547293
547306
547431
547450
547716
547718
547752
547909
548127
548151
548156
548164
548398
548437
548553
548634
548766
548857
548894
548962
549157
549594
549847
549976
550111
550154
550168
550190
550197
550201
550210
550484
550505
550509
550794
550862
550882
550958
551111
551119
551313
551321
551330
551335
551342
551369
551565
551630
551685
551736
551844
551892
551994
552036
552124
552138
552170
552179
552389
552557
552589
552823
552961
552984
553023
553031
553048
553050
553088
553239
553337
553650
553667
553672
553817
553961
553965
553986
554249
554426
554539
554597
554692
555017
555135
555175
555187
555190
555343
555350
555363
555479
555577
555581
555989
556008
556033
556097
556227
556295
556324
556546
556623
556646
556744
556794
556861
556880
557153
557398
557499
557758
557827
557837
558047
558077
558090
558128
558239
558309
558449
558455
558459
558655
558662
558829
558868
558954
558964
559078
559120
559303
559597
559614
559664
559702
559893
559998
560019
560034
560078
560212
560227
560304
560318
560458
560488
560520
560646
560702
560840
560866
560979
561056
561145
561311
561327
561435
561693
561828
561981
562019
562105
562325
562539
562602
562773
562856
562915
562974
563078
563261
563407
563449
563660
563678
563680
563692
563835
563849
563989
564053
564062
564112
564215
564232
564423
564515
564584
564680
564763
564839
564852
564854
564957
565291
565955
565992
566102
566235
566289
566530
566637
566663
566726
566752
566823
566852
566923
566929
567150
567293
567362
567394
567504
567598
567658
567714
567875
567892
568080
568138
568144
568296
568325
568339
568374
568376
568452
568687
568724
568725
569077
569341
569344
569542
569563
569751
569799
569856
569859
570168
570245
570345
570351
570478
570483
570792
570922
570926
571190
571253
571288
571366
571415
571663
571763
571978
572141
572280
572323
572348
572453
572622
572633
572686
572921
572995
573060
573084
573099
573130
573171
573704
573734
573748
573952
574004
574202
574204
574382
574436
574572
574574
574646
574693
574728
574782
574834
574841
574857
574931
575015
575084
575292
575295
575368
575545
575566
575602
575716
575839
576000
576124
576190
576235
576267
576424
576480
576767
576817
577020
577158
577342
577390
577806
577938
578161
578388
578395
578419
578594
578636
578749
578774
578842
578842
578893
579003
579012
579105
579111
579270
579354
579364
579382
579418
579626
579662
579695
579706
579901
580043
580244
580275
580338
580369
580373
580482
580679
580835
580907
580980
581121
581159
581180
581306
581311
581313
581430
581591
581829
581944
581975
582004
582068
582234
582292
582443
582448
582676
582792
582842
582849
582853
583227
583283
583315
583472
583507
583530
583674
583852
583873
583943
584173
584430
584572
584659
584670
584784
584795
584932
584977
584991
585066
585079
585195
585353
585501
585663
586066
586075
586165
586226
586366
586596
586647
586742
586807
586890
586899
586930
587009
587054
587341
587570
587571
587594
587604
587736
587881
588006
588173
588240
588293
588559
588622
588714
588878
588884
588930
588941
589034
589255
589607
589702
589918
589968
589996
590022
590068
590104
590104
590109
590123
590199
590217
590701
590754
590789
590862
590945
591050
591059
591095
591165
591177
591415
591548
591569
591578
591699
591927
592018
592323
592354
592386
592497
592529
592571
592640
592683
592750
593170
593347
593350
593393
593507
593555
593568
593576
593708
594100
594182
594267
594283
594406
594419
594658
594688
594755
594920
594955
595070
595081
595110
595305
595329
595346
595419
595444
595548
595552
595606
595614
595634
595647
595757
595798
595882
595964
596110
596267
596330
596546
596711
596787
597237
597286
597291
597425
597535
597601
597828
597855
597857
597915
598040
598116
598721
598833
598912
598958
599261
599315
599393
599401
599554
599675
599728
599733
599772
599870
599923
600707
600921
601043
601079
601148
601261
601514
601528
601592
601669
601699
601834
601983
602056
602280
602282
602289
602449
602646
602858
602888
602929
603016
603037
603069
603165
603384
603468
603478
603624
603724
603849
603899
604081
604139
604265
604354
604581
604644
604878
604889
604932
605001
605055
605207
605394
605430
605508
605608
605622
605710
605813
606238
606387
606456
606492
606519
606576
606598
606675
606708
606728
606986
606988
607019
607263
607436
607573
607630
607909
607999
608153
608223
608327
608557
608569
608635
608662
608737
608775
608857
608995
609061
609114
609241
609242
609450
609467
609502
609562
609659
609701
609807
609817
609917
609931
610269
610401
610429
610617
610711
611070
611433
611588
611674
611740
611875
611883
611886
611937
612004
612042
612120
612134
612208
612227
612250
612258
612317
612326
612361
612499
612592
612684
612729
612839
612892
612915
613136
613402
613404
613514
613611
613835
613836
614279
614515
614555
614736
614852
614908
614986
615199
615260
615443
615548
615587
615692
615784
616048
616062
616096
616427
616890
616926
616974
617058
617073
617133
617392
617431
617461
617586
617705
617770
617902
617907
618234
618368
618368
618431
618455
618631
618654
618660
618669
618888
619027
619060
619060
619176
619416
619483
619486
619557
619947
620000
620045
620131
620419
620618
620619
620795
620799
620900
621024
621040
621231
621234
621357
621410
621450
621539
621824
621890
621928
622125
622241
622276
622308
622335
622357
622391
622655
622761
622888
622969
623084
623142
623268
623348
623365
623526
623826
624087
624173
624184
624273
624289
624358
624480
624485
624553
624598
624677
624907
624943
624953
624997
625272
625307
625424
625514
625760
625763
626130
626175
626231
626320
626758
626818
627021
627028
627225
627331
627440
627606
627775
627860
627896
627899
627902
627990
628183
628328
628654
628731
628896
628949
628958
629132
629190
629249
629338
629553
629692
629900
630066
630156
630240
630270
630335
630363
630400
630405
630448
630552
630598
630736
630800
630888
631113
631203
631204
631218
631475
631483
631555
631601
631613
631626
631716
631852
631865
631965
632296
632353
632451
632470
632489
632542
632616
632655
632662
632687
632687
632713
632777
632836
632845
632937
633023
633367
633475
633486
633499
633602
633668
633679
633844
633877
633897
634012
634057
634073
634091
634378
634563
634619
634905
634991
634993
634998
635008
635016
635270
635398
635514
635548
635582
635627
635632
635927
636219
636285
636741
636747
636926
636994
637013
637191
637277
637331
637423
637492
637534
637546
637594
637660
637740
638007
638036
638054
638271
638278
638342
638347
638357
638357
638427
638459
639252
639359
639433
639440
639548
639675
639846
639893
639972
640072
640189
640372
640403
640494
640501
640559
640724
640897
640934
641093
641225
641506
641571
641689
642088
642112
642481
642515
642662
642679
642774
643032
643295
643461
643547
643748
643980
644059
644149
644320
644388
644460
644517
644607
644626
644660
644726
644755
644773
644854
645091
645175
645229
645300
645348
645403
645652
645795
646085
646167
646318
646360
646408
646523
646524
646650
646724
646829
646894
647158
647171
647250
647477
647563
647585
647623
647808
647828
647952
648420
648422
648525
648562
648696
648735
648784
648851
648910
649219
649504
649574
649735
649793
649902
650067
650217
650235
650263
650354
650357
650396
650619
650758
650944
650988
651052
651052
651192
651313
651371
651403
651428
651614
651643
651701
651775
651784
651816
651850
652007
652209
652377
652379
652387
652397
652473
652507
652631
652668
652763
652833
652890
653035
653214
653306
653578
653628
653642
653834
653848
653864
653883
653894
653897
654104
654246
654298
654377
654514
654614
654760
654843
654921
655114
655225
655243
655259
655603
655632
655918
656113
656174
656514
656539
656637
656665
656876
656939
656968
657022
657033
657284
657577
657655
657767
657843
657971
658075
658112
658172
658306
658477
658512
658611
658769
658793
658816
658846
658847
658852
658868
658982
659080
659105
659132
659139
659156
659162
659253
659323
659367
659386
659441
659463
659586
659624
659660
659737
659953
660049
660176
660250
660282
660311
660397
660578
660783
661075
661314
661735
661911
661966
662114
662207
662280
662462
662527
662568
662690
662717
662859
662907
662966
663048
663130
663151
663537
663680
663706
663745
663971
664254
664329
664333
664407
664446
664472
664485
664504
664847
665077
665347
666091
666114
666297
666640
666715
666755
666929
666961
667083
667122
667281
667340
667356
667369
667387
667557
667560
667687
667719
667784
667840
668085
668173
668344
668553
668675
668753
668791
668934
668994
669066
669272
669357
669545
669575
669646
669647
669658
669667
669817
669862
670210
670213
670298
670330
670761
670780
670793
670794
670837
670856
670865
671012
671097
671104
671139
671275
671527
671626
671666
671671
671800
671831
671870
671910
671959
672012
672476
672571
672587
672819
673014
673048
673074
673091
673114
673131
673299
673408
673416
673423
673442
673575
673664
673872
673899
674078
674096
674192
674273
674336
674485
674622
674659
674838
674926
674948
674980
675151
675263
675327
675335
675385
675402
675493
675703
675728
675751
675812
675866
675878
675955
675996
676118
676183
676218
676312
676373
676410
676411
676590
676729
676770
676835
676874
676895
677112
677287
677344
677479
677502
677832
677836
677972
678013
678024
678172
678225
678442
678539
678568
678599
678673
678677
678814
678820
679048
679490
679580
680013
680363
680405
680443
680552
680573
680663
680746
680918
680947
681016
681075
681125
681247
681403
681694
681794
681802
682066
682073
682108
682173
682177
682256
682297
682393
682520
682674
682712
682880
683002
683117
683392
683421
683553
683596
683651
683686
683816
683947
684064
684228
684458
684464
684663
685075
685095
685216
685290
685514
685535
685538
685590
685669
685685
685700
685762
685869
685946
685946
686033
686115
686175
686352
686509
686546
686629
686630
686855
686903
686946
687006
687053
687069
687110
687247
687575
687632
687792
687804
687959
688080
688172
688332
688477
688502
688504
688512
688599
688602
688720
688833
688869
689127
689132
689209
689315
689510
689588
689688
689899
689984
690003
690024
690153
690229
690486
690537
690763
690836
690837
690868
691147
691186
691208
691358
691429
691492
691605
691649
691654
691681
691716
691729
691975
692206
692237
692492
692511
692577
692582
692613
692799
692898
693000
693046
693141
693323
693356
693469
693471
693644
693698
693740
693884
693950
694010
694060
694116
694122
694314
694475
694494
694576
694820
694871
694881
694910
694911
694940
695325
695333
695344
695447
695495
695588
695616
695695
695715
695818
695869
695953
696026
696149
696262
696306
696340
696588
696749
697020
697195
697255
697381
697411
697429
697829
697875
697935
698454
698598
698687
698822
698828
698938
699032
699032
699049
699133
699210
699265
699304
699341
699358
699463
699465
699551
699619
699629
699661
699853
700030
700619
700650
700822
700862
700866
701121
701205
701312
701331
701356
701635
701752
701883
701902
701967
702140
702217
702471
702513
702534
702823
702885
702903
702988
703018
703249
703324
703383
703421
703433
703666
703760
704022
704234
704675
704738
704853
704906
705104
705159
705240
705311
705371
705447
705455
705525
705694
705702
705779
705781
705861
705864
705959
706058
706117
706197
706483
706755
706845
706877
706943
706958
707012
707063
707104
707275
707434
707443
707683
707880
707985
707998
708086
708115
708487
708525
708729
708826
708899
708996
709001
709138
709433
709546
709633
709770
709786
709835
709941
710184
710296
710317
710319
710558
710659
710687
710704
710985
710998
711010
711039
711061
711421
711436
711849
711956
712024
712269
712320
712775
712850
713499
713573
713602
713634
713724
713730
713758
713935
713937
714039
714133
714331
714463
714688
714839
714946
715095
715254
715258
715337
715356
715429
715678
715682
715951
715954
715975
716262
716412
716433
716465
716568
716709
716736
716741
717055
717179
717213
717257
717313
717509
717576
717790
717808
717815
717975
718001
718172
718677
718747
718766
718791
718799
718887
718894
719006
719117
719121
719164
719223
719303
719377
719435
719521
719657
719705
719750
719797
719815
719830
720012
720295
720340
720438
720458
720692
720699
720772
721047
721053
721260
721612
721880
721976
722088
722195
722201
722308
722417
722460
722479
722541
722570
722838
722856
723086
723292
723615
723629
723752
723774
723829
723849
723879
724051
724296
724343
724388
724495
724568
724680
724699
724892
724939
724988
725125
725179
725229
725401
725444
725704
725830
726061
726159
726177
726187
726443
726502
726734
726748
726963
726990
727023
727026
727042
727170
727204
727256
727390
727443
727475
727707
727814
727887
727902
728082
728167
728180
728412
728432
728501
728624
728644
728651
728971
729027
729311
729628
729680
729871
729999
730010
730115
730164
730181
730217
730243
730334
730473
730619
730773
730844
730850
731011
731015
731820
731916
732295
732311
732344
732405
732534
732546
732632
732716
732737
732752
732857
732868
732871
733166
733185
733264
733590
733767
733842
733891
734011
734224
734584
734767
734933
735119
735123
735315
735390
735784
735998
736053
736192
736203
736214
736240
736259
736334
736389
736517
736562
736603
736998
737008
737289
737378
737438
737508
737685
737735
737849
737878
737898
737919
738034
738069
738091
738155
738159
738208
738274
738299
738365
738376
738379
738531
739058
739104
739168
739193
739338
739521
739618
739697
739753
739802
739847
739947
740236
740350
740407
740459
740477
740613
740641
740667
740670
740684
740696
740748
740755
740794
740846
740993
741139
741267
741336
741390
741512
741522
741598
741780
741854
741942
742020
742026
742061
742194
742273
742351
742355
742604
742629
742688
742701
743426
743761
743790
743905
744041
744157
744193
744194
744333
744428
744448
744497
744580
744645
744782
744915
744944
744948
745106
745263
745382
745391
745466
745732
745776
745836
745860
745980
746041
746070
746153
746485
746527
746582
746613
746710
746943
746985
747032
747086
747095
747192
747284
747775
748032
748045
748129
748166
748174
748224
748274
748353
748398
748435
748451
748522
748639
748674
748877
749009
749040
749086
749100
749160
749225
749257
749271
749291
749318
749320
749355
749535
749589
749621
749657
749659
749681
749830
749890
749930
750144
750419
750433
750437
750672
750675
750818
750853
751045
751123
751147
751197
751294
751345
751477
751606
751607
751904
752022
752067
752090
752121
752139
752258
752307
752308
752602
752662
752684
752981
753022
753134
753177
753418
753598
753648
753716
753891
753960
754172
754273
754434
754452
754544
754668
754910
755002
755193
755213
755326
755615
755651
755667
755724
755726
755728
755893
756196
756237
756346
756366
756437
756529
756613
756636
756674
756825
756928
756987
757124
757219
757276
757421
757436
757596
757704
757729
758205
758435
758455
758506
758659
758739
759053
759119
759153
759162
759403
759453
759726
759780
759804
759911
759927
759955
760002
760047
760148
760254
760297
760348
760403
760660
760736
760889
760991
761076
761404
761538
761604
761760
761874
761912
761928
762021
762069
762116
762389
762631
762669
762684
762811
762953
763075
763158
763203
763211
763240
763264
763292
763300
763305
763370
763383
763433
763442
763531
763570
763749
764000
764249
764282
764305
764325
764391
764433
764521
764560
764574
764689
764888
764952
764995
765082
765084
765175
765302
765371
765376
765389
765600
765758
765910
765987
766030
766102
766172
766205
766335
766607
766838
767060
767128
767443
767769
767936
768347
768349
768537
768627
769145
769311
769482
769655
769683
769687
769887
769915
770244
770577
770788
770797
770829
770873
770906
771065
771165
771271
771397
771418
771419
771450
771462
771485
771518
771581
771585
771665
771673
771920
772274
772276
772314
772437
772446
772465
772483
772754
772787
772797
772847
772966
773152
773153
773302
773702
773743
773780
773847
773968
774120
774126
774162
774395
774455
774457
774477
774534
774598
774640
774736
775122
775157
775165
775167
775194
775283
775336
775346
775479
775873
775942
776150
776206
776410
776595
776622
776817
776821
776953
776953
776973
776995
777379
777855
777890
778008
778155
778174
778404
778486
778583
778619
778643
778704
778944
779504
779522
779733
779759
779852
779995
780040
780052
780254
780277
780366
780386
780391
780552
780577
780625
780650
781334
781586
781595
781783
782036
782056
782177
782455
782480
782485
782492
782553
782603
782648
782660
782719
782735
782820
782872
782976
783212
783402
783464
783509
783808
783986
784042
784325
784420
784761
784928
784936
784949
785004
785216
785326
785415
785430
785590
785599
785740
785766
785827
785829
785836
786019
786100
786151
786231
786350
786397
786427
786527
786550
786582
786743
786745
786802
786818
786852
786947
786957
786991
786999
787154
787209
787331
787341
787621
787784
788001
788355
788398
788418
788510
788672
788772
789000
789029
789195
789338
789384
789412
789510
789575
789637
789642
789659
789685
789756
789875
789900
790202
790243
790381
790606
790693
790932
790980
791029
791162
791170
791172
791222
791370
791428
791504
791579
791678
791704
791779
791872
791875
791931
791932
791938
791945
792101
792313
792326
792478
793131
793383
793423
793426
793435
793451
793914
793972
794110
794154
794215
794229
794325
794378
794673
794734
794848
794953
794980
795142
795157
795208
795257
795307
795356
795558
795597
795614
795694
795694
795866
795989
796206
796228
796352
796623
796782
796834
796838
796912
797286
797304
797341
797526
797536
797627
797815
797913
797970
798175
798413
798417
798452
798563
798667
798689
798885
799277
799380
799444
799498
799587
799659
799677
799865
799918
800112
800189
800268
800431
800458
800469
800639
800659
800669
800760
800794
800994
801009
801083
801139
801179
801334
801349
801363
801543
801551
802093
802097
802102
802151
802308
802320
802382
802572
802586
802806
803021
803413
803644
803701
803781
804012
804052
804509
804512
804546
804876
804898
804919
805065
805172
805274
805332
805344
805388
805389
805484
805491
805772
805779
805787
805836
806023
806052
806314
806334
806573
806583
806688
806777
806902
806946
807031
807139
807260
807299
807329
807333
807338
807426
807645
807872
807911
807942
808106
808123
808127
808252
808294
808458
808555
808612
808810
808813
808881
808969
809002
809059
809063
809323
809374
809491
809517
809559
809639
809666
809686
809754
809833
809881
809975
809992
810002
810070
810079
810135
810171
810205
810239
810328
810626
810694
810754
810821
810844
811034
811150
811292
811335
811411
811473
811488
811503
811591
811646
811651
811679
811688
811706
811795
811795
811819
811821
811859
812090
812265
812275
812295
812348
812511
812702
812810
813077
813544
813581
813583
813624
813625
813642
813718
813928
813978
814015
814119
814139
814327
814416
814449
814516
814536
814543
814606
814628
814726
814757
814772
814814
814822
814831
814987
815015
815141
815142
815359
815458
815482
815767
815956
815974
816244
816254
816310
816402
816498
816661
816670
816689
816702
816793
816830
816932
816989
817161
817183
817263
817907
817930
818133
818291
818489
818722
818825
818861
818877
819069
819216
819300
819333
819358
819403
819602
819656
819896
819928
819942
820080
820175
820178
820376
820644
820842
820921
820926
821095
821169
821210
821242
821261
821309
821419
821833
821839
821889
821953
822050
822264
822300
822311
822345
822378
822504
822755
822792
822888
822897
822998
823082
823206
823322
823407
823606
823735
823765
824077
824094
824157
824194
824314
824332
824393
824882
824887
825373
825468
825566
825621
825885
825902
825980
826021
826085
826180
826798
827171
827212
827511
827512
827555
827563
827689
827711
827747
827782
827938
827997
828080
828085
828241
828280
828287
828309
828378
828505
828596
828835
829156
829297
829374
829440
829525
829711
829711
829712
829730
829735
829748
829935
829949
829986
830080
830335
830694
830749
830754
830759
830989
830997
831259
831269
831387
831413
831469
831555
831671
831680
831727
831774
831793
832010
832142
832165
832223
832439
832489
832645
832647
832769
832817
832878
833158
833208
833395
833439
833449
833496
833539
833633
833837
833889
834018
834334
834398
834817
834840
834887
834979
835085
835475
835482
835685
835692
835731
835776
835854
835949
836164
836176
836183
836220
836321
836361
836371
836461
836502
836509
836544
836554
836596
836661
836729
836783
836796
836817
837074
837212
837276
837325
837556
837570
837589
837616
837693
837704
838003
838485
838508
838672
838770
838784
838869
838898
839166
839192
839247
839357
839360
839402
839459
839515
839556
839711
839745
839808
839897
839938
840115
840295
840415
840463
840468
840501
840629
840755
840941
840950
841019
841088
841117
841230
841248
841345
841414
841421
841591
841605
841698
841740
841750
841827
841950
841989
842064
842156
842179
842190
842236
842241
842269
842315
842432
842435
842451
842492
842757
842995
843025
843146
843157
843201
843220
843229
843238
843241
843262
843262
843265
843317
843373
843399
843414
843492
843583
843614
843788
844056
844130
844154
844162
844286
844353
844389
844396
844555
844725
844837
844865
844870
844982
845367
845577
845642
845659
845679
845992
846340
846395
846396
846511
846765
846873
847079
847120
847306
847398
847406
847609
847755
847817
848019
848041
848084
848263
848287
848313
848426
848508
848527
848574
848632
848633
849122
849143
849144
849243
849248
849280
849281
849327
849380
849433
849454
849459
849625
849868
849894
849922
850031
850077
850217
850530
850558
850665
850767
850832
850991
851155
851207
851521
851555
851688
851832
851938
852386
852393
852424
852463
852581
852610
852645
852660
852707
852710
852856
852904
852940
852948
852959
852972
852997
853073
853234
853292
853735
853896
853936
853938
854025
854038
854198
854221
854531
854717
854758
854822
854964
855171
855436
855495
855535
855656
855745
855765
855774
855940
856002
856098
856134
856167
856236
856241
856289
856329
856332
856335
856404
856419
856460
856645
856713
856742
856939
857092
857207
857238
857276
857377
857579
857743
857763
857961
857995
858265
858398
858502
858681
858682
859083
859091
859153
859347
859387
859585
860114
860287
860319
860452
860592
860745
860751
860755
860771
861107
861247
861667
861698
861769
861773
861846
861930
862359
862510
862825
862965
863024
863026
863076
863265
863320
863433
863471
863897
864010
864076
864419
864424
864562
864772
864897
864984
865119
865283
865310
865414
865419
865462
865474
865482
865498
865546
865583
865942
866346
866413
866418
866625
866719
866804
867242
867450
867772
867814
868279
868388
868523
868607
868627
868676
868686
868776
868867
868953
868969
869272
869297
869408
869465
869529
869730
869797
869849
869880
870222
870525
870684
870831
870849
871026
871118
871208
871334
871342
871365
871582
871658
871718
871844
871901
872027
872145
872178
872319
872337
872437
872441
872557
872593
872596
872861
873108
873126
873471
873514
873679
873685
874283
874410
875030
875149
875182
875291
875336
875351
875379
875793
876026
876106
876112
876120
876164
876204
876614
876768
876802
876870
876968
877255
877295
877296
877515
877554
877610
877650
877688
877823
877869
878032
878049
878148
878152
878455
878470
878562
878588
878630
878699
878837
878864
878892
879034
879117
879181
879224
879291
879316
879344
879452
879623
879793
879863
879916
879928
880015
880099
880131
880318
880432
880499
880549
880626
880716
880747
880794
880906
881081
881087
881273
881342
881632
881668
881684
881785
881865
881913
881963
882037
882171
882374
882521
882628
882657
882670
882684
882755
882843
882959
883190
883254
883255
883259
883410
883701
884002
884004
884062
884209
884302
884337
884342
884388
884552
884766
885000
885096
885284
885339
885380
885475
885533
885557
885622
885677
885719
885760
885963
886070
886290
886586
886738
886849
887204
887342
887405
887407
887540
887629
887695
887766
887840
887880
887910
888193
888228
888253
888277
888483
888563
888572
888633
888889
888897
889180
889357
889589
889697
889722
889978
889996
890015
890211
890296
890349
890401
890469
890552
890599
890740
890793
890887
890924
890995
891078
891205
891234
891340
891647
891686
891855
891937
891955
892050
892133
892160
892706
892880
892936
892986
892994
893042
893317
893322
893384
893392
893633
893676
893853
893924
893999
894011
894097
894164
894179
894267
894329
894418
894453
894756
894763
894829
894843
894950
894961
895140
895408
895522
895597
895693
895803
895837
896015
896020
896131
896225
896272
896321
896528
896668
896682
896752
896843
896846
896902
897087
897092
897150
897177
897478
897491
897495
897508
897600
897980
897998
898030
898128
898164
898226
898357
898776
898935
899020
899154
899214
899481
899581
899834
899846
899943
899972
900011
900050
900347
900415
900499
900534
900578
900628
900748
901527
901632
901846
902025
902036
902051
902243
902602
902669
902708
902774
902820
902830
902887
903066
903134
903191
903229
903363
903406
903485
903494
904081
904282
904298
904367
904532
904612
904638
904747
904866
904913
905005
905056
905164
905571
905632
905702
905703
905715
905778
905791
905855
905952
906014
906026
906126
906134
906184
906378
906401
906452
906510
906533
906540
906673
906739
907081
907529
907611
907645
907866
908083
908110
908308
908363
908602
908670
908738
909150
909159
909168
909177
909408
909480
909575
909926
910002
910142
910231
910251
910280
910291
910309
910471
910524
910719
910792
910819
910893
910954
911114
911209
911382
911419
911740
911942
912166
912234
912327
912534
912737
912789
912943
913053
913341
913385
913402
913499
913704
913744
913902
913983
914040
914099
914144
914262
914323
914428
914524
914558
914787
914823
914900
914917
915069
915128
915166
915373
915490
915496
915522
915636
915699
915728
915793
915797
916308
916332
916547
916862
917018
917026
917096
917124
917409
917604
917639
917737
917856
917963
918013
918035
918412
918485
918539
918650
918676
919016
919059
919226
919238
919324
919377
919388
919574
919953
920238
920341
920412
920478
920639
920721
921014
921241
921367
921433
921605
921712
921738
921830
921994
922022
922060
922189
922214
922235
922329
922333
922421
922622
922658
922702
922724
922812
922842
922986
923023
923044
923054
923165
923314
923328
923716
923747
923826
924180
924245
924363
924369
924584
924877
924879
924972
925056
925201
925260
925437
925507
925519
925522
925595
925649
925658
925684
925976
926018
926041
926085
926308
926321
926396
926555
926579
926625
926742
926954
926956
927156
927265
927277
927351
927366
927639
927720
927773
927828
927854
927901
927946
928059
928214
928223
928224
928250
928297
928333
928447
928447
928842
929015
929018
929025
929392
929547
929647
929703
929809
929993
930183
930346
930359
930423
930585
930598
930708
930790
930903
930904
930969
931248
931280
931282
931298
931343
931418
931465
931507
931530
931546
931578
931696
931905
932031
932151
932213
932328
932356
932448
932634
932689
932713
932740
932783
932804
932872
932936
933137
933233
933297
933401
933428
933520
933602
933614
933696
933732
933804
933814
933869
934008
934139
934267
934293
934438
934514
934657
934660
934716
934724
934948
935199
935312
935328
935379
935397
936034
936616
936758
936837
936861
936929
936947
937542
937547
937592
937776
937878
938032
938071
938444
938625
938676
938824
939152
939200
939243
939284
939473
939602
939749
939795
939974
940097
940186
940215
940229
940256
940454
940542
940832
940908
940929
941009
941098
941187
941361
941639
941709
941858
941896
942102
942125
942316
942514
942560
942603
942701
942745
942836
943199
943202
943241
943301
943470
943578
943591
943664
943687
943815
944146
944209
944261
944272
944392
944483
944640
944716
944717
944782
944818
944879
945167
945263
945339
945633
945634
945696
945712
945761
945773
946016
946017
946045
946516
946586
946809
946932
947002
947094
947162
947237
947257
947261
947372
947424
947708
947711
947904
947931
947936
948088
948162
948233
948253
948254
948340
948384
948424
948484
948517
948532
948621
948775
948778
949021
949315
949480
949606
949791
949860
949937
949939
949945
949980
950065
950152
950252
950274
950368
950409
950446
950456
950499
950550
950575
950617
950812
950901
951157
951644
951648
951737
952013
952028
952049
952133
952322
952336
952371
952445
952544
952563
952655
952664
952734
952761
952786
953055
953071
953082
953148
953222
953225
953257
953300
953451
953510
953855
954206
954243
954336
954369
954380
954381
954409
954593
954936
954943
954965
955091
955266
955379
955400
955445
955501
955516
955571
956013
956145
956169
956175
956279
956336
956431
956725
956726
956886
956960
957110
957114
957262
957278
957470
957482
957661
957976
957992
958358
958466
958466
958671
958718
958743
958809
958866
958873
958911
958946
959083
959136
959250
959702
959855
959863
960146
960334
960387
960711
960775
960831
961119
961153
961188
961550
961618
961631
961680
961759
961939
962028
962099
962194
962215
962389
962391
962402
962424
962458
962523
962642
962766
962983
963054
963072
963219
963220
963553
963581
963590
963616
963622
963702
963797
963921
964202
964210
964250
964357
964453
964489
964775
964779
964842
964848
964981
965058
965151
965159
965299
965447
965526
965601
965712
965775
965984
966023
966049
966327
966330
966435
966822
966867
967026
967312
967353
967377
967419
967456
967551
967552
967659
967690
967707
967714
967737
967784
967883
967885
968029
968619
968708
968816
968840
968985
968991
968991
969042
969103
969107
969144
969330
969369
969566
969571
969583
969585
969676
969681
969806
969834
969838
970233
970388
970396
970492
970507
970602
970719
970916
971102
971488
971587
971797
971823
971831
971957
972413
972523
972579
972706
972808
972905
972978
973029
973160
973161
973326
973339
973381
973418
973614
973632
973705
973865
973907
973932
973959
974281
974348
974377
974512
974568
974751
975095
975275
975366
975393
975423
975539
975648
975694
975815
975918
975977
975983
976154
976361
976380
976525
976611
976773
977284
977315
977318
977426
977647
977670
977689
977760
977838
977885
977916
978195
978366
978443
978471
978816
978817
978847
978906
979071
979257
979261
979307
979474
979536
979644
979656
979805
979827
979916
979955
980040
980122
980244
980260
980673
981061
981124
981161
981264
981363
981385
981440
981601
981602
981733
981883
981885
981918
982198
982211
982410
982536
982673
983003
983155
983243
983297
983512
983560
983594
983840
983902
984157
984268
984279
984339
984438
984452
984491
984496
984650
984690
984704
984805
984977
985033
985302
985630
985662
985821
985947
986198
986287
986458
986487
986524
986600
986784
986860
986920
986944
986965
986969
987108
987122
987259
987620
987694
987803
987833
987853
987897
988138
988469
988575
988796
988852
989467
989471
989504
989516
989629
989752
989769
989840
989848
989894
989961
990029
990158
990172
990308
990353
990424
990467
990474
990553
990632
990742
990754
990922
991063
991089
991125
991359
991467
991490
991522
991533
991585
991750
991835
991889
991925
991976
992166
992284
992462
992600
992836
992894
992957
992957
992969
993138
993288
993368
993458
993505
993594
993625
993646
993853
994105
994147
994220
994548
994618
994630
994685
994914
995000
995002
995058
995209
995238
995251
995264
995344
995375
995413
995429
995617
995715
995720
995843
995857
996242
996267
996386
996576
996582
996664
996814
996824
996842
996880
996929
997018
997233
997349
997557
997881
997998
998041
998305
998334
999075
999210
999255
999568
999694
999833
999858
999925
