140
317
424
426
431
436
512
520
662
811
922
1064
1224
1272
1468
1684
1773
2204
2342
2398
2534
2548
2580
2607
2664
2743
2855
2887
3061
3170
3350
3725
3983
4128
4201
4316
4325
4499
4755
4819
5116
5134
5202
5546
5671
5988
6491
6640
6646
6780
6840
6919
6926
6930
7156
7231
7366
7827
7941
7960
8121
8151
8310
8747
8961
9111
9223
9329
9348
9355
9478
9663
9761
9842
10096
10194
10404
10502
10569
10605
10722
10732
10770
10904
11099
11406
11438
11504
11593
11828
11933
12275
12317
12358
12637
12866
12948
12983
13056
13122
13173
13234
13245
13249
13616
13637
13659
13690
13872
13899
13918
13939
13965
14045
14092
14229
14476
14521
14577
14713
14892
14909
14930
14936
14953
15035
15099
15106
15141
15239
15293
15293
15294
15598
15805
15818
15898
16193
16203
16228
16236
16302
16450
16464
16527
16724
16964
17021
17069
17073
17135
17351
17360
17465
17684
17904
18121
18153
18163
18267
18497
18653
18705
18746
18964
18997
18997
19218
19232
19437
19521
19608
19804
19973
20216
20246
20455
20456
20703
20739
20860
20930
21075
21554
22076
22088
22183
22206
22356
22369
22402
22402
22408
22498
22499
22503
22572
22834
23013
23057
23099
23135
23157
23166
23258
23278
23303
23374
23441
23492
23643
23736
23857
23896
23950
24103
24142
24149
24299
24310
24357
24366
24370
24375
24449
24484
24698
24738
24762
24787
24855
24882
24908
24915
24980
24984
24991
25048
25069
25091
25465
25607
25665
25772
25797
25932
25944
26087
26179
26218
26245
26275
26385
26428
26726
26843
26884
26977
27029
27037
27253
27313
27417
27659
27802
27848
28047
28095
28187
28194
28256
28378
28539
28557
28650
28663
28672
28705
28735
28828
28906
28985
29428
29606
30134
30143
30292
30378
30399
30751
30795
31338
31341
31441
31551
31567
31818
31894
31978
32013
32312
32393
32428
33013
33218
33223
33282
33386
33502
33597
33633
33768
33774
33832
33851
33857
34074
34348
34606
34610
34671
34701
34800
34853
34965
35024
35124
35182
35407
35425
35432
35516
35544
35620
35783
35810
35886
36113
36217
36299
36417
36441
36451
36555
36572
36581
36814
36869
36912
37053
37063
37091
37298
37565
37708
37726
37922
37952
38464
38470
38536
38581
38658
38846
38978
39025
39040
39183
39194
39268
39340
39427
39470
39520
39550
39661
39681
39695
39758
39893
39912
39993
40079
40092
40133
40144
40287
40319
40798
40809
40842
40858
40959
41002
41035
41092
41131
41206
41211
41273
41427
41553
41623
41956
42035
42042
42116
42179
42214
42362
42624
42655
42669
42679
42688
42756
42845
42851
42928
42993
43025
43036
43089
43266
43368
43587
43890
44013
44166
44177
44208
44331
44416
44563
44737
44781
44809
44872
44951
45029
45153
45187
45193
45289
45400
45610
45638
45717
45843
45902
46089
46112
46118
46259
46341
46511
46519
46721
46797
46939
46945
46985
47083
47118
47346
47432
47624
47690
47733
47801
47842
47864
47990
48090
48188
48257
48335
48359
48416
48546
48696
48728
48864
48966
48978
49178
49276
49279
49349
49411
49454
49626
49627
49710
49832
49881
50031
50113
50280
50362
50437
50573
50579
50592
50720
50767
50929
51189
51292
51633
51816
51956
51964
51967
52178
52186
52252
52414
52553
52595
52677
52782
52796
52953
52961
53036
53122
53334
53469
53478
53657
53753
53830
53904
54103
54433
54510
54541
54645
54668
54691
54696
54751
54826
55043
55095
55176
55229
55274
55385
55596
55756
55846
55863
55903
56058
56120
56152
56242
56247
56251
56281
56318
56353
56382
56408
56543
56700
56744
56768
56884
56959
57009
57019
57154
57296
57440
57498
57624
57626
57676
57720
57729
57932
57942
57955
58003
58008
58022
58126
58157
58197
58310
58352
58497
58514
58523
58567
59395
59704
59710
59732
59784
59952
60158
60164
60202
60262
60280
60303
60532
60543
60608
60776
60810
61211
61226
61289
61289
61358
61594
61607
61647
61669
61779
61899
62059
62067
62092
62200
62303
62461
62620
62653
62879
62925
63103
63106
63179
63216
63482
63509
63645
63677
63715
63742
63768
63778
63818
63855
63961
64004
64132
64338
64363
64505
64682
64732
64735
64798
64802
65018
65090
65092
65116
65142
65305
65333
65574
65705
65730
65854
65989
65997
65999
66039
66143
66171
66329
66455
66579
66803
66966
67027
67048
67082
67098
67184
67532
67688
67701
68099
68284
68383
68537
68576
68607
69027
69764
69820
69849
69893
69921
69922
69946
69993
70071
70101
70101
70262
70362
70652
70762
70820
70996
71178
71184
71198
71234
71302
71672
71748
71806
71893
71919
71990
72008
72089
72091
72204
72424
72516
72620
72632
72640
72729
72746
72881
72883
72967
72971
72984
72994
73065
73187
73329
73415
73442
73459
73498
73508
73518
73569
73581
73819
74030
74237
74263
74291
74331
74418
74816
74836
74842
74922
74964
74972
75274
75308
75504
75542
75564
75603
75643
75808
75838
75855
75959
75960
76062
76090
76755
76871
77101
77204
77290
77318
77379
77393
77521
77608
77909
77997
78095
78146
78299
78327
78555
78615
78862
78917
78921
79202
79274
79294
79301
79312
79322
79551
79629
79636
79639
79803
79841
79987
80062
80159
80268
80304
80533
80538
80624
80948
81087
81143
81266
81337
81358
81365
81549
81557
81559
81589
81645
81733
81755
81777
81874
81964
81982
82031
82178
82370
82397
82486
82513
82520
82524
82561
82647
82667
82673
83030
83200
83250
83342
83440
83486
83500
83787
83835
83880
84022
84072
84134
84423
84476
84585
84595
84965
84976
84995
85027
85125
85224
85237
85348
85556
85707
85797
85828
86022
86031
86147
86235
86276
86354
86378
86397
86454
86774
86799
86899
87064
87187
87273
87315
87351
87461
87629
87778
87815
87888
87971
88101
88130
88197
88265
88311
88383
88459
88461
88478
88531
88540
88571
88574
88690
88945
88998
89176
89450
89498
89537
89629
89675
89892
89904
89907
90088
90206
90333
90359
90497
90547
90646
90699
90733
90780
90833
91024
91044
91087
91260
91397
91619
91652
91660
91739
91745
91825
91969
92009
92101
92194
92293
92319
92333
92398
92475
92896
93154
93233
93246
93437
93480
93651
93676
93804
93921
93944
93950
94170
94194
94232
94299
94334
94423
94521
94803
94829
95020
95189
95280
95317
95642
95744
95748
95787
95846
95873
95893
95925
95926
95930
96196
96317
96608
96628
96826
96865
96931
96932
97170
97171
97215
97426
97444
97551
97575
97900
98035
98173
98198
98275
98421
98478
98536
98554
98577
98578
98703
98950
99077
99120
99164
99233
99364
99458
99609
99629
99743
100086
100204
100332
100514
100554
100617
101044
101101
101309
101445
101447
101458
101474
101513
101660
101676
102226
102315
102633
102696
102788
102863
102982
103039
103061
103116
103149
103497
103835
103879
103905
104083
104646
104733
104773
104781
104964
105009
105131
105211
105260
105285
105447
105710
105763
105898
105977
106000
106004
106136
106300
106551
106762
106800
106892
106909
106982
107053
107062
107400
107454
107519
107556
107623
107842
107982
108324
108405
108577
108579
108594
108616
108996
108999
109174
109197
109246
109432
109453
109486
109502
109787
109923
109943
109994
110263
110515
110533
110576
110614
110618
110674
110710
110759
110858
110903
110908
111043
111108
111252
111392
111737
111834
112058
112094
112254
112257
112497
112717
112897
112931
112937
113041
113091
113149
113223
113258
113320
113599
113709
113831
113909
114181
114634
114768
114831
114905
114927
114940
115038
115090
115134
115190
115191
115308
115341
115378
115827
115937
115967
115989
116033
116152
116383
116412
116440
116532
116627
116661
116681
116807
116936
116954
116960
117100
117124
117350
117660
117668
117841
117875
117901
118205
118287
118441
118475
118531
118813
119124
119135
119144
119266
119416
119467
119523
119606
119703
119852
119885
120047
120069
120157
120168
120490
120502
120523
120573
120594
120662
120807
120833
120982
121140
121184
121187
121230
121555
121932
121998
122113
122295
122471
122901
122920
122998
123075
123109
123113
123133
123190
123206
123212
123471
123718
123826
123835
124123
124144
124164
124294
124446
124512
124591
124716
124760
124973
125027
125192
125316
125383
125580
125674
125750
125789
125853
125886
125905
126189
126281
126297
126324
126386
126393
126443
126542
126546
126635
126760
126788
126804
126843
126903
127261
127360
127404
127407
127539
127641
127784
128286
128301
128352
128358
128371
128449
128450
129275
129347
129415
129522
129666
129694
129717
129718
129730
129769
129885
130014
130184
130327
130329
130491
130554
130621
130647
130770
130785
130857
130990
131449
131733
131946
131997
132003
132012
132027
132126
132223
132333
132358
132374
132509
132534
132565
132601
132628
132719
132987
133033
133050
133353
133381
133448
133573
133802
133827
133894
133960
134025
134090
134161
134219
134316
134380
134493
134747
134760
134831
134910
134958
134963
135047
135210
135236
135564
135594
135633
135751
135852
135881
135891
135961
136036
136055
136062
136202
136286
136314
136415
136636
136644
136827
136964
137050
137076
137108
137228
137315
137344
137510
137514
137517
137697
137713
137811
138179
138222
138238
138263
138274
138324
138415
138434
138463
138522
138538
138685
138749
138841
139216
139235
139240
139467
139639
139675
139683
139871
139878
140132
140295
140443
140472
140500
140516
140564
140625
140821
140832
140853
140919
140982
141115
141173
141342
141440
141470
141498
141550
141565
141620
141948
141975
142215
142258
142314
142376
142535
142566
142568
142607
142658
142728
142853
142928
142970
142982
143040
143143
143143
143463
143539
143629
143704
143794
143908
143935
143968
144190
144605
144752
144804
144827
144864
144870
145218
145241
145266
145384
145408
145466
145501
145515
145549
145640
145785
145834
145948
146083
146095
146152
146196
146258
146294
146357
146449
146776
147075
147140
147399
147402
147458
147482
147484
147680
147680
147790
147875
147951
148306
148384
148480
148685
148749
149035
149227
149263
149345
149461
149602
149785
149920
149972
150049
150065
150070
150241
150245
150280
150290
150410
150512
150576
150654
150885
150937
151089
151383
151389
151404
151410
151413
151476
151538
151944
152104
152243
152414
152435
152446
152651
152694
152953
153027
153036
153122
153185
153285
153418
153674
153806
154011
154124
154129
154285
154343
154357
154387
154442
154527
154527
154527
154765
154807
154809
154840
154851
154872
154997
155288
155721
155751
155819
155911
156066
156134
156271
156281
156383
156416
156469
156502
156512
156571
156891
156990
157070
157364
157504
157568
157657
157748
157980
158052
158060
158283
158343
158456
158476
158917
158939
159083
159124
159247
159301
159372
159386
159393
159601
159751
159755
159762
160175
160177
160191
160199
160669
160775
161027
161090
161203
161265
161341
161975
162006
162077
162195
162216
162270
162302
162428
162747
162776
162853
162869
163025
163132
163175
163339
163538
163560
163610
163636
163652
163657
163659
163680
163714
163859
163940
163948
164048
164069
164127
164159
164259
164346
164371
164387
164437
164475
164526
164572
164684
164696
164785
164915
164962
165180
165396
165446
165474
165490
165521
165943
166019
166026
166226
166235
166471
166524
166526
166772
166824
167030
167211
167214
167278
167363
167565
167707
167943
167954
168179
168182
168240
168429
168457
168665
168876
169201
169328
169441
169551
169708
169789
169883
169896
169947
169996
170021
170075
170263
170431
170677
170697
170742
170825
171077
171098
171149
171302
171459
171614
171697
171782
171790
171933
171948
171970
172058
172084
172385
172435
172608
172742
172786
172812
172864
172985
173187
173229
173274
173445
173476
173518
173799
173840
174010
174274
174352
174367
174545
174757
174777
174831
174836
174937
174972
175111
175316
175424
175658
175696
175735
175791
175856
175863
176050
176125
176141
176416
176430
176529
176559
176691
176975
177231
177334
177418
177467
177732
178070
178362
178602
178634
178714
178759
178774
178787
178861
178945
179292
179303
179373
179448
179566
179692
179757
179859
179906
179944
180012
180029
180106
180403
180435
180439
180477
180518
180546
180847
181289
181486
181553
181577
181618
182030
182142
182228
182270
182275
182413
182456
182492
182733
182966
182980
183045
183153
183257
183296
183351
183432
183509
183572
183898
184014
184016
184096
184215
184279
184317
184418
184703
184764
184793
184834
185064
185185
185221
185544
185703
185772
185834
186078
186293
186342
186358
186547
187024
187122
187122
187155
187218
187303
187345
187347
187368
187497
187615
187629
187675
187691
187840
188169
188270
188284
188478
188482
188512
188897
189042
189162
189233
189354
189373
189464
189492
189515
189545
189550
189643
189648
189820
190234
190297
190305
190393
190666
190768
191041
191095
191132
191261
191298
191468
191483
191582
191584
192005
192267
192294
192354
192399
192650
192722
192789
192830
192954
193061
193076
193093
193219
193480
193502
193628
193707
193793
193863
193909
194030
194600
194667
194704
194794
194967
195021
195164
195182
195241
195300
195341
195766
195817
195876
196046
196074
196078
196302
196429
196460
196527
196678
196686
196778
196790
196971
197014
197149
197173
197224
197282
197314
197381
197479
197656
197702
197838
197920
197950
197975
198034
198170
198198
198391
198393
198419
198746
198896
198946
199015
199094
199309
199324
199594
199601
199626
199634
199655
199750
199844
199909
200063
200168
200301
200346
200377
200470
200577
200726
200727
200878
201086
201134
201335
201500
201572
201575
201743
201989
202014
202115
202122
202146
202180
202206
202267
202323
202371
202395
202660
202699
202702
202707
202832
202908
203050
203084
203242
203315
203363
203408
203475
203535
203546
203614
203748
203778
203948
204013
204146
204148
204212
204338
204625
204677
204712
204794
204824
205116
205535
205548
205644
205745
205844
205984
206056
206266
206359
206737
206761
206808
207001
207045
207697
207847
207889
208076
208079
208091
208124
208431
208577
208706
208722
208798
208972
209040
209084
209211
209266
209336
209435
209628
209747
209753
209792
209850
209947
210044
210060
210064
210143
210145
210150
210401
210413
210478
210551
210640
210685
210902
211070
211130
211280
211471
211481
211552
211797
211962
212016
212436
212447
212523
212703
212715
212869
212975
213056
213076
213102
213107
213201
213214
213269
213441
213442
213473
213493
213587
213677
213687
213704
213869
213980
214136
214242
214275
214388
214465
214560
214768
214803
214848
215111
215342
215526
215630
215771
215991
216162
216301
216408
216451
216572
216613
216657
216730
216840
216878
216930
217163
217201
217253
217261
217456
217458
217590
217607
217636
217775
217847
217860
218038
218043
218198
218235
218255
218346
218480
218496
218535
218619
219377
219422
219800
219941
220282
220322
220777
220793
221071
221164
221237
221251
221269
221356
221435
221535
221615
221629
221750
221765
222056
222116
222418
222469
222495
222579
222598
222600
222641
222767
222794
222800
222965
223112
223139
223183
223239
223257
223416
223439
223645
223722
223730
223763
224136
224236
224299
224414
224591
224652
224716
224733
224743
224892
224894
225039
225056
225121
225244
225380
225574
225706
225714
225735
225794
225959
226045
226289
226460
226493
226573
226583
226676
226764
226858
226926
226976
227066
227316
227331
227347
227623
227920
227955
228031
228517
228804
228822
228905
228910
229082
229262
229302
229386
229429
229477
229595
229703
229760
229827
230022
230161
230184
230308
230441
230569
230757
230800
230885
231012
231423
231441
231560
231937
231984
232021
232073
232188
232447
232827
233028
233071
233355
233401
233419
233770
233854
233911
234020
234133
234178
234279
234285
234287
234293
234374
234395
234477
234663
234743
234765
234810
234824
234945
235110
235196
235321
235482
235492
235656
235792
236154
236214
236251
236884
237033
237520
237637
237670
237718
237815
238054
238057
238191
238297
238482
238577
238658
238684
238701
238739
238768
238813
238908
238927
239213
239285
239363
239548
239643
239921
239991
240047
240238
240239
240242
240472
240679
240703
240754
240821
241068
241076
241079
241228
241330
241443
241576
241666
241692
241835
241924
241932
241948
242075
242229
242371
242574
242715
242769
242784
242789
242846
242903
242923
242958
243001
243021
243031
243105
243250
243330
243410
243484
243551
243569
243685
243728
243769
244265
244281
244383
244431
244489
244527
244589
244651
244711
244774
244796
244833
244888
244916
245043
245175
245372
245477
245485
245690
245941
245977
246110
246230
246254
246277
246283
246390
246453
246553
246846
246867
246938
247241
247703
247811
247863
247867
247877
248029
248073
248126
248224
248252
248672
248718
248718
248771
248843
249196
249267
249291
249321
249490
249702
249796
249879
250007
250063
250113
250164
250346
250386
250476
250563
250596
250732
250759
250796
250804
250870
250977
251127
251202
251246
251378
251641
251654
251668
251715
251725
251743
251753
252032
252155
252227
252319
252339
252481
252623
252762
252766
252771
252781
252828
252907
253081
253157
253165
253365
253631
253739
253785
253790
253816
253879
253999
254012
254179
254203
254351
254382
254414
254581
254613
254655
254784
254804
254828
254917
255156
255261
255360
255602
255683
255751
255963
256027
256271
256459
256648
256673
256753
256953
256971
257069
257131
257328
257361
257519
257539
257599
257630
257875
258033
258221
258252
258312
258372
258430
258467
258578
258585
258590
258594
258609
258812
259066
259393
259434
259501
259538
259646
259785
259849
260007
260015
260100
260259
260381
260388
260427
260432
260477
260877
261003
261192
261499
261547
261633
261651
261719
261756
261759
261955
262054
262113
262224
262353
262501
262620
262746
262775
262851
262880
263223
263289
263293
263437
263512
263713
263913
263947
263971
264001
264006
264043
264070
264101
264494
264540
264541
264691
264765
265152
265169
265267
265275
265283
265335
265365
265385
265432
265652
265916
265919
265990
265990
266100
266185
266217
266407
266440
266520
266552
266700
266906
266942
267020
267147
267202
267263
267278
267560
267826
267899
268114
268221
268248
268251
268264
268386
268538
268579
268594
268604
268671
268829
268912
268922
268942
269032
269088
269163
269282
269300
269364
269709
269736
269832
269901
269953
270233
270470
270489
270550
270559
270563
270570
270604
270835
270877
270981
271029
271039
271251
271369
271439
271528
271540
271598
271623
271886
271966
272006
272094
272096
272104
272194
272240
272249
272552
272694
272834
272854
273007
273054
273122
273214
273454
273557
273756
273924
273962
273972
274061
274093
274128
274143
274354
274416
274909
274944
275036
275113
275119
275178
275450
275494
275723
275792
275996
276002
276005
276042
276079
276109
276198
276256
276311
276356
276358
276470
276474
276554
276622
276859
276900
276947
276965
276972
276975
277003
277050
277222
277232
277321
277414
277517
277719
277769
277809
277830
277906
277920
277988
278077
278134
278223
278263
278358
278417
278945
279144
279164
279202
279365
279554
279564
279964
280023
280084
280348
280461
280466
280638
280639
280922
281159
281230
281283
281378
281663
281839
281840
282080
282128
282201
282370
282423
282480
282547
282687
282808
282867
283010
283102
283119
283170
283367
283383
283392
283493
283503
283581
283670
283749
283827
283862
283916
284001
284187
284241
284382
284644
284713
284714
284823
284823
284846
285014
285149
285158
285215
285377
285392
285543
285551
285586
285602
285766
286122
286210
286256
286313
286315
286395
286412
286506
286531
286599
286605
286627
287177
287183
287214
287231
287256
287304
287629
287768
287799
287936
288004
288065
288091
288204
288301
288335
288349
288396
288473
288609
288759
288783
288820
288831
289155
289174
289415
289512
289561
289612
289659
289820
289917
290160
290296
290306
290311
290403
290433
290449
290461
290530
290634
290644
290863
290980
291244
291447
291469
291490
291499
291679
291692
291882
291890
291967
292039
292312
292407
292476
292541
293324
293407
293497
293561
293609
293627
293737
294033
294190
294208
294383
294403
294474
294581
294581
294628
294761
294884
295011
295082
295143
295358
295398
295440
295590
295616
295664
295696
295800
295840
295853
295940
296071
296091
296182
296192
296194
296488
296645
296799
296911
296987
297252
297307
297649
297711
297744
297814
297838
297948
297958
298045
298248
298657
298686
298914
298962
299168
299306
299406
299408
299434
299499
299516
299599
299640
299788
299795
299815
300006
300096
300175
300204
300219
300231
300286
300324
300345
300615
301057
301098
301131
301385
301691
301999
302102
302221
302506
302596
302731
302902
302973
303278
303300
303353
303665
303669
303777
303853
304266
304390
304443
304748
304757
304760
304853
304989
304990
305095
305099
305234
305449
305639
305669
305695
305819
305837
305884
306039
306169
306185
306337
306373
306580
306633
306703
306751
306868
306942
307131
307335
307349
307445
307486
307584
307942
308057
308282
308294
308512
308651
308715
308730
308734
308917
309393
309644
309730
310039
310089
310130
310213
310332
310367
310493
310504
310544
310547
310669
310721
310728
310846
310899
310912
310916
311099
311374
311384
311393
311570
311604
311641
311719
311852
312213
312363
312382
312589
312648
313023
313082
313082
313246
313658
313681
313761
313935
314099
314230
314314
314403
314603
314871
314990
315094
315106
315143
315468
315532
315567
315627
315710
315729
315759
315833
315868
316105
316108
316348
316410
316717
316940
316965
317173
317284
317315
317446
317553
317618
317683
317706
318045
318056
318157
318704
318874
319098
319148
319176
319275
319404
319581
319745
319775
319874
320163
320345
320444
320591
320617
320631
320831
320992
321321
321380
321539
321658
321868
321873
321945
321967
321995
322018
322413
322779
322796
322926
322928
323068
323128
323229
323499
323527
323657
323746
323787
323803
323915
323971
323974
324022
324276
324486
324609
324634
324702
324818
324909
324967
324984
324990
325046
325296
325378
325444
325753
325812
325854
325916
325932
326046
326080
326190
326195
326258
326313
326428
326474
326555
326637
326646
326658
326720
326758
327007
327104
327220
327356
327406
327830
327906
327917
327939
328131
328255
328288
328347
328451
328653
328711
328722
328839
328841
328843
328909
328977
329167
329460
329733
329773
329773
329810
329839
329886
329916
329963
330035
330054
330240
330259
330268
330270
330309
330332
330564
330597
330601
330676
330812
331088
331175
331348
331631
331637
331638
331731
331845
332313
332355
332687
332770
332864
332923
333035
333098
333114
333117
333119
333155
333375
333615
333952
333981
334101
334182
334256
334553
334613
334689
334770
334820
334996
335053
335068
335129
335183
335297
335589
335812
335951
336192
336497
336535
336628
336654
336736
336896
336938
336952
336960
337237
337713
337714
337893
337912
338052
338176
338239
338384
338441
338675
338817
338907
338974
339308
339358
339391
339499
339524
339620
339629
339698
339737
339794
339817
339844
339873
339891
339963
340043
340172
340269
340413
340488
340562
340682
340748
341325
341343
341369
341444
341594
341824
341984
342030
342075
342308
342349
342444
342618
342711
342744
342768
343026
343044
343132
343321
343386
343514
343568
343627
343701
343844
343947
344117
344195
344229
344260
344341
344342
344387
344396
344488
344497
344587
344758
344820
345038
345133
345159
345172
345172
345235
345255
345316
345402
345464
345499
345558
345678
345955
346138
346233
346342
346470
346722
346725
347055
347138
347207
347376
347408
347453
347600
347637
347687
347955
348092
348226
348246
348326
348330
348364
348453
348499
348521
348597
348748
348903
348918
349263
349320
349338
349401
349644
349765
349836
350162
350432
350452
350648
350669
350789
350930
350962
350985
351071
351138
351449
351450
351523
351549
351602
351607
351705
351899
351935
352011
352051
352078
352081
352092
352369
352480
352486
352586
352613
352719
352721
352763
352981
352985
352987
353019
353153
353201
353259
353538
353540
353759
353811
353967
354031
354074
354100
354127
354154
354507
354571
354913
355128
355153
355156
355383
355703
355931
355960
355995
356006
356153
356260
356309
356353
356425
356461
356496
356539
356617
356747
356882
356902
356926
356970
357030
357064
357271
357317
357438
357451
357761
357762
357906
357908
357930
357988
358024
358048
358234
358251
358254
358349
358396
358467
358583
358680
358685
358697
358703
358724
358819
358944
359140
359176
359324
359346
359486
359545
359565
359582
359789
359930
360005
360075
360147
360162
360243
360250
360264
360395
360456
360670
360764
360887
360893
361214
361343
361344
361412
361521
361526
361531
361596
361952
361978
362046
362207
362211
362260
362660
362811
362875
362918
362923
362973
363117
363151
363181
363227
363323
363348
363383
363536
363825
363948
363977
364175
364289
364319
364416
364535
364604
364660
364763
364855
364903
364971
364991
364994
365064
365105
365164
365768
365937
366034
366042
366061
366124
366195
366204
366417
366585
366679
366709
366725
366904
366908
366925
367101
367206
367211
367245
367251
367333
367341
367377
367403
367720
367739
367782
367941
368023
368072
368447
368460
368475
368512
368721
368919
368932
368959
368961
369206
369217
369220
369279
369421
369610
369693
369697
369738
369750
369765
369855
369856
370042
370043
370065
370079
370091
370098
370174
370230
370471
370644
370700
370750
371228
371451
371749
371768
371833
372014
372035
372371
372418
372430
372511
372536
372683
372805
372875
372910
372931
373114
373133
373175
373281
373290
373398
373516
373656
373785
373788
373883
373909
374018
374316
374554
374577
374604
374708
374779
374787
374793
374882
374944
375143
375233
375511
375523
375588
375688
375724
375912
375962
376066
376188
376196
376300
376308
376309
376545
376553
376635
376650
376747
376750
376924
376978
377010
377019
377061
377281
377327
377343
377372
377512
377622
377656
377837
377909
378020
378216
378225
378319
378482
378757
378794
378819
378839
378893
378935
379021
379027
379096
379222
379252
379381
379384
379621
379988
380006
380072
380273
380330
380469
380487
380524
380551
380650
380697
380725
380754
380827
381239
381432
381446
381518
381536
381554
381747
381908
381939
382060
382403
382561
382795
383123
383195
383213
383219
383269
383335
383352
383574
383750
383839
383883
383906
384010
384088
384147
384191
384419
384442
384512
384577
384716
384878
384921
384982
385210
385369
385392
385428
385452
385574
385648
386074
386191
386278
386303
386373
386428
386600
386667
386923
387001
387224
387242
387244
387276
387382
387384
387448
387780
387877
387916
388186
388358
388626
388754
388831
388958
388993
389031
389072
389123
389191
389281
389297
389435
389502
389563
389599
389599
389645
389789
389829
389945
389995
390009
390106
390111
390199
390580
390585
390790
390790
390814
390856
391034
391148
391150
391179
391345
391446
391538
391656
391711
391730
391785
391914
391969
392087
392107
392147
392157
392239
392453
392629
392671
392694
392829
392913
393085
393243
393313
393497
393653
393834
393895
394121
394134
394177
394410
394533
394604
394981
395038
395213
395258
395530
395879
395984
395995
396140
396177
396385
396431
396509
396515
396567
396844
396851
396992
397136
397197
397378
397436
397460
397534
397628
397641
397649
397690
397810
397832
397863
397936
398018
398107
398373
398460
398470
398686
398890
399318
399494
399895
400006
400288
400376
400404
400578
400656
400761
400844
400902
400916
401028
401483
401635
401790
401858
402000
402053
402192
402334
402365
402380
402433
402451
402459
403039
403141
403165
403261
403297
403328
403365
403559
403768
403871
403894
403903
403930
404030
404176
404597
404676
404692
404701
404953
404981
405156
405250
405258
405353
405462
405467
405588
405680
405748
405815
405856
406317
406324
406388
406526
406559
406697
406754
407014
407128
407596
407863
407901
407907
408116
408213
408277
408294
408315
408414
408446
408663
408751
408752
409096
409181
409203
409269
409466
409480
409480
409650
409754
409913
409918
410025
410026
410149
410177
410326
410381
410585
410654
410679
410705
410753
410768
410955
410973
410980
410984
411144
411190
411203
411494
411508
411671
412045
412070
412314
412712
412893
413051
413174
413297
413505
413743
413914
413933
414224
414249
414316
414347
414441
414466
414539
414788
414882
414917
415014
415314
415387
415412
415457
415472
415724
415740
415745
415752
415916
415945
416089
416325
416492
416504
416595
416962
417213
417326
417492
417611
417614
417617
417617
417791
417846
417881
417939
417986
418053
418096
418165
418312
418353
418353
418402
418511
418512
418685
418709
418900
418915
419057
419070
419107
419152
419216
419256
419312
419466
419489
419577
419617
419757
419814
420025
420181
420931
420943
420955
421174
421235
421583
421730
421826
421943
421958
421976
421996
422021
422103
422233
422627
422701
422796
423125
423155
423181
423369
423491
423514
423665
423686
423712
424040
424059
424093
424093
424331
424416
424452
424493
424626
424629
424660
424781
424815
425045
425175
425178
425187
425278
425334
425362
425416
425487
425542
425567
425712
425749
425849
425884
425982
426020
426191
426399
426619
426623
426843
426873
427002
427154
427205
427228
427230
427272
427419
427467
427492
427531
427558
427595
427733
427825
427889
427925
427982
428031
428056
428241
428277
428346
428358
428558
428577
428654
428694
428700
428966
429021
429044
429064
429252
429266
429291
429304
429400
429459
429464
429526
429543
429673
429792
429822
430337
430404
430455
430982
431005
431151
431236
431298
431406
431477
431483
431697
431987
432062
432288
432339
432389
432432
432457
432499
432937
433068
433099
433118
433145
433272
433291
433357
433387
433410
433493
433553
433624
434413
434444
434704
434799
434827
434873
434922
434972
435040
435124
435255
435351
435362
435370
435382
435515
436202
436289
436332
436389
436597
436785
436872
437005
437258
437275
437317
437534
437540
437737
437757
437778
438064
438160
438177
438197
438209
438379
438433
438465
438532
438814
438947
439270
439368
439393
439464
439638
439651
439959
439971
440158
440284
440567
440579
440760
440936
440983
441186
441289
441383
441476
441523
441573
441622
441643
441704
441923
442045
442142
442198
442421
442732
442797
442897
442901
442978
443038
443308
443462
443595
444095
444108
444509
444610
444649
444729
444803
444808
444817
444865
444977
445057
445252
445259
445387
445442
445529
445598
445633
445651
445689
445983
446100
446115
446144
446144
446184
446193
446318
446701
446853
446950
446974
447159
447303
447318
447321
447468
447511
447549
447593
447698
447701
447776
447810
447881
448050
448102
448117
448192
448206
448243
448294
448451
448772
448776
448884
448898
448972
448983
449028
449041
449109
449379
449409
449500
449753
449851
449930
450036
450088
450121
450189
450285
450357
450412
450433
450467
450601
450622
451124
451387
451420
451514
451615
451621
451754
451841
451864
451937
452028
452249
452284
452407
452459
452758
452780
452990
453011
453289
453330
453414
453500
453539
453679
453742
453762
453851
453857
453863
453889
453906
454059
454116
454177
454216
454245
454280
454406
454447
454532
454663
454669
454729
454753
454773
454858
455018
455061
455343
455669
455674
455738
455774
455809
455833
455868
455898
455973
456055
456247
456280
456363
456609
456762
456781
456860
456898
457006
457173
457244
457272
457285
457483
457802
457888
457992
458029
458128
458214
458453
458501
458519
458587
458730
458740
458780
458884
459019
459051
459119
459123
459134
459151
459232
459254
459280
459290
459327
459375
459376
459463
459561
459596
459613
459670
459952
459992
460049
460257
460381
460414
460470
460481
460711
460713
460915
460935
461058
461202
461217
461218
461281
461565
461626
461641
461673
461754
461782
461950
461953
461978
462068
462104
462161
462215
462318
462448
462507
462547
462592
462681
462699
462729
462803
463115
463202
463303
463327
463342
463476
463490
463562
463646
463687
463719
463740
463762
463765
464004
464047
464191
464191
464202
464223
464367
464455
464569
464582
465106
465153
465260
465295
465308
465608
466212
466219
466247
466349
466490
466589
466601
466629
466746
466844
467120
467267
467384
467666
467715
467749
467810
467978
468035
468389
468416
468457
468594
468640
468696
468817
468838
468853
469101
469207
469220
469224
469365
469480
469579
469664
469671
469846
469967
470070
470071
470175
470272
470597
470630
470940
471004
471130
471423
471474
471592
471912
471943
472124
472175
472271
472299
472374
472378
472598
472615
472641
472951
473108
473185
473211
473232
473382
473403
473418
473432
473623
473662
473838
473848
473861
473909
473962
474151
474400
474468
474541
474559
474689
474701
474924
474939
474962
474984
475009
475105
475381
475435
475482
475597
475657
475713
475729
475822
476017
476148
476216
476299
476302
476498
476718
476847
476999
477064
477129
477240
477332
477374
477406
477613
477733
477930
478055
478148
478163
478243
478254
478287
478299
478351
478415
478491
478688
478979
479231
479651
479971
480072
480291
480428
480662
480789
480935
481037
481207
481375
481788
481845
481913
481925
482043
482411
482478
482546
482822
482836
482907
482909
483016
483083
483162
483259
483389
483551
483577
483661
483915
483972
484177
484336
484552
484566
484613
484695
484753
484775
484790
484880
484885
484988
485046
485109
485118
485829
485880
485910
485952
486093
486364
486439
486506
486641
486887
486991
487063
487251
487304
487775
487871
487991
488183
488210
488254
488293
488297
488494
488573
488574
488846
488882
488882
488974
489106
489132
489134
489213
489304
489352
489777
489833
489896
490080
490096
490432
490520
490699
490751
490853
490874
490921
490935
491195
491417
491556
491610
491626
491664
491760
491797
491879
491910
491921
492045
492075
492246
492302
492353
492458
492537
492813
492871
492970
493130
493243
493550
493693
493710
493801
493825
493891
493906
493970
494060
494155
494201
494468
494532
494819
494993
495273
495345
495493
495533
495825
495826
495834
496368
496401
496432
496453
496547
496736
496873
497017
497296
497427
497467
497672
497692
497776
497823
498070
498497
498501
498722
498907
498931
499051
499063
499124
499176
499182
499199
499284
499306
499312
499334
499342
499394
499679
499727
499819
500163
500169
500722
500738
501142
501265
501364
501406
501478
501600
501710
501743
501880
502035
502038
502070
502131
502158
502302
502334
502468
502702
502764
502786
502983
503068
503439
503486
503628
503673
503804
504322
504427
504475
504490
504538
504574
504620
504693
504740
504860
505013
505032
505083
505095
505236
505254
505657
505740
505950
506003
506137
506277
506399
506594
506698
507057
507091
507113
507173
507210
507356
507530
507624
507874
507995
508051
508129
508291
508390
508512
508569
508759
508954
509170
509277
509318
509377
509563
509610
509734
509927
509938
510163
510425
510467
510508
510729
510796
510823
510994
511138
511204
511207
511244
511445
511516
511568
511668
511987
512000
512062
512144
512259
512344
512353
512359
512453
512519
512525
512594
512656
512705
512947
513204
513232
513282
513303
513314
513380
513391
513647
513659
513923
514007
514222
514260
514361
514446
514565
514661
514871
514973
515002
515003
515022
515063
515077
515115
515125
515138
515231
515351
515736
515853
516000
516013
516217
516444
516504
516507
516655
516799
516886
517047
517177
517188
517542
517594
517722
517739
517949
517951
517978
518233
518554
518658
518919
518951
519082
519096
519201
519334
519384
519395
519437
519666
519716
519724
519773
519879
519894
519903
520029
520086
520133
520252
520258
520387
520411
520469
520470
520504
520556
520598
520615
520622
520737
520899
521012
521048
521066
521113
521345
521536
521899
521952
522026
522051
522106
522208
522347
522389
522393
522414
522559
523125
523341
523371
523520
523534
523625
523688
524023
524043
524199
524223
524314
524446
524501
524553
524756
524929
525167
525173
525211
525282
525292
525399
525424
525441
525508
525608
525611
525618
525663
525733
525954
525955
526075
526227
526256
526328
526329
526375
526528
526718
526742
526891
527032
527094
527193
527362
527511
527592
527713
527952
528066
528123
528273
528285
528350
528401
528436
528517
528562
528576
529004
529122
529155
529208
529346
529349
529383
529437
529513
529540
529668
529724
529735
529918
530035
530193
530529
530597
530733
530805
530925
531115
531240
531441
531522
531683
531715
531877
531988
532040
532213
532246
532302
532315
532332
532445
532468
532609
532659
532744
532756
532807
532944
533181
533252
533326
533426
533469
533583
533597
533660
533754
533792
533912
533995
534031
534095
534161
534266
534335
534492
534644
534739
534766
535097
535116
535262
535570
535600
535612
535735
535741
535771
535777
535896
535936
536085
536181
536194
536217
536230
536233
536691
536722
536907
537032
537175
537282
537310
537478
537479
537523
537554
537628
537671
537828
537886
538087
538231
538327
538677
538766
538859
539020
539048
539055
539107
539121
539629
539637
539733
539783
539912
540063
540080
540080
540125
540217
540324
540360
540450
540560
540582
540590
540633
540645
540649
540688
540761
540762
541006
541106
541125
541144
541153
541270
541345
541366
541521
541559
541720
541785
541832
542060
542183
542219
542238
542292
542403
542431
542452
542462
542526
542707
542785
542795
542841
542842
543075
543077
543104
543175
543223
543338
543351
543379
543436
543760
543817
543826
543872
543878
543971
544097
544136
544142
544338
544363
544475
544743
544766
544933
544957
544961
544964
545095
545103
545160
545485
545573
545750
545832
545864
545892
545948
545977
546024
546036
546052
546062
546077
546179
546247
546362
546454
546505
546538
546680
546723
547033
547201
547205
547223
547342
547390
547440
547495
547497
547570
547616
547678
547823
547823
547855
547945
548412
548631
548636
548682
548726
548849
548897
549054
549125
549171
549257
549271
549329
549377
549468
549890
549910
549984
550059
550256
550342
550342
550376
550377
550589
550606
550662
550733
550740
550773
550777
550888
551272
551540
551623
551932
551965
552024
552224
552251
552342
552434
552517
552555
552673
552675
552706
552911
553112
553127
553157
553440
553453
553506
553524
553529
553548
553734
553762
553961
554122
554157
554502
554619
554759
555097
555103
555107
555237
555365
555391
555500
555542
555557
555581
555593
555831
555941
556014
556016
556054
556090
556206
556217
556540
556769
556872
556935
557009
557169
557169
557287
557313
557596
557842
558210
558252
558275
558560
558712
558779
558959
559322
559332
559644
559767
559796
559829
559896
559905
559908
560044
560066
560124
560243
560280
560572
560612
560622
560676
560792
560932
560961
561123
561158
561402
561407
561411
561677
561751
561863
561937
562175
562214
562526
562584
562806
562917
563496
563542
563602
563701
563817
564070
564201
564235
564505
564686
564719
564752
564801
564810
564968
565073
565082
565189
565887
565943
565952
565978
565983
566139
566186
566213
566254
566258
566332
566344
566405
566459
566583
566617
566666
566714
566931
567022
567128
567242
567245
567547
567638
567693
567850
567953
568128
568418
568496
568513
568818
568836
568949
569018
569082
569122
569174
569191
569330
569410
569476
569551
569568
569676
569814
569875
569905
570051
570054
570093
570354
570419
570434
570472
570721
571123
571206
571266
571396
571414
571418
571513
571572
571584
571615
571657
571687
571699
571769
572092
572217
572463
572587
572613
572646
572774
573106
573357
573558
573862
573946
573962
573968
573968
574121
574160
574350
574636
574911
574911
574917
575008
575154
575157
575191
575221
575255
575403
575498
575734
575860
575891
575963
576003
576127
576233
576437
576558
576610
576843
577023
577027
577183
577183
577191
577430
577438
577659
577897
577971
578001
578128
578227
578228
578341
578631
578635
578724
578807
578844
578873
578929
579031
579077
579118
579150
579172
579268
579296
579889
579891
579972
580071
580112
580163
580204
580248
580275
580291
580325
580325
580504
580582
580738
580755
580772
580792
581000
581002
581058
581082
581204
581295
581318
581581
581658
581703
581707
581736
582090
582168
582222
582240
582291
582298
582348
582456
582564
582625
582813
583081
583348
583416
583435
583536
583612
583633
583652
583702
583807
583813
583832
583885
583888
584196
584197
584303
584410
584487
584790
584833
585195
585195
585205
585304
585435
585465
585686
585803
586130
586136
586166
586204
586397
586463
586535
586563
586621
586716
586955
586973
587135
587172
587222
587393
587429
587674
587787
587816
587916
588000
588075
588253
588261
588279
588462
588605
588735
588826
588877
588992
588998
589074
589165
589260
589306
589475
589740
589760
589827
590017
590041
590072
590221
590412
590650
590808
590898
590926
591006
591011
591028
591056
591172
591474
591539
591549
591552
591840
591948
592182
592380
592516
592526
592585
592640
592646
592726
593126
593259
593659
593896
594056
594112
594128
594288
594338
594372
594376
594468
594510
594529
594540
594553
594591
594700
594937
594992
595055
595100
595136
595249
595314
595344
595490
595575
595896
596202
596346
596478
596512
596618
596742
596786
596841
597027
597033
597139
597188
597384
597468
597500
597515
597625
597745
597912
598045
598126
598132
598258
598269
598420
598531
598556
598884
598899
598924
598941
599051
599057
599371
599459
599476
599566
599843
599870
599887
600400
600469
600481
600501
600503
600519
600596
600676
600927
601028
601173
601278
601294
601512
601637
601637
601679
601753
602022
602028
602050
602050
602086
602112
602248
602297
602397
602409
602411
602674
602680
602682
602890
602915
602996
603117
603125
603298
603312
603433
603523
603727
603753
603769
603860
603986
604167
604237
604243
604291
604508
604511
604695
604786
604858
604879
604906
604968
605001
605068
605507
605609
605790
605892
606135
606145
606267
606358
606511
606524
606660
606765
606903
607248
607412
607511
607518
607612
607674
607720
607897
607899
608022
608088
608118
608249
608282
608452
608620
608709
608766
608924
609040
609125
609129
609165
609289
609511
609588
609617
609635
609758
609865
610092
610175
610297
610400
610480
610511
610555
610560
610582
610746
611062
611062
611089
611201
611224
611335
611482
611539
611662
611694
611764
611912
611940
611951
611971
611994
612072
612085
612402
612407
612434
612544
612552
612680
612695
612812
612850
612857
612994
613127
613131
613170
613174
613272
613328
613523
613576
613670
613697
613718
613723
613733
613791
613800
613833
613859
614043
614066
614190
614442
614443
614696
614899
614955
615059
615169
615222
615225
615261
615276
615278
615440
615487
615558
615623
615690
615719
615743
615805
615814
616356
616375
616378
616506
616607
616632
616669
616834
616866
616894
616944
617149
617614
617637
617650
617739
617785
617810
617913
618101
618141
618177
618227
618284
618296
618307
618362
618829
618955
618964
619117
619134
619376
619445
619448
619468
619644
619730
619768
620034
620258
620289
620529
620597
620695
620725
620727
621072
621130
621203
621305
621354
621380
621385
621551
621578
621590
621695
621902
621963
621964
622110
622183
622364
622387
622434
622480
622500
622674
622763
622815
622982
623049
623097
623122
623128
623306
623337
623620
623719
623789
623978
624246
624273
624366
624371
624512
624546
624556
624753
624850
624853
624893
624909
624980
625094
625284
625661
625798
625832
625841
625948
625960
625978
626164
626401
626473
626525
626529
626612
626622
626701
626789
626870
627068
627132
627195
627288
627301
627460
627525
627814
627924
627970
628022
628127
628381
628444
628512
628576
628646
628736
628805
628911
629126
629251
629323
629474
630085
630099
630353
630538
630757
630888
630911
630932
630937
630949
631091
631277
631494
631524
631541
631669
631680
631787
631933
632323
632426
632427
632468
632531
632556
632564
632765
632881
633098
633315
633437
633440
633600
633756
633825
633827
633949
634005
634046
634356
634399
634423
634447
634568
634641
634726
634766
634779
634821
634864
635235
635381
635415
635471
635527
635623
635672
635682
635697
635738
635958
635984
636006
636019
636201
636261
636454
636528
636739
636853
637019
637057
637075
637078
637157
637194
637366
637374
637491
637506
637674
637795
637810
637865
638069
638384
638549
638627
638831
638891
638926
638939
639268
639325
639409
639596
639612
639737
639906
639993
640023
640215
640366
640478
640631
640645
640657
640750
640867
640890
640896
641035
641116
641445
641454
641577
641817
642064
642072
642074
642206
642309
642376
642438
642502
642617
642729
643086
643132
643135
643225
643564
643642
643715
643731
643740
643830
644009
644239
644586
644682
644920
644991
645008
645011
645134
645193
645257
645261
645268
645374
645439
645527
645619
645794
645999
646070
646315
646555
646740
646817
647151
647224
647233
647237
647240
647446
647511
647557
647734
647827
647854
648058
648320
648533
648705
648800
648906
648911
648971
649023
649028
649073
649092
649225
649225
649289
649376
649554
649563
649585
649599
649627
649707
649817
649832
649887
650244
650566
650701
650838
651105
651286
651423
651619
651821
652180
652226
652425
652430
652635
652695
652706
652710
652968
653257
653260
653387
653508
653681
653702
653714
653754
653800
653814
653830
653988
654020
654037
654165
654179
654202
654230
654254
654287
654342
654376
654426
654493
654561
654608
654617
654938
655205
655336
655365
655408
655458
655697
655720
655743
655853
655897
656011
656142
656332
656512
656573
656811
656862
656941
657133
657182
657312
657396
657419
657427
657458
657495
657523
657625
657655
657764
657913
657985
658023
658135
658136
658158
658173
658319
658349
658356
658376
658439
658496
658499
658582
658704
658811
658853
658879
659021
659066
659219
659393
659530
659535
659541
659645
659719
659731
659743
659895
659961
660030
660191
660494
660517
660542
660603
660692
660875
660973
661098
661286
661288
661414
661573
661621
661654
661804
661818
661970
662027
662120
662137
662395
662487
662650
662690
662899
662919
662971
662982
663064
663081
663161
663193
663262
663297
663315
663408
663681
663957
664161
664304
664360
664371
664471
664475
664514
664945
665235
665287
665411
665642
665760
666085
666171
666175
666184
666241
666283
666285
666338
666453
666613
666842
666867
666919
667045
667047
667068
667190
667323
667354
667396
667566
667673
667676
667815
667865
668020
668044
668092
668128
668240
668430
668511
668531
668612
668615
668792
668808
668827
669148
669156
669160
669181
669204
669272
669519
669538
669614
669672
669790
669946
669988
670411
670423
670555
670593
670623
670679
670684
670765
670934
671049
671062
671082
671147
671152
671194
671306
671454
671570
671796
672081
672215
672228
672488
672699
673049
673162
673209
673439
673459
673490
673520
673538
673566
673635
673836
673837
673890
673980
674239
674239
674243
674335
674367
674386
674412
674672
674731
674748
674802
674955
674984
675048
675092
675108
675262
675567
675655
675783
676186
676242
676378
676574
676645
676845
677430
677594
677647
677725
677985
678003
678009
678036
678080
678083
678301
678563
678598
678665
678891
679003
679079
679125
679191
679215
679229
679361
679435
679528
679566
679572
679926
680313
680341
680382
680474
680525
680561
680583
680648
680662
680670
680783
680903
680987
681297
681333
681396
681433
681471
681556
681556
681868
681875
681983
682164
682653
682751
682804
682873
683083
683100
683207
683332
683341
683509
683527
683677
683709
683796
683817
684042
684153
684301
684370
684479
684483
684681
684911
684959
685230
685427
685431
685462
685476
685537
685760
685865
685931
686305
686329
686332
686340
686372
686617
686627
686722
686896
687003
687069
687144
687214
687375
687425
687559
687760
687773
687814
687925
688034
688289
688311
688329
688537
688688
688715
688836
688918
688965
688972
688989
689004
689081
689216
689423
689520
689533
689660
689792
690121
690121
690137
690299
690330
690388
690399
690401
690401
690451
690764
690926
690947
691023
691102
691204
691440
691517
691592
691602
691671
691711
691735
691820
692030
692078
692095
692108
692172
692181
692242
692263
692311
692323
692429
692494
692549
692711
692724
692776
692850
692897
692899
692977
692993
693151
693174
693177
693306
693426
693590
693647
693802
693940
694050
694168
694174
694227
694286
694307
694551
694574
694578
694685
694731
694976
694989
695032
695064
695099
695295
695453
695484
695709
695901
695953
695996
696123
696526
696611
696611
696642
696697
696838
696966
697045
697081
697202
697210
697218
697281
697344
697397
697456
697670
697791
697809
697822
697993
698060
698244
698374
698400
698607
698954
699088
699112
699168
699256
699338
699433
699719
699915
699943
700181
700328
700534
700631
700635
700654
700656
700676
700735
700878
701262
701272
701383
701411
701413
701584
701608
701685
701857
701875
701902
702167
702300
702566
702583
702648
702721
702780
702886
702888
702970
702999
703052
703361
703455
703508
703553
703624
703754
703929
703998
704022
704027
704148
704230
704240
704285
704328
704372
704469
704575
704584
704844
704960
704967
705140
705172
705229
705232
705323
705366
705482
705507
705549
705678
705708
705750
705781
705840
705866
705934
706072
706097
706193
706200
706211
706270
706351
706469
706492
706954
707135
707227
707252
707271
707304
707335
707539
707541
707654
708010
708062
708248
708417
708459
708521
708525
708869
708881
708914
708958
709077
709147
709173
709205
709277
709333
709337
709356
709517
709549
709600
709758
710051
710117
710175
710227
710254
710778
710845
711238
711251
711333
711603
711715
711845
711875
711909
711913
711930
711963
712027
712235
712240
712331
712407
712422
712448
712604
712646
712656
712902
712965
713084
713100
713187
713228
713242
713245
713266
713268
713471
713473
713491
713600
713714
713739
713815
713822
713881
713926
713957
714133
714192
714291
714295
714374
714394
714485
714523
714864
714933
715009
715130
715453
715615
715649
715775
715809
715916
715983
716063
716085
716196
716223
716289
716743
716821
716825
717010
717199
717200
717216
717281
717556
717600
717816
717875
717937
717985
718254
718314
718470
718475
718608
718851
719224
719307
719362
719475
719480
719750
719761
719983
720088
720142
720217
720470
720522
720723
720754
720834
720863
720877
720930
721072
721076
721286
721288
721333
721464
721599
721640
721698
721880
721945
721946
721961
721983
722105
722162
722262
722380
722496
722612
722681
722768
722805
722806
722822
722969
723119
723138
723284
723319
723462
723463
723636
723807
723971
724075
724170
724233
724448
724513
724536
724558
724646
724976
725028
725214
725275
725297
725302
725394
725417
725467
725524
725542
725547
725943
726019
726025
726091
726363
726379
726418
726465
726502
726510
726556
726587
726656
726677
726895
727097
727133
727245
727416
727444
727532
727725
727771
727791
727809
727832
728231
728344
728443
728447
728672
728969
729017
729029
729173
729233
729309
729314
729435
729674
729748
729903
730018
730108
730235
730260
730359
730474
730510
730575
730861
730940
730977
731286
731313
731543
731669
731729
731751
731908
732002
732069
732320
732405
732696
732835
732922
733136
733142
733327
733449
733462
733589
733674
733781
733881
733899
734229
734247
734252
734291
734336
734374
734417
734517
734599
734643
734672
734890
734967
735055
735086
735248
735308
735337
735472
735600
735650
735782
735831
735978
736016
736054
736091
736184
736219
736231
736278
736340
736340
736358
736379
736474
736480
736504
736519
736545
736561
736766
736816
736853
736869
736891
737046
737118
737228
737300
737349
737420
737523
737544
737659
737919
737951
737955
738126
738211
738488
738505
738527
738592
738835
739170
739573
739660
739681
739924
739946
740096
740132
740376
740379
740634
740952
741231
741245
741361
741427
741492
741531
741622
741678
741733
741829
741875
741930
741932
741970
742046
742129
742323
742348
742412
742447
742490
742671
742767
742995
743144
743282
743296
743354
743515
743525
743553
743628
743689
743910
743916
743968
743971
743990
744017
744091
744093
744106
744115
744278
744455
744458
744550
744687
744900
745013
745156
745174
745525
745661
745788
746200
746256
746287
746296
746314
746505
746660
746664
746682
746717
746749
747028
747137
747143
747159
747160
747265
747280
747316
747374
747613
747750
747775
747816
748015
748050
748438
748453
748458
748702
748755
748848
748978
749055
749074
749120
749345
749393
749406
749412
749479
749509
749547
749613
749669
749709
749764
750158
750440
750468
750515
750516
750545
750650
750678
750989
751078
751231
751286
751294
751503
751505
751523
751778
752173
752215
752302
752354
752366
752402
752488
752574
752582
752640
752658
752752
752815
752934
753026
753121
753148
753153
753189
753212
753271
753305
753382
753420
753537
753538
753768
753881
753895
753979
754056
754182
754196
754360
754387
754514
754530
754611
754632
754642
754642
754755
754816
754888
754897
754911
754972
754975
754988
754992
755004
755061
755237
755317
755438
755454
755707
755756
755796
755915
756007
756120
756314
756439
756486
756855
756932
756949
757155
757196
757200
757631
757662
757976
758287
758373
758485
758505
758614
758732
758752
758954
758990
759128
759294
759762
759866
759875
759998
759998
760041
760082
760129
760205
760225
760346
760369
760458
760565
760578
760741
760767
760811
760904
760904
761013
761036
761104
761135
761288
761553
761579
761606
761613
761834
761885
761898
762017
762238
762248
762715
762855
763068
763182
763259
763278
763285
763736
763788
763805
763901
763977
764386
764741
764835
764865
764985
765064
765097
765106
765194
765194
765411
765438
765510
765546
765695
765810
766094
766161
766199
766230
766242
766411
766442
766467
766517
766603
766612
766637
766658
766659
766730
766825
766838
766883
766926
767041
767107
767161
767203
767356
767659
767734
767905
767942
767962
767981
768058
768542
768588
768849
768874
768909
769060
769243
769248
769273
769386
769481
769494
769559
769659
769726
769764
770015
770040
770070
770131
770269
770673
770750
770812
770844
770853
770915
770930
770965
771117
771220
771269
771314
771325
771394
771635
771804
771863
771875
771882
772044
772140
772909
773202
773224
773342
773351
773436
773639
773672
773712
773755
773829
773855
773869
773970
774233
774277
774337
774495
774645
774758
774764
774781
774866
774968
775017
775087
775113
775119
775194
775492
775671
775692
775896
775939
776018
776179
776277
776323
776419
776755
777392
777403
777406
777681
777834
778015
778049
778150
778156
778205
778226
778327
778653
778750
778978
779120
779179
779213
779227
779276
779282
779295
779457
779641
779875
779931
779964
780009
780046
780070
780291
780335
780346
780446
780571
780574
780592
780875
780977
781192
781350
781518
781674
781694
781731
781733
781769
781802
781829
781886
781888
781894
781898
782120
782288
782365
782565
782727
782825
782866
782898
782923
782979
782984
783048
783630
783666
783966
783966
784031
784183
784214
784249
784279
784375
784465
784628
784652
784698
784717
784796
784934
784954
785218
785328
785948
785995
786039
786111
786255
786323
786428
786491
786589
786620
786649
786782
786792
786848
786980
787008
787058
787058
787278
787314
787698
787785
787873
787958
788077
788093
788099
788120
788122
788175
788232
788357
788515
788775
788943
788951
788964
789185
789357
789421
789446
789508
789675
789706
789790
789860
789976
790115
790265
790321
790395
790528
790609
790644
790761
791176
791208
791247
791443
791460
791607
791707
791756
791923
792135
792252
792737
792813
792822
792828
793405
793491
793530
793679
793764
793910
794028
794030
794261
794417
794636
794758
794845
795204
795235
795331
795492
795636
795644
795722
795788
795972
796082
796173
796232
796333
796625
796640
796702
796731
796756
796931
796950
797047
797186
797225
797341
797449
797468
797482
797511
797690
797780
797948
798250
798267
798478
798525
798826
798907
798956
799050
799132
799146
799303
799320
799427
799469
799673
799821
799930
800033
800037
800231
800264
800299
800803
800895
801007
801072
801234
801250
801275
801352
801370
801386
801405
801698
801712
801733
801812
801847
801987
802204
802238
802290
802332
802361
802449
802464
802959
803008
803058
803310
803401
803440
803444
803512
803700
804091
804105
804167
804279
804500
804851
804865
804926
805022
805044
805439
805618
805639
805711
806073
806107
806197
806373
806592
806790
806884
806984
807132
807309
807409
807456
807541
807700
807775
808021
808058
808075
808077
808109
808401
808413
808444
808488
808602
808738
808767
808820
808886
808902
808964
809065
809065
809124
809621
809668
809900
810006
810064
810074
810164
810169
810218
810251
810425
810632
810752
811221
811396
811417
811465
811492
811601
811882
812013
812112
812117
812129
812585
812659
812913
812952
813030
813032
813234
813236
813315
813447
813449
813473
813576
813790
813890
813986
814033
814274
814466
814467
814790
815244
815302
815423
815514
815568
815751
815891
815952
815997
816000
816134
816296
816388
816427
816454
816593
816718
816853
816997
816998
817133
817137
817343
817466
817903
818199
818209
818210
818267
818288
818484
818795
818929
819080
819212
819311
819356
819387
819502
819713
819741
819791
819799
819838
819855
819908
820346
820464
820487
820648
820699
820712
820789
820822
820850
821109
821129
821247
821490
821566
821720
821767
821794
822005
822251
822394
822527
822532
822616
823151
823178
823185
823226
823314
823369
823461
823757
823898
824087
824301
824307
824448
824485
824516
824549
824589
824652
824662
824666
824805
824884
824906
824969
825005
825020
825064
825197
825238
825266
825268
825284
825444
825500
825637
825645
825693
826034
826101
826320
826430
826592
826719
826746
826790
826875
826927
826960
827246
827292
827408
827423
827610
827823
827842
827878
828034
828067
828399
828448
828527
828673
828726
828808
828885
828924
829169
829193
829283
829458
829576
829605
829742
829845
829881
830311
830360
830417
830669
830772
830796
830901
830904
831046
831157
831199
831265
831286
831332
831355
831426
831525
831797
832059
832285
832288
832321
832339
832446
832564
832566
832590
832677
832731
832824
832833
832952
833358
833510
833980
833996
834008
834032
834066
834112
834142
834406
834640
834671
834724
834783
835021
835063
835081
835125
835127
835205
835245
835559
835602
835630
835666
835684
835685
835693
835703
835739
836092
836180
836210
836329
836372
836400
836688
836833
836906
837034
837054
837152
837535
837606
837681
837711
837773
837964
838096
838255
838304
838391
838445
838605
839033
839147
839212
839218
839243
839249
839315
839393
839460
839577
839613
839725
839733
839785
839790
839831
839850
839875
839905
839944
840089
840163
840232
840284
840342
840353
840496
840599
840687
840704
840805
840815
840938
841061
841087
841100
841343
841464
841492
841566
841625
841988
842005
842036
842040
842044
842250
842297
842299
842340
842581
842762
843087
843141
843187
843241
843742
843784
843946
844026
844159
844270
844329
844333
844424
844589
844782
844926
844958
845060
845164
845301
845351
845384
845500
845698
845719
845770
845847
845905
845957
846052
846228
846253
846267
846268
846417
846481
846563
846614
846654
846685
846753
846789
846809
846867
846923
846946
847049
847174
847183
847414
847468
847469
847656
847700
847811
847941
847948
848007
848061
848110
848157
848236
848266
848376
848556
848751
848787
848788
848823
848885
849032
849036
849107
849523
849661
849698
849717
849832
849878
849992
850048
850135
850368
850830
851044
851277
851356
851365
851651
851719
852006
852031
852100
852149
852208
852295
852591
852688
852712
852717
852870
853020
853072
853116
853255
853427
853433
853456
853503
853504
853552
853670
853686
853789
854098
854107
854113
854221
854327
854356
854371
854569
854708
854714
854746
854987
855026
855202
855235
855356
855384
855441
855452
855524
855577
855710
855869
856169
856351
856436
856438
856444
856472
856637
856656
857054
857262
857268
857360
857654
857768
857789
857790
858113
858281
858361
858640
858688
858899
858969
858982
859125
859144
859257
859277
859290
859622
859636
859822
859925
859947
860001
860301
860305
860356
860358
860468
860567
860636
860926
860952
860989
861059
861131
861294
861294
861734
861809
861857
861927
862266
862340
862686
862705
862979
863089
863138
863160
863166
863192
863494
863637
863777
863812
863880
863978
864199
864206
864226
864364
864417
864549
864551
864665
864700
864793
864849
864938
864980
864985
865010
865018
865088
865210
865401
865467
865598
865612
865875
865978
866218
866411
866460
866472
866526
866655
866661
866703
866714
867078
867079
867334
867357
867368
867431
867437
867746
867773
868028
868048
868064
868083
868105
868280
868306
868310
868487
868508
868536
869132
869186
869186
869221
869328
869341
869402
869432
869519
869552
869650
869805
869858
869981
869989
870450
870614
870920
871008
871054
871174
871189
871266
871355
871358
871443
871506
871676
871927
871944
872100
872102
872124
872233
872281
872314
872352
872433
872499
872548
872666
872819
872979
873064
873098
873562
873565
873593
873655
874031
874165
874349
874475
874485
874550
874584
874634
874700
874871
874968
875016
875138
875160
875456
875472
875520
875647
875796
875920
876001
876016
876117
876130
876140
876174
876188
876215
876238
876289
876457
876630
876679
876787
876820
876905
877078
877126
877143
877185
877275
877275
877298
877331
877370
877407
877613
877705
877843
878093
878185
878345
878364
878528
878546
878603
878673
878818
879015
879039
879169
879191
879196
879230
879435
879451
879504
879504
879529
879566
879573
879919
879933
879975
880058
880157
880200
880226
880320
880857
881016
881057
881164
881222
881263
881289
881311
881500
881606
881850
881854
882191
882204
882389
882479
882622
882857
882915
883016
883084
883084
883128
883197
883300
883304
883656
883776
883777
883842
883871
883913
883999
884122
884295
884326
884360
884375
884450
884583
884613
884669
884899
884917
884992
885016
885118
885260
885369
885386
885473
885685
885770
885985
886125
886188
886352
886482
886629
887032
887125
887253
887305
887468
887527
887676
887744
887757
888034
888045
888349
888394
888527
888529
888681
888781
888857
888904
889043
889143
889242
889342
889416
889433
889494
889522
889742
889744
889953
890071
890289
890647
890810
890920
891061
891261
891570
891601
891603
891733
891743
891783
891907
892110
892415
892687
892713
892718
892730
892766
892853
892884
893046
893123
893219
893241
893278
893293
893325
893734
893970
894025
894397
894461
894500
894796
894897
895152
895286
895311
895493
895613
895701
895711
895797
895952
896207
896375
896399
896405
896489
896564
896654
896688
896709
896880
897058
897078
897115
897224
897266
897283
897524
897543
897606
897678
897679
897692
897842
897857
897979
898039
898081
898272
898303
898401
898419
898428
898512
898577
898868
898930
899087
899155
899162
899231
899355
899429
899469
899514
899562
899574
899731
899899
899900
899942
900100
900288
900383
900389
900481
900511
900529
900584
900602
900636
900708
900811
900822
900836
901030
901079
901088
901196
901198
901383
901570
901603
901689
901722
901885
902215
902298
902358
902380
902502
902540
902574
903088
903096
903125
903297
903373
903458
903461
903497
903583
903614
903811
903991
904219
904226
904262
904648
904650
904993
905027
905050
905057
905150
905226
905306
905351
905381
905516
905597
905719
905766
905899
906018
906040
906120
906332
906418
906443
906457
906902
907078
907148
907235
907282
907383
907441
907504
907526
907545
907562
907569
907840
907990
908052
908092
908107
908111
908113
908151
908189
908295
908368
908395
908402
908623
908722
908855
908915
908983
909034
909070
909086
909370
909545
909563
909590
909594
909605
909624
909883
909959
910012
910034
910094
910127
910130
910224
910242
910297
910489
910637
910817
910862
910893
910941
910991
911082
911137
911292
911356
911514
911716
911952
912102
912199
912245
912421
912471
912520
912523
912614
912637
912663
912725
912763
912797
912858
912936
912967
913038
913047
913091
913462
913730
913823
913871
913874
914241
914283
914488
914600
914828
914828
914881
914889
914898
915096
915109
915139
915156
915267
915448
915483
915753
915756
915913
916128
916155
916439
916468
916513
916644
916823
916849
917177
917214
917335
917467
917473
917586
917645
917700
917766
918110
918214
918435
918509
918785
918821
918908
919048
919334
919415
919641
919674
919836
920140
920303
920339
920343
920496
920628
920673
920795
920982
920998
921399
921486
921506
921602
921714
921890
921896
921945
922121
922273
922339
922361
922547
922556
922613
922629
922849
923008
923031
923059
923282
923534
923902
924008
924273
924276
924470
924584
924771
924789
924924
924969
925084
925247
925310
925318
925549
925848
925865
926100
926423
926444
926453
926487
926663
926676
926685
927028
927316
927321
927809
927817
927930
927939
927943
927956
928032
928297
928356
928385
928553
928604
929133
929260
929451
929705
929786
930032
930069
930218
930297
930300
930321
930351
930481
930580
930609
930665
930808
930840
930931
931077
931334
931365
931428
931593
931654
931951
932271
932408
932423
932424
932512
932583
932757
932847
932861
932952
933195
933295
933336
933402
933422
933423
933629
933710
933776
933973
934261
934395
934531
934579
934615
934776
934791
934964
935007
935015
935035
935349
935546
935553
935567
935964
936216
936386
936772
936775
936776
936829
936968
937055
937084
937176
937366
937497
937515
937540
937598
937609
937624
937811
937818
938005
938028
938270
938557
938596
938604
938642
938668
938774
938779
938807
938986
939135
939237
939239
939631
939718
939758
939901
940044
940130
940318
940612
940681
940743
940785
940804
940806
941068
941192
941283
941311
941357
941358
941371
941470
941513
941616
941621
941762
941885
941892
942233
942236
942264
942331
942363
942399
942896
943013
943176
943218
943226
943430
943508
943602
943603
943926
943948
944156
944231
944319
944413
944422
944771
944830
944856
944875
944932
945014
945193
945285
945293
945520
945570
945598
945602
945660
945743
946038
946115
946235
946355
946532
946680
946857
947073
947116
947147
947546
947597
947605
947645
947689
947879
947930
947944
948024
948041
948098
948153
948281
948375
948510
948660
948760
948804
948805
948876
949039
949120
949161
949192
949392
949411
949629
949808
949891
949911
950108
950202
950341
950375
950399
950667
950961
951009
951048
951066
951149
951182
951434
951505
951587
951592
951737
951760
951790
951863
951933
952291
952452
952602
952610
952768
952817
952911
952932
953000
953140
953347
953441
953472
953475
953615
953724
953989
953989
954124
954241
954318
954623
954785
954899
955211
955225
955300
955430
955506
955520
955868
955934
955944
956138
956374
956450
956491
956577
956680
956937
957213
957240
957346
957832
957878
957953
958012
958037
958041
958060
958110
958136
958173
958197
958245
958368
958373
958414
958420
958624
958788
958865
958962
958987
959113
959415
959533
959810
959851
959904
959922
960101
960264
960341
960466
960543
960838
960968
961024
961062
961073
961088
961122
961124
961288
961445
961470
961695
961731
962029
962147
962248
962395
962446
962612
962631
962882
962974
963034
963139
963179
963366
963373
963387
963408
963674
963835
964193
964207
964217
964399
964516
964556
964632
964660
964700
964906
965013
965186
965224
965463
965609
965814
965824
965835
965912
965957
965988
966050
966057
966294
966372
966475
966565
966578
966596
966663
966685
966730
966737
966856
967037
967071
967080
967269
967519
967583
967652
967885
967969
968046
968154
968235
968443
968487
968584
968659
968701
968740
968867
968898
968912
968937
968943
968994
969103
969126
969172
969274
969283
969412
969553
969620
969637
969649
969703
969725
969851
969904
969925
970025
970344
970458
970583
970697
970722
970876
970914
971154
971246
971317
971567
971620
971718
971745
971813
971909
971961
971992
972093
972168
972228
972296
972451
972797
972922
973006
973033
973214
973217
973334
973458
973460
973555
973658
973767
973913
973987
974000
974125
974136
974286
974348
974376
974600
974685
974726
974768
974963
974973
974979
975008
975226
975262
975407
975595
976105
976108
976108
976152
976330
976396
976437
976536
976564
976651
976802
976878
976944
977072
977337
977340
977407
977809
977899
977931
977940
977945
977998
978167
978367
978378
978415
978504
978539
978599
978741
978744
978773
978970
979028
979311
979372
979400
979505
979637
979805
979864
979891
979898
980017
980061
980207
980272
980291
980357
980480
980507
980591
980889
980971
981014
981044
981062
981135
981266
981322
981644
981720
982015
982171
982185
982209
982265
982389
982584
982689
982851
982854
982908
983154
983267
983315
983417
983460
983462
983550
983557
983652
983700
983777
983970
984062
984249
984313
984442
984472
984605
984708
984718
984742
984804
984960
985256
985293
985296
985317
985342
985544
985585
985619
985631
985733
985965
986131
986177
986213
986265
986620
986625
986783
986810
986869
986887
986891
986970
986991
986997
987057
987132
987141
987246
987295
987480
987506
987606
987725
987969
988053
988080
988314
988392
988413
988530
988689
988691
988716
988730
988782
988817
988865
989015
989071
989073
989361
989561
990031
990146
990258
990406
990525
990543
990567
990569
990608
990736
990813
990852
990889
990964
991092
991193
991310
991439
991443
991631
991723
991812
991922
991972
991973
992191
992223
992224
992234
992434
992618
992711
992747
993090
993252
993339
993530
993554
993637
993640
993776
993878
993906
993925
994013
994443
994569
994661
994827
994885
994888
994941
994946
994969
994997
995380
995436
995609
995663
995718
995772
995912
995936
995981
996134
996336
996422
996525
996737
997069
997175
997602
997873
998063
998065
998266
998282
998320
998324
998470
998530
998556
998592
998769
998796
998824
998885
999408
999508
999656
999686
999746
999791
999795
999798
999844
