156
213
249
417
457
502
572
642
684
703
750
884
935
945
986
994
1112
1173
1266
1275
1419
1540
1580
1585
1590
1617
1799
2042
2058
2472
2565
2659
2722
2778
2859
2910
3012
3049
3147
3187
3312
3352
3427
3443
3473
3618
3722
3882
3994
4012
4295
4347
4745
4828
5131
5160
5167
5197
5245
5322
5444
5609
5618
5820
5905
6094
6123
6151
6300
6471
6540
6667
6690
6723
6790
6816
6820
6860
6867
7099
7148
7178
7328
7387
7472
7597
7604
7860
8142
8240
8390
8404
8526
8660
8939
8944
9029
9137
9244
9262
9377
9442
9446
9447
9450
9470
9503
9577
9657
9823
9827
10002
10210
10279
10311
10312
10434
10540
10677
10977
11045
11085
11132
11134
11147
11183
11254
11466
11552
11557
11591
11645
11703
11860
12004
12056
12077
12101
12206
12280
12283
12421
12556
12682
12852
12878
13178
13240
13247
13284
13300
13319
13377
13426
13468
13534
14187
14324
14344
14444
14455
14513
14677
15192
15492
15514
15542
15570
15575
15603
15604
15858
15932
15958
16019
16037
16085
16086
16136
16241
16289
16327
16409
16437
16573
16885
17087
17156
17214
17355
17554
17691
17701
17709
18002
18034
18057
18094
18230
18244
18339
18359
18395
18541
18760
18799
18821
18823
18882
18921
19012
19261
19284
19532
19558
19708
20043
20601
20838
20941
21089
21146
21283
21456
21665
21717
21794
21811
21981
22144
22206
22293
22479
22493
22631
22640
22815
23069
23311
23431
23485
23503
23605
23614
23620
23666
23747
23765
23807
23856
23860
24873
24886
24915
25374
25518
25559
25565
25665
25690
25824
25837
25837
25928
25938
26021
26150
26169
26287
26317
26317
26530
26540
26572
26642
26662
26701
26805
26892
26922
27088
27147
27243
27285
27290
27291
27879
27948
27953
28046
28122
28150
28307
28404
28421
28660
28678
28741
28776
28794
28827
29089
29194
29264
29415
29547
29722
29751
29814
29852
29870
30375
30426
30486
30549
30569
30648
30743
30793
30823
31085
31111
31150
31284
31334
31367
31368
31384
31425
31460
31535
31546
31588
31641
31810
31833
31976
32036
32057
32097
32148
32315
32457
32514
32554
32908
32927
32984
33033
33055
33100
33399
33532
33557
33632
33642
33670
33715
33733
33739
33756
33962
34006
34205
34270
34307
34387
34497
34605
34738
34842
34901
34956
35008
35141
35240
35241
35394
35402
35526
35588
35732
35842
35864
36167
36242
36322
36517
36670
36718
36724
36738
36833
36917
36926
37115
37352
37445
37452
37578
37679
37722
37780
37780
38362
38369
38477
38798
38866
38873
38945
39006
39161
39178
39321
39322
39425
39545
39615
39802
39868
39900
39930
40029
40097
40186
40236
40249
40357
40416
40438
40497
40687
40701
40718
40838
40912
40912
41536
41554
41642
41685
41693
41900
42027
42533
42609
42638
42656
42661
42673
42695
42764
43004
43018
43205
43349
43530
43676
43708
43730
43935
44188
44229
44266
44357
44391
44417
44439
44566
44729
44739
45049
45163
45176
45257
45273
45410
45513
45609
45743
45768
46078
46106
46232
46298
46320
46602
46651
46851
46894
46948
47145
47319
47410
47443
47589
47706
47765
47841
47850
47959
47975
48024
48033
48151
48265
48333
48458
48782
48801
48853
49220
49230
49523
49633
49882
50451
50648
50701
50704
50717
50758
51095
51195
51262
51676
51746
51821
51824
51866
52038
52210
52227
52278
52303
52387
52416
52522
52579
52606
52615
52657
52833
52890
52957
52985
53011
53069
53169
53264
53314
53486
53737
53770
53868
54023
54460
54684
54699
54789
54849
54851
55071
55072
55106
55205
55403
55454
55485
55544
55568
55670
55941
56077
56116
56195
56263
56319
56466
56505
56759
56775
56920
56936
56944
57043
57102
57196
57345
57369
57440
57841
57911
58018
58242
58341
58351
58480
58522
58600
58681
58776
58784
58842
58930
59024
59065
59070
59112
59206
59255
59554
59591
59595
59768
59958
60362
60412
60649
60801
60840
60848
60854
60905
61139
61337
61415
61445
61459
61617
61752
61849
61934
61984
62065
62076
62214
62218
62261
62352
62432
62628
62704
62832
63094
63428
63614
63633
64017
64051
64111
64182
64220
64503
64634
64678
64751
64827
64935
64947
65016
65137
65185
65201
65365
65368
65369
65373
65459
65489
65495
65635
65637
65700
65733
65809
65881
66146
66199
66301
66480
66495
66538
66664
66692
66729
66805
67018
67063
67353
67469
67614
67731
67820
67864
67889
67891
67929
67940
68123
68125
68152
68225
68279
68297
68463
68552
68570
68588
68802
68828
68981
69096
69211
69246
69301
69341
69610
69669
69698
69823
69951
69974
70178
70279
70338
70356
70581
70585
70630
70678
70842
70863
71104
71109
71291
71355
71410
71488
71510
71705
71954
72027
72093
72178
72221
72283
72455
72644
72663
72695
72859
72860
72887
72900
73085
73166
73284
73298
73596
73811
73998
74026
74204
74749
74966
75346
75428
75569
75603
75622
75663
75714
75773
75825
75949
76025
76027
76164
76415
76644
76674
76721
76860
77004
77024
77044
77064
77102
77233
77249
77488
77637
77660
78112
78115
78179
78343
78404
78454
78515
78582
78885
78897
78900
78936
78970
79045
79119
79150
79187
79267
79417
79447
79502
79940
79970
79971
80020
80044
80144
80465
80511
80653
80721
80868
80927
81098
81136
81254
81285
81373
81465
81486
81549
81790
81891
81903
81934
81983
82020
82150
82224
82334
82503
82716
83040
83051
83100
83550
83631
83723
83769
83772
83871
83888
83898
83980
84036
84161
84176
84267
84515
84570
84651
84651
84713
84741
84792
84814
84856
84883
85027
85162
85183
85353
85501
85630
85655
85667
85685
85777
86055
86097
86106
86142
86162
86411
86527
86800
86870
86872
87172
87239
87270
87284
87293
87338
87345
87369
87404
87469
87490
87598
87669
87782
87877
88010
88023
88241
88425
88540
88810
89240
89380
89564
89873
89885
89948
89954
89991
89999
90226
90259
90423
90522
90563
90758
90802
90930
91014
91061
91202
91246
91261
91268
91373
91431
91553
91587
91737
91809
92121
92217
92355
92355
92396
92451
92461
92495
92510
92665
92719
92735
92930
92946
92962
93081
93171
93228
93388
93504
93553
93668
93919
93996
94018
94045
94074
94314
94474
94513
94605
94845
95010
95141
95286
95383
95532
95676
95774
95787
95998
96031
96047
96121
96291
96582
96626
96762
96801
96879
97185
97233
97294
97296
97452
97664
97702
97964
97975
98096
98149
98210
98261
98262
98509
98515
98546
98733
98801
98843
98896
98908
99054
99084
99168
99200
99319
99476
99600
99602
99778
99817
99864
99958
100040
100107
100131
100159
100161
100188
100198
100294
100323
100345
100557
100602
100822
100874
100937
100999
101181
101220
101383
101415
101421
101432
101510
101796
101856
101888
101926
102321
102332
102355
102410
102438
102571
102701
102829
102876
102885
102905
102956
103073
103143
103396
103530
103720
103757
103989
104084
104237
104315
104429
104440
104552
104594
104696
104730
104942
105080
105101
105122
105156
105190
105219
105227
105293
105343
105352
105400
105470
105677
105835
105841
105905
106184
106215
106300
106442
106481
106535
106564
106690
106728
106750
106905
106999
107028
107057
107116
107218
107309
107343
107347
107451
107475
107557
107617
107710
107777
107778
107954
107973
108397
108430
108676
108708
108991
109095
109147
109154
109282
109384
109637
109638
109827
110131
110142
110300
110548
110647
110712
110869
110966
110979
111165
111183
111222
111261
111314
111334
111408
111426
111445
111536
111766
111775
112060
112097
112284
112352
112374
112447
112547
112554
112568
112635
112649
112697
112735
112836
112871
112936
113009
113022
113133
113232
113324
113344
113464
113489
113494
113777
113955
114051
114100
114107
114121
114123
114339
114343
114387
114461
114540
114561
114725
114826
115018
115019
115120
115154
115167
115267
115403
115552
115717
115849
115850
116369
116747
116850
116971
117145
117376
117497
117651
117704
117733
117752
117855
117867
118093
118105
118199
118310
118526
118577
118721
118726
118781
118876
118990
119031
119164
119199
119275
119360
119507
119512
119559
119587
119778
119913
120048
120202
120364
121110
121355
121439
122198
122209
122215
122234
122352
122358
122418
122464
122466
122690
122747
122813
122882
123045
123050
123052
123283
123341
123356
123429
123560
123589
123720
123838
123904
124074
124236
124261
124285
124401
124426
124817
124845
124854
124971
125023
125183
125279
125368
125535
125605
125645
125937
126001
126078
126419
126516
126563
126669
126717
126719
127016
127160
127328
127370
127512
127554
127584
127641
127780
127965
127974
128254
128320
128427
128559
128563
128600
128670
128800
128802
128837
129187
129505
129686
129701
129729
129921
129950
129987
129993
130087
130115
130230
130246
130259
130278
130391
130438
130445
130817
130958
131038
131178
131479
131558
131559
131652
131681
131713
131858
131933
132040
132047
132138
132175
132191
132199
132225
132415
132550
132557
132634
132793
133496
133511
133539
133548
133724
134069
134229
134367
134651
134683
134769
135035
135090
135117
135199
135213
135508
135559
135609
135770
135950
136080
136120
136170
136249
136582
136769
136789
136911
137016
137018
137039
137062
137165
137187
137196
137249
137353
137378
137618
137667
137670
137736
137857
137988
138030
138051
138343
138466
138641
138647
138863
138897
138942
138967
138996
139071
139232
139328
139362
139544
139563
139698
139844
139846
140034
140084
140096
140114
140135
140212
140249
140264
140390
140487
140509
140551
140910
141036
141304
141319
141477
141575
141632
141650
141793
141795
141823
141823
141856
141983
142125
142345
142371
142381
142512
142767
142769
142915
142960
143078
143205
143443
143458
143741
143813
143831
144083
144088
144188
144378
144393
144483
144508
144721
144851
145069
145131
145177
145471
145557
145625
145634
145665
145774
145884
145961
145982
146036
146063
146205
146375
146395
146470
146577
146886
146909
147004
147007
147134
147408
147584
147634
147690
147839
147890
148026
148069
148097
148122
148293
148646
148680
148780
148828
149002
149164
149168
149174
149181
149276
149284
149350
149423
149711
149736
149972
149991
150027
150241
150289
150303
150404
150408
150461
150498
150538
150597
150650
151144
151156
151197
151258
151276
151291
151438
151494
151556
151589
151656
151681
151683
151704
151823
151878
152061
152076
152080
152112
152152
152202
152305
152366
152415
152504
152545
152595
152869
152933
152979
153053
153120
153163
153397
153540
153549
153690
153894
153905
153925
154085
154581
154675
154757
154860
154932
154951
154975
155083
155205
155271
155911
155914
155923
156101
156111
156129
156222
156300
156319
156470
156613
156618
156769
156770
156939
156977
157102
157159
157398
157420
157490
157544
157573
157761
157801
157998
158002
158026
158234
158265
158563
158707
158753
158782
159150
159321
159373
159450
159747
159826
159848
159910
159978
160011
160048
160052
160175
160242
160481
160571
160580
160630
160667
160717
160784
160841
160881
161053
161154
161177
161193
161352
161407
161418
161483
161621
161646
161717
161866
161867
161886
161915
161937
162367
162524
162583
162690
162768
162798
162810
162880
163024
163086
163178
163279
163342
163400
163989
164014
164049
164229
164270
164442
164476
164604
164848
164888
165025
165066
165160
165161
165393
165433
165516
165710
165794
166135
166179
166473
166574
166657
166781
166877
166956
167065
167118
167254
167407
167480
167600
167908
168006
168123
168128
168203
168221
168308
168617
168623
168704
168756
168772
168798
168866
168992
169070
169104
169230
169240
169246
169325
169373
169608
169634
169751
169977
170010
170053
170165
170238
170375
170378
170499
170618
170677
170826
170961
171160
171177
171272
171406
171563
171586
172227
172302
172303
172324
172604
172655
172949
173140
173206
173362
173612
173798
173885
173963
174199
174341
174353
174375
174390
174481
174539
174765
174855
174959
175141
175192
175268
175301
175329
175599
175708
175730
175745
175891
175971
176008
176119
176204
176456
176477
176635
176692
176744
176756
176848
176878
177027
177086
177311
177322
177426
177502
177544
177587
177631
177719
177724
177821
177827
177963
178095
178107
178203
178371
178420
178464
178520
178653
178688
178691
178715
179291
179469
179479
179679
179722
179748
179757
180079
180204
180325
180332
180507
180526
180554
180641
180902
181186
181418
181569
181627
181718
181779
181971
182010
182018
182034
182167
182170
182189
182226
182230
182260
182285
182359
182530
182744
183048
183115
183119
183205
183260
183323
183330
183370
183504
183551
184049
184058
184284
184326
184461
184782
184903
184996
185153
185164
185261
185378
185411
185555
185605
185647
185731
185885
186111
186118
186178
186236
186346
186374
186404
186467
186501
186645
186707
186711
186776
186822
186923
187026
187141
187388
187452
187472
187588
187678
188014
188143
188187
188316
188320
188611
188611
188648
188661
188705
188763
188829
188986
189013
189077
189079
189080
189217
189327
189370
189507
189574
189795
189941
189999
190012
190064
190103
190395
190395
190471
190627
190683
190831
190856
190970
191109
191207
191260
191271
191308
191514
191629
191631
191705
191766
191812
191906
192085
192160
192183
192205
192261
192326
192559
192599
192612
192904
193033
193034
193228
193272
193289
193303
193321
193374
193459
193520
193524
193701
193828
193908
193929
194009
194094
194293
194302
194439
194489
194586
194657
194706
194810
194884
194947
195008
195044
195073
195133
195152
195341
195581
195730
195906
195912
196102
196127
196443
196553
196769
196794
196833
196905
196994
197036
197171
197269
197282
197459
197504
197643
197700
197833
198047
198124
198135
198153
198505
198651
198676
198686
198765
198767
198808
198874
198879
198894
198946
199340
199387
199497
200027
200063
200067
200129
200315
200413
200666
200773
200832
200972
201028
201270
201398
201420
201439
201496
201674
201720
201767
201788
201893
201908
202144
202365
202485
202629
202645
202705
202788
202939
202992
203025
203106
203321
203418
203575
203598
203880
204014
204400
204614
204641
204730
204767
204851
205056
205064
205166
205444
205605
205650
205739
205947
205966
206102
206271
206294
206352
206438
206459
206487
206909
206955
207075
207109
207304
207410
207563
207754
207884
207884
207906
207908
208032
208136
208150
208159
208636
208652
208813
208933
208961
208967
209054
209160
209266
209307
209498
209509
209638
209657
210065
210083
210194
210345
210420
210565
210685
210721
210748
210769
210839
210930
211034
211087
211206
211288
211327
211576
211605
211704
211873
212295
212610
212868
212896
212905
212992
212996
213022
213109
213146
213255
213276
213371
213491
213553
213637
213698
213908
214006
214166
214179
214184
214458
214459
214508
214617
214634
214731
214798
214803
214848
214959
215033
215035
215089
215091
215164
215260
215277
215408
215610
215648
215649
215740
215769
215930
216140
216515
216739
216901
216967
217044
217222
217228
217423
217424
217493
217493
217510
217517
217766
217777
217973
217975
218007
218012
218047
218073
218076
218098
218187
218267
218320
218353
218900
219056
219209
219225
219238
219327
219331
219397
219528
219528
219657
219855
220051
220244
220303
220578
220872
220950
220953
221167
221173
221236
221308
221378
221393
221400
221530
221532
221702
221706
221750
221831
221832
222132
222263
222325
222520
222566
222592
222629
223080
223101
223364
223661
223701
223809
223888
224069
224240
224246
224258
224337
224408
224465
224547
224575
224768
224851
225073
225485
225582
225616
225622
225775
225861
225915
226012
226239
226335
226490
226672
226692
226736
226824
226854
226935
227088
227185
227215
227564
227955
227972
228097
228128
228232
228265
228292
228321
228330
228407
228454
228533
228580
228832
228864
229011
229056
229204
229217
229280
229477
229835
229911
229923
230010
230064
230175
230255
230275
230359
230400
230439
230515
230573
230650
230747
230848
230886
230968
231060
231164
231167
231212
231274
231490
231503
231545
231567
231612
231653
231838
231849
231877
231890
231898
232136
232315
232395
232485
232609
232646
232659
233102
233138
233331
233543
233620
233626
233822
233863
234041
234068
234333
234344
234598
234641
234976
235131
235140
235265
235350
235445
235476
235572
235575
235710
235759
235761
235957
235959
236096
236358
236417
236433
236520
236549
236781
236942
237027
237089
237196
237251
237365
237487
237494
237617
237651
237879
237928
237961
237999
238045
238177
238195
238434
238441
238489
238545
238728
238742
238805
238871
239059
239114
239300
239363
239406
239412
239412
239530
239603
239781
239834
239877
239895
240068
240196
240466
240520
240594
240606
240614
240628
240752
240803
240972
240976
240992
241022
241152
241196
241197
241244
241475
241500
241543
241631
241841
242040
242059
242129
242234
242272
242291
242358
242524
242637
242740
242806
242846
242919
243014
243074
243117
243234
243240
243283
243396
243699
243713
243724
243792
243878
243907
243951
243984
243997
244141
244237
244242
244281
244488
244493
244511
244619
244768
244797
245115
245133
245204
245263
245267
245495
245714
245847
245877
245880
245974
245988
246364
246771
246855
246861
246868
247003
247203
247225
247231
247277
247378
247441
247583
247740
247764
247768
247856
248056
248173
248193
248337
248391
248404
248410
248418
248641
248729
248775
248835
248926
248964
249001
249019
249019
249172
249298
249361
249430
249603
249751
249787
249895
249980
249981
250019
250055
250176
250289
250448
250459
250567
250611
250634
250724
250863
250914
251077
251136
251235
251370
251403
251481
251602
251717
251777
251889
251889
252417
252577
252613
252862
252904
252963
252979
253025
253027
253148
253240
253265
253272
253321
253341
253386
253587
253619
253943
253962
253965
253975
254005
254088
254151
254193
254206
254271
254369
254544
254583
254598
254691
254824
254895
255180
255296
255416
255500
255566
255574
255605
255980
256113
256255
256310
256354
256426
256435
256490
256647
256670
256676
256814
256826
256877
256891
256967
257047
257099
257104
257173
257180
257412
257644
257644
257721
257780
257797
257822
257828
257885
257901
257906
258163
258173
258205
258219
258279
258294
258383
258513
258588
258602
258614
258726
258875
258893
258930
259027
259113
259355
259367
259381
259475
259610
259679
259757
259813
259871
260048
260098
260111
260122
260143
260159
260202
260327
260357
260357
260499
260571
260589
260622
260644
260743
260749
260832
261010
261260
261284
261325
261527
261567
261574
261607
261733
261818
261978
262121
262139
262299
262339
262560
262611
262683
262701
262735
262812
262832
262911
262948
262954
262970
262976
263061
263072
263122
263140
263200
263277
263405
263481
263706
263748
263845
263890
264094
264225
264276
264406
264552
264719
264759
264811
264863
265284
265460
265488
265985
266022
266628
266646
266675
266733
267020
267076
267109
267126
267251
267314
267363
267366
267470
267496
267850
268045
268245
268310
268492
268584
268628
268705
268808
268982
268996
269058
269180
269184
269201
269377
269408
269410
269959
270009
270117
270160
270237
270322
270350
270504
270522
270580
270688
270805
270857
270897
270979
271097
271185
271390
271399
271445
271536
271910
272063
272086
272145
272619
272703
272812
272849
272901
272917
272930
273006
273039
273215
273297
273313
273554
273614
273694
273861
273956
274149
274275
274351
274564
274611
274701
274832
274938
275097
275538
275579
275690
275721
275999
276057
276204
276322
276378
276382
276483
276576
276741
276787
276814
276836
276963
277026
277196
277316
277655
277747
277756
277853
278224
278245
278346
278367
278379
278437
278460
278536
278556
278590
278898
279073
279284
279333
279679
279711
279887
279904
279994
280025
280201
280480
280482
280765
280962
280967
280993
281009
281112
281419
281483
281498
281600
281662
281757
281785
281861
281979
282071
282096
282150
282155
282260
282323
282392
282432
282450
282606
282690
282948
282952
282986
283129
283265
283266
283532
283622
283686
283745
283775
283782
283867
284093
284141
284225
284310
284471
284569
284614
284688
284743
284827
284870
284898
284939
285273
285465
285716
285735
285827
285853
285880
285969
286106
286182
286306
286445
286483
286501
287031
287078
287202
287386
287428
287739
287969
288140
288180
288288
288339
288350
288363
288443
288446
288498
288523
288689
288741
288862
289105
289143
289204
289419
289794
289952
289958
290001
290013
290188
290260
290282
290441
290455
290583
290750
290815
290950
291041
291276
291294
291298
291308
291382
291412
291544
291584
291696
291726
291851
291860
292018
292133
292301
292347
292383
292650
292732
292799
293183
293194
293276
293293
293314
293484
294036
294157
294179
294183
294347
294384
294663
294687
294699
294751
294835
295023
295061
295471
295638
295685
295817
295962
296141
296198
296209
296333
296348
296375
296387
296661
296666
296696
296800
296925
296934
297183
297230
297279
297510
297551
297736
297808
297831
297852
297910
298120
298130
298218
298318
298440
298461
298510
298773
298845
299043
299100
299322
299706
299756
299787
299934
300162
300227
300423
300516
300742
300763
300798
300853
300871
300903
300914
301022
301081
301117
301322
301360
301508
301555
301758
301807
301830
301882
302117
302125
302371
302589
302953
302988
302994
303100
303317
303452
303502
303542
303615
303653
303938
304192
304347
304447
304528
304570
304962
305220
305457
305457
305605
305620
305692
305693
305719
305731
305747
305770
305911
306003
306008
306028
306246
306427
306605
306606
306728
306932
307004
307012
307049
307050
307136
307184
307253
307268
307319
307355
307417
307427
307460
307523
307551
307765
307845
307870
308536
308675
308731
308794
308815
308925
309070
309124
309186
309263
309391
309547
309736
309862
309905
309961
310078
310118
310278
310385
310533
310699
311283
311294
311381
311396
311459
311502
311509
311614
311762
311808
311847
311877
312025
312202
312261
312274
312450
312552
312627
312631
312743
312972
312988
313017
313154
313322
313328
313341
313583
313680
313983
314369
314405
314443
314465
315000
315091
315209
315373
315467
315494
315522
315592
316119
316191
316373
316398
316400
316420
316643
316712
316867
317034
317181
317184
317290
317407
317476
317660
317786
317932
318033
318081
318218
318231
318261
318264
318407
318434
318540
318623
318729
318877
318920
318934
319085
319165
319363
319645
319702
319728
319803
319887
319927
320277
320346
320607
320848
320891
320929
320941
320972
321179
321272
321290
321293
321293
321308
321309
321371
321698
321804
321941
321975
322527
322547
322682
322723
322731
322738
322764
323079
323370
323417
323451
323452
323836
323873
323890
324024
324051
324136
324311
324403
324779
324796
324941
325075
325075
325248
325495
325519
325649
325667
325696
325740
326082
326204
326409
326469
326615
326802
326811
326894
326981
327128
327130
327142
327286
327329
327533
327574
327760
327793
328040
328084
328181
328308
328327
328439
328521
328534
328565
328892
328937
328943
328960
329049
329093
329113
329130
329143
329178
329346
329379
329390
329445
329460
329477
329485
329539
329561
329701
330272
330366
330592
330619
331096
331131
331362
331633
331847
331938
331998
332006
332194
332359
332684
332774
332816
332913
332926
333052
333427
333819
333861
333955
333977
334065
334099
334190
334295
334349
334483
334540
334546
334633
334662
334798
334957
335026
335073
335135
335234
335265
335295
335323
335404
335492
335672
335975
336303
336384
336416
336472
336497
336596
337038
337134
337166
337273
337497
337580
337650
337687
338070
338129
338223
338235
338283
338412
338519
338569
338683
338863
339033
339076
339396
339520
339721
339814
339850
339919
339929
340040
340150
340155
340197
340280
340294
340384
340565
340691
340783
340788
340907
341042
341144
341157
341468
341504
341631
341646
341829
341847
341908
341950
342034
342038
342051
342335
342410
342699
342884
342943
343143
343152
343162
343183
343253
343291
343398
343506
343659
343675
343912
343934
344231
344238
344267
344362
344382
344519
344581
344676
344738
344883
345299
345325
345386
345431
345512
345757
345780
346068
346324
346372
346420
346423
346682
346720
346754
346756
347000
347094
347103
347137
347211
347354
347362
347578
347704
347737
347867
347952
348115
348218
348250
348258
348445
348480
348580
348751
348769
348888
349024
349133
349382
349603
349630
349963
350121
350498
350500
350611
350726
350821
350883
351043
351049
351262
351315
351416
351656
351943
352211
352655
352743
352779
353033
353092
353103
353370
353457
353489
353581
353863
354204
354298
354310
354407
354605
354685
354913
354920
354964
355025
355437
355598
355680
355761
355816
355883
355904
355929
356026
356026
356122
356145
356272
356473
356566
356692
356971
356982
357056
357149
357184
357204
357621
357630
357674
357731
357802
358069
358170
358321
358457
358587
358593
358626
358627
358748
358750
358799
358817
359048
359237
359444
359552
359561
359605
359655
359731
359894
359994
360207
360215
360315
360349
360379
360386
360435
360452
360461
360487
360509
360528
360762
360901
360922
360932
360975
361028
361152
361178
361408
361599
361630
361676
361729
361815
361833
361833
362077
362312
362373
362618
362650
362680
362795
362885
362932
363054
363084
363156
363161
363317
363412
363455
363493
363575
363619
363668
363901
363976
364007
364076
364335
364391
364437
364470
364551
364581
364630
364632
364701
364775
364856
365201
365252
365253
365386
365493
365573
365663
365719
365814
365915
366166
366234
366259
366321
366381
366450
366561
366656
366687
366775
366863
367081
367288
367586
367806
367884
367947
367964
367995
368083
368241
368255
368318
368352
368497
369026
369073
369202
369253
369277
369500
369545
369559
369574
369582
369672
369699
369713
369770
369791
369812
369830
370173
370281
370379
370410
370496
370626
370690
370717
370725
370728
370746
370783
370798
370830
370863
370893
370925
371024
371034
371137
371193
371428
371469
371477
371727
371967
371987
372016
372021
372138
372162
372213
372273
372384
372637
372735
372879
372886
372989
373307
373413
373452
373660
373788
373805
373851
373947
373992
374164
374303
374545
374705
374817
374870
374877
374962
374993
375077
375199
375221
375339
375364
375388
375705
375756
375822
375867
375897
375925
375991
376028
376236
376236
376270
376291
376307
376393
376400
376425
376675
376738
376790
376934
376951
377008
377044
377120
377134
377424
377518
377574
377582
377703
377719
377858
377980
378043
378454
378708
378868
378869
378887
378939
379052
379132
379170
379207
379238
379276
379425
379530
379584
379644
379678
379744
379890
379960
379984
380114
380131
380143
380173
380551
380614
380655
380677
380834
380849
380996
381045
381054
381073
381084
381096
381414
381461
381470
381843
381962
382382
382400
382433
382448
382599
382614
382784
382890
382987
383028
383135
383186
383247
383251
383280
383481
383632
383688
384167
384203
384417
384501
384571
384719
384747
384824
384837
384865
385217
385327
385393
385403
385745
385755
385945
385999
386128
386581
386847
386861
386914
386940
386962
387065
387084
387160
387231
387379
387448
387545
387676
387887
387900
387994
387998
388059
388162
388356
388480
388579
388752
388838
388877
389090
389161
389358
389401
389680
389695
389763
389818
389998
390091
390108
390173
390229
390458
390578
390578
390583
390904
390929
390940
390941
391173
391313
391364
391467
391484
391575
391582
391648
391708
391771
392216
392284
392320
392343
392472
392599
392624
392706
392769
392806
392895
392936
392983
393125
393140
393177
393201
393218
393256
393368
393595
393619
393689
393766
393823
393901
394463
394645
394658
394727
394741
394922
394946
394982
395048
395073
395112
395235
395426
395471
395529
395622
395647
395726
395903
395918
395968
396028
396037
396191
396208
396216
396226
396232
396245
396502
396524
396569
396872
397106
397350
397492
397899
397901
397936
397952
397980
398036
398135
398153
398199
398270
398718
398725
398803
398993
399109
399198
399285
399368
399525
399915
400013
400073
400134
400216
400284
400320
400367
400381
400636
401175
401256
401401
401420
401792
402026
402065
402102
402287
402381
402513
402609
402613
402748
402872
403127
403300
403330
403342
403618
403721
403774
403857
403891
403921
403967
404051
404221
404462
404605
404870
404926
404927
404992
405057
405182
405541
405714
405864
405907
405953
405974
405988
406002
406027
406093
406181
406751
406944
407006
407045
407094
407154
407360
407494
407499
407642
407798
407952
407990
408205
408624
408636
408780
408808
409019
409036
409157
409212
409262
409262
409321
409334
409382
409867
409892
410095
410144
410393
410495
410495
410577
410668
410829
410866
410951
410953
411029
411173
411349
411499
411697
411832
411958
412140
412215
412229
412322
412341
412562
412562
412569
412847
412860
413059
413228
413274
413401
413404
413406
413614
413614
413749
413768
413778
413862
413903
414040
414131
414229
414273
414337
414396
414418
414425
414495
414503
414538
414593
414790
414887
414907
415238
415265
415273
415301
415312
415416
415470
415498
415651
415723
415816
415999
416092
416172
416177
416757
416825
416894
416923
417000
417160
417180
417347
417443
417447
417540
417685
417688
417930
418033
418060
418074
418126
418145
418312
418555
418839
418919
418926
419042
419146
419230
419262
419354
419364
419506
419519
419661
419692
420171
420224
420313
420320
420344
420459
420482
420559
420601
420684
420795
420859
420898
421024
421236
421495
421520
421587
421779
421797
421946
422364
422370
422370
422565
422707
422720
422773
422821
423123
423135
423588
423920
423977
424036
424123
424235
424273
424281
424375
424573
424617
424666
424710
424812
425028
425174
425223
425254
425425
425453
425479
425827
425951
425974
425982
426164
426167
426266
426386
426617
426662
426793
426898
427029
427060
427218
427340
427432
427582
427604
427763
427823
427834
427899
427955
428121
428125
428558
428568
428613
428698
428727
428812
428858
428942
428981
429103
429114
429159
429263
429525
429563
429620
429661
429764
429891
429913
429939
430133
430297
430333
430453
430591
430629
430666
430672
430830
430896
430904
431130
431340
431403
431619
431823
431836
431884
431886
431979
432194
432291
432317
432444
432637
432881
433056
433251
433454
433536
433823
433872
433973
434027
434040
434102
434128
434408
434469
434504
434924
435052
435074
435075
435118
435370
435612
435672
435858
435858
435913
436064
436186
436233
436529
436564
436666
436740
436860
436935
437025
437476
437547
437633
437634
437713
438000
438063
438268
438268
438338
438391
438408
438495
438567
438567
438722
438745
438802
438811
438883
439063
439211
439212
439266
440186
440262
440323
440616
440650
440735
441081
441087
441115
441140
441181
441264
441343
441555
441710
441725
441884
441934
441942
442083
442409
442683
442700
442919
442989
443050
443132
443190
443291
443335
443439
443528
443587
443690
443767
443861
443868
443997
444033
444178
444395
444735
444839
444893
444996
445103
445125
445168
445178
445355
445458
445486
445512
445686
445722
445806
445838
445840
445865
445894
446087
446265
446268
446308
446417
446521
446769
446893
446903
446918
447025
447153
447205
447229
447231
447293
447305
447362
447445
447557
447600
447635
447952
448012
448126
448140
448185
448253
448404
448423
448548
448661
448835
449021
449072
449105
449150
449191
449275
449371
449459
449508
449517
449522
449532
449661
449759
449954
450034
450326
450334
450335
450357
450368
450384
450404
450455
450536
450730
450771
450930
450997
451058
451250
451305
451552
451596
451713
451839
451945
451957
451973
452439
453044
453090
453108
453145
453157
453175
453193
453224
453281
453354
453416
453557
453610
453824
453843
454208
454286
454494
454535
454562
454608
454737
454815
455068
455089
455389
455639
455649
455783
455951
456108
456185
456408
456562
456664
456712
456913
456930
456992
457024
457387
457625
457640
457843
458178
458217
458324
458346
458464
458470
458557
458591
458608
458784
458884
458948
459283
459680
459837
459911
459942
459968
460093
460182
460191
460268
460538
460556
460717
460909
461345
461808
461851
461927
462039
462058
462194
462203
462307
462746
462783
463090
463117
463190
463485
463522
463548
463563
463646
463722
463967
464140
464197
464292
464431
464513
464659
464700
464910
464921
464967
465009
465130
465151
465190
465240
465451
465579
466057
466153
466363
466392
466583
466852
466883
466928
467110
467141
467211
467313
467406
467755
467928
468242
468266
468417
468436
468525
468653
468713
469050
469138
469233
469363
469517
469648
469822
469918
469979
470155
470163
470168
470210
470289
470331
470475
470509
470599
470690
470713
470745
470781
470838
470893
470901
471027
471156
471160
471300
471363
471376
471471
471528
471532
471575
471597
471604
471812
471882
471885
471976
472114
472176
472314
472394
472413
472539
472581
472637
472716
472768
472934
473098
473189
473284
473385
473512
473526
473526
473594
473681
473698
473763
473815
473988
474003
474025
474164
474249
474290
474317
474324
474342
474445
474506
474513
474581
474628
474679
474749
474808
474912
475001
475025
475071
475115
475168
475201
475240
475281
475339
475550
475639
475820
475824
475826
475904
475958
475990
476003
476033
476083
476299
476314
476673
476773
476932
476998
477265
477397
477408
477512
477716
477792
477885
477910
477951
477968
477982
477986
478137
478250
478305
478342
478366
478446
478518
478573
478726
478751
478804
478932
478979
479005
479017
479034
479162
479217
479420
479757
479815
479867
479951
480006
480334
480343
480584
480611
480670
480701
481046
481070
481175
481286
481373
481461
481468
481483
481575
481628
481717
481793
481938
482067
482103
482213
482358
482464
482475
482713
482860
482955
483162
483216
483326
483424
483502
483793
483905
483967
484027
484184
484442
484446
484505
484566
484925
484961
485347
485406
485587
485830
485968
486118
486270
486366
486425
486486
486527
486581
486641
486681
486888
487010
487131
487222
487260
487330
487362
487383
487434
487513
487583
487769
487793
487828
487897
487942
487946
487955
488189
488197
488239
488551
488562
488620
488865
489202
489222
489351
489351
489360
489423
489578
489601
489715
489760
489865
489963
490006
490252
490686
490959
491187
491198
491348
491396
491419
491533
491626
491636
491799
491811
491871
491893
491937
491992
492045
492062
492159
492227
492318
492469
492540
492660
492744
492846
492922
493095
493268
493270
493349
493354
493416
493431
493464
493605
493741
493763
493831
493979
493980
494127
494131
494146
494291
494375
494496
494570
494655
494678
494883
494894
495032
495046
495072
495127
495127
495161
495166
495302
495351
495372
495413
495419
495447
495557
495589
495591
495602
495944
495977
496131
496231
496242
496250
496257
496286
496647
496665
496732
496832
496996
497058
497191
497464
497498
497587
497644
497709
497825
497832
497946
497992
498012
498129
498131
498198
498240
498320
498431
498482
498551
498731
498835
498879
498917
498921
498947
498953
499119
499388
499433
499486
499495
499508
499556
499833
499865
499871
499935
499983
500040
500358
500368
500448
500510
501020
501051
501189
501226
501269
501311
501333
501460
501698
501726
501792
501864
501941
501969
502223
502228
502440
502603
502646
502765
502828
502852
502866
502881
502881
502894
503021
503259
503306
503379
503509
503711
503900
503980
504036
504249
504391
504566
504675
504678
504686
504776
504800
504836
504847
504971
505037
505060
505154
505377
505485
505486
505497
505699
505979
506025
506304
506323
506474
506552
506571
506617
506749
506804
506835
506883
506916
506916
506938
506948
507003
507119
507330
507555
507568
507597
507844
508220
508359
508554
508586
508626
508685
508701
508729
508759
508777
508794
508866
508916
508970
509071
509119
509294
509328
509407
509631
509725
509737
509937
509977
510025
510353
510362
510388
510606
510843
510857
511304
511453
511513
511884
512040
512043
512101
512146
512196
512220
512320
512342
512398
512474
512503
512514
512589
512705
512897
512913
512949
513045
513153
513171
513468
513512
513541
514099
514260
514356
514429
514548
515007
515041
515052
515153
515167
515176
515284
515356
515405
515523
515597
515608
515876
515880
516103
516213
516291
516447
516611
516651
516819
516847
516899
517061
517087
517567
517574
517890
517988
518214
518292
518297
518605
518632
518650
518731
518747
518887
518922
518924
518963
518994
519008
519100
519121
519138
519205
519333
519360
519489
519797
519855
519889
520023
520165
520271
520296
520427
520665
520672
520699
520775
520817
520818
521007
521157
521259
521267
521352
521489
521575
521721
521946
521953
522000
522091
522103
522256
522287
522379
522515
522613
522930
523107
523113
523267
523366
523511
523712
523896
524088
524127
524157
524469
524553
524571
524583
524662
524726
524953
524994
525033
525300
525414
525498
525572
525721
525831
526010
526137
526164
526206
526581
526600
526600
526652
526730
526829
527142
527222
527362
527624
527642
527795
527839
527865
528048
528082
528193
528205
528241
528495
528573
528666
528761
528925
529010
529020
529103
529190
529300
529372
529640
529644
529748
529865
529867
530271
530406
530456
530598
530652
530918
530928
531000
531059
531063
531091
531124
531222
531392
531695
531808
531846
531848
531880
531948
532034
532333
532344
532347
532413
532434
532609
532624
532745
532834
532917
532938
533071
533177
533206
533266
533356
533415
533459
533482
533497
533676
533760
533883
533989
534039
534057
534181
534580
534912
534934
534967
534994
535022
535074
535137
535216
535390
535463
535506
535524
535535
535681
535789
535799
535909
536257
536372
536700
536724
536906
537114
537256
537349
537439
537473
537513
537594
537605
537763
537825
537841
538043
538064
538178
538301
538376
538495
538527
538558
538894
538991
539261
539267
539273
539335
539509
539596
539773
539782
539997
540066
540140
540213
540336
540338
540405
540407
540446
540451
540612
540644
540720
540720
540815
541009
541087
541122
541341
541353
541502
541513
541519
541749
541816
541873
541914
541977
542129
542147
542244
542278
542331
542530
542572
542770
543065
543137
543225
543233
543320
543326
543456
543458
543475
543655
543661
543715
543812
543852
544138
544156
544426
544785
544813
544948
545049
545263
545332
545440
545965
546154
546167
546211
546216
546216
546293
546321
546391
546491
546637
546695
546795
546840
547093
547134
547188
547198
547375
547396
547466
547576
547614
547626
547646
547753
547791
547924
548365
548497
548510
548902
548910
548988
549104
549112
549156
549241
549244
549309
549371
549447
549494
549495
549571
549631
549641
549722
549782
549850
549962
550147
550163
550223
550246
550310
550369
550415
550538
550782
550783
550792
550958
551010
551203
551302
551350
551549
551772
551868
551958
552084
552112
552203
552340
552343
552371
552476
552657
552668
552869
552989
553224
553225
553414
553448
553984
554169
554184
554322
554417
554596
554620
554740
554763
554800
554874
554936
554949
555003
555521
555604
555609
555620
555636
555721
555779
555797
555862
555869
555896
555937
555987
555994
556033
556100
556324
556340
556917
556958
556958
557009
557019
557131
557144
557168
557177
557714
557783
557804
558161
558435
558485
558609
558613
558625
558638
558666
558925
558940
558983
559017
559118
559175
559342
559712
559898
560075
560120
560237
560250
560304
560312
560313
560368
560663
560920
560933
561022
561046
561176
561273
561534
561710
561748
561995
562045
562112
562421
562512
562667
562746
562755
562770
562872
562916
562966
563230
563255
563282
563535
563546
563586
563638
563741
563854
563971
563997
564156
564179
564217
564224
564418
564675
564755
564759
564760
564883
565260
565292
565317
565359
565584
565622
565686
565686
565710
565739
565778
565794
565835
566082
566186
566197
566305
566377
566431
566585
566620
566705
566715
566778
566817
566861
566900
566945
566984
567114
567117
567151
567197
567207
567421
567438
567446
567813
567855
567966
568044
568221
568232
568402
568475
568670
568969
569273
569364
569428
569437
569458
569500
569522
569588
569618
569644
569680
569763
569857
569963
569979
570017
570126
570196
570214
570231
570643
570774
570818
571090
571099
571196
571377
571456
571461
571651
571666
571703
571756
571816
572072
572098
572113
572155
572233
572321
572363
572709
572777
572781
572847
572940
573196
573317
573591
573608
573654
573656
573770
573949
573994
574030
574071
574448
574460
574525
574538
574585
574767
575067
575115
575122
575154
575185
575342
575625
575632
575761
575985
576044
576147
576257
576294
576362
576933
577012
577138
577200
577223
577288
577379
577494
577540
577637
577745
577850
577872
577892
578141
578171
578209
578241
578253
578483
578766
578772
578840
578955
579104
579127
579147
579291
579345
579560
579562
579754
579881
579976
579983
579990
580011
580028
580126
580138
580269
580309
580326
580438
580551
580578
580708
580708
580799
580876
581053
581426
581488
581517
581549
581553
581594
581625
581874
581933
582096
582361
582481
582514
582551
582688
582723
582809
582817
582838
582862
582877
582979
583211
583231
583257
583355
583429
583448
583517
583530
583649
583751
583861
584038
584276
584560
584585
584592
584709
584768
584965
585441
585489
585590
585694
585743
585814
585940
586039
586209
586224
586242
586310
586341
586605
586722
586733
586748
586794
587095
587191
587319
587439
587508
587855
588005
588030
588060
588233
588454
588499
588560
588700
588781
588798
588961
589001
589068
589327
589351
589575
589645
589813
590032
590196
590315
590514
590532
590574
590606
591002
591010
591055
591115
591123
591182
591210
591260
591423
591509
591583
591634
591692
591743
591785
591802
592022
592166
592176
592249
592343
592523
592551
592741
592868
592931
593013
593047
593060
593462
593608
593705
593893
593955
594039
594160
594501
594552
594594
595500
595722
595745
595920
595995
596150
596182
596205
596597
596678
596688
596690
596731
596785
597204
597238
597276
597793
597885
597904
598017
598018
598042
598068
598214
598319
598344
598477
598600
598625
598739
598937
599047
599232
599373
599380
599585
599806
599981
600114
600288
600382
600514
600561
600649
600710
600766
600810
600837
601006
601063
601067
601314
601458
601549
601572
601644
601875
602006
602321
602490
602627
602691
602709
603022
603069
603074
603158
603183
603199
603306
603426
603460
603489
603639
603669
603680
603710
603740
603920
603957
604013
604039
604188
604292
604358
604584
604591
604710
604880
604909
604993
605158
605169
605178
605203
605250
605363
605383
605458
605690
605705
605816
606005
606323
606376
606400
606557
606616
606665
606689
606884
606905
607005
607027
607047
607055
607081
607214
607270
607393
607431
607462
607541
607672
607685
607791
607812
607859
607934
608034
608065
608377
608438
608558
608571
608650
608787
608943
609127
609165
609258
609279
609282
609330
609330
609404
609478
609483
609612
609653
609658
609743
609994
610036
610052
610098
610194
610366
610375
610392
610547
610551
610589
610720
610779
610827
610831
610996
611015
611069
611323
611334
611350
611384
611384
611384
611416
611468
611934
612005
612256
612289
612383
612418
612490
612605
612848
612919
612938
612982
613120
613199
613275
613307
613353
613489
613676
613715
613771
613777
614002
614086
614137
614461
614537
614602
614683
614684
614971
614993
615334
615421
615744
615777
615800
616052
616325
616531
616730
616894
617150
617342
617374
617407
617410
617531
617606
617752
617906
618126
618170
618278
618333
618342
618735
619185
619338
619360
619490
619571
620082
620156
620272
620421
620475
620629
620698
620699
620827
620932
621075
621456
621478
621541
621778
622004
622419
622536
622548
622598
622748
622799
622881
622929
622967
623045
623134
623353
623384
623414
623481
623560
623602
623904
623978
624112
624135
624203
624298
624326
624354
624470
624493
624505
624523
624814
624901
624942
625167
625171
625577
625821
625823
625887
625904
626114
626131
626178
626233
626242
626243
626385
626485
626604
626715
626901
626927
627048
627104
627121
627137
627477
627569
627575
627760
627810
627877
627965
627985
628019
628174
628349
628350
628510
628642
628718
628789
628903
628919
629059
629276
629535
629720
629854
629983
630091
630112
630157
630335
630374
630386
630396
630415
630660
630762
630960
631089
631240
631265
631303
631428
631563
631647
631785
632256
632418
632431
632650
632806
632820
632833
632868
632927
633077
633340
633524
633664
634030
634045
634302
634476
634584
634605
634715
634841
634854
634902
634965
635034
635045
635087
635305
635352
635360
635398
635419
635539
635605
635705
635715
635753
635754
635852
635891
635971
635982
636035
636164
636255
636342
636521
636768
636906
637073
637087
637153
637172
637444
637529
637553
637558
637626
637885
638031
638033
638107
638421
638486
638618
638652
638688
638824
638996
639057
639064
639095
639331
639442
639448
639469
639487
639614
639720
639739
639994
640026
640187
640195
640258
640355
640622
640728
640761
640872
640897
641110
641163
641264
641507
641535
641870
641889
641981
642077
642155
642485
642493
642533
642576
642641
642644
642767
642870
643093
643589
643665
643710
643765
643768
643855
644256
644466
644519
644570
644694
644889
644957
644961
644967
645025
645134
645139
645265
645446
645645
645832
645839
646079
646087
646089
646112
646208
646228
646281
646309
646365
646382
646717
646787
646816
646822
647054
647078
647186
647258
647309
647368
647432
647690
647723
647766
648062
648286
648299
648490
648520
648590
648664
648777
648856
648897
649191
649304
649438
649479
649508
649695
649717
649769
649798
649842
649979
650114
650363
650542
650632
650853
650922
650975
650989
651125
651233
651354
651451
651579
651765
651798
651826
651881
651887
651961
651981
652036
652228
652236
652293
652526
652796
652820
652823
653028
653227
653245
653438
653492
653691
653717
653813
653969
654206
654330
654335
654366
654379
654440
654536
655136
655191
655215
655242
655338
655461
655501
655678
655696
655808
655978
656110
656144
656244
656294
656532
656536
656618
656757
656885
657203
657296
657468
657652
657738
657772
657942
657984
658122
658150
658237
658258
658297
658333
658498
658511
658602
658814
658836
658877
659019
659093
659594
659651
659696
659766
659821
659886
659911
659977
660178
660331
660359
660361
660367
660382
660457
660614
660786
661121
661264
661491
661574
661600
661636
661697
661725
661732
661733
661966
662029
662092
662126
662161
662172
662214
662399
662409
662819
663013
663056
663169
663280
663296
663484
663790
663942
663955
663974
663990
664149
664217
664443
664488
664514
664641
664756
664786
664871
664887
664982
665111
665124
665196
665291
665330
665566
665570
665637
665642
665668
665728
665898
665949
666180
666233
666323
666347
666382
666555
666668
666796
666934
667062
667160
667333
667584
667644
667843
667883
667968
668087
668207
668280
668346
668408
668426
668501
668587
668600
668654
668765
668839
668889
669165
669169
669312
669336
669341
669389
669442
669464
669508
669628
669732
669836
669940
670088
670184
670217
670268
670295
670307
670494
670527
670798
670822
670855
670963
671005
671081
671161
671261
671815
671899
671933
672041
672118
672326
672335
672551
672556
672598
672609
672654
672743
672871
672922
672938
672994
673128
673220
673344
673540
673549
673635
673658
673836
673883
673955
674013
674257
674331
674372
674435
674576
674624
674625
674641
675402
675419
675839
675888
676091
676136
676280
676381
676410
676418
676625
676703
676755
676808
676924
676997
677003
677064
677272
677296
677302
677360
677380
677478
677521
677607
677654
677783
677946
678016
678116
678204
678209
678361
678538
678583
678632
678724
678757
678857
678939
679067
679095
679204
679206
679210
679546
679621
679623
679654
679753
679854
680098
680282
680385
680417
680488
680678
680992
681044
681224
681292
681372
681562
681773
682070
682124
682167
682212
682242
682274
682420
682484
682522
682559
682983
682999
683247
683371
683426
683435
683770
683829
683850
683939
684095
684385
684392
684481
684514
684807
684904
684984
685075
685104
685179
685431
685680
685905
686036
686071
686405
686588
686634
686711
686717
686852
687001
687557
687739
687870
687937
688003
688372
688818
688869
688874
688896
688926
688986
688988
689131
689277
689301
689456
689477
689729
689782
689813
689855
689948
690013
690094
690193
690224
690594
690660
690691
690741
690780
690912
690991
691012
691022
691246
691280
691383
691408
691416
691622
691634
691757
692001
692102
692172
692190
692276
692556
692638
692683
692760
692935
692957
693096
693330
693470
693497
693517
693557
693576
693899
694113
694149
694241
694249
694354
694668
694802
694848
694950
694988
695110
695183
695204
695214
695226
695265
695515
695532
695728
695835
695940
696104
696108
696130
696136
696199
696560
696594
696601
696638
696679
696804
696951
696994
697039
697140
697363
697382
697506
697552
697743
697870
698057
698096
698219
698312
698322
698433
698491
698568
698884
698963
699140
699170
699901
700184
700364
700414
701027
701359
701449
701544
701812
701914
701972
702038
702044
702162
702388
702405
702430
702637
702670
702809
702834
702925
702996
703212
703387
703410
703602
703607
703726
704098
704127
704201
704281
704347
704482
704513
704571
704872
704965
704997
705157
705228
705250
705471
705651
705692
705727
705977
706019
706325
706339
706498
706549
706618
706735
706784
706817
706868
706887
706909
706934
707099
707164
707169
707221
707336
707404
707610
707614
707629
707653
707660
707726
707820
707977
708058
708372
708559
708579
708792
708883
708938
709012
709085
709105
709232
709247
709337
709457
709526
709539
709567
709629
709931
709967
710142
710190
710208
710640
710651
710728
710882
711059
711319
711516
711566
711642
711834
711857
712132
712320
712890
712982
713162
713229
713256
713269
713388
713404
713408
713414
713553
713614
713686
713715
713786
714022
714047
714302
714464
714583
714630
714896
715080
715436
715476
715623
715670
715872
715962
715979
716096
716117
716215
716414
716446
716554
716628
716638
716677
716782
716796
716879
716905
717031
717220
717418
717583
717636
717694
717726
717795
717921
717949
717979
717979
718058
718138
718165
718224
718397
718462
718575
718840
718891
718957
718959
719349
719421
719425
719449
719515
719570
719613
719653
719758
719823
720029
720323
720398
720624
720673
720706
720814
720857
720889
720957
721005
721137
721218
721270
721304
721327
721415
721427
721502
721703
721800
721963
722235
722361
722444
722509
722607
722669
722911
722986
722999
723059
723126
723132
723231
723273
723298
723473
723475
723790
723835
723951
723963
724073
724394
724405
724549
724665
724815
724953
724987
724991
725028
725229
725238
725526
725811
726109
726133
726231
726332
726434
726452
726527
726762
726793
727121
727249
727417
727439
727545
727801
727851
727901
727985
728021
728235
728254
728390
728627
729006
729107
729280
729336
729374
729403
729472
729710
729786
729806
730148
730173
730479
730690
730744
730745
730835
730953
730999
731018
731083
731230
731701
731771
731875
732108
732144
732422
732505
732662
732815
732849
732971
733185
733445
733472
733476
733644
733843
733851
733883
733991
734080
734172
734196
734269
734576
734638
734639
734643
734700
734712
734796
734814
734818
734933
734945
734981
735050
735061
735115
735469
735674
735714
735733
735753
735838
735915
735975
736090
736549
736560
736996
737010
737094
737252
737343
737587
737624
737669
737683
737697
737954
738236
738324
738338
738755
739490
739595
739750
739830
740589
740687
740836
740911
740947
740996
741121
741192
741224
741347
741421
741501
741586
741591
741788
741842
741858
741911
742115
742222
742401
742506
742691
742919
743221
743233
743466
743466
743708
743737
743766
743894
743955
743956
743978
743999
744360
744438
744547
744631
744641
744757
744779
744868
745003
745007
745022
745022
745083
745173
745288
745397
745454
745741
745770
745804
745825
745843
745932
746193
746295
746373
746484
746485
746832
746880
747014
747040
747179
747308
747315
747327
747420
747435
747492
747659
747761
747836
747854
747908
747934
748121
748136
748296
748304
748354
748446
748552
748633
748636
748794
748800
748926
748963
749315
749336
749415
749465
749639
749937
749959
750038
750364
750453
750454
750494
750514
750581
750604
750722
750735
750929
750968
750970
751031
751043
751059
751283
751286
751322
751340
751364
751562
751580
751628
751645
751723
751791
751944
752082
752325
752401
752429
752473
752546
752579
752602
752710
752754
752824
752936
752992
753020
753055
753122
753377
753386
753480
753562
753563
753649
753780
753795
753870
753911
753969
754006
754217
754351
754533
754600
754670
754718
754923
755009
755223
755256
755400
755497
755548
755562
755679
755817
755820
755860
755957
755972
756062
756068
756129
756200
756218
756302
756483
756577
756741
756781
756809
757053
757054
757217
757459
757464
757776
757849
757910
757996
758017
758045
758301
758608
758636
758902
758950
758986
759047
759048
759055
759168
759169
759364
759400
759407
759414
759498
759654
759890
760040
760077
760263
760369
760703
760951
761083
761205
761248
761369
761421
761461
761478
761506
761577
761662
761807
761898
761924
762058
762102
762415
762620
762722
762991
763018
763043
763097
763224
763250
763455
763490
763550
763638
763649
763884
763918
764022
764098
764110
764111
764180
764225
764459
764486
764556
764756
764806
764959
765044
765093
765323
765333
765356
765382
765616
765619
765682
765746
765854
765883
765999
766150
766161
766461
766479
766545
766663
766730
766767
766890
766930
766981
767285
767477
767589
767590
767816
767831
767959
767995
768075
768097
768371
768592
768714
768822
768830
768846
768915
768942
769046
769118
769861
769956
769992
770086
770324
770384
770388
770413
770440
770545
770794
770801
770838
770980
771149
771192
771217
771278
771341
771504
771923
771968
771994
772021
772066
772226
772320
772494
772637
772694
772741
772748
772809
772877
772950
773039
773301
773429
773574
773640
773769
773827
773885
773949
773965
774039
774051
774069
774087
774148
774176
774324
774351
774401
774579
774645
774656
774758
774805
774957
774992
775034
775133
775141
775384
775395
775481
775907
776151
776188
776583
777048
777161
777260
777408
777415
777475
777512
777590
777610
777670
777865
778032
778136
778202
778246
778249
778365
778562
778690
778889
779040
779090
779364
779419
779547
779817
779835
780157
780170
780419
780436
780693
780717
780814
780894
780953
781079
781120
781261
781517
781580
781706
781838
781883
781902
781996
782002
782205
782212
782383
782389
782632
782656
782720
782723
782785
782911
782930
783129
783233
783244
783278
783324
783468
783521
783528
783634
783700
784119
784428
784458
784511
784595
784625
784700
784713
784782
784856
784868
784926
784926
784969
784999
785003
785234
785477
785627
785839
785842
785866
786273
786301
786347
786514
786592
786625
786662
786766
786781
786883
786920
786922
787255
787384
787394
787557
787597
787638
787874
787913
787944
788102
788270
788351
788378
788381
788473
788848
788973
789231
789424
789627
789756
789877
789963
790045
790206
790344
790383
790548
790692
790793
790872
791032
791181
791292
791301
791316
791666
791697
791698
791760
791836
791865
791892
791919
792020
792029
792085
792223
792275
792357
792471
792537
792618
792677
792752
792779
793124
793142
793236
793467
793607
793755
793778
793800
793860
793944
794115
794201
794368
794531
794609
794651
794878
794906
795090
795115
795168
795232
795249
795286
795322
795433
795497
795604
795604
795836
795972
796073
796124
796190
796197
796366
796478
796539
796648
796655
796682
796713
796721
796854
796876
796980
796999
797081
797472
797514
797586
797857
797982
798265
798269
798342
798620
798819
798844
798878
798973
799075
799211
799246
799283
799310
799759
799774
799845
799977
800137
800221
800286
800364
800456
800502
800648
800768
800830
801128
801345
801612
801688
801742
801990
802012
802025
802115
802289
802319
802337
802389
802463
802540
802550
802561
802564
802720
802866
802991
802994
803147
803159
803164
803537
803543
803566
803599
803602
803760
803870
804017
804063
804124
804160
804168
804445
804523
804692
804913
804928
804933
805031
805374
805532
805812
805853
805915
805979
806046
806188
806207
806288
806312
806560
806621
806653
806946
806980
807024
807114
807294
807404
807665
807714
808058
808290
808341
808397
808513
808716
808958
809272
809366
809371
809413
809434
809508
809509
809511
809708
809758
809777
810030
810105
810174
810185
810357
810674
811087
811091
811169
811227
811395
811399
811532
811737
811814
811968
812174
812217
812278
812377
812409
812420
812437
812596
812657
812665
812693
812791
812798
812863
813031
813043
813336
813565
813628
814005
814051
814056
814081
814095
814199
814332
814339
814466
814469
814493
814657
814731
814733
814763
814806
814873
814902
814996
815063
815322
815351
815404
815661
815741
815900
816034
816054
816072
816093
816119
816211
816459
816511
816527
816545
816579
816626
816647
816795
816826
816863
816933
816956
817305
817388
817407
817470
817631
817709
817757
817769
817976
817978
818339
818585
818642
818753
818916
818926
818975
819032
819079
819126
819128
819230
819344
819359
819379
819487
819596
819651
819714
819751
819774
819797
819821
819911
820135
820312
820399
820518
820563
820588
820590
820723
821061
821071
821105
821382
821516
821556
821744
821745
821746
821888
821979
822027
822062
822119
822290
822290
822367
822466
822480
822651
822855
822863
822943
822950
822974
823135
823140
823382
823480
823555
823584
823610
823690
823731
823833
823869
824034
824136
824148
824191
824255
824441
824463
824537
824672
825041
825181
825232
825232
825330
825433
825572
825769
825875
825904
826065
826259
826304
826712
826760
826896
826902
827045
827118
827165
827310
827351
827383
827451
827683
827702
827821
828229
828347
828379
828616
828707
828786
828995
829112
829130
829356
829426
829474
829524
829535
829565
829576
829615
829629
829743
829970
830088
830121
830378
830392
830421
830840
830877
830892
830912
830990
831057
831171
831406
831482
831519
831760
831833
831999
832056
832155
832176
832253
832262
832323
832370
832402
832426
832657
832751
833016
833066
833081
833135
833154
833251
833563
833689
833713
833876
834160
834176
834324
834441
834449
834694
834846
834858
834932
834955
835139
835222
835229
835291
835301
835403
835744
836040
836098
836209
836373
836405
836510
836523
836651
836779
837060
837325
837381
837585
837668
837714
837851
837887
837933
838165
838238
838499
838569
838571
838585
838645
838658
838760
839274
839465
839725
839835
839856
839961
840001
840157
840273
840315
840682
840817
841056
841059
841066
841067
841106
841278
841306
841307
841508
841610
841649
841747
841754
841763
841836
841893
841982
841996
842006
842147
842337
842537
842693
842694
842697
842770
842907
842957
843040
843083
843141
843387
843389
843424
843609
843637
843846
843872
844071
844087
844094
844120
844295
844416
844423
844586
844586
844680
844783
844837
844901
844984
845233
845317
845400
845836
845949
846035
846039
846382
846388
846542
846570
846711
846731
846751
847055
847213
847297
847315
847572
847646
847669
847741
847764
847778
847799
847851
847915
848127
848132
848273
848305
848309
848493
848556
848634
848643
848743
848748
848978
848990
849035
849345
849479
849532
849601
849697
849802
849859
849880
849895
849984
849996
850559
850720
850948
850998
851008
851035
851085
851096
851131
851257
851264
851430
851572
851572
851639
851641
851700
851704
851737
851757
851818
851856
851926
852097
852189
852255
852346
852383
852465
852557
852771
853004
853006
853065
853118
853396
853488
853657
853813
854035
854181
854227
854461
854462
854498
854509
854617
854788
854939
855006
855168
855200
855345
855353
855370
855395
855505
855693
855799
856317
856318
856337
856386
856578
856610
856676
856980
857026
857070
857161
857267
857383
857412
857619
857882
857948
857985
857992
858129
858172
858221
858310
858541
858615
858707
858838
858966
858987
859058
859405
859444
859515
859764
859844
859945
859981
860005
860022
860061
860194
860252
860322
860342
860430
860442
860841
860866
860964
861037
861050
861104
861107
861170
861177
861224
861375
861376
861499
861561
861636
861825
861902
861981
861991
862046
862200
862381
862469
862471
862479
862482
862496
862511
862523
862605
862612
862818
862950
862958
862974
863128
863147
863206
863238
863323
863363
863523
863650
863738
863904
864175
864220
864417
864482
864505
864685
864801
864970
865009
865133
865134
865319
865424
865635
865831
865898
866024
866062
866074
866444
866445
866498
866892
866916
867214
867263
867293
867344
867451
867514
867560
867584
867588
867679
867816
867870
867978
868038
868064
868241
868317
868356
868382
868397
868420
868474
868478
868493
868704
868739
868781
868824
868867
868899
868900
868915
868928
868948
868958
869081
869343
869379
869405
869500
869691
869693
869948
870039
870077
870354
870396
870399
870440
870580
870592
870882
871111
871136
871143
871186
871230
871374
871387
871412
871532
871681
871872
871917
871977
871981
872056
872081
872097
872253
872483
872787
872788
872875
873012
873046
873171
873248
873269
873308
873317
873329
873516
873698
873771
873875
873922
873950
874017
874246
874327
874360
874404
874532
874534
874589
874660
874683
874690
874708
874711
874736
874736
874779
874789
874883
875015
875083
875261
875512
875573
875600
875745
875791
875795
875892
876041
876050
876073
876101
876115
876128
876138
876149
876221
876246
876303
876366
876529
876608
876774
876801
877059
877093
877116
877272
877334
877564
877696
877845
877862
878036
878206
878284
878518
878746
878768
879113
879118
879145
879207
879337
879454
879478
879759
879761
879762
879824
880014
880181
880329
880665
880671
880759
880776
880827
881009
881052
881152
881368
881587
881590
881809
881829
882026
882053
882175
882176
882428
882484
882492
882497
882525
882585
882613
882765
882916
883223
883374
883387
883462
883482
883704
883720
883759
883765
883933
884063
884066
884096
884174
884301
884347
884379
884411
884514
884620
884632
884643
884670
884823
884882
884924
884960
885068
885071
885096
885109
885309
885336
885396
885577
885866
885885
885888
885917
886022
886219
886222
886456
886487
886506
886798
886835
886836
886963
887000
887118
887163
887264
887296
887431
887455
887623
887735
887877
887889
887930
887940
887982
888172
888193
888261
888398
888407
888431
888484
888584
888766
889249
889401
889499
889516
889757
889943
890392
890443
890470
890510
890525
890640
890641
890833
890951
890986
891225
891318
891512
891601
891601
891692
891737
891890
892041
892103
892521
892587
892797
893144
893164
893444
893573
893773
893864
893898
893920
894057
894078
894266
894474
894516
894664
894814
895029
895038
895116
895136
895181
895198
895317
895412
895456
895463
895852
895913
895943
896040
896052
896180
896289
896298
896430
896515
896542
896555
896559
896600
896633
896707
896877
896887
896898
897119
897137
897176
897206
897336
897424
897460
897478
897544
897636
897661
897773
898010
898028
898040
898069
898224
898234
898282
898320
898390
898567
898612
898807
898878
898937
898944
899046
899168
899332
899356
899426
899492
899751
899887
900023
900078
900164
900187
900294
900382
900405
900411
900450
900468
900510
900635
900848
900855
900929
900952
900960
901011
901284
901304
901320
901537
901601
901730
902120
902263
902278
902429
902823
903094
903119
903305
903452
903480
903790
903983
903983
904037
904059
904112
904170
904261
904432
904621
904775
904922
905013
905147
905213
905239
905242
905297
905507
905507
905578
905809
905960
905963
906082
906130
906198
906512
906664
906694
906716
906793
906817
906828
906902
906974
907003
907008
907209
907246
907312
907365
907425
907496
907539
907572
907647
907896
907935
907964
907973
908057
908095
908125
908209
908227
908392
908499
908535
908645
908794
908824
908854
908914
909229
909297
909363
909396
909514
909521
909694
909718
909796
909998
910094
910226
910271
910403
910437
910666
911082
911147
911158
911163
911163
911203
911311
911347
911405
911489
911617
911705
911734
911947
912079
912305
912370
912388
912494
912743
912800
912872
912882
912900
912960
912983
912992
913068
913111
913384
913647
913760
913802
913883
913922
914267
914341
914580
914599
914817
914836
914927
914987
914988
915081
915111
915149
915564
915609
915693
915816
916134
916218
916264
916317
916374
916455
916463
916950
917093
917243
917632
917859
917970
918084
918292
918617
918838
919056
919189
919226
919453
919579
919842
920195
920212
920240
920484
920682
920791
920792
920853
921177
921193
921356
921445
921471
921617
921769
921780
922010
922102
922113
922150
922298
922372
922387
922490
922629
922658
922810
922870
922895
922913
922926
923119
923344
923515
923536
923586
923607
923631
923665
923670
923744
923825
923865
924011
924031
924385
924550
924690
924961
925018
925038
925075
925169
925231
925433
925695
925702
925747
925764
925942
926104
926200
926214
926391
926422
926498
926544
926580
926691
926858
926866
926924
927022
927036
927069
927187
927221
927227
927271
927337
927385
927443
927498
927561
927664
927690
928153
928242
928247
928366
928410
928512
928672
928746
929000
929048
929141
929557
929709
929762
929921
929952
930062
930405
930585
930616
930891
930905
930929
930930
930981
931174
931384
931402
931466
931744
931786
931846
931876
931929
932064
932241
932255
932516
932574
932613
932656
932741
932776
933136
933255
933293
933464
933495
933835
933944
934137
934200
934581
934602
934619
934667
934707
934903
935004
935022
935304
935319
935349
935835
935955
936068
936214
936235
936279
936287
936353
936394
936425
936573
936812
937011
937315
937416
937444
937684
937816
938007
938022
938046
938083
938109
938426
938590
938612
938752
938820
938844
939023
939035
939166
939173
939183
939208
939254
939481
939577
939602
939706
939971
940229
940274
940437
940526
940878
940901
940905
941063
941362
941986
942123
942123
942442
942520
942531
942554
942573
942634
942724
942856
942877
942956
943176
943260
943280
943437
943502
943538
943652
943686
943759
943777
943789
943808
943862
943866
943979
943990
944227
944273
944337
944638
944654
944715
944732
944826
944912
944927
944948
944980
945695
945703
945944
946001
946071
946087
946180
946258
946579
946595
946911
946920
946927
947201
947213
947318
947476
947598
947616
947831
947859
947868
948073
948206
948229
948398
948413
948594
948653
948678
948702
948965
948978
949278
949482
949716
949818
950051
950132
950230
950262
950288
950302
950415
950540
950674
950791
950884
951109
951283
951328
951363
951372
951607
951768
951867
951948
951949
951983
952008
952258
952510
952649
952675
952928
952994
953054
953137
953485
953544
953650
953739
953840
953945
953980
954277
954355
954362
954463
954674
954727
954758
954822
955005
955042
955145
955227
955261
955394
955624
955684
955825
956006
956177
956265
956541
956652
956714
956771
957166
957202
957318
957395
957575
957606
957735
957766
958057
958066
958166
958175
958177
958226
958503
958675
958695
958722
958745
958903
958933
959055
959244
959317
959325
959391
959538
959585
959708
959728
960127
960351
960555
960784
960830
960895
960897
961165
961200
961238
961398
961430
961570
961595
961837
961839
961957
962238
962272
962282
962448
962487
962547
962729
962945
963224
963318
963371
963461
963516
963660
963843
963873
963897
964146
964293
964296
964325
964400
964519
964541
964694
964720
964748
964832
965025
965133
965209
965303
965337
965425
965471
965503
965532
965729
965822
965834
965855
965975
966036
966370
966501
966630
966786
967031
967052
967084
967224
967307
967400
967653
967654
967716
967937
968022
968103
968158
968280
968370
968409
968440
968448
968480
968631
968724
968766
968820
968858
968898
968957
969032
969122
969263
969352
969525
969625
969699
969968
970015
970028
970038
970055
970205
970483
970538
970586
970619
970699
970705
970782
970810
970862
970867
970868
970892
970951
971072
971111
971224
971236
971374
971406
971415
971596
971694
971869
972068
972096
972250
972262
972626
972813
972864
972946
972954
972992
973187
973192
973454
973630
973679
973720
973862
973965
974122
974259
974402
974469
974749
975145
975241
975309
975321
975384
975409
975510
975585
975592
975641
975903
976303
976326
976402
976481
976673
976735
976854
976960
977048
977132
977135
977208
977307
977379
977410
977546
977585
977842
978044
978088
978131
978199
978213
978411
978628
978640
978759
978811
979011
979024
979033
979210
979400
979948
980036
980521
980564
980656
980667
980991
981005
981122
981148
981225
981234
981238
981311
981343
981383
981440
981500
981552
981582
981634
982211
982238
982239
982240
982313
982382
982548
982776
982788
982843
982931
982996
983011
983032
983044
983068
983159
983227
983270
983279
983540
983580
983620
983722
984072
984129
984201
984354
984395
984500
984571
984770
984917
985001
985031
985168
985196
985198
985295
985332
985385
985707
985732
985799
985828
985844
986067
986222
986240
986408
986461
986485
986510
986542
986577
986607
986701
986799
986967
987380
987491
987881
987921
987930
987935
988100
988178
988336
988749
988838
988961
989138
989367
989389
989441
989522
989626
989719
989769
989786
989946
990052
990077
990158
990250
990333
990446
990567
990783
990803
990932
991306
991408
991532
991612
991767
992194
992202
992231
992274
992301
992318
992488
992542
992631
992689
992693
992864
992956
993067
993112
993199
993295
993333
993374
993382
993407
993467
993482
993484
993625
993648
993787
993795
993923
994008
994435
994501
994518
994689
994791
995017
995128
995225
995227
995239
995401
995403
995420
995449
995480
995511
995780
995825
995835
995841
995860
996004
996160
996202
996233
996347
996436
996471
996473
996478
996484
996585
996599
996766
996814
996848
996928
997008
997380
997381
997459
997562
997726
997739
998074
998099
998288
998450
998576
998594
998748
998872
998884
999100
999236
999339
999390
999392
999705
999854
999855
999893
999897
999923
999987
