8
16
348
456
577
617
894
929
931
1046
1146
1179
1492
1626
1808
1860
1908
1950
2110
2113
2125
2160
2205
2307
2310
2334
2394
2470
2548
2625
2687
2762
2818
2968
3100
3484
3519
3566
3723
3726
3728
3865
3871
4022
4156
4171
4180
4251
4287
4320
4415
4862
4892
4898
5092
5128
5249
5266
5360
5368
5463
5496
5529
5535
5620
5659
5659
5809
5933
5992
6136
6231
6249
6279
6284
6461
6599
6725
6876
6888
6967
7059
7062
7521
7567
7686
7761
7892
8026
8172
8179
8513
8553
8590
8731
8936
9165
9227
9231
9246
9277
9380
9432
9446
9466
9552
9610
9661
9694
9717
9867
9997
10095
10231
10798
10886
10961
11013
11044
11393
11516
11583
11699
11838
11878
11890
11946
12087
12485
12515
12549
12805
12886
12974
13150
13243
13315
13334
13334
13363
13364
13416
13565
13752
13803
13876
13886
14145
14256
14363
14367
14545
14828
15073
15101
15182
15394
15567
15578
15618
15624
15663
15918
15963
16065
16088
16196
16465
16508
16542
16588
16805
16844
16933
17003
17015
17075
17110
17169
17674
17710
17734
17778
17847
17893
18080
18091
18179
18386
18451
18471
18531
18653
18833
18872
18901
18902
18906
18919
18959
19560
19568
19569
19621
19677
19695
19731
19760
19867
19916
20041
20098
20241
20306
20596
20618
20655
20676
20730
20787
20864
20893
20974
20988
21039
21080
21157
21171
21225
21480
21487
21571
21671
21697
21699
21711
21789
22035
22239
22277
22423
22594
22619
22653
22695
22729
22750
23009
23037
23121
23246
23253
23287
23308
23355
23365
23560
23587
23673
23679
23736
23769
23929
23933
24287
24735
24906
24961
25072
25223
25311
25515
25520
25542
25579
25657
25780
25840
25895
25903
25959
26180
26191
26342
26348
26578
26584
26879
26919
26930
27168
27170
27205
27288
27318
27572
27682
27929
28222
28254
28260
28341
28435
28552
28566
28572
28677
28800
28832
28864
29166
29228
29519
29722
29932
30001
30007
30048
30083
30119
30130
30254
30351
30404
30562
30585
30762
30852
30926
30939
30955
30981
31048
31119
31329
31421
31433
31446
31660
31875
31901
32045
32158
32357
32396
32455
32477
32488
32504
32642
32845
33005
33150
33169
33278
33496
33628
34191
34229
34262
34403
34496
34525
34546
34567
34602
34684
34730
34760
34792
34850
34858
34886
34909
34993
35054
35077
35092
35125
35169
35280
35381
35384
35676
35937
35967
36112
36124
36251
36270
36399
36496
36533
36636
36679
37379
37439
37504
37528
37602
37745
37758
38067
38103
38545
38601
38701
38809
39073
39105
39276
39337
39346
39691
39910
40006
40267
40356
40371
40512
40547
40728
40761
40781
40940
40981
41317
41391
41583
41596
41690
41911
42172
42668
42705
42929
43202
43278
43534
43763
43777
43908
43960
44018
44090
44103
44192
44274
44297
44309
44573
44583
44701
44782
44802
44890
44984
45220
45424
45425
45583
45625
45653
45746
45752
45882
45944
46024
46042
46062
46155
46249
46489
46583
46591
46607
46801
46883
47018
47263
47307
47314
47319
47438
47554
47726
47778
47785
47840
48052
48372
48559
48658
48747
48901
49260
49316
49339
49542
49634
49785
49791
49852
49931
49964
49968
50356
50359
50396
50424
50589
50590
50604
50656
50666
50943
51138
51200
51235
51609
51671
51765
51775
51897
51939
51971
52045
52078
52218
52393
52504
52535
52536
53026
53070
53279
53309
53402
53495
53559
53581
53658
53678
53802
54101
54440
54449
54466
54795
55064
55290
55484
55526
55951
56005
56179
56298
56565
56576
56755
57037
57069
57138
57171
57225
57255
57299
57312
57444
57588
57641
57698
57794
58519
58653
58790
58968
58977
59128
59140
59392
59554
59689
59727
59798
59907
59929
59943
59983
59986
60063
60064
60107
60289
60301
60304
60339
60343
60394
60551
60571
60625
60637
60689
60714
60749
60750
60773
60792
60805
60876
60918
61001
61017
61108
61110
61116
61121
61206
61425
61632
61647
61924
61929
61961
61971
62056
62060
62212
62234
62337
62481
62517
62556
62601
62923
63021
63042
63088
63105
63131
63173
63378
63488
63549
63638
63705
63713
63837
63924
64037
64088
64214
64263
64645
64673
64707
64809
64838
65103
65197
65316
65403
65450
65483
65615
65728
65734
66249
66412
66427
66448
66479
66590
66734
66810
66826
67009
67036
67144
67329
67374
67383
67462
67627
67794
67868
68088
68136
68212
68232
68354
68407
68573
68585
68737
68800
68819
68913
69141
69310
69369
69411
69508
69544
69600
69640
69724
69787
69790
69802
69913
70025
70132
70195
70304
70356
70395
70455
70508
70645
70656
70660
70774
70792
70858
70952
70973
71129
71173
71247
71247
71318
71384
71572
71857
72062
72108
72110
72122
72309
72315
72319
72376
72458
72618
72729
72834
72836
72891
72978
73260
73369
73375
73431
73541
73653
73709
73855
74032
74291
74324
74392
74417
74472
74510
74512
74535
74543
74682
74691
74776
74847
74923
74949
75025
75277
75388
75407
75645
75841
75899
75990
76322
76410
76468
76530
76617
76810
76985
77014
77122
77235
77250
77253
77256
77671
77743
77776
77930
77946
78128
78187
78353
78412
78546
78567
78586
78787
78875
78948
79141
79218
79219
79258
79392
79409
79547
79616
79641
79836
79859
79869
79958
79978
80217
80336
80359
80362
80389
80529
80558
80818
80839
80846
80969
81123
81171
81188
81248
81337
81371
81418
81436
81471
81717
81738
81810
81862
81971
82106
82237
82313
82375
82571
82801
82973
83026
83105
83349
83383
83541
83622
83813
83899
84122
84229
84232
84240
84269
84383
84454
84493
84554
84585
84796
84827
85053
85224
85371
85479
85745
86137
86154
86193
86230
86434
86514
86706
86842
86936
86964
87235
87529
87556
87937
88070
88180
88186
88276
88359
88446
88555
88595
88676
88681
88748
88800
88812
88826
88844
88851
88918
88968
89030
89201
89227
89348
89480
89594
89611
89661
89706
89715
89743
89802
89828
89966
90111
90122
90165
90177
90432
90562
90597
90626
90870
90884
90905
91138
91228
91588
91623
91834
91909
92009
92035
92117
92295
92402
92512
92529
92714
92754
92779
92808
92901
92921
92955
92988
93351
93381
93515
93535
93570
93838
93927
94075
94181
94185
94189
94365
94409
94472
94780
94912
95147
95210
95401
95502
95557
95728
95805
96002
96153
96349
96469
96472
96531
96839
96945
97006
97128
97269
97440
97463
97583
97597
97631
97662
97734
98319
98408
98454
98717
98743
99054
99235
99259
99368
99426
99782
99800
99924
99955
100033
100096
100264
100365
100376
100393
100400
100408
100428
100453
100582
100678
100747
100832
100888
100889
100948
100973
101066
101532
101738
101760
101929
102019
102263
102275
102294
102537
102608
102758
102781
102799
103013
103230
103268
103298
103314
103322
103453
103572
103576
103597
103602
103875
103936
104116
104294
104413
104515
104708
104845
105057
105083
105123
105152
105296
105516
105739
105790
105853
106034
106226
106435
106505
106527
106534
106550
106606
106689
106712
106827
106946
107091
107184
107341
107418
107455
107612
107716
107800
107983
108015
108121
108151
108159
108177
108227
108345
108540
108542
108708
108815
108895
108983
109172
109229
109263
109288
109292
109390
109401
109411
109512
109550
109757
109972
110341
110362
110374
110433
110538
110642
110645
110721
110854
110935
111010
111050
111236
111242
111278
111293
111399
111413
111520
111649
111800
111830
111844
112384
112420
112449
112625
112985
113067
113102
113172
113287
113331
113480
113622
113719
113736
113827
113828
113855
114058
114098
114241
114322
114362
114368
114479
114525
114680
114755
114761
114952
115064
115140
115285
115395
115467
115583
115632
115685
115887
115929
116005
116083
116140
116290
116430
116483
116590
116657
116678
116678
116726
116786
116817
116831
116897
117123
117194
117279
117280
117312
117521
117537
117673
117734
117916
117939
117981
118004
118431
118658
118696
118789
118891
119371
119411
119552
119617
119703
119716
119797
119866
119875
120119
120133
120175
120233
120263
120492
120575
120594
120845
120854
120914
121089
121290
121295
121315
121374
121374
121594
121603
121646
121836
121889
122095
122154
122155
122168
122516
122616
122675
122689
122911
123000
123071
123389
123398
123440
123538
123547
123570
123649
123818
123826
123924
124141
124273
124538
124692
124754
124882
124887
125097
125184
125239
125256
125349
125456
125477
125649
125665
125890
125967
126248
126251
126280
126281
126347
126454
126475
126604
126674
126793
126927
126955
126970
127057
127117
127140
127280
127300
127402
127454
127680
127909
127948
127969
128009
128048
128076
128083
128147
128165
128249
128300
128382
128514
128588
128658
128777
128838
128855
129033
129079
129216
129545
129720
129823
129884
130018
130196
130351
130732
130856
130893
130956
131359
131655
131826
131912
131948
131952
131994
132114
132155
132236
132305
132482
132655
132685
132708
132791
132964
132982
133105
133109
133154
133169
133439
133447
133572
133867
134031
134076
134117
134155
134547
134564
134770
134886
134894
134922
135086
135235
135319
135321
135347
135645
135684
135729
135878
135891
136001
136008
136048
136085
136172
136173
136175
136531
136548
136609
136671
137246
137531
137602
137622
137630
137933
137950
137965
138248
138462
138466
138766
138782
138848
138857
138900
138946
138964
139267
139292
139831
139856
140051
140106
140253
140283
140396
140482
140671
140698
140856
140873
140982
141012
141203
141305
141537
141578
141609
141675
141862
141876
141892
141915
141979
142021
142028
142052
142175
142371
142456
142471
142576
142765
142775
142912
142958
142961
143022
143134
143247
143262
143347
143356
143459
143497
143566
143617
143694
143894
143922
143933
143983
143984
144022
144159
144271
144313
144617
144799
144838
145253
145279
145340
145359
145553
145641
145693
145829
145858
145865
145924
146051
146086
146349
146479
146494
146670
146717
146846
146878
147188
147210
147228
147261
147612
147689
147812
147873
148055
148195
148335
148399
148673
148678
148693
148813
148822
148868
148985
149131
149279
149287
149590
149604
149681
149710
150094
150131
150372
150405
150468
150498
150607
150644
150773
150801
150805
150819
150822
150885
150935
151054
151197
151227
151274
151306
151343
151707
151921
151934
151963
152067
152069
152183
152301
152387
152479
152486
152512
152537
152542
152668
152723
153289
153338
153382
153384
153465
153667
153851
153874
153999
154025
154078
154086
154302
154531
154629
154676
154969
155068
155132
155378
155452
155500
155530
155697
155784
155833
156019
156201
156208
156242
156326
156393
156401
156446
156461
156545
156646
156647
156706
156715
156750
156849
157042
157214
157272
157292
157310
157624
157926
157968
158075
158121
158141
158243
158385
158602
158611
158709
158802
158927
159316
159318
159360
159383
159407
159867
160161
160256
160292
160480
160499
160633
160648
160670
160799
160925
160995
161093
161171
161206
161260
161313
161523
161560
161582
161677
161768
161836
161952
161967
162044
162094
162185
162199
162224
162228
162375
162381
162467
162474
162494
162532
162641
162647
162665
162748
162758
162828
162963
162978
163003
163079
163152
163194
163282
163319
163328
163354
163500
163539
163569
163664
163695
163769
164028
164040
164045
164086
164113
164128
164183
164362
164369
164441
164537
164579
164613
164644
164721
164791
164944
165001
165022
165033
165099
165122
165240
165263
165308
165327
165717
165864
165997
166109
166172
166210
166260
166268
166270
166305
166433
166708
166723
166759
166780
166973
167030
167100
167120
167315
167444
167596
167603
167643
167796
167906
168423
168529
168566
168571
168724
168740
168761
168882
168944
169554
169804
169856
169912
169914
169935
170047
170119
170245
170304
170312
170331
170357
170496
170531
170562
170608
170840
170968
171032
171224
171343
171753
171854
172004
172093
172179
172197
172219
172456
172723
172761
172796
172944
172989
172998
173167
173681
173905
173964
174396
174420
174460
174591
174609
174686
174687
174754
174821
174853
174928
175237
175352
175394
175709
175856
175961
176055
176101
176122
176245
176274
176327
176332
176399
176525
176687
176709
176845
177114
177143
177323
177424
177519
177583
177592
177611
177677
177715
177763
177872
178068
178213
178279
178340
178539
178715
178795
179142
179244
179461
179991
180051
180410
180411
180603
180699
181011
181132
181191
181242
181255
181500
181512
181608
181645
181842
181843
181916
181941
181993
181996
182066
182070
182124
182323
182424
182441
182665
182981
183021
183077
183148
183307
183435
183449
183753
183835
183878
183966
184001
184019
184256
184346
184653
184657
184789
184909
185029
185182
185296
185327
185341
185521
185600
185624
185725
185801
185841
185950
185965
186483
186581
186594
186698
186742
186806
187011
187078
187080
187251
187441
187552
187726
187796
187906
188046
188216
188326
188381
188540
188612
188878
188880
189023
189050
189093
189166
189192
189469
189719
189820
190088
190092
190322
190462
190609
190678
190868
190968
191196
191360
191587
191608
191827
192155
192344
192357
192381
192400
192528
192555
192640
192970
193075
193232
193302
193317
193320
193371
193619
193659
193765
193897
193906
193907
194052
194159
194302
194386
194416
194448
194547
194770
194841
194850
194903
194938
195082
195146
195217
195460
195515
195712
195772
195786
195833
195926
195939
195940
195947
196123
196140
196167
196174
196504
196531
196576
196626
196769
196775
196785
196828
196971
197083
197145
197191
197257
197378
197475
197510
197515
197607
197615
197635
197703
197802
198249
198289
198379
198439
198536
198553
198568
198584
198723
198724
198759
198831
198995
199037
199067
199394
199442
199618
199708
199782
199893
199949
200044
200076
200216
200297
200424
200449
200458
200546
200576
200582
201041
201264
201286
201347
201356
201419
201482
201598
201713
201753
201802
201837
201950
202293
202313
202324
202367
202380
202522
202614
202625
202794
202802
202943
202968
203124
203197
203204
203273
203425
203489
203505
203537
203639
203972
204064
204100
204162
204182
204204
204319
204460
204471
204486
204552
204592
204601
204609
204649
204710
204733
204755
205134
205190
205732
205846
205849
205968
206330
206348
206403
206537
206617
206629
206732
206879
207021
207029
207124
207163
207200
207430
207814
207844
208216
208257
208346
208426
208450
208628
208686
208707
208729
208911
208996
209095
209099
209348
209545
209549
209600
209681
209875
209927
210004
210037
210056
210197
210202
210309
210440
210475
210560
210635
210673
210738
210849
210992
211000
211063
211212
211236
211240
211251
211371
211439
211520
211570
211579
211741
212006
212232
212409
212445
212524
212548
212895
213037
213104
213141
213146
213342
213447
213536
213675
213684
213717
213963
214007
214010
214040
214144
214220
214245
214358
214463
214689
214736
214990
215021
215038
215117
215341
215577
215720
215794
215829
215931
216324
216667
216818
216916
216930
217067
217081
217461
217854
217864
218010
218021
218189
218220
218225
218392
218442
218484
218490
218503
218594
219298
219391
219599
219644
219780
219823
219878
220143
220194
220323
220442
220541
220629
220690
220984
221047
221068
221130
221250
221453
221511
221512
221892
222146
222207
222348
222467
223236
223582
223742
223745
223848
223963
224198
224512
224815
225036
225040
225207
225320
225528
225610
225645
225750
226172
226258
226310
226324
226545
226608
226959
227181
227215
227679
227755
227783
227799
227805
228143
228227
228335
228474
228478
228578
228732
228813
228821
228883
229029
229153
229181
229215
229648
229718
229959
230086
230324
230437
230466
230515
230570
230644
230695
230756
230762
230782
230992
231042
231217
231365
231571
231695
231730
231770
232014
232076
232077
232284
232358
232476
232489
232567
232821
232832
233197
233223
233276
233277
233409
233522
233549
233582
233594
233674
233841
233994
234013
234089
234141
234311
234379
234514
234677
234681
234693
235134
235143
235157
235165
235219
235352
235482
235580
235657
235685
235924
236136
236159
236192
236389
236403
236408
236455
236502
236585
236729
236735
236756
237008
237031
237059
237130
237141
237495
237501
237526
237556
237582
237677
237841
237943
238012
238025
238068
238124
238320
238350
238462
238608
238717
238721
239210
239536
239732
239912
239934
239969
239978
240085
240119
240193
240215
240215
240300
240344
240371
240496
240525
240970
241115
241211
241277
241297
241425
241426
241464
241706
241756
242047
242054
242068
242178
242238
242544
242623
242704
242780
242885
242992
243004
243209
243450
243568
243634
243647
243917
244075
244140
244263
244352
244412
244485
244533
244577
244655
244735
244764
244986
245017
245148
245254
245271
245341
245436
245623
245678
245687
245756
245885
246021
246272
246394
246412
246428
246513
246696
246836
246977
247100
247157
247349
247422
247534
247647
247680
247718
247738
247767
247784
247866
247882
247957
248089
248170
248202
248335
248429
248580
248589
248621
248674
248878
249486
249600
249604
249659
249742
249812
249949
250004
250362
250416
250464
250513
250589
250741
250743
250819
250890
250934
251112
251127
251142
251214
251318
251435
251462
251471
251616
251709
251762
251807
251824
251841
252017
252026
252051
252064
252171
252424
252551
252571
252628
252671
252804
252871
252963
252980
253063
253074
253079
253288
253334
253881
254032
254057
254163
254220
254308
254325
254423
254540
254622
254761
254801
254900
254916
254964
255181
255192
255267
255416
255456
255572
255622
255627
255633
255640
255711
255711
255723
255799
255811
255828
255915
256034
256217
256256
256276
256511
256931
256970
257031
257338
257368
257477
257523
257537
257590
257683
257905
257952
258184
258470
258521
258726
258842
258849
258894
258901
258947
259010
259039
259119
259851
259898
260204
260229
260334
260343
260511
260516
260533
260566
260675
260708
260743
260803
260862
260934
261072
261360
261504
261515
261546
261847
262136
262279
262496
262510
262535
262570
262705
262734
262947
263022
263497
263582
263609
263613
263620
263664
263738
263762
263865
264026
264037
264129
264257
264645
264795
264830
264840
265078
265126
265194
265273
265379
265528
265540
265645
265677
265687
265899
265981
266061
266068
266081
266618
266681
266796
266860
266867
266913
266922
267324
267359
267436
267569
267735
267855
267864
267867
267944
268335
268357
268404
268656
268766
268772
268824
268850
269071
269127
269140
269239
269388
269470
269483
269531
269537
269604
269639
269767
269779
269841
269911
269919
269936
270047
270092
270421
270460
270570
270615
270706
270781
270831
270906
270951
270977
271322
271337
271401
271446
271477
271545
272073
272330
272710
272734
272792
272892
273023
273056
273337
273368
273717
273753
273880
273888
273936
273965
273996
274118
274167
274173
274273
274432
274440
274457
274501
274716
274717
274846
274868
275019
275044
275147
275255
275316
275376
275405
275412
275544
275624
275710
275763
275773
275779
275904
276053
276102
276268
276281
276499
276626
276676
276888
276952
277289
277421
277506
277526
277592
277704
277716
277740
277766
277821
277834
277926
277974
278114
278153
278172
278267
278360
278374
278411
278488
278785
278966
278987
278998
279162
279192
279194
279278
279330
279375
279405
279478
279632
279659
279680
279744
279841
279848
279872
279958
279974
280022
280060
280121
280268
280298
280390
280396
280400
280402
280426
280521
280523
280603
280612
280664
280714
280868
281025
281137
281181
281231
281292
281316
281545
281627
281638
281743
281856
282062
282118
282197
282205
282358
282479
282719
282787
282803
282861
283019
283106
283179
283245
283597
283709
283783
283854
283997
284049
284114
284160
284169
284180
284211
284279
284299
284308
284371
284486
284493
284498
284592
284603
284637
284783
284828
284921
285052
285128
285148
285172
285190
285273
285300
285302
285327
285506
285539
285543
285594
285731
285782
285890
285977
285982
286003
286054
286430
286476
286660
286710
286779
286789
286866
286869
286951
286959
286992
287129
287161
287279
287314
287518
287518
287555
287560
287663
288172
288178
288193
288245
288288
288364
288386
288487
288515
288533
288548
288651
288652
288925
289017
289059
289073
289088
289240
289354
289405
289587
289589
289643
289756
289776
289853
290082
290560
290600
290642
290706
290712
290903
291038
291070
291155
291204
291371
291551
291627
291643
291693
291699
291893
291976
291996
292029
292077
292185
292240
292425
292435
292509
292537
292538
292778
292822
293013
293035
293113
293257
293320
293345
293440
293477
293544
293671
293753
293780
293863
293899
293912
293942
293980
294012
294422
294461
294613
294637
294789
294894
295149
295202
295342
295344
295370
295454
295462
295479
295498
295557
295570
295795
295962
295989
296135
296141
296187
296328
296350
296412
296513
296555
296689
296768
296928
296990
297082
297239
297277
297329
297342
297471
297830
297832
297879
297920
298179
298237
298266
298387
298389
298562
298765
298865
298957
299012
299013
299058
299233
299281
299358
299391
299424
299620
299667
299669
299686
299778
299791
299809
299868
299877
299929
299965
299990
300028
300097
300148
300366
300559
300625
300673
300768
300827
300949
301099
301104
301113
301308
301408
301813
301853
301982
302004
302014
302044
302051
302205
302274
302484
302659
303104
303295
303675
303693
303705
303749
303948
303960
303971
304079
304182
304366
304425
304654
304689
304693
304725
305186
305207
305210
305265
305579
305692
305841
305885
306074
306132
306157
306249
306498
306649
306678
306951
307246
307492
307667
307675
307702
307717
307814
307953
308156
308166
308259
308273
308355
308370
308394
308732
308839
308856
308866
308898
308990
309278
309312
309444
309512
309523
309547
309613
309654
309680
309697
309713
309733
309733
309808
309890
309936
309977
310087
310121
310264
310275
310312
310410
310511
310534
310869
310884
310995
311029
311619
311744
311814
311847
311848
311920
311984
312050
312237
312251
312448
312579
312586
312899
313239
313289
313336
313491
313562
313562
313587
313803
313880
313974
314006
314235
314322
314402
314436
314655
314882
314888
315096
315166
315413
315432
315483
316015
316073
316171
316289
316301
316326
316511
316741
316752
317024
317025
317049
317190
317339
317721
317746
317781
317971
318335
318484
318493
318500
318587
318595
318662
318717
318931
318986
318998
319139
319401
319513
319604
319665
319841
320053
320171
320219
320315
320395
320409
320719
320752
321092
321393
321532
321548
321625
321666
321884
321888
321909
321999
322036
322113
322253
322380
322446
322891
323001
323216
323379
323380
323432
323635
323661
323844
323974
324267
324302
324320
324508
324579
324585
324618
324638
324657
324880
324920
325152
325286
325449
325483
325532
325547
325616
325617
325622
325685
325766
325910
325946
325968
326086
326315
326419
326431
326481
326501
326576
326628
326641
326753
326764
326872
326960
327014
327093
327113
327141
327213
327580
327754
328213
328258
328573
328714
328801
328831
328952
329086
329229
329275
329314
329774
330007
330062
330160
330223
330465
330530
330531
330634
330696
330724
330809
330907
330963
330978
331289
331314
331373
331373
331393
331474
331497
331540
331609
331631
331717
331776
331823
331832
332210
332263
332438
332523
332610
332799
332901
332951
332986
333098
333263
333518
333805
333810
333863
333925
334078
334121
334177
334785
334831
335105
335398
335408
335513
335567
335744
335868
336027
336037
336311
336325
336416
336423
336429
336547
336741
336763
336810
336825
337340
337440
337486
338031
338244
338305
338307
338351
338389
338392
338491
338556
338722
338726
338855
339006
339051
339628
339744
339915
339919
340173
340220
340288
340381
340420
340430
340668
340908
341069
341098
341198
341213
341214
341302
341323
341436
341672
341724
341845
341990
342458
342476
342569
342602
342644
342671
342732
342746
342768
342777
342848
343018
343128
343238
343335
343389
343434
343479
343772
343890
343924
344006
344081
344193
344356
344358
344380
344532
344574
344604
344625
344742
344764
344809
344811
344856
344926
345210
345506
345606
345630
345636
345671
345692
346031
346069
346090
346093
346134
346237
346294
346372
346520
346546
346560
346616
346773
346865
346949
346953
347079
347085
347270
347291
347302
347403
347452
347480
347530
347531
347536
347913
347924
347970
348237
348361
348405
348443
348488
348512
348522
348542
348613
348736
348786
348789
348810
348907
348932
349045
349087
349483
349575
349759
350122
350164
350320
350358
350460
350475
350873
350984
351130
351379
351575
351597
351681
351709
352030
352106
352303
352435
352529
352593
352609
352633
352773
352998
353113
353135
353276
353565
353688
353917
354003
354003
354007
354036
354061
354065
354066
354172
354369
354397
354406
354414
354552
354600
354664
354754
355001
355057
355100
355289
355362
355368
355481
355503
355553
355575
355642
355679
355694
355796
355981
356220
356228
356592
356670
356822
356844
357138
357149
357328
357383
357437
357631
357649
357667
357674
357703
357815
357865
357906
357914
358072
358316
358465
358476
358734
358745
358882
358989
359018
359019
359130
359161
359221
359523
359528
359651
359786
359858
359932
359933
360227
360247
360284
360343
360436
360525
360575
360604
360685
360690
360741
360845
360867
360980
361126
361152
361272
361281
361378
361542
361545
361592
361663
361672
361789
361876
361907
361969
361983
362160
362163
362163
362223
362263
362371
362372
362436
362499
362553
362596
362632
362821
362908
363037
363155
363225
363414
363723
363886
363918
363982
364023
364034
364213
364349
364413
364554
364616
364692
364808
365013
365082
365202
365236
365259
365452
365455
365650
366182
366183
366231
366530
366536
366762
366820
366894
367115
367169
367387
367553
367724
367938
368002
368052
368117
368120
368230
368705
368871
368907
368985
369175
369288
369362
369389
369428
369461
369674
369773
369841
369896
370240
370323
370507
370640
370750
370786
370811
370886
371072
371177
371368
371584
371618
371978
372403
372448
372518
372534
372647
372743
372772
372794
372824
372906
372931
373154
373189
373269
373335
373532
373925
373991
374084
374252
374281
374348
374385
374525
374595
374604
374605
374843
374844
374938
375017
375224
375240
375324
375337
375491
375555
375617
375911
375945
376185
376188
376266
376331
376349
376369
376463
376563
376690
376779
376779
376780
376794
377110
377176
377245
377302
377311
377409
377456
377657
377813
378017
378032
378090
378150
378163
378329
378370
378637
378640
378848
379004
379133
379147
379340
379530
379751
380202
380289
380396
380405
380415
380529
380542
380572
380755
380843
381031
381180
381243
381244
381268
381711
381933
382002
382114
382123
382135
382151
382191
382238
382284
382437
382671
382710
382919
382999
383269
383420
383530
383548
383549
383582
383584
383773
384034
384169
384191
384233
384245
384247
384269
384283
384326
384462
384537
384703
384736
384833
384838
384915
385370
385495
385551
385552
385557
385621
385673
385750
385766
385778
385816
385818
385833
385882
385907
385916
386161
386260
386453
386484
386491
386805
386965
387134
387153
387276
387292
387314
387544
387973
388074
388075
388130
388155
388297
388477
388875
388904
388968
389081
389142
389199
389285
389360
389369
389516
389579
389617
389622
389645
389690
389725
389846
390228
390299
390465
390478
390611
390615
390646
390915
390919
391329
391420
391515
391705
391857
391973
392033
392064
392203
392210
392548
392581
392658
392811
392981
393141
393378
393393
393440
393450
393610
393719
393867
393913
393916
394078
394324
394519
394526
394530
394544
394733
395144
395452
395466
395503
395547
395606
395615
395667
395674
395711
395756
395812
395885
395897
396213
396217
396511
396522
396615
396717
397074
397153
397157
397157
397324
397409
397603
397641
397678
397802
397852
398077
398077
398166
398503
398520
398556
398603
398606
398612
398906
398943
399080
399411
399476
399488
399526
399587
399659
399739
399813
400084
400109
400204
400216
400478
400510
400560
400595
400624
400684
400763
400769
400925
400932
400948
400980
401102
401117
401131
401177
401236
401504
401573
401680
401711
401744
401787
401797
401939
402000
402198
402205
402218
402231
402316
402499
402631
402812
402832
402864
402877
402993
403096
403125
403151
403332
403488
403504
403627
403721
403763
403798
403817
403968
404022
404038
404196
404441
404557
404559
404610
404667
404702
404752
405122
405385
405918
406150
406168
406316
406342
406350
406641
406666
406833
406899
407014
407185
407224
407290
407449
407524
407581
407672
407872
407923
408298
408369
408390
408479
408500
408702
408706
408920
408932
408973
408996
409021
409243
409524
409551
409909
410106
410135
410191
410319
410414
410458
410488
410701
410810
410963
411088
411105
411183
411240
411263
411298
411305
411307
411395
411643
411712
411777
411974
412044
412134
412311
412408
412434
412450
412463
412557
412599
412617
412747
412815
412836
413049
413117
413176
413348
413370
413532
414027
414081
414088
414230
414399
414472
414535
415086
415118
415130
415233
415319
415348
415368
415512
415694
415696
415741
415776
415871
416027
416103
416117
416240
416382
416422
416468
416504
416688
416774
416870
417037
417252
417383
417393
417404
417650
417864
418054
418094
418162
418232
418312
418489
418592
418689
419074
419169
419557
419912
419992
420051
420173
420264
420339
420369
420370
420448
420450
420589
420651
420732
420787
420844
420965
421084
421407
421587
421719
421850
421870
421908
421971
422198
422238
422419
422715
422726
422782
422799
422925
423346
423417
423430
423716
423854
424140
424197
424395
424589
424641
424892
424916
424940
425319
425468
425548
425613
425936
425963
426097
426155
426198
426224
426294
426376
426581
426764
426799
426856
427010
427131
427160
427183
427293
427554
427621
427627
427657
427757
427976
428363
428453
428528
428544
428567
428661
428661
428890
429020
429076
429098
429220
429847
429985
430190
430237
430268
430364
430588
430855
430874
430906
430954
431117
431138
431144
431238
431369
431386
431406
431430
431431
431450
431852
431895
431982
432401
432445
432592
432793
432842
432871
433006
433088
433104
433127
433197
433209
433249
433447
433458
433527
433547
433645
433807
433885
433923
434191
434308
434358
434376
434458
434704
434727
434825
434846
435147
435238
435274
435351
435427
435441
435455
435549
435557
435718
435939
436009
436049
436103
436130
436231
436338
436351
436366
436383
436417
436569
436586
436699
436827
436920
437054
437102
437151
437168
437217
437372
437403
437421
437425
437529
437575
437814
437892
437900
437945
438088
438154
438256
438282
438553
438611
438667
438860
439071
439259
439417
439424
439470
439577
439688
439722
439948
439972
440015
440130
440254
440264
440559
440582
440614
440733
440797
440869
440962
440998
441093
441220
441276
441328
441373
441422
441551
441569
441668
441814
442028
442187
442291
442301
442339
442343
442465
442486
442616
442790
442899
442940
442998
443186
443212
443226
443287
443571
443625
443674
443679
443788
443826
444009
444078
444251
444327
444381
444588
444644
444951
445026
445321
445385
445416
445494
445983
446124
446174
446309
446611
447062
447079
447247
447249
447345
447520
447569
447575
447858
447881
447909
447990
448063
448076
448088
448093
448094
448157
448219
448309
448422
448525
448631
448774
448955
448959
448994
449138
449451
449484
449519
449522
449653
449709
449872
449921
450044
450114
450166
450178
450214
450217
450750
450824
450964
451301
451355
451405
451478
451509
451526
451533
451596
451642
451741
451795
451839
451946
452014
452100
452209
452316
452372
452383
452413
452530
452545
452613
452905
453163
453219
453307
453442
453506
453572
453677
453683
454016
454060
454198
454233
454288
454713
454845
454875
455288
455381
455956
455992
456044
456054
456177
456248
456260
456321
456340
456523
456727
456761
456922
456945
457059
457060
457137
457137
457236
457375
457671
457759
457860
458190
458221
458396
458470
458741
458818
458966
458983
459022
459128
459328
459392
459396
459410
459414
459478
459637
459739
459887
459957
460010
460038
460238
460282
460396
460546
460622
460669
460855
460912
461147
461200
461272
461321
461451
461497
461512
461619
461648
461655
461949
461989
462062
462101
462196
462209
462280
462305
462462
462513
462664
462696
463119
463181
463244
463320
463506
463562
463634
463738
463770
463879
464041
464064
464226
464800
464886
465000
465181
465213
465306
465415
465575
465576
465656
465750
466203
466222
466301
466357
466441
466480
466528
466533
466565
466614
467080
467221
467305
467422
467723
468106
468106
468109
468203
468298
468359
468519
468707
468805
468820
468871
469024
469054
469066
469153
469177
469254
469380
469563
469680
470215
470387
470409
470513
470586
470790
470814
470931
470987
471095
471322
471430
471671
471696
471927
472085
472186
472347
472594
472713
472874
472978
473023
473196
473206
473275
473359
473527
473670
473904
473909
474122
474208
474309
474387
474434
474643
474848
474964
474967
475348
475399
475432
475434
475625
475663
475756
475756
475806
475967
475985
476021
476061
476063
476091
476126
476135
476234
476349
476579
476619
476744
476767
476820
476838
476907
476927
476980
476988
477062
477178
477248
477611
477653
478057
478330
478353
478364
478878
479287
479310
479320
479381
479479
479600
479678
479948
480152
480246
480353
480544
480686
480716
480831
481006
481271
481340
481554
481707
481875
481919
482037
482221
482415
482420
482693
482704
482710
482730
482757
482776
482807
482817
483066
483194
483244
483367
483814
483834
483865
484087
484144
484184
484272
484447
484451
484474
484474
484506
484675
484787
484960
485112
485468
485538
485662
485837
486007
486020
486071
486141
486197
486324
486337
486395
486424
486527
486563
486711
486865
486878
487108
487141
487196
487431
487445
487915
488031
488128
488253
488265
488301
488509
488655
488962
489020
489044
489180
489198
489215
489272
489345
489411
489419
489471
489658
489690
489973
490194
490312
490416
490636
490652
490699
490882
490952
490957
491121
491166
491215
491569
491613
491851
491863
491901
492177
492233
492589
492661
492693
492856
493097
493163
493264
493362
493462
493479
493511
493517
493525
493556
493648
493661
493814
493885
494084
494425
494493
494546
494683
495055
495101
495107
495155
495293
495314
495388
495418
495560
495572
495620
495747
495788
495971
496408
496623
497020
497052
497054
497085
497209
497212
497285
497358
497468
497497
497511
497561
497635
497974
497977
498161
498280
498339
498569
499049
499196
499275
499367
499379
499598
499875
499893
499940
500148
500193
500278
500287
500297
500368
500383
500580
500908
500916
501068
501258
501407
501775
501836
501848
501930
502261
502331
502620
502628
502645
502727
502771
503632
503819
504079
504085
504522
504779
504789
504817
504831
504872
504883
504887
504950
504956
505056
505272
505306
505442
505480
505681
505859
505907
506079
506161
506290
506397
506412
506583
506587
506616
506695
506805
506836
506880
506892
506945
506989
507115
507132
507232
507260
507586
507587
507795
507887
507910
508071
508182
508245
508338
508339
508484
508497
508564
508607
508697
508823
509135
509142
509160
509516
509522
509681
509845
509903
510107
510152
510161
510206
510277
510305
510450
510522
510649
510761
510864
511035
511184
511191
511198
511322
511353
511396
511432
511663
511675
511681
511742
511803
511934
512013
512148
512308
512541
512568
512603
512844
512855
513000
513083
513143
513280
513283
513441
513643
513999
514017
514067
514112
514572
514694
514736
514762
515023
515362
515447
515468
515495
515532
515538
515631
515711
515714
515750
515791
515832
516031
516032
516254
516284
516354
516510
516517
516627
516675
516681
516936
517006
517115
517163
517217
517376
517453
517454
517510
517530
517540
517657
517961
517970
518018
518025
518112
518140
518242
518280
518355
518379
518405
518509
518557
518774
518791
519037
519045
519407
519475
519505
519621
519634
519715
519779
519819
519972
520283
520303
520344
520637
520734
520755
521019
521130
521254
521284
521325
521413
521586
521879
522037
522076
522106
522202
522204
522232
522245
522429
522509
522521
522523
522558
522658
522672
522710
522733
522841
522950
523178
523234
523477
523657
523782
523873
523953
524042
524079
524156
524249
524416
524666
524821
524875
524956
524969
525185
525225
525295
525308
525536
525681
525689
525875
525888
526069
526204
526318
526429
526526
526560
526612
526647
526728
526766
526817
527279
527336
527409
527657
527700
527767
528093
528211
528430
528472
528474
528568
528697
528703
528840
528851
528972
529038
529103
529140
529238
529270
529297
529430
529533
529696
529703
529740
529895
530003
530013
530095
530135
530394
530402
530481
530551
530565
530588
531117
531365
531622
532057
532129
532162
532182
532390
532410
532461
532571
532990
533090
533115
533135
533166
533291
533384
533437
533462
534035
534036
534087
534163
534207
534263
534275
534336
534419
534442
534528
534548
534553
534624
534643
534662
534689
534876
535023
535154
535267
535303
535366
535435
535534
535730
535768
535865
535928
535969
536050
536088
536200
536220
536390
536482
536576
536714
536791
536973
536995
537179
537458
537510
537530
537589
537642
537650
537680
537806
537815
537842
537943
537963
538195
538322
538364
538409
538646
538679
538693
538700
538758
538971
539180
539259
539365
539590
539603
539701
539825
539871
540038
540190
540298
540329
540606
540706
540744
540759
540811
540996
541098
541100
541173
541509
541542
541627
541872
541909
541925
541983
542018
542034
542091
542102
542140
542891
543077
543154
543298
543299
543309
543311
543333
543493
543503
543540
543567
543701
543757
543823
543824
543869
543989
544047
544293
544407
544950
544956
545049
545101
545304
545309
545354
545372
545397
545537
545558
545626
545651
545671
545765
545832
545877
546031
546089
546293
546295
546360
546409
546449
546483
546747
546754
546883
546884
546897
546920
546928
546964
547259
547281
547448
547464
547562
547574
547695
547888
547914
547934
548079
548118
548151
548292
548365
548602
548632
548654
548721
548807
548831
548850
549075
549107
549179
549222
549273
549320
549647
549756
549768
549824
549916
550201
550253
550467
550531
550630
550649
550870
550934
551004
551026
551220
551281
551403
551451
551631
551785
551822
551831
551837
551962
552047
552064
552144
552171
552349
552440
552593
552692
552742
552743
553009
553196
553198
553477
553504
553532
553596
553641
553782
553785
553812
553846
553945
553998
554112
554235
554456
554536
554629
554635
554725
554903
554937
555018
555199
555312
555342
555661
555855
556131
556168
556202
556255
556438
556454
556458
556467
556544
556583
556593
556594
556657
556725
556920
556970
557000
557163
557375
557521
557596
557614
557657
557659
557689
557736
557761
557775
557797
557855
557910
557958
558028
558196
558209
558210
558429
558511
558532
558548
558591
558669
558912
558917
558972
559197
559287
559428
559494
559659
559677
559686
559750
559877
560104
560104
560129
560320
560468
560504
560520
560556
560800
560930
560971
561010
561163
561217
561393
561429
561500
561568
561981
562148
562165
562207
562296
562440
562526
562576
562762
562766
562789
562829
562836
562960
562997
563330
563392
563447
563454
563732
563736
563766
563783
564008
564025
564098
564135
564339
564454
564730
564941
565217
565224
565365
565386
565524
565529
565853
566005
566015
566072
566279
566300
566435
566525
566594
566656
566684
566718
566798
566871
566871
566910
566963
566982
567096
567143
567342
567385
567395
567411
567445
567460
567471
567510
567817
567850
567888
568214
568228
568291
568467
568582
568587
568639
568646
568679
568712
568763
568798
569045
569169
569180
569294
569400
569414
569777
569802
569842
569911
570208
570222
570240
570302
570408
570454
570512
570863
570983
571301
571344
571513
571852
571866
572130
572141
572146
572247
572265
572305
572313
572413
572421
572436
572758
572795
573242
573445
573447
573480
573494
573584
573658
573693
573826
574069
574259
574266
574524
574554
574600
575075
575086
575096
575468
575573
575587
575591
575771
575825
575958
576198
576262
576335
576705
576724
576802
576823
576830
576877
577079
577272
577307
577314
577336
577376
577398
577440
577451
577541
577554
577634
577662
577691
577766
578038
578050
578343
578606
578631
578711
578884
578971
578976
579153
579168
579217
579230
579448
579457
579471
579511
579550
579624
579661
579679
579777
579786
579829
579970
580141
580271
580461
580513
580667
580705
580731
580779
580849
580977
581008
581077
581094
581141
581262
581399
581473
581477
581783
582134
582313
582456
582469
582478
582775
582913
583011
583180
583183
583184
583208
583209
583286
583515
583601
583764
583769
583952
583955
584015
584065
584143
584282
584291
584321
584438
584490
584609
584642
584763
584776
584848
585033
585133
585330
585415
585451
585595
585687
585705
585805
586087
586592
586602
586677
586762
586865
586904
586914
587023
587047
587162
587291
587299
587459
587515
587579
587872
588279
588536
588539
588565
588746
588784
588825
589144
589180
589204
589255
589357
589432
589500
589568
590004
590022
590078
590237
590555
590631
590726
590861
590905
591026
591191
591258
591295
591341
591350
591362
591528
591531
591535
591566
591585
591621
591667
591903
591947
592034
592104
592120
592230
592357
592425
592450
592486
592510
592565
592605
592763
592821
592957
593227
593428
593511
593651
593671
593731
593945
594287
594494
594648
594684
594766
594767
594785
594967
595022
595023
595552
595572
595574
595723
595928
596096
596250
596294
596551
596635
596760
596843
597232
597396
597617
597752
597875
597908
597944
597996
598055
598297
598421
598433
598436
598547
598556
598597
598759
599006
599040
599372
599525
599694
599705
599915
599920
600080
600104
600133
600320
600359
600441
600511
600641
600714
600984
601068
601071
601396
601456
601992
602032
602112
602112
602321
602406
602593
602603
602679
602794
602887
602937
602957
603014
603038
603198
603334
603601
603713
603784
603787
603902
603918
603943
604530
604575
604595
604687
604715
604734
604927
605236
605260
605577
605761
605763
605971
606021
606096
606170
606204
606499
606904
606924
607215
607293
607464
607590
607710
607718
607746
607894
607992
608148
608230
608251
608290
608451
608495
608531
608559
608652
608676
608690
608714
608752
608812
608952
609114
609237
609256
609269
609362
609628
609675
609699
609703
609705
609743
609748
609845
609943
610029
610087
610191
610224
610276
610329
610440
610448
610521
610580
610773
611041
611090
611190
611267
611297
611481
611532
611538
611724
611781
611800
611820
611850
611863
611915
611919
611934
612039
612202
612362
612429
612492
612605
612608
612643
612903
612970
613162
613168
613261
613303
613307
613548
613804
614010
614110
614217
614231
614536
614617
614645
614808
614938
614950
615076
615188
615283
615292
615390
615544
615608
615672
615739
615764
615770
615876
615877
615971
616011
616041
616055
616171
616356
616374
616459
616487
616492
616507
616574
616688
616735
616881
616900
616925
616969
617123
617299
617675
617713
617798
617912
617983
618031
618209
618233
618390
618579
618817
618940
619001
619066
619076
619083
619152
619177
619838
619955
619999
620130
620138
620151
620239
620420
620646
620695
620700
620725
620771
620822
621080
621085
621259
621287
621296
621437
621780
621788
621817
621902
621909
621928
621972
622184
622413
622416
622631
622836
622926
622935
622961
623155
623332
623339
623626
623648
623733
623852
623911
624178
624233
624256
624265
624348
624351
624373
624457
624720
624765
624766
624821
624992
625070
625138
625242
625296
625322
625442
625453
625748
625757
625815
625867
625929
625937
625945
626189
626224
626259
626261
626320
626420
626425
626494
626509
626531
626536
626578
626824
627268
627375
627581
627749
627780
627923
628068
628105
628415
628498
628503
628555
628874
629063
629117
629121
629132
629156
629255
629325
629417
629583
629629
629671
629811
630078
630102
630114
630267
630602
630667
630692
630857
630969
630973
631067
631080
631132
631325
631374
631570
631684
631760
631831
631904
631946
632110
632126
632190
632295
632347
632396
632593
632632
632641
632696
632985
633120
633338
633342
633455
633525
633548
633560
633607
633678
633796
633849
634385
634495
634683
634707
634747
634877
634937
635029
635035
635095
635381
635431
635585
635623
635769
635839
636002
636004
636154
636178
636636
636665
636679
636812
636855
637033
637054
637091
637134
637138
637206
637226
637231
637349
637384
637559
637579
637620
637717
637875
637914
637966
638049
638124
638262
638305
638313
638515
638541
638965
639278
639317
639399
639568
639794
639857
639983
639987
640110
640249
640347
640375
640425
640478
640527
640533
640537
640554
640579
640707
640748
640848
640877
641053
641120
641333
641376
641396
641427
641558
641682
641776
642295
642434
642500
642600
642631
642724
642830
643073
643098
643278
643403
643521
643652
643799
643894
644026
644081
644142
644190
644195
644299
644318
644393
644461
644568
644729
644752
644838
644879
644989
645010
645061
645289
645350
645410
645451
645474
645609
645669
645862
646010
646026
646115
646116
646245
646308
646338
646475
646478
646719
646775
646979
647008
647243
647523
647633
647650
647711
647801
647833
647995
648169
648588
648924
648985
649255
649501
649520
649604
649699
650114
650131
650258
650382
650416
650527
650570
650604
650607
650641
650940
651008
651175
651448
651455
651641
651715
651857
652301
652323
652363
652503
652565
652627
652664
652709
652893
652932
652940
652981
653088
653096
653131
653206
653307
653423
653474
653559
653611
653611
653614
653701
653888
653910
653932
654030
654046
654182
654243
654428
654442
654451
654555
654671
654697
654816
654820
654950
654987
655201
655366
655542
655553
655761
655761
655790
655913
655918
655962
656413
656537
656588
656783
656822
656835
656873
657004
657226
657254
657445
657515
657775
657852
657900
657952
658186
658188
658248
658404
658454
658530
658821
658871
658960
658995
659039
659269
659342
659361
659415
659521
659574
659597
659706
659762
660040
660156
660666
660965
661079
661080
661239
661442
661488
661536
661536
661715
661718
661734
661739
661872
661900
661979
662125
662277
662686
662696
662947
663452
663579
663665
663694
663696
663703
663798
663808
663908
663924
663996
664122
664179
664460
664509
664865
665026
665148
665187
665515
665536
665559
665750
665858
666010
666177
666280
666390
666467
666479
666606
666621
666635
666707
666984
667023
667262
667269
667324
667390
667516
667640
667733
667968
668329
668329
668441
668487
668560
668760
668893
668903
669005
669055
669124
669220
669333
669474
669489
669489
669618
669928
670050
670094
670222
670251
670285
670433
670518
670595
670634
670826
670839
670961
670992
670998
671140
671340
671356
671394
671732
671748
671983
672145
672454
672480
672587
672723
672769
672941
673024
673079
673167
673365
673394
673466
673499
673674
673738
673985
674133
674273
674613
674631
674697
674764
674899
675060
675081
675230
675358
675458
675482
675569
675600
675723
675741
675876
676069
676260
676276
676593
676603
676625
676648
676697
676878
676962
677107
677199
677222
677451
677578
677671
677674
677738
677992
678106
678131
678137
678211
678292
678396
678412
678446
678517
678571
678775
678802
678827
678885
678931
679073
679352
679375
679419
679543
679677
679695
680000
680026
680080
680161
680297
680311
680550
680578
680732
680784
680899
680904
681105
681108
681150
681156
681182
681208
681423
681556
681733
681797
681847
681864
681884
681950
682008
682148
682216
682252
682416
682444
682463
682514
682728
682768
682812
682931
683012
683197
683295
683403
683628
683656
683704
683734
683784
683831
683992
684020
684182
684184
684266
684373
684407
684423
684431
684474
684508
684551
684618
684712
684712
684725
684760
684773
684874
685100
685170
685181
685230
685337
685378
685541
685552
685721
685916
685950
685967
686040
686051
686074
686121
686224
686277
686281
686290
686304
686314
686381
686602
686680
686703
686728
686877
687026
687041
687170
687173
687243
687325
687425
687431
687534
687784
687826
687861
687944
688177
688310
688456
688482
688755
688767
688818
689173
689195
689418
689652
689834
689929
689973
690000
690100
690120
690131
690170
690245
690332
690507
690569
690692
690932
691028
691110
691391
691394
691555
691609
691656
691664
691728
691738
691763
691926
692140
692162
692204
692272
692295
692325
692392
692485
692503
692672
692851
692956
692968
693023
693130
693238
693416
693429
693548
693662
693730
693736
693883
693989
694272
694421
694477
694569
694580
694590
694718
694735
694887
694915
694981
695017
695037
695500
695605
695616
695666
695684
695700
695770
695948
696174
696191
696229
696282
696373
696706
697056
697089
697115
697316
697653
697853
697865
697928
698212
698308
698333
698548
698652
698728
698776
698794
698815
698837
698922
698943
698998
699106
699124
699201
699263
699346
699473
699501
699531
699543
699814
700310
700351
700360
700606
700614
700776
700830
700873
700898
701116
701131
701212
701419
701494
701505
701626
701749
701851
701872
702183
702387
702422
702448
702516
702559
702623
702632
702791
702851
702879
703184
703187
703285
703722
703738
703826
703970
704051
704073
704089
704096
704182
704231
704235
704326
704435
704550
704690
705032
705117
705142
705172
705222
705309
705507
705510
705566
705584
705680
705700
705725
705766
705824
705879
705938
706167
706442
706502
706660
706778
706830
706903
707010
707032
707173
707283
707497
707524
707555
707730
707821
707832
707891
708029
708043
708092
708138
708237
708286
708293
708317
708331
708668
708768
708797
708861
708866
708922
709118
709272
709288
709449
709471
709519
709543
709612
709685
709785
709966
710095
710174
710311
710402
710432
710461
710698
710702
710771
710785
710788
710945
711141
711302
711644
711840
711845
711878
711896
711909
711976
711996
712021
712319
712344
712532
712637
712711
712807
712828
712853
712909
713012
713019
713142
713224
713331
713430
713437
713449
713453
713517
713519
713524
713710
713719
713840
713865
713916
713940
714082
714179
714228
714278
714316
714342
714403
714471
714481
714531
714613
715215
715282
715308
715360
715435
715453
715526
715544
715720
715849
715902
716096
716099
716125
716161
716177
716204
716219
716276
716393
716610
716688
716890
716964
717053
717090
717112
717218
717219
717674
717686
717707
717774
717776
717934
718074
718096
718141
718285
718316
718367
718511
718532
718582
718702
718763
718959
719055
719165
719191
719262
719569
719668
719816
720019
720057
720063
720084
720139
720469
720545
720630
720939
721240
721260
721343
721366
721370
721397
721546
721565
721722
721922
722164
722194
722384
722502
722524
722609
722749
722848
722890
722908
722951
722993
723065
723090
723127
723174
723182
723208
724019
724302
724322
724386
724454
724686
724788
725057
725094
725140
725146
725236
725264
725311
725324
725373
725430
725455
725471
725549
725560
725653
725719
725779
725899
725927
725985
726082
726198
726266
726522
726686
726861
726872
726876
727089
727131
727297
727412
727475
727541
727603
727603
727873
727928
728152
728156
728231
728308
728330
728333
728444
728681
728775
728809
728860
729039
729076
729077
729097
729162
729177
729214
729404
729581
729664
729731
730137
730141
730158
730213
730222
730366
730463
730469
730499
730531
730833
730977
731072
731236
731252
731343
731499
731638
731820
731868
731907
732022
732103
732183
732212
732238
732265
732307
732377
732486
732513
732621
732638
732754
733352
733393
733494
733526
733588
733639
733668
734071
734098
734271
734271
734312
734396
734479
734573
734658
734689
734864
734932
734954
734954
735039
735526
735579
735691
735733
735769
735833
735929
735949
736146
736635
736755
737022
737044
737099
737130
737250
737290
737561
737562
737689
737702
737758
737895
737935
738202
738311
738439
738638
738668
738693
738824
738985
739041
739068
739097
739362
739384
739450
739686
739726
739772
740235
740268
740454
740589
740591
741297
741425
741518
741618
741658
741691
741881
742004
742249
742300
742642
742828
742929
743193
743223
743420
743472
743779
743825
743854
743888
743982
744173
744327
744409
744455
744633
744678
744775
744890
744921
745296
745321
745332
745396
745427
745497
745514
745531
745579
745599
745624
745642
745804
745935
745980
746043
746243
746296
746305
746532
746741
746768
746783
746840
746886
746990
747202
747209
747244
747260
747547
747601
747644
747666
747742
748188
748377
748427
748454
748457
748591
748662
748698
748702
748755
748890
748967
749063
749123
749132
749165
749173
749175
749193
749370
749463
749556
749583
749674
749746
749774
749797
749800
749861
749918
750080
750243
750252
750333
750412
750542
750564
750715
751035
751036
751054
751080
751273
751322
751466
752005
752193
752473
752574
752643
752731
752755
752886
752955
752962
753124
753682
754138
754147
754336
754415
754421
754444
754821
754838
754871
755106
755145
755231
755238
755446
755578
755616
755807
755969
756070
756384
756391
756680
756793
756894
757002
757076
757087
757299
757374
757507
757639
757651
757786
757915
757953
757986
758011
758107
758431
758437
758533
758648
758690
758714
758794
758810
758845
758984
759073
759096
759115
759135
759182
759217
759272
759297
759434
759523
759632
759814
759884
760025
760137
760205
760435
760533
760543
760552
760637
760704
760807
760945
760968
761125
761195
761260
761285
761426
761432
761456
761553
761813
761821
762026
762150
762426
762612
762726
762854
762874
762995
763029
763105
763274
763313
763333
763409
763436
763513
763613
763658
763811
763835
763857
763917
763927
763946
763957
764131
764355
764409
764452
764524
764552
764611
764833
765008
765158
765168
765263
765306
765390
765605
765705
765942
766127
766140
766244
766480
766480
766537
766583
766806
767076
767100
767370
767557
767683
767910
768184
768184
768208
768256
768403
768727
768740
768786
769049
769699
769747
769942
769970
769996
769998
769999
770282
770305
770317
770406
770406
770693
770923
770951
770999
771031
771159
771162
771281
771290
771483
771755
771769
771810
771876
771881
771900
772011
772023
772157
772160
772423
772504
772567
772575
772596
772606
772724
772750
772785
772794
772828
773094
773175
773299
773599
773744
773793
773816
773860
773943
773963
774026
774486
774595
774720
774953
774963
775221
775522
775561
775657
775761
775786
775886
775907
775943
775982
776036
776200
776220
776345
776627
776694
776747
776880
777060
777081
777464
777547
777555
777620
777637
777676
777799
777858
777972
778003
778021
778031
778169
778439
778466
778490
778555
778572
779070
779209
779236
779304
779420
779697
779961
780390
780485
780540
780554
780719
781168
781182
781571
781626
781645
781724
781979
782050
782092
782137
782183
782338
782525
782860
782909
783038
783056
783124
783133
783147
783408
783533
783611
783664
783703
783721
783773
783954
784081
784119
784359
784515
784624
784811
784974
784989
785042
785096
785206
785213
785234
785266
785381
785382
785523
785599
785601
785685
785693
785887
786028
786212
786243
786253
786275
786313
786639
786674
786718
786852
786856
786937
787217
787351
787477
787702
787787
787918
787943
787965
788007
788045
788145
788164
788238
788338
788412
788510
788582
788676
788762
788814
788880
788896
789065
789101
789216
789261
789330
789382
789390
789546
789608
789626
789645
789666
789730
789851
789888
790027
790300
790307
790592
790697
790729
790738
790753
790988
791021
791155
791319
791384
791415
791445
791449
791588
791642
791870
791873
792163
792278
792331
792452
792484
792531
792630
792655
792935
793081
793118
793157
793184
793228
793304
793351
793385
793441
793585
793637
793638
793695
793831
793910
793913
793925
794045
794322
794484
794519
794647
794686
794722
794763
794793
794801
794919
794958
794977
795251
795270
795418
795429
795440
795447
795458
795722
795728
795779
795877
796039
796074
796077
796141
796182
796191
796617
796728
796846
796972
797170
797278
797284
797312
797351
797454
797559
797619
797734
797805
797836
797875
798110
798111
798147
798204
798214
798316
798541
798545
798555
798619
798674
798729
798768
798786
798867
798885
798940
798998
799090
799340
799484
799590
799698
800188
800296
800511
800547
800694
800768
800914
800969
801017
801048
801154
801202
801224
801298
801321
801371
801376
801383
801391
801421
801660
801766
801801
801894
801993
802254
802329
802365
802388
802432
802558
802569
802659
802712
802769
802919
803089
803091
803150
803272
803305
803379
803820
803829
804320
804394
804445
804673
804811
804881
804968
805211
805261
805424
805428
805757
806128
806197
806269
806453
806592
807003
807047
807874
807899
807903
807907
808048
808051
808245
808254
808275
808311
808408
808487
808700
808718
808722
808802
808850
808923
809387
809412
809594
809617
809652
809693
809729
809780
809979
810168
810213
810435
810481
810679
810694
810922
810994
811057
811301
811325
811454
811512
811540
811734
811905
811919
812008
812039
812327
812331
812704
812736
813113
813176
813192
813210
813338
813585
813682
813705
813776
813976
814194
814202
814226
814393
814484
814537
814635
814637
814746
814782
814831
815291
815293
815532
815606
815606
815858
815902
816106
816175
816227
816298
816379
816486
816503
816511
816636
816761
816799
816865
817379
817398
817420
817438
817515
817583
817601
817699
817914
817974
817976
818123
818186
818198
818325
818377
818431
818432
818465
818542
818569
818744
818816
818834
818975
818986
819057
819071
819360
819367
819368
819460
819482
819670
819758
820265
820317
820689
820775
820861
820929
820990
821012
821306
821418
821430
821476
821479
821500
821512
821534
821613
821686
821886
822126
822357
822378
822404
822507
822578
822583
822612
822616
822704
822795
822802
822852
822874
822978
823238
823299
823393
823537
823675
823733
823749
824011
824096
824130
824206
824452
824628
824635
825042
825061
825259
825353
825439
825484
825638
825823
825836
825843
825974
826024
826036
826646
826942
827149
827313
827335
827431
827582
827775
827776
827813
827872
827948
827967
828123
828297
828306
828310
828386
828407
828504
828560
828567
828655
828665
828788
828924
829067
829068
829279
829325
829431
829650
829954
830167
830218
830220
830352
830371
830484
830507
830531
830751
830782
830894
830912
830943
831061
831136
831242
831299
831403
831419
831570
831591
831691
831788
831795
831839
831844
831844
831866
831920
832014
832105
832239
832250
832476
832505
832554
832664
832773
833004
833090
833208
833272
833279
833326
833428
833571
833745
833942
834079
834104
834182
834368
834580
834610
834642
834692
834810
834873
834979
834981
835435
835534
835593
835884
836578
836602
836758
836904
837042
837214
837378
837529
837688
837784
837880
838092
838112
838272
838342
838346
838460
838718
838737
838740
838769
839051
839105
839324
839389
839480
839549
839605
839773
839949
840242
840338
840424
840599
840606
840628
840824
840963
841118
841149
841192
841305
841387
841394
841422
841449
841466
841687
841738
841869
841911
841974
842044
842054
842276
842443
842459
842528
842564
842578
842624
842625
842683
842736
843073
843219
843227
843240
843549
843633
843700
843944
844044
844343
844369
844369
844683
844915
844925
844979
845179
845227
845366
845386
845386
845466
845476
845489
845524
845601
845612
845631
845647
846058
846082
846092
846134
846267
846355
846405
846425
846456
846781
846818
846940
847061
847237
847281
847345
847378
847426
847440
847492
847520
847681
847980
848015
848099
848143
848156
848178
848294
848469
848642
848680
848689
848690
848772
849092
849131
849159
849500
849743
849807
849876
849921
849976
850049
850194
850252
850368
850425
850440
850443
850520
850622
850651
850671
850694
850890
851034
851235
851256
851289
851554
851615
851838
851879
851997
852008
852042
852333
852379
852686
852722
852754
852776
852812
852846
852869
853062
853287
853376
853615
853664
853692
853731
853744
853958
853997
854034
854070
854117
854159
854256
854259
854261
854388
854398
854435
854550
854582
854798
854960
855089
855112
855150
855201
855235
855425
855483
855535
855568
855709
855805
855973
856261
856415
856527
856535
856615
856714
856882
857032
857178
857486
857562
857729
857740
857817
857875
857950
857972
858189
858338
858393
858394
858416
858539
858713
858810
858970
859006
859141
859208
859224
859251
859339
859471
859602
859710
860005
860473
860553
860659
860747
860821
860877
860889
860956
861491
861584
861699
861721
861844
861844
861894
862040
862131
862532
862708
863046
863077
863261
863272
863309
863309
863319
863424
863827
863860
863956
864207
864272
864331
864472
864486
864640
864692
864704
864750
864833
864922
865170
865508
865750
865855
865972
866169
866283
866441
866530
866685
866843
867000
867119
867289
867475
867496
867514
867519
867528
867536
867634
867688
867756
867761
868046
868097
868130
868163
868438
868495
868537
868579
868589
868607
868737
868803
868912
868912
868928
868956
869004
869012
869072
869103
869452
869491
869547
869553
869589
869695
869735
869950
870112
870372
870453
870694
870767
870767
871117
871162
871224
871298
871322
871490
871528
871810
871815
872098
872448
872670
872687
872818
873054
873114
873224
873446
873587
873791
873963
874109
874118
874415
874435
874485
874573
874943
875204
875279
875384
875401
875417
875421
875589
875691
875733
875846
875861
876084
876157
876240
876247
876616
876760
876916
877102
877189
877214
877289
877378
877447
877570
877737
877913
878166
878226
878248
878252
878336
878434
878487
878805
878806
878808
878832
878845
878855
879013
879050
879066
879068
879425
879590
879705
879766
880015
880249
880265
880351
880512
880580
880726
880804
881072
881077
881249
881573
881665
881954
881962
882055
882091
882267
882332
882402
882432
882536
882748
882949
882993
883161
883266
883375
883482
883521
883547
883575
883620
883713
883842
884076
884113
884485
884526
884571
884772
884821
884902
884962
885004
885046
885111
885115
885191
885229
885516
885676
885725
885850
886023
886030
886267
886337
886466
886492
886508
886535
886547
886588
886751
886771
886802
887030
887096
887232
887332
887345
887383
887729
887799
887925
888078
888244
888351
888371
888378
888862
888901
888906
888933
888960
888980
889058
889146
889572
889668
889717
889741
889746
889820
889829
890188
890191
890202
890330
890594
890690
890773
890919
891022
891051
891095
891129
891155
891188
891203
891247
891287
891425
891542
891568
891581
891766
891801
891858
892488
892497
892542
892616
892807
892870
892879
892920
892937
892944
892964
893018
893040
893144
893207
893484
893741
893920
893921
893958
893971
894160
894366
894495
894561
894572
894603
894663
894782
894841
894891
895019
895183
895638
895684
895772
895816
895878
896054
896097
896123
896148
896172
896187
896277
896546
896560
896719
896732
896784
896911
896924
896960
897267
897329
897604
897619
897694
897854
897855
897908
897999
898017
898076
898140
898273
898386
898428
898571
898790
899009
899088
899115
899291
899380
899499
899555
899702
899924
900015
900043
900060
900172
900209
900249
900279
900332
900655
900719
900795
900884
901217
901256
901313
901353
901409
901656
901760
901915
902040
902051
902291
902489
902495
902578
902693
902750
903129
903355
903462
903583
903594
903607
903903
903918
904358
904367
904558
904744
904760
904890
904969
905047
905117
905139
905152
905390
905443
905529
905584
905616
905665
905738
905966
906049
906122
906196
906226
906230
906311
906344
906413
906587
906666
906728
906802
906929
907070
907132
907136
907149
907155
907532
907732
907925
908038
908058
908540
908542
908565
908688
908888
908915
909281
909480
909609
909650
909671
909695
909880
910048
910165
910196
910243
910261
910305
910372
910627
910628
910650
910684
910834
910864
910864
910901
911030
911076
911263
911364
911409
911615
911729
911876
911950
911970
911984
912000
912075
912149
912250
912264
912446
912548
912624
912679
912695
912716
912720
912754
912800
912825
912956
912988
913028
913147
913262
913619
913637
913653
913689
913800
913810
913957
913992
914009
914544
914551
914614
914622
914690
914752
914994
915281
915282
915383
915444
915494
915538
915698
916025
916037
916051
916115
916225
916293
916449
916512
916686
916810
916964
916969
917038
917202
917212
917263
917403
917478
917543
917575
917722
917831
917876
917901
917978
918154
918210
918216
918368
918600
918786
918844
919216
919261
919401
919555
919663
919692
919755
919774
920159
920310
920570
920571
920808
920857
920933
921043
921066
921095
921139
921202
921296
921323
921371
921430
921517
921530
921609
921794
921815
921840
921845
921870
921941
922087
922224
922263
922580
922822
923004
923150
923159
923315
923360
923798
923841
923851
923994
924238
924250
924291
924493
924507
924513
924782
924898
924905
925074
925140
925142
925314
925970
926238
926267
926291
926381
926382
926517
926626
926733
926800
926846
926861
926964
927489
927506
927523
927796
927874
927975
928079
928147
928255
928313
928373
928385
928421
928695
928700
928758
928898
929029
929193
929202
929364
929415
929420
929438
929453
929499
929517
929668
929732
930007
930008
930019
930233
930532
930542
930556
930618
930630
931030
931368
931384
931435
931459
931680
931971
932010
932048
932089
932181
932210
932447
932692
932732
932801
932826
932958
933047
933067
933084
933252
933459
933481
933852
934026
934071
934163
934218
934238
934253
934253
934438
934481
934521
934680
934710
934742
934766
934796
934834
935058
935210
935376
935399
935577
935602
935672
935723
935901
935902
935928
935951
936178
936421
936428
936438
936493
936510
936536
936566
936639
936672
936806
936940
936964
936996
937032
937154
937327
937627
937769
937789
937834
937847
937850
937952
938370
938388
938418
938445
938506
938530
938762
938778
939072
939079
939097
939133
939305
939416
939480
939713
939810
940039
940102
940128
940258
940357
940552
940619
940622
940643
940677
940850
940935
941092
941102
941244
941290
941412
941444
941486
941573
941584
941597
941599
941661
941675
942016
942342
942383
942644
942688
942705
942738
942741
942999
943029
943089
943237
943322
943327
943574
943578
943596
943736
944011
944296
944304
944462
944478
944480
944604
944679
944734
944764
944865
944881
944928
944985
945238
945547
945643
945815
945864
945980
945995
946038
946125
946160
946225
946263
946308
946321
946392
946485
946657
946676
946784
946788
946805
946819
946878
947133
947148
947249
947329
947344
947347
947399
947437
947443
947457
947537
947589
947644
947731
947869
947946
948124
948350
948397
948405
948421
948558
948781
948784
948860
948937
949015
949015
949460
949467
949501
949664
949721
950083
950105
950452
950549
950581
950693
950710
950736
950784
950849
951278
951296
951298
951521
951660
951673
952251
952495
952589
952619
952634
952748
952972
953343
953439
953513
953514
953554
953572
953598
953713
953871
953988
954026
954056
954124
954222
954263
954276
954288
954310
954417
954704
954707
954814
955048
955360
955616
955682
955902
955990
956209
956352
956483
956519
956597
956665
956697
956767
956994
957313
957324
957434
957656
957699
957737
957787
957944
958048
958179
958237
958411
958599
958686
958718
958843
958845
958981
959020
959048
959067
959115
959187
959211
959240
959417
959532
959649
959653
959700
960218
960234
960258
960401
960499
960649
960799
960818
960837
960838
960953
961144
961150
961222
961367
961402
961517
961578
961590
961867
962029
962451
962525
962689
962717
962796
962907
963038
963090
963130
963211
963309
963404
963423
963443
963711
964087
964228
964282
964357
964691
964787
964811
964823
964873
965012
965371
965505
965597
965630
965728
965783
966465
966509
966849
966906
967067
967100
967123
967184
967206
967234
967276
967446
967507
967685
967803
967817
967867
967939
968007
968202
968378
968381
968590
968615
968690
968824
968838
968944
968956
969171
969217
969317
969453
969464
969581
969669
969963
969983
970263
970378
970433
970532
970535
970581
970600
970745
970974
971029
971031
971062
971323
971421
971463
971521
971659
971705
971795
971820
971985
972001
972106
972117
972130
972138
972203
972329
972451
972568
972569
972657
972671
972719
972919
973052
973090
973172
973319
973340
973408
973433
973447
973525
973545
973628
973710
973787
974010
974038
974100
974170
974240
974305
974451
974568
974617
974731
974761
974900
975140
975191
975219
975461
975548
975768
975886
975925
975926
976053
976278
976295
976979
977037
977070
977204
977259
977478
977806
977814
977900
978089
978301
978318
978433
978518
978584
978733
978764
978885
978929
979139
979503
979573
979641
979671
979853
979858
979869
980215
980341
980383
980715
980897
980898
980927
981061
981149
981474
981769
981845
982007
982067
982096
982130
982347
982360
982407
982555
982843
983349
983491
983570
983806
984017
984271
984317
984373
984438
984466
984564
984639
984733
984763
984866
984910
984918
984952
984958
984975
984979
985078
985140
985232
985232
985354
985537
985577
985830
985858
985911
986051
986427
986444
986620
986664
986684
986691
986741
986825
986858
986928
986976
986977
987166
987318
987458
987562
987637
987751
987860
988072
988096
988389
988498
988499
988723
988736
988821
988836
989145
989168
989276
989296
989683
989978
990114
990215
990278
990342
990407
990513
990622
990655
990668
990831
990884
990943
991145
991214
991328
991397
991524
991719
991726
991761
991767
991778
991780
991812
991814
991871
991889
992113
992405
992590
992759
992809
992845
992888
992905
993047
993062
993151
993152
993301
993335
993392
993423
993440
993595
993600
993754
993863
993919
994126
994343
994367
994425
994462
994634
994858
995014
995173
995361
995396
995581
995586
995815
995816
995899
995952
995981
996100
996116
996121
996296
996348
996642
996684
996697
997035
997059
997115
997147
997197
997251
997330
997676
997785
997916
997936
997997
998024
998055
998099
998108
998110
998143
998176
998232
998422
998465
998557
998563
998839
998978
998990
998999
999015
999031
999099
999337
999395
999413
999438
999444
999562
999581
999590
999595
999602
999618
999689
999756
