1013
1880
2247
6201
12058
18338
19378
20228
22516
22827
26446
28750
28823
28952
29426
30199
34095
36040
39706
39753
40960
43732
44147
47289
50530
53142
55896
62689
63599
70978
71380
75146
77163
79630
80769
83591
83691
85011
86383
88676
88954
89534
89822
92947
93755
94641
102165
104586
105206
113836
115780
116032
116883
120945
123318
124346
124857
126367
128390
130907
131314
133196
135239
136690
138337
140864
141575
141742
141820
142605
145000
146386
146427
148091
148180
150803
157710
161708
164748
165851
166948
168176
169740
170646
171294
174657
175874
176235
177511
178510
184683
184814
188258
189883
192396
193912
194511
198021
198129
198405
199683
201780
202278
205416
211615
216569
218533
225125
225527
225974
227447
228806
231864
233261
234396
236320
237331
237929
238436
242661
242957
242970
246898
246945
247148
252612
252830
253489
257971
258529
261284
262874
265827
266464
267340
271418
272634
273388
276781
277863
282661
285010
287271
289633
293073
293597
293719
294229
296596
298497
298827
303152
305921
306154
308562
309063
310480
312608
313137
313317
317499
318041
318176
318573
318635
320603
324920
325321
327168
330532
335260
337653
340098
340577
342309
343368
346996
347572
348848
356371
356427
357292
358139
359892
360203
363861
364483
365737
366475
366694
375013
375261
390559
393941
394428
395898
397349
400166
401942
402151
403661
408778
409624
410368
410510
413863
419052
419271
419300
419474
420434
421564
425988
430205
430244
433207
433916
435270
438954
439708
443810
444623
446409
447036
448189
448219
451280
451548
453450
455974
460786
464135
468567
469099
471036
471664
475285
478445
480956
481209
482994
492617
496719
498076
502701
503898
505540
509256
509322
512362
512602
513317
513978
513987
515185
515713
516750
520729
520865
524731
529367
531389
532486
542278
542440
550261
552377
552493
555688
558625
558981
560517
563810
564007
567290
567700
568518
569508
570081
574556
578031
578855
580109
581449
585678
587656
589426
593246
593889
594146
595251
599517
601280
604835
606232
606334
610802
614371
615587
616365
619302
620399
622996
623551
627000
627912
633458
635056
636505
636555
636682
637996
638197
639877
643423
647761
647974
648343
649001
649650
650054
650883
652993
654436
657167
657593
659103
662733
662833
671725
671985
672854
676123
678004
681048
682032
685041
685263
686351
688632
688842
692712
693462
694685
695545
696066
696690
700081
700374
702941
703881
705945
709743
710079
711070
712698
713128
714847
715474
719587
722117
724087
725177
725317
726163
728376
731177
733131
736615
737923
738370
738500
738830
739263
739386
739552
740541
743718
745023
746686
753132
754795
755631
755892
762832
766231
766703
768224
777236
781789
782563
786740
786882
788199
789313
791982
793333
793749
794122
798739
798954
801036
801922
801934
802901
805575
807238
809297
810426
814043
815866
819200
819323
824127
825696
826698
831406
831967
833579
836965
837498
839564
841214
843042
843043
843656
844174
846011
847243
848735
852187
853774
857239
857240
858677
862077
865735
867489
872171
873843
874422
874542
875183
877040
877983
878887
880940
884905
892534
892781
895376
898566
898954
899641
901343
905241
906245
907614
909414
911463
915110
915622
923794
931817
932198
932425
933707
934601
937054
937966
938507
938638
939068
939593
944553
945741
947958
953216
955187
956709
956755
957069
959194
959278
960449
963537
968955
970334
972537
973076
975499
976416
981662
985147
987947
990030
990892
993141
998052
999884
