546
862
2545
3771
4487
6985
8261
8551
9007
9623
10290
11922
12865
13700
14758
15799
16557
17252
17913
17957
19050
20385
21768
23023
28139
34928
35582
38158
38991
41499
42064
42888
42908
45179
46142
49549
54749
55951
56097
63412
65068
65534
66872
69891
78016
80121
80391
80919
80956
83941
84403
85109
86724
86884
87376
87403
88698
88740
89270
89274
91556
92248
92927
97665
101320
104600
106653
108272
108360
112654
112989
113654
114521
115494
115556
120581
126570
129559
131465
132687
133373
138315
142899
143115
143191
143394
143704
149791
150454
154334
154650
155782
160226
164784
168561
170182
174063
175542
176781
176912
180265
183688
189079
189463
192815
201008
207097
207996
208745
208778
210890
212726
216352
217086
217963
221114
221223
221707
222163
225437
226718
226792
228062
229405
230714
233144
234951
235140
236344
240189
242072
245902
248508
249324
249740
254254
257979
258890
259280
262815
264605
268410
270010
272313
273620
276556
276729
279793
282539
283359
284135
285319
286923
287596
288563
288712
292966
294683
297789
299536
303196
304935
305315
307376
309805
312270
313566
313902
314910
316891
317818
317976
318996
320817
322013
326710
327851
329051
329682
331085
331904
332637
334077
336507
337548
341725
342013
342712
342814
343476
344527
344787
345626
345640
346142
348703
351012
351049
358469
358573
358597
361177
361179
363497
366644
367875
368982
376287
380822
381373
381816
384369
391062
393026
393651
394742
396618
397384
398373
398475
399464
400642
401457
404700
406489
407443
409786
416228
420808
422393
423620
425123
425352
428365
432343
435178
437036
437584
439795
440289
441527
441835
441918
444740
446454
446652
446811
447021
447229
449331
449591
451303
451509
454184
456940
458126
460956
476888
477268
478315
479846
480103
480788
481923
482749
482887
483563
491607
498294
501312
503436
509747
510738
511320
511726
511906
516682
518296
521783
527704
528386
529413
531465
533123
533601
537225
539986
541921
542794
545717
549402
551233
551827
551981
552025
552717
553603
557147
560204
560509
565388
567416
568600
570417
571254
573978
574971
577144
578724
579010
580328
581448
582181
583499
584944
588890
597901
598942
600323
608286
613662
615188
615330
617140
617185
619700
619896
620845
621874
622587
622823
624172
638432
641002
643683
647427
649318
653730
655618
656779
663560
663935
663996
668049
669912
672160
672344
672365
672740
680804
685382
687337
687374
689772
694038
695165
696811
697146
697537
699234
699719
700817
702004
702996
707349
708404
712248
714889
721093
723902
724497
727201
730056
733543
738623
739304
741220
741630
744821
746663
747283
748351
752799
755229
765796
768372
770324
772030
773023
775938
780001
785950
787115
788008
788313
790424
793221
793469
793878
796280
796637
801997
804261
805395
811597
811617
814501
815535
815745
816949
820447
820579
820742
823236
827274
831255
834299
834863
838320
842848
842900
844890
845282
845744
845831
847977
848708
853337
853492
853955
854903
855977
856249
857315
858473
860071
860608
861362
865466
865523
865950
867298
868735
871814
872834
873058
878254
879032
884077
885049
893066
894550
897108
905141
905775
909568
910494
913018
915352
915463
915469
916438
917036
918683
919638
919691
921182
921313
923986
926500
930620
930911
934508
934636
939290
940714
941160
950508
951700
952262
953639
954906
958648
961114
961127
963710
963993
967115
967319
967935
972706
974949
975543
976012
980265
986249
988065
990668
990901
991176
