6764
6880
8800
12747
15695
17169
19491
25453
27067
27569
32376
32446
32459
36819
37446
38297
38973
39142
39339
39571
42210
45574
49989
51103
51257
51568
51667
55382
55624
58087
64353
64536
64968
67843
68882
69624
70859
79067
82067
82290
84569
88274
89100
91861
94730
95862
95906
98327
101356
103330
105936
106263
106757
108192
108666
111732
117614
119036
119631
122905
130351
131567
133677
136516
142897
145473
150570
151333
154232
161112
163319
165305
167498
168751
173439
173715
177770
177787
182161
182277
182929
183990
184759
186126
189598
191607
192236
202758
204086
205849
206773
207162
208092
208256
210797
214219
219436
219559
220648
222145
222191
223356
227165
229121
231204
233608
234567
238592
240868
242663
243739
243779
244411
245118
245159
249152
249212
256451
256548
257642
258230
258322
263294
263841
266046
266622
278416
279228
279576
280011
280788
284319
286147
288301
288460
289198
292605
293374
293458
293767
294799
301850
309973
310184
310654
311097
311947
312045
313101
313943
314858
315358
315410
316962
317659
320990
323533
324824
325079
325534
325744
328546
329547
336530
336701
339122
339807
341951
343657
345380
346520
346610
347273
348346
348390
354453
355282
362741
365007
365141
366267
368470
369878
371123
379405
379497
379556
381548
381580
384048
384625
386826
386936
389023
390880
391583
391770
392287
393157
395044
398631
399040
399729
400056
401259
402049
404946
410039
410316
411249
415203
416104
416321
416683
416810
425720
426556
435338
440796
443370
443373
445319
445711
447340
454416
454867
455401
455865
457695
462923
466446
468493
469003
469182
472710
474005
476419
476790
477822
478982
481224
486046
487301
487661
487866
488934
493925
496532
496547
498137
499448
503709
506316
508246
508613
509773
511059
514317
517392
518291
524450
524518
527729
528152
528306
531243
531313
537975
538539
540325
542682
546333
546920
547074
550840
552359
553779
554530
555004
556719
561342
562453
563233
563335
563884
564913
570207
572240
574380
574594
575515
576494
577926
578094
580930
581108
584311
585882
586225
587283
593026
594123
594209
598253
598462
598887
603589
607164
610327
611370
613128
617865
620310
620433
620678
620792
623054
628548
635853
636827
638049
638535
639018
644425
644875
645748
645848
646497
661851
664754
666767
667109
667417
667606
668812
671651
672853
673166
674753
675217
676479
680916
682454
684865
687896
689741
690138
692245
692669
701253
704640
706192
706273
710991
712941
713083
714509
715438
717299
718185
720535
722136
725166
725513
725544
728350
729711
730820
730910
731953
733407
733513
733991
735747
735952
735996
741736
744348
746746
746944
747366
748786
749322
753195
753959
754697
756014
757741
761225
762791
763663
764153
764348
766941
772252
773929
774482
775934
778638
778680
781988
783484
784964
787375
790341
795716
798761
799875
800317
802999
803722
804171
807406
809336
811607
811915
812004
812527
814418
815145
815952
816129
820457
822092
835313
836820
837092
839760
840951
842738
844900
849052
853451
854697
855554
859975
861550
862043
867940
870204
870211
872317
872834
873462
875439
878789
879202
879746
880558
882139
883209
885026
889000
891728
893511
893560
894298
895883
901521
905658
906290
906489
907887
914414
915152
915673
917060
919575
919793
920301
922890
927906
928504
931429
936392
936705
938860
939663
943081
956551
957433
960502
960573
962748
964558
965553
968294
976038
978408
978760
981571
983418
985689
986552
989362
989595
992073
994738
998803
999730
