1058
3011
6055
8445
9423
9713
12338
12577
13552
14459
14958
15446
16200
18014
18732
19331
19628
24881
26737
27664
31113
31972
32390
33617
33806
34193
36313
37222
37549
38249
40785
40788
41050
41086
42600
42736
43147
48731
48807
50337
52324
54529
57115
59523
65840
68563
69302
69606
71324
73692
74738
76764
81858
86286
93105
94644
97986
98988
100381
102095
103113
105410
106499
107975
108009
108269
109233
110248
110454
112140
113917
115180
118640
121735
122104
124735
125674
126515
128605
130088
131254
139529
141587
142250
147867
147896
148583
149710
150070
156531
160063
162724
163098
165869
166126
167249
167898
168880
175437
177552
180194
183333
185596
191008
194975
196840
197794
199219
199925
200541
200641
203210
204897
205923
206298
208268
208370
208516
212368
213635
214733
218110
223086
224893
228974
235654
237237
243049
244075
246998
247788
247938
249020
249040
249715
250691
252237
253650
254311
267046
273067
273585
275690
276147
279346
280468
281039
281659
283249
283470
284460
284490
287424
287828
288240
288251
288640
288969
290022
290721
293639
294330
294995
303307
309328
309737
312233
318662
319931
320347
325300
326223
327537
328708
329927
331455
334711
336311
339683
340459
341281
343761
345905
347508
348209
350207
351502
352377
352768
354042
355831
363769
367174
367386
367551
367805
368037
372957
373097
373700
374476
374490
374693
377420
377649
378911
379369
380426
384089
386640
387014
390448
390873
392570
397213
401324
402353
407278
408534
409220
409280
414364
417535
420684
425854
427195
434811
435208
437327
437911
438934
439528
442243
447244
447437
451938
454559
457391
458666
458977
459572
459915
464845
465485
467782
468862
470795
470797
473542
474641
475436
476387
479578
480764
484199
490440
490948
495016
506891
508197
512272
514083
514157
515899
516111
516992
517125
517646
519163
519522
519859
523705
523891
525005
525794
527153
528900
529258
530816
531053
532715
534659
535631
537353
547291
552671
553807
556516
557359
557934
558515
569676
571281
580591
580985
586508
592673
597524
597875
599893
601999
605963
606408
607392
608695
610212
611584
613426
613853
617378
617880
617921
623731
625602
629845
630525
634123
634547
634754
635640
636949
639932
639937
644010
646693
648169
650648
651132
656753
661641
662226
663154
667539
670149
673352
677558
679059
679480
680667
683748
685145
685531
691779
698459
699377
701081
704624
705666
705758
706044
708055
708295
709994
710593
715453
715724
715783
715913
716132
718123
718861
720835
721628
722865
724846
728755
734233
738215
739068
742206
742478
742540
742752
749245
749296
751427
753455
757220
758262
758599
761224
767598
768237
772316
776509
778197
780138
781377
781426
782023
785587
785701
786734
787037
788643
793018
793975
794027
795509
797539
799573
802441
804784
812137
814006
814440
815474
815513
823024
823479
825064
825177
827761
828276
835821
835825
840729
841116
841168
845752
846349
848259
849470
852179
852599
855078
855249
857651
860230
861082
861641
861648
864543
865064
868593
870189
873574
875463
875677
875921
877023
880984
881180
881744
882201
882958
884324
886214
892259
898095
901781
903481
906066
908204
914817
915279
916624
918105
922326
923808
926537
929505
932313
935751
939675
941658
945231
946277
947507
949524
949609
949963
950065
953863
955891
958258
958521
958929
960754
961966
962450
962658
963211
963972
965305
965540
972437
972463
972841
979545
981560
983037
986794
988968
989212
990852
993791
993972
994966
996083
