999948
998305
996975
994663
993311
993283
987793
982801
978282
978240
975639
973429
972233
966908
964938
964548
964272
955254
953135
952684
949584
947663
941095
939232
938404
937550
937032
936944
936646
932631
927101
925598
925550
925175
924537
921229
917137
917040
914230
912587
906370
905410
905388
902225
902180
891762
884905
880031
879910
875740
874428
873974
871459
871191
868302
868206
868153
861666
860923
860910
860731
860125
856116
854396
851251
846639
844733
844515
837237
834262
833856
831538
829294
829276
827634
827520
827501
823537
817808
817420
815749
815240
809985
809921
807493
806828
805649
805517
801927
799051
797301
797195
796404
794966
793723
787656
787423
785994
785597
784451
782701
782538
769645
766000
765808
759043
751548
747819
746711
746173
745226
744853
741172
740323
738542
736364
734440
734363
732424
725733
721425
720749
719654
717459
716796
716238
714588
714392
713799
707714
704330
700637
699474
698214
694365
693914
693753
692743
692204
691363
691037
689705
689477
687471
686950
684016
680549
677041
674931
674499
667651
666729
665735
665204
663057
662857
662571
661934
654587
651918
651109
650543
647228
646888
646808
637884
636107
633570
631707
630964
629967
629716
628379
624724
621938
621874
616572
612762
611261
610777
602710
602673
601949
599597
598298
598175
597835
597309
595125
593940
592624
591554
587233
586095
580060
578606
577455
574720
572205
571773
571397
569443
565395
564125
549570
545780
540399
538948
534743
532105
527948
527895
523007
522952
521915
521809
520700
517061
516523
507501
505947
504345
503957
502122
497991
496584
494278
494076
493815
492235
490956
486670
482285
476849
474967
473362
472800
471114
469727
469236
468065
461040
460304
455651
450362
447406
446771
445941
445686
445244
443746
442334
439975
438990
438012
437361
435753
434065
425170
420742
420499
419559
419534
412350
411884
407710
405605
401807
400609
400390
400081
397811
396949
395809
394482
394317
392956
392599
389988
387619
386431
384119
383581
381591
381413
378430
377343
375976
375085
374761
373287
371594
370546
366019
365768
362183
361627
359958
358212
357585
356213
356105
355866
351842
349497
347192
345403
344938
344063
341354
337033
336049
334588
333462
333407
327454
327160
325554
325117
321381
321369
319318
319205
314745
314419
313313
309189
307547
305903
303686
303605
303130
302168
301168
300230
296345
295590
295317
294101
293911
293111
290657
290245
288327
283626
279850
273139
273093
270826
270005
267527
265622
265489
265212
264531
263315
260488
259744
257559
255678
254607
249220
248855
243811
237396
232007
231583
229787
224470
219242
218653
217621
213090
211796
210579
210127
209600
207871
207782
207296
207292
203850
202798
202736
201084
198733
198539
196684
195765
192401
191928
189691
189648
189417
188331
183220
175273
174587
173306
167413
166865
166168
166015
164192
161861
157285
157152
156927
154160
152980
151515
147723
142779
142746
140953
137753
133009
132397
131970
131160
128458
127276
126279
125868
125034
124763
124495
120193
119679
119209
118055
117019
116185
114192
113305
112625
109962
109724
108897
107709
102694
100281
97412
96967
96030
95095
92369
91925
91412
86641
83925
81696
77657
75370
74361
69664
67650
64494
60257
58974
55563
53713
51516
49824
48561
46693
45547
44629
44084
43367
42633
42392
40244
39429
37075
37062
32643
31467
30420
29114
28495
28181
27325
27039
25936
23839
23443
22379
17249
16254
15572
10181
10076
8249
7524
4898
3400
3377
2066
807
