998439
992768
983182
982997
982870
978573
976363
973973
971724
969979
962474
961187
961165
959406
956125
955959
951580
950951
950567
949757
946746
942954
942473
941739
941153
937036
936321
936290
932430
927362
927318
922225
920094
916930
914864
912241
907365
906694
904727
904707
904452
903161
902984
902100
900727
900486
898824
898572
896436
895771
893681
892854
892126
891696
890916
885818
882320
880944
880815
876761
875239
872676
871913
871791
868057
867591
866993
866847
866503
861917
861001
860086
859664
858983
858007
857646
853270
852127
851402
851283
849265
847218
842829
839788
838233
837793
837341
835962
831038
830125
826778
826238
825507
823757
822733
819258
816068
814452
813547
813014
812437
810801
804409
803708
802778
799451
799331
798377
796896
796554
784752
782251
781395
777870
773946
773643
770895
769372
768825
767126
766558
766187
762913
761317
760386
760326
759462
758975
754798
748857
744994
744463
744113
742619
740647
739475
738831
738176
730586
729609
728878
725748
722919
722018
721500
719744
719486
716903
715591
713766
713426
711777
709684
709580
706436
705775
704653
697280
696482
695768
695206
694067
693496
691562
690576
690415
689947
682296
682206
681837
680769
676295
676109
674023
671327
669271
667119
664179
661637
655826
653019
652819
649713
647548
647218
643991
642378
641950
639192
638105
637806
628468
627364
626296
622967
617814
617741
610486
610146
609894
609590
600270
600157
599893
599848
596440
596393
594267
594210
589827
589005
583888
582143
581661
580605
578178
576134
575614
575165
574358
568394
565580
564926
557959
556605
555968
553537
550173
549727
549197
547722
547416
546706
545383
544752
543226
538603
536602
534719
531390
531055
530925
529246
523819
523644
523431
520918
520672
519608
516469
515807
515217
514222
512072
510556
504504
502112
501608
499690
499351
494778
493575
490556
489806
488048
485006
482605
481918
481369
478126
464753
463693
460816
459744
458738
457700
456884
452815
450026
449319
447828
447777
445816
445047
444535
440587
438935
438732
436896
433867
433070
432401
432199
431055
430603
425077
424423
421968
421362
419753
418872
415902
409683
409325
407001
406062
404408
401363
400781
400695
396102
393131
391416
390657
389752
388080
386946
384187
384029
382640
374595
371506
371367
370535
369656
364367
363728
361765
360828
359762
355066
354425
352864
348622
347631
347397
344487
343322
342548
341886
341577
338969
333298
331584
329288
329189
328974
327930
326778
326601
318336
318058
317753
311988
310384
309466
304521
302964
296679
295615
291079
290813
286406
281832
277025
276001
275518
274101
271158
267841
265998
265985
265712
261402
259593
257698
255673
254331
250751
250329
248654
245601
244963
243279
240512
237273
236977
234114
227948
227308
227266
226880
223675
222217
221131
219771
212213
211442
209349
208520
208318
208031
201316
191359
190881
189420
187715
186776
185846
185770
182657
177612
176747
175118
174281
173170
172145
170414
168958
166544
162535
158361
158197
155405
152996
151794
151755
150341
146604
143049
141575
140933
138181
136846
135932
132301
132265
131758
130705
128817
126751
125749
125711
125533
123717
123318
121095
118806
116501
115511
115311
114393
112824
109786
106979
106106
99250
98663
97338
94533
92257
88512
88153
85614
85193
82512
77115
75383
69601
68594
65584
65376
64759
62037
60081
51617
51301
48125
47525
47219
44826
44640
42290
41219
39639
36936
36533
31004
26051
20954
18553
17361
14034
13556
13043
12432
11598
11515
5606
924
