999099
994045
993985
993249
992366
991377
985940
977196
973169
968524
965584
963850
961431
960242
956129
955484
951551
949343
948567
945882
945728
942289
936610
935785
932341
923075
922090
921498
920194
919772
915349
914530
913772
910802
908996
908338
904597
904387
903739
898558
897334
896299
895438
887624
877793
874019
871724
871550
870949
869267
861977
860202
857361
854767
854623
850369
850202
848237
847150
845480
845358
845316
844721
844255
843440
840860
836195
831023
829070
825222
822350
821585
820329
817175
815558
813626
813471
812034
803078
800853
797889
797520
797450
795411
795097
794604
793702
790564
784930
783585
782382
781941
777937
775412
775182
773705
772069
771534
770835
770497
769746
766006
763891
763771
763275
761002
759753
754095
753610
753042
752149
750767
749300
747534
744929
743440
742156
738145
737921
737796
735566
733023
732102
725959
724802
720016
719174
704497
704394
704112
703730
701352
701310
701220
700315
697807
694582
686215
684464
684119
681357
680072
679298
678922
678424
675645
672218
670203
669545
669363
668826
667585
666833
666523
658856
657069
655764
653804
651601
650991
648931
648844
646249
646023
645776
637949
637028
636844
632815
632319
629867
629629
628596
627325
625398
622206
621846
621816
621687
619163
615041
614286
612579
611244
606323
606099
605751
605568
601687
600477
596827
596253
593442
592959
591724
589628
589383
587243
587178
586896
579962
578889
576912
576789
575478
574771
572082
570554
570250
568718
568349
564410
562885
561735
556750
556331
553261
549925
549238
549014
542841
540230
530520
527339
527225
526667
526138
518290
516061
515256
512563
511448
508956
508838
507812
504449
501150
500756
499982
496061
494973
494806
490419
489287
484887
484320
484177
484115
479403
477226
471257
469807
466567
465971
464904
462063
461776
461606
458326
455678
454368
451647
449855
448155
447887
447133
445683
445442
445208
444363
443664
440571
440491
439946
437182
436259
434998
434162
433443
432590
429528
429528
428750
427609
427086
426662
424010
422969
418930
410807
402244
400921
398322
394147
393256
392169
387118
384852
381467
378418
377620
377318
376964
374085
373433
373152
367519
366022
364920
362626
359912
353312
352729
351124
350552
349583
346062
345528
340976
340428
338869
337840
331193
330860
330198
328705
328243
328238
328082
326950
325368
320804
317967
317687
316806
312383
309319
309062
308047
305976
303942
303642
303196
302744
299564
298622
292373
292041
291839
284985
280603
276771
273882
265361
265144
261397
261108
254835
254800
254480
254180
253473
253368
252800
249915
247930
245828
244518
240143
239167
238968
236318
232313
231412
230159
226347
222083
222082
219900
218236
213605
209596
209045
208573
205047
204453
203277
202675
202616
201820
198718
198397
196162
189549
183810
181924
179736
179115
179048
179034
175763
174918
174762
172608
171410
170184
167925
167673
163358
162409
162076
161427
161384
160862
159510
156683
155106
154595
154030
152601
152509
150748
149333
148701
147571
144740
144305
142572
141916
136104
134017
133585
132025
131936
131097
128151
126743
126401
123810
120559
119671
117012
116684
115682
114810
113620
110756
107196
107116
106683
105777
104205
103737
103056
99934
96097
95994
95671
95377
92408
92125
89277
88906
85842
85168
85141
83110
81520
80817
80502
77790
77241
70259
70159
69175
66521
65330
64064
62583
62098
55377
52954
51908
51806
48719
46961
46165
40040
39602
38910
35615
35548
31915
26830
26771
25661
12374
7670
7663
7035
