365
375
385
502
677
795
828
850
1215
1226
1270
1288
1346
1364
1651
1737
1822
1930
2044
2116
2296
2315
2367
2495
2497
2568
2653
2713
2921
2952
3106
3110
3124
3547
3553
3878
3901
4035
4115
4133
4165
4293
4527
4643
4653
4744
4792
4914
4982
4992
5041
5143
5239
5317
5343
5584
5590
5591
5596
5634
5713
5769
5937
5939
6138
6176
6299
6364
6365
6380
6661
7029
7098
7268
7293
7419
7450
7475
7604
7732
7751
7941
7987
8229
8371
8427
8448
8636
8792
9091
9094
9214
9216
9322
9349
9392
9453
9489
9601
9797
9807
9860
10161
10177
10363
10378
10403
10421
10510
10557
10709
11028
11073
11110
11284
11415
11549
11818
11825
11843
11846
12081
12206
12285
12538
12690
12716
12892
13015
13019
13212
13333
13960
13977
14029
14241
14284
14474
14607
14708
14745
14794
14814
14900
14902
15137
15179
15205
15414
15425
15730
15940
16386
16424
16432
16558
16584
16658
16805
16837
16976
17034
17066
17101
17170
17339
17539
17670
17812
17831
18052
18080
18090
18108
18168
18210
18214
18523
18709
18724
18806
19313
19454
19488
19497
19595
19643
19764
19904
19968
20219
20349
20370
20582
20615
20717
20759
20907
20992
21008
21104
21164
21299
21544
21566
21656
22017
22186
22263
22361
22878
23039
23043
23155
23208
23396
23480
23548
23625
23695
23871
23962
23989
24267
24540
24614
24724
24738
24792
24811
24821
24859
24903
24904
25087
25130
25298
25679
25723
26009
26114
26244
26268
26363
26379
26489
26524
26579
26768
26895
27210
27261
27302
27541
27556
27671
27919
27975
28015
28190
28373
28488
28490
28511
28553
28629
28637
28676
28803
29047
29108
29323
29335
29401
29481
29562
29686
29834
29853
30038
30077
30153
30460
30686
30752
30850
30874
30976
31190
31310
31374
31388
31510
31558
31677
31734
31876
31915
32013
32432
32489
32571
33064
33120
33141
33149
33444
33500
33544
33659
33712
33837
34025
34037
34120
34247
34285
34512
34558
34601
34634
34666
34670
34678
34688
34694
34787
34856
34945
35033
35268
35329
35362
35418
35434
35463
35501
35595
35651
35862
36264
36268
36584
36600
36644
36698
37005
37025
37082
37346
37351
37457
37783
37883
37897
37970
38018
38147
38208
38220
38329
38388
38588
38590
38849
38974
39230
39594
39607
39705
39782
39920
39923
39996
40055
40060
40275
40325
40487
40670
40726
40754
40800
40891
40913
40954
41137
41338
41535
41563
41648
41818
42116
42198
42229
42245
42688
42698
42734
42751
42846
42859
42926
42965
43147
43174
43220
43315
43344
43458
43479
43579
43658
43729
43867
44033
44052
44105
44142
44173
44206
44264
44402
44440
44507
44536
44596
44624
44639
44755
44832
44864
44865
44865
44878
44943
45112
45227
45279
45395
45529
45613
45629
45645
45754
45765
45853
45902
45914
45947
45956
45973
46147
46181
46183
46189
46251
46418
46502
46647
46689
46697
46713
46718
46726
46780
46898
46899
47001
47009
47168
47253
47354
47359
47394
47445
47485
47678
48051
48102
48199
48326
48492
48629
48631
48644
48672
48726
48878
48881
48887
48934
49039
49100
49123
49317
49341
49736
49880
49979
50130
50141
50152
50444
50731
50799
50922
50982
51007
51089
51302
51352
51360
51422
51476
51479
51617
51689
51738
51850
51894
52000
52046
52114
52191
52196
52275
52386
52405
52445
52708
52719
52795
53038
53060
53154
53432
53434
53471
53579
53656
53936
53978
54141
54164
54166
54279
54312
54350
54477
54485
54504
54771
54899
54901
55051
55230
55281
55298
55365
55500
55661
55893
56157
56274
56395
56503
56697
56725
56825
57111
57150
57178
57271
57277
57285
57353
57518
57636
57919
58022
58114
58274
58513
58656
58716
58789
58972
59023
59250
59375
59538
59698
59885
59911
59963
59979
60293
60422
60472
60541
60588
60840
60871
60897
60911
60919
60930
60939
60984
61024
61059
61070
61197
61315
61368
61407
61464
61490
61491
61528
61675
61906
62105
62209
62272
62322
62400
62487
62547
62693
62908
63029
63167
63186
63396
63433
63446
63473
63609
63634
63941
63946
63958
64012
64286
64328
64386
64397
64608
64693
64804
65241
65347
65409
65416
65616
65651
65691
65885
65888
65959
66030
66146
66245
66339
66391
66409
66475
66479
66490
66515
66699
66750
66772
67120
67126
67216
67557
67759
67767
67843
68158
68344
68360
68484
68546
68563
68642
68665
69201
69363
69599
69607
69618
69689
69963
69985
70004
70108
70161
70225
70284
70407
70537
70555
70850
71077
71090
71106
71124
71179
71211
71212
71309
71397
71463
71705
71709
71921
71943
72088
72143
72291
72354
72460
72621
72688
72691
72703
72745
72797
72871
72931
72969
72971
73012
73189
73223
73367
73403
73651
73667
73760
73845
73850
73850
74058
74127
74433
74455
74460
74605
74665
74703
74732
74732
75060
75162
75217
75315
75472
75482
75792
75920
76081
76360
76411
76432
76546
76600
76694
76736
76787
76831
77510
77601
77603
77604
77960
77972
77988
78033
78250
78361
78383
78395
78423
78457
78512
78567
78821
78999
79080
79096
79368
79808
80056
80138
80226
80237
80266
80515
80609
80768
80777
80946
81383
81463
81464
81490
81706
81735
81773
81902
81968
82041
82328
82666
82805
83167
83174
83344
83388
83453
83810
83820
84063
84182
84349
84452
84608
84849
84985
84987
85008
85202
85239
85323
85912
85939
86036
86183
86232
86341
86345
86397
86425
86627
86777
86799
86819
86919
87045
87159
87206
87286
87341
87379
87636
87644
87659
87668
87703
87735
87794
87803
87806
87865
87889
87923
87978
88018
88025
88184
88373
88626
88675
88925
88981
89050
89138
89163
89163
89164
89188
89483
89556
89704
89737
89774
90471
90644
90713
90719
91164
91239
91270
91555
91798
91890
91905
91979
92073
92155
92179
92202
92216
92368
92394
92416
92433
92590
92618
92744
92755
92857
92929
93032
93114
93172
93176
93260
93305
93362
93427
93470
93533
93924
94072
94095
94274
94297
94429
94454
94521
94597
94800
94932
95145
95155
95183
95192
95210
95273
95539
95811
95874
95990
96016
96077
96249
96266
96284
96342
96411
96466
96532
96656
96802
96855
97104
97145
97256
97283
97317
97602
98116
98117
98138
98276
98329
98525
98555
98557
98637
98773
98887
98896
98932
99102
99108
99179
99295
99387
99458
99481
99670
99672
99711
99722
99801
100007
100283
100424
100483
100513
100570
100578
100760
100819
100834
100892
100956
101035
101410
101772
101820
101925
102251
102476
102506
102669
102686
102774
102781
102821
102844
102890
103085
103099
103127
103253
103314
103382
103510
103751
103819
103913
104077
104106
104142
104237
104280
104300
104326
104380
104446
104503
104551
104634
104705
104725
104752
104870
104990
105034
105179
105402
105604
105811
105875
105993
106061
106086
106123
106362
106396
106533
106547
106558
106769
106781
106791
106861
106871
107278
107367
107402
107485
107567
107612
107727
107833
108238
108258
108334
108438
108535
108546
108638
108653
108829
108900
109000
109436
109715
109893
109940
109976
110119
110152
110307
110401
110416
110491
110589
110739
111065
111075
111192
111209
111335
111337
111385
111504
111548
111601
111622
111922
112012
112122
112317
112450
112766
112809
112892
112927
112978
113067
113073
113194
113342
113371
113381
113427
113452
113513
113643
113742
113857
113913
114123
114141
114159
114186
114264
114375
114485
114811
114911
114974
115167
115234
115261
115312
115416
115430
115521
115592
115654
115701
115861
116144
116175
116489
116676
116816
116866
116888
117063
117130
117222
117293
117324
117506
117588
117597
117632
117828
118096
118141
118148
118164
118243
118302
118499
118581
118599
118660
118707
118753
118836
119057
119127
119348
119615
119705
119712
120090
120253
120275
120302
120379
120458
120500
120605
120720
120722
120840
120887
120907
120920
121017
121073
121095
121255
121276
121321
121376
121505
121578
121713
121715
121718
121786
122256
122365
122395
122454
122597
122795
122804
122806
122882
123334
123440
123715
123747
123813
123833
123834
123977
124022
124270
124534
124610
124651
124704
125048
125132
125182
125210
125406
125671
125715
125726
125804
125805
125850
126100
126159
126234
126558
126642
126724
126825
126981
126988
127301
127366
127384
127431
127457
127458
127545
127589
127737
127915
128219
128241
128369
128454
128483
128510
128568
128653
128723
128728
128927
129129
129139
129328
129339
129354
129426
129574
129618
129693
129879
129972
130039
130269
130346
130526
130676
130762
130914
131013
131150
131201
131239
131339
131442
131656
131677
131706
131764
131833
131913
132038
132067
132102
132118
132221
132368
132399
132409
132440
132581
132616
132757
133008
133496
133523
133932
133970
133998
134024
134477
134929
134933
135017
135158
135162
135215
135255
135270
135493
135553
135618
135765
135879
136168
136216
136235
136293
136326
136609
136610
136658
136774
136921
136993
137038
137131
137197
137242
137264
137294
137368
137438
137598
137599
137863
137919
137968
138291
138342
138369
138546
138751
138929
138985
139023
139213
139257
139661
139701
140262
140396
140495
140819
140857
140900
141403
141476
141523
141566
141621
141633
141688
141705
141834
141875
141901
142078
142086
142152
142206
142253
142380
142433
142729
142735
143078
143225
143282
143313
143315
143578
143619
143769
143813
144019
144174
144184
144339
144478
144540
144574
144619
144760
144867
144927
144979
145034
145097
145148
145172
145195
145402
145526
145669
145696
145820
145957
146161
146419
146476
146483
146577
146692
146968
146976
147138
147232
147273
147275
147305
147531
147698
147744
147964
148170
148247
148708
149221
149411
149476
149726
149803
149820
150091
150099
150169
150239
150342
150456
150524
150552
150578
150607
150674
150801
150814
150884
150908
150987
151233
151239
151246
151333
151541
151667
151856
151879
151882
151886
152184
152330
152407
152467
152542
152577
152643
152689
152732
152737
152803
152817
152838
152856
153025
153199
153251
153583
153611
153735
153829
153901
153924
153973
154014
154209
154276
154374
154453
154537
154643
154745
154758
154814
154816
154834
154844
154920
154957
155131
155197
155207
155269
155433
155474
155476
155479
155596
155732
155763
155814
155860
155993
156482
156486
156725
156804
156835
156843
156872
156919
156960
157088
157210
157211
157347
157356
157401
157460
157569
157606
157763
157801
157864
158088
158152
158162
158344
158366
158502
158519
158660
158757
158826
158838
158966
159164
159207
159352
159368
159392
159496
159957
159964
160011
160036
160137
160166
160214
160353
160535
160606
160731
160834
160974
161027
161209
161216
161265
161283
161551
161580
161790
162358
162395
162434
162439
162671
162743
162818
162874
162909
162941
163007
163177
163196
163263
163306
163486
163500
163524
163545
163600
163633
163709
163850
163920
163977
163991
164034
164059
164076
164117
164169
164202
164223
164340
164367
164368
164499
164686
164704
165063
165136
165242
165466
165591
165710
165778
165879
165902
165907
166041
166067
166073
166108
166124
166260
166513
166637
166645
166777
167102
167137
167345
167802
167843
167898
168020
168107
168120
168202
168235
168255
168278
168416
168581
168880
168993
169095
169124
169172
169187
169224
169311
169409
169698
169710
169818
169917
169980
169992
170076
170120
170164
170286
170623
170771
170799
170808
171009
171155
171465
171599
171839
171839
171931
172233
172244
172245
172325
172333
172338
172355
172579
172624
172630
172721
172790
172937
173165
173172
173281
173301
173617
173633
173688
173704
173783
173865
173992
174265
174283
174344
174386
174450
174621
174961
175099
175118
175419
175474
175545
175786
175843
175981
176046
176092
176260
176422
176496
176555
176754
176756
176791
176854
176877
176898
176912
177052
177507
177570
177711
177720
177788
177788
178007
178028
178292
178300
178478
178571
178606
178677
178880
178923
178999
179080
179146
179430
179440
179446
179570
179641
179678
180013
180093
180182
180206
180222
180240
180261
180348
180443
180551
180688
180699
180908
180995
181062
181154
181288
181342
181427
181478
181634
181664
181676
181837
181989
182021
182040
182045
182053
182105
182360
182524
182712
182725
182806
182842
182852
183066
183174
183343
183642
183658
183711
183717
183822
183890
183972
184017
184113
184200
184605
184622
184832
185446
185470
185551
185571
185649
185881
185898
186089
186103
186105
186118
186454
186476
186489
186521
186585
186710
186855
187116
187216
187321
187362
187415
187531
187602
187737
187738
187765
187969
187976
188110
188260
188349
188418
188979
189019
189127
189183
189272
189298
189372
189468
189490
189650
189674
190039
190069
190153
190204
190312
190342
190344
190505
190514
190715
191007
191226
191328
191398
191468
191508
191614
191622
191716
191747
191778
191801
191859
191880
191966
191977
192108
192159
192181
192345
192470
192696
192801
192863
193111
193143
193390
193459
193471
193586
193878
193879
193979
193994
194016
194203
194242
194653
194691
194839
194845
194852
194955
195056
195119
195128
195275
195528
195617
195623
195668
195743
196011
196369
196455
196666
196679
196771
196884
197152
197179
197189
197325
197649
197657
197725
197755
197768
197810
197970
198001
198047
198249
198467
198478
198484
198708
198752
198929
199075
199097
199269
199293
199362
199863
200036
200238
200467
200559
200569
200789
200829
200851
201094
201125
201236
201352
201375
201387
201451
201509
201521
201542
201559
201564
201572
201646
201839
201873
201944
202186
202206
202259
202274
202319
202391
202426
202457
202505
202641
202664
202670
202725
202746
202811
202859
202873
202910
203057
203160
203300
203439
203775
203825
203983
204035
204127
204254
204378
204385
204479
204642
204645
204718
204805
204944
205060
205206
205288
205497
205578
205640
205708
205716
205906
206007
206032
206153
206465
206542
206605
206616
206685
206991
207030
207133
207334
207369
207394
207720
207789
207826
207852
207866
208170
208203
208288
208327
208401
208404
208453
208516
208598
208691
208793
208815
209187
209219
209256
209292
209338
209418
209484
209584
209611
209707
209940
210020
210023
210094
210126
210166
210251
210338
210459
210463
210497
210860
210877
210970
211022
211143
211456
211537
211566
211593
211594
211616
211741
211761
211769
211800
211854
211937
212170
212436
212633
212688
212759
212776
212848
212858
212897
213165
213201
213242
213457
213522
213838
213861
213937
213993
214084
214258
214307
214527
214724
214818
215091
215117
215132
215297
215308
215386
215413
215633
215686
215779
215811
215928
215929
216468
216533
216651
216794
216824
217236
217390
217415
217454
217660
217935
217986
218041
218093
218121
218228
218268
218286
218323
218340
218542
218586
218940
219091
219142
219299
219383
219438
219518
219689
219896
220019
220186
220221
220226
220280
220394
220461
220504
220525
220638
220770
220988
221072
221374
221389
221715
221820
221927
221954
222086
222092
222093
222270
222289
222381
222451
222594
222665
222679
222756
222858
222957
223041
223054
223135
223259
223300
223377
223434
223558
223612
223646
223659
223663
223840
223958
224107
224110
224194
224221
224253
224490
224610
225214
225243
225278
225463
225483
225599
225653
226023
226074
226102
226131
226145
226162
226218
226257
226377
226441
226566
226613
226618
226753
227083
227091
227225
227326
227343
227450
227516
227552
227610
227692
227801
227874
228007
228058
228207
228231
228292
228585
228788
228890
228891
228996
229022
229151
229176
229206
229400
229433
229434
229447
229461
229527
229544
229597
229707
229847
230155
230524
230681
230827
230872
230924
231036
231038
231063
231091
231130
231241
231353
231403
231419
231574
231660
231660
232065
232122
232289
232290
232415
232447
232526
232572
232589
232779
232816
232962
233172
233231
233306
233518
233538
233572
233764
233770
233939
233997
234115
234287
234377
234431
234660
234841
234846
234988
235002
235126
235213
235251
235257
235281
235409
235532
235588
235645
235747
235782
235866
235968
236017
236129
236198
236233
236422
236457
236589
236628
236689
236755
236949
237289
237322
237359
237573
237914
238327
238417
238520
238587
238701
238736
238739
238805
238822
238890
238895
239101
239130
239302
239362
239402
239537
239681
239846
239860
239876
240213
240403
240480
240773
240880
240889
241118
241304
241370
241380
241470
241501
241658
241708
241801
241815
241831
241837
242088
242253
242379
242483
242514
242603
242905
242911
242962
243092
243248
243267
243322
243357
243441
243505
243522
243610
243688
243699
243789
243879
243893
244048
244070
244298
244316
244349
244392
244566
244613
244630
244824
245045
245428
245430
245468
245566
245584
245660
245663
245891
246207
246218
246330
246393
246478
246754
246858
246924
247149
247213
247256
247342
247419
247437
247490
247512
247622
247630
247649
247773
247801
247943
248229
248335
248368
248553
248679
248730
248754
248777
248834
248901
249044
249046
249113
249130
249362
249381
249555
249579
249636
249876
249924
250159
250282
250556
250714
250797
250888
250917
250959
251246
251291
251309
251320
251358
251386
251418
251746
251799
251977
252242
252439
252464
252507
252765
252827
252927
252969
253049
253054
253104
253142
253400
253533
253659
253672
253751
253785
253837
253901
253981
254134
254155
254347
254493
254558
254689
254984
254990
255093
255140
255232
255287
255312
255319
255390
255396
255550
255607
255696
255825
255916
255928
256145
256304
256497
256700
256872
256985
257030
257172
257208
257209
257442
257572
257688
257986
257997
258129
258563
258569
258874
258889
258906
258980
259393
259552
259733
259739
259874
259948
259991
260038
260083
260187
260355
260409
260436
260755
261068
261188
261191
261216
261249
261331
261483
261528
261566
261639
261754
261861
261938
262109
262421
262457
262573
262604
262732
262790
263070
263134
263173
263253
263275
263342
263400
263400
263410
263603
263656
263748
264059
264242
264271
264350
264381
264477
264483
264633
264747
264897
264962
265270
265284
265295
265324
265389
265596
265618
265844
265952
265957
265999
266088
266123
266195
266235
266317
266439
266543
266565
266625
266875
267111
267268
267443
267680
267834
267978
267987
268171
268341
268420
268421
268444
268667
268674
268721
268783
268884
268898
268916
269053
269200
269219
269280
269336
269415
269483
269650
269719
269722
269723
269951
270084
270127
270653
270930
270979
271163
271271
271281
271513
271543
271586
271678
271815
271947
272115
272484
272608
272832
272935
273009
273083
273083
273274
273643
273774
273873
273938
274020
274063
274337
274377
274633
274672
274767
274776
274801
274846
274978
274992
275024
275180
275240
275249
275322
275353
275403
275757
275983
276168
276384
276481
276569
276682
276839
276907
276909
276918
277032
277093
277218
277306
277313
277393
277652
277700
277720
277736
277989
278022
278103
278161
278179
278204
278292
278403
278494
278641
278785
278799
278807
278818
278884
279025
279083
279159
279209
279250
279523
279703
279715
279723
279727
280119
280160
280194
280212
280278
280303
280573
280981
281017
281050
281137
281148
281558
281562
281633
281771
281869
281873
281969
282088
282142
282255
282520
282646
282838
283053
283360
283364
283445
283471
283542
283628
283755
283796
284103
284348
284406
284568
284624
284655
284787
284912
284928
284946
285142
285412
285481
285610
285621
285794
285828
285830
285880
286095
286170
286212
286262
286284
286323
286364
286374
286501
286516
286669
286669
286713
286757
286770
286787
286803
286889
286966
287021
287037
287091
287103
287224
287249
287265
287397
287634
287637
287665
287758
288011
288154
288170
288358
288407
288423
288767
288793
288824
288970
289091
289101
289264
289278
289371
289375
289922
289949
290029
290083
290116
290145
290551
290732
290799
290896
291061
291078
291199
291226
291351
291495
291900
291968
292004
292599
292628
292666
292669
292750
292765
292864
293026
293148
293172
293464
293484
293593
293748
293817
293836
293841
294103
294146
294233
294252
294386
294390
294459
294511
294727
294767
294861
294882
295027
295144
295275
295353
295775
295975
296231
296505
296587
296684
296728
296821
296825
296949
297155
297181
297256
297368
297416
297609
297677
297699
297745
297879
297967
298064
298142
298180
298365
298443
298524
298575
298669
298851
298916
298934
299015
299049
299131
299356
299364
299463
299544
299619
299733
300194
300492
300502
300684
300692
300776
300796
300874
300883
300885
300887
301016
301021
301268
301275
301279
301343
301354
301354
301542
302074
302364
302375
302389
302412
302444
302492
302500
302501
302778
302847
303407
303544
303679
303902
303931
304187
304220
304301
304414
304554
304557
304699
304736
304856
304886
304893
304924
305054
305213
305485
305743
305829
305971
306067
306284
306407
306678
306727
307015
307022
307119
307166
307172
307213
307282
307443
307497
307512
307564
307582
307631
307758
307839
308003
308242
308306
308524
308697
308733
308747
308759
308886
309143
309152
309350
309563
309638
309721
310051
310149
310239
310332
310335
310355
310441
310584
310657
310741
310899
310940
310986
311003
311400
311408
311454
312240
312276
312339
312499
312613
312637
312749
312797
312835
312904
312952
312980
313110
313667
313905
313928
314051
314184
314221
314266
314650
314669
314671
314755
315014
315123
315183
315323
315377
315377
315528
315612
315683
315981
316100
316210
316214
316715
316746
316824
316957
316970
317003
317058
317133
317168
317335
317375
317471
317915
318091
318136
318368
318492
318494
318587
318590
318706
318757
318862
318918
319128
319178
319193
319268
319318
319363
319407
319437
319545
319654
319783
319784
319805
319846
319933
320029
320138
320142
320298
320334
320399
320619
320714
320849
320914
321050
321058
321237
321642
321792
321845
322344
322384
322550
322630
322656
322680
322832
323035
323087
323287
323312
323412
323512
323741
323743
323777
323842
324209
324355
324507
324521
324725
324820
325021
325041
325093
325193
325424
325505
325544
325551
325610
325969
325983
326006
326064
326135
326230
326253
326402
326445
326457
326522
326525
326627
326633
326680
326802
326954
327098
327133
327154
327194
327287
327312
327342
327350
327358
327469
327477
327646
327844
327985
328115
328137
328220
328327
328453
328477
328482
328587
328756
328807
328845
328984
329100
329132
329153
329184
329293
329296
329335
329382
329585
329676
329842
329965
330144
330424
330520
330556
330598
330624
330729
330735
330784
330920
330981
330984
331025
331110
331183
331255
331515
331533
331602
331685
331748
331862
332096
332104
332523
332605
332771
333116
333254
333346
333468
333477
333539
333705
333716
333783
333824
334213
334237
334264
334281
334300
334481
334991
335047
335080
335103
335141
335414
335414
335507
335537
335604
335664
335773
335798
335825
335825
335875
335935
336148
336206
336345
336422
336437
336509
336671
336845
336970
336996
337040
337095
337130
337143
337255
337374
337405
337446
337469
337675
337717
337877
337936
338076
338342
338450
338539
338555
338994
339057
339455
339589
339671
339778
339857
339908
339944
340084
340252
340338
340344
340350
340477
340482
340508
340649
340717
340793
341026
341027
341136
341274
341329
341343
341380
341493
341829
341887
341889
341989
342015
342082
342150
342424
342427
342499
342547
342609
342738
342921
342941
342985
343091
343139
343229
343454
343811
343875
344070
344171
344254
344620
344622
344752
344770
344814
344886
344977
345012
345044
345148
345176
345213
345502
345529
345551
345592
345606
345667
345728
345800
346033
346044
346223
346274
346296
346333
346361
346511
346529
346532
346560
346677
346777
346900
346934
347011
347059
347079
347236
347350
347415
347505
347532
347542
347757
348025
348263
348432
348623
348654
348912
348984
349068
349119
349119
349142
349222
349453
349517
349594
349657
349675
349704
349711
349798
349831
349968
350011
350043
350336
350421
350494
350619
350627
350653
350811
350853
351161
351249
351254
351255
351303
351463
351651
351830
351883
351901
352091
352161
352213
352228
352319
352322
352502
352582
352598
352644
352647
352709
352841
352923
353033
353042
353075
353438
353475
353573
353589
353673
353975
353976
353984
354030
354099
354165
354211
354383
354407
354419
354571
354597
354720
354888
354907
354910
355038
355087
355227
355333
355345
355531
355883
355889
355890
356025
356201
356222
356307
356438
356629
356699
356740
356778
356821
356827
356840
356891
357036
357043
357054
357144
357222
357412
357464
357470
357579
357610
357832
358046
358261
358279
358325
358387
358499
358592
358750
358776
358833
358906
358964
359061
359113
359128
359152
359412
359477
359478
359482
359486
359536
359628
359651
359842
360009
360058
360076
360280
360310
360415
360467
360481
360561
360573
360640
360707
360780
360861
360925
360974
361086
361174
361240
361249
361274
361332
361440
361470
361492
362081
362180
362273
362364
362473
362508
362603
362671
362714
362742
362834
362855
362890
363018
363122
363225
363240
363255
363319
363348
363492
363568
363627
363651
363677
363856
363974
364163
364188
364258
364259
364580
364666
364812
364885
365099
365228
365288
365371
365500
365680
365774
365812
365914
365950
365952
366210
366329
366378
366513
366608
366702
366846
366870
366942
366943
367003
367054
367135
367183
367188
367203
367264
367387
367399
367547
367936
367996
368168
368195
368213
368259
368259
368267
368305
368308
368352
368548
368596
368711
368810
368905
368949
368951
369252
369395
369418
369630
369718
369796
369797
369906
369994
370089
370758
370806
370835
370851
370929
370942
371127
371157
371177
371341
371411
371439
371599
371741
371872
372293
372406
372592
372648
372706
372775
372778
372835
372851
372854
372874
372904
372907
373028
373040
373043
373067
373152
373165
373360
373371
373603
373870
374190
374241
374356
374374
374405
374474
374520
375114
375133
375202
375432
375547
375572
375584
375634
375658
375703
375920
375945
375948
376018
376166
376244
376289
376417
376430
376552
376617
376743
376852
376859
376872
376891
377058
377103
377125
377197
377301
377429
377436
377517
377628
377776
377869
377935
378345
378506
378551
378635
378707
378736
378739
378843
378876
378968
378972
379071
379128
379195
379294
379296
379436
379443
379502
379668
379728
379852
379919
380041
380069
380094
380137
380243
380787
380889
380901
380953
381086
381096
381306
381322
381388
381399
381423
381465
381623
381777
381789
381885
382105
382386
382516
382591
382621
382703
382761
382821
383151
383151
383367
383534
383631
383655
384048
384057
384076
384374
384385
384404
384483
384494
384521
384566
384826
384837
384842
384873
384880
385149
385217
385433
385818
385869
385973
386132
386534
386728
386780
386874
387243
387381
387387
387507
387579
387586
387592
387621
387643
387962
387999
388042
388074
388165
388278
388308
388345
388350
388379
388643
388652
388696
388985
389544
389818
389827
389913
389984
390027
390209
390253
390372
390519
390824
390908
391022
391194
391232
391236
391433
391504
391512
391538
391989
392029
392185
392226
392245
392301
392312
392377
392493
392504
392612
392649
392679
392745
393180
393311
393432
393652
393725
393743
393855
394094
394141
394167
394252
394763
394970
394971
394974
394987
395168
395181
395250
395632
395670
395679
396184
396198
396224
396374
396449
396603
396693
396711
397121
397127
397140
397279
397316
397430
397572
397689
397807
397819
397851
397892
397958
398037
398102
398160
398248
398279
398411
398455
398512
398720
398858
398883
398919
399147
399268
399433
399571
399654
399813
399839
399899
400044
400178
400223
400330
400456
400747
400899
400911
400941
400951
401362
401371
401543
401626
401745
401860
401877
401949
402078
402203
402258
402402
402509
402564
402594
402757
402814
402874
402923
402964
403021
403438
403494
403682
403827
403856
403985
404161
404185
404327
404368
404487
404529
404568
404667
404670
404761
404807
404849
404965
405054
405222
405312
405376
405528
405548
405573
405600
405648
405675
405714
405830
405896
405925
405941
405988
405999
406168
406181
406327
406329
406361
406470
406592
406732
407127
407174
407277
407462
407497
407779
407800
407803
408032
408167
408281
408465
408588
408673
408732
408861
408898
409015
409080
409193
409317
409390
409543
409548
409619
409644
409653
409663
409756
409841
409930
410099
410258
410299
410365
410373
410525
410630
410685
410817
410876
410936
410936
410977
411052
411118
411135
411173
411278
411281
411511
411602
411821
411915
412079
412083
412133
412224
412235
412257
412276
412340
412379
412456
412565
412752
412825
412839
412914
412965
412995
413121
413132
413152
413226
413305
413713
413817
413841
413855
413925
413995
414319
414354
414557
414557
414590
414766
414777
414900
414983
415032
415175
415191
415273
415498
415576
415599
415640
415713
415757
416016
416092
416108
416375
416466
416714
416886
416975
417071
417159
417180
417220
417423
417504
417546
417611
417681
417687
417722
417816
417900
417954
417989
418066
418089
418123
418211
418284
418308
418361
418438
418471
418534
418545
418583
418617
418831
418924
418937
419018
419130
419198
419388
419532
419651
419733
420041
420313
420389
420505
420537
420614
420616
420643
420736
420748
420854
421080
421134
421293
421321
421321
421346
421546
421649
421998
422172
422239
422246
422647
422788
422911
422989
423006
423090
423118
423166
423226
423394
423413
423415
423830
423832
423997
424105
424110
424277
424369
424387
424488
424620
424800
424818
425007
425028
425044
425103
425135
425230
425232
425385
425494
425526
425604
425917
425917
426058
426140
426271
426365
426637
426639
426660
426744
426898
426930
427085
427340
427386
427444
427712
427858
427934
427967
427968
427995
428049
428095
428249
428254
428257
428348
428670
428711
428741
428767
429082
429159
429531
429609
429627
429653
429714
429875
430084
430267
430291
430362
430479
430516
430587
430603
430611
430656
431002
431195
431344
431610
431660
431670
431930
432162
432195
432202
432324
432642
432647
432764
433033
433103
433414
433471
433498
433617
433650
433676
433680
433694
433757
434048
434069
434344
434353
434496
434666
434771
434861
434871
434911
434920
435040
435247
435321
435578
435754
435763
435830
435863
435904
435995
436056
436228
436401
436473
436616
436628
436656
436660
436676
436785
437018
437055
437089
437137
437217
437233
437281
437299
437302
437320
437454
437608
437654
437845
438159
438337
438659
438732
438771
438775
439061
439115
439262
439310
439378
439399
439407
439431
439451
439494
439540
439581
439582
439585
439590
439807
439809
439882
439959
439998
440313
440333
440414
440627
440694
440705
440748
440785
440801
440953
441108
441216
441595
441665
441735
441812
441831
441840
441887
441988
442039
442065
442137
442409
442570
442763
442766
442792
442834
442840
442847
442907
443098
443189
443231
443239
443273
443391
443454
443538
443755
443894
444068
444128
444156
444239
444264
444340
444417
444507
444703
444869
445208
445252
445252
445302
445315
445341
445550
445734
445777
445873
446010
446022
446060
446327
446384
446392
446553
446605
446688
446772
446917
447099
447297
447361
447484
447512
447537
447644
447650
447668
447732
447826
448014
448020
448168
448426
449087
449152
449153
449616
449710
449776
449871
449881
449930
450021
450034
450051
450300
450317
450319
450636
450723
450822
450877
450887
451038
451210
451358
451524
451610
451881
451917
451919
451935
451985
452011
452165
452212
452385
452397
452528
452555
452652
452725
452728
452773
453098
453475
453687
453704
453787
453942
454038
454200
454298
454652
454764
454775
454984
454998
455047
455073
455397
455406
455635
455688
455711
455733
455744
455868
455935
456044
456086
456255
456266
456628
456650
456677
456871
456908
456998
457034
457428
457428
457435
457793
457815
457885
457950
458493
458627
458683
458797
458820
459019
459036
459142
459363
459514
459524
459566
459688
459710
459775
459789
459852
459915
460041
460052
460057
460284
460306
460435
460811
460910
460964
461076
461135
461358
461360
461438
461673
461782
461973
462002
462328
462366
462468
462639
462794
463052
463267
463275
463296
463327
463336
463501
463636
463888
463959
464104
464224
464414
464500
464816
464833
464855
464887
464944
464989
464997
465068
465186
465301
465314
465352
465529
465620
465695
465755
465784
465895
465989
466070
466094
466184
466348
466399
466516
466537
466692
466855
466965
467109
467212
467299
467365
467615
467667
467682
467774
467934
468094
468103
468240
468266
468383
468392
468426
468599
468620
468658
468746
468803
469080
469090
469100
469143
469155
469394
469418
469457
469582
469588
469615
469619
469722
469783
469893
469900
470061
470103
470252
470401
470402
470421
470515
470665
471370
471645
471731
471972
472008
472302
472318
472499
472571
472724
472768
472776
472870
472888
473102
473188
473662
473727
473745
473798
473933
474106
474216
474269
474486
474654
474662
474702
474749
474944
474990
475029
475074
475244
475334
475414
475486
475565
475618
475624
475649
475763
475943
476093
476141
476190
476281
476337
476472
476482
476486
476631
476709
476733
476790
476833
476949
476974
477077
477302
477402
477416
477542
477986
478006
478129
478186
478412
478523
478551
478609
478648
478754
478884
478907
479125
479193
479204
479313
479494
479558
479666
479713
479841
479868
479928
479999
480044
480142
480391
480443
480566
480783
481088
481556
481835
481849
482175
482302
482332
482351
482472
482552
482766
482984
483090
483162
483191
483333
483364
483440
483597
483677
483756
483778
483859
483869
483901
483930
483993
484021
484027
484039
484506
484568
484595
484651
484709
484820
484873
484874
484904
485081
485081
485338
485401
485453
485544
485838
485931
485967
485978
485979
486314
486531
486558
486566
486578
486621
486683
486793
486812
487098
487144
487260
487487
487871
487891
488207
488220
488261
488458
488690
488802
488803
488889
488893
489154
489196
489199
489214
489284
489585
489590
489751
489752
489911
490004
490147
490239
490363
490401
490412
490432
490479
490499
490590
490742
490807
491052
491466
491690
491779
491911
492007
492027
492049
492051
492256
492346
492618
492882
492901
493131
493226
493330
493394
493425
493653
493993
493999
494194
494263
494573
494594
494658
494838
494906
495051
495103
495140
495205
495242
495434
495692
495776
495862
496067
496089
496220
496467
496486
496540
496678
496721
496724
496778
496816
496826
496843
496845
497009
497052
497098
497109
497124
497226
497248
497563
497819
497954
498040
498189
498753
498799
499178
499364
499379
499538
499579
499612
499786
499788
499819
499989
500079
500080
500290
500406
500437
500540
500632
500635
500927
500943
501006
501276
501673
501693
501726
501831
501943
501976
502309
502323
502411
502446
502609
502843
502850
502939
503170
503619
503794
503805
503958
504102
504308
504410
504499
504511
504697
504719
504721
504796
504901
505052
505375
505383
505416
505467
505573
505587
505637
505730
505806
505861
505908
505993
506042
506118
506195
506424
506460
506479
506541
506750
506809
506910
506934
507006
507052
507053
507157
507304
507318
507345
507461
507520
507524
507565
507578
507618
507647
507953
508077
508157
508226
508449
508453
508469
508596
508713
508720
508782
508859
508925
508954
508968
508973
509187
509342
509456
509496
509598
509894
510003
510069
510194
510400
510443
510519
510659
510796
510882
511107
511133
511167
511355
511436
511515
511622
511683
511854
511862
511903
511950
512008
512032
512147
512155
512166
512532
512629
512645
512684
512691
512701
512998
513135
513169
513177
513182
513378
513436
513484
513692
513860
513936
513981
514120
514201
514425
514512
514597
514772
514808
514814
514913
514994
515057
515060
515237
515296
515362
515371
515437
515537
515570
515587
515592
515784
515819
515819
515850
515996
516098
516108
516250
516274
516919
517124
517256
517411
517457
517630
517631
517709
517710
517851
517862
517934
517952
517966
518148
518184
518430
518693
519070
519134
519311
519428
519452
519456
519457
519483
519529
519630
519762
519892
519895
520104
520295
520433
520444
520574
520592
520774
521057
521061
521193
521285
521357
521463
521543
521606
521831
521926
521932
522059
522257
522265
522272
522527
522603
522753
522776
522857
522885
523340
523353
523453
523455
523607
523680
523703
523837
523844
523862
523934
524142
524276
524402
524514
524520
524839
524909
524965
524996
524996
525012
525098
525147
525196
525301
525320
525349
525351
525484
525491
525517
525544
525696
525744
525813
526122
526167
526241
526245
526270
526306
526306
526462
526617
526841
527022
527103
527119
527372
527453
527603
527714
527841
527936
527962
528036
528087
528302
528370
528382
528650
528723
528760
528771
528791
528846
528901
528984
528988
529026
529115
529201
529339
529370
529615
529715
530007
530033
530038
530102
530131
530157
530484
530488
530561
530699
530734
530773
530838
530873
530910
530957
530987
531026
531169
531319
531830
531877
532001
532128
532238
532312
532435
532489
532519
532561
533180
533239
533310
533517
533553
533556
533561
533573
533617
533765
534228
534433
534448
534455
534499
534513
534671
534690
534900
535025
535044
535488
535490
535551
535669
535718
535794
535799
535975
536026
536264
536435
536436
536610
536725
537277
537536
537704
537839
537858
537899
537930
538546
538617
538662
538734
538780
538870
538876
538906
538911
539046
539383
539508
539575
539700
539914
540097
540119
540144
540150
540190
540416
540556
540616
540627
540629
540804
540962
541012
541091
541310
541348
541382
541397
541444
541510
541541
541543
541703
541975
541988
542019
542069
542151
542370
542473
542589
542747
542809
542821
542843
543007
543234
543324
543404
543437
543509
543510
543547
543553
543568
543583
544129
544186
544261
544450
544536
544698
544747
544930
545111
545116
545138
545735
545750
545806
545851
546159
546166
546327
546375
546519
546539
546575
546611
546675
546804
546842
547264
547268
547545
547726
547727
547764
548121
548276
548320
548360
548374
548382
548393
548560
548634
548699
548856
548881
549215
549295
549480
549649
549713
549716
549843
549881
549979
549997
550026
550080
550119
550182
550226
550594
550666
550818
550857
550887
550929
550964
551192
551293
551412
551540
551972
552037
552252
552279
552300
552414
552516
552554
552607
552671
552720
552744
552982
553038
553059
553142
553167
553348
553421
553488
553527
553592
553634
553938
554247
554308
554360
554363
554387
554411
554478
554508
554757
554769
554886
554959
555008
555190
555215
555401
555562
555588
555716
555720
555760
555892
556071
556127
556287
556657
556713
556787
556852
556908
556971
557182
557325
557578
557905
558029
558155
558288
558344
558410
558415
558575
558582
558623
558725
558810
558865
559004
559105
559130
559161
559163
559165
559182
559194
559288
559491
559694
559718
559818
559818
560038
560133
560164
560230
560294
560308
560336
560364
560439
560662
560768
561066
561246
561696
561727
561762
561794
561900
561967
561973
562120
562164
562181
562209
562240
562266
562419
562460
562478
562537
562595
562605
562714
562738
562772
563219
563444
563483
563531
563593
563597
563666
563700
563785
563790
563804
563807
563823
563845
563889
563920
563946
564032
564072
564079
564090
564103
564207
564355
564463
564759
565121
565440
565463
565488
565808
565944
566034
566134
566177
566203
566234
566543
566705
566724
566760
566880
567043
567063
567063
567090
567159
567185
567232
567259
567373
567383
567498
567537
567618
567763
567958
567987
567995
568106
568188
568254
568330
568396
568455
568489
568606
568729
568818
569170
569177
569261
569275
569352
569377
569584
569643
569665
569672
569688
569708
569816
569922
570022
570039
570084
570093
570192
570238
570303
570334
570414
570473
570638
570662
570705
570751
570770
571037
571097
571116
571203
571250
571398
571427
571484
571593
571647
571814
571958
571978
572023
572061
572178
572185
572241
572263
572332
572502
572731
572861
572959
573052
573073
573111
573174
573269
573310
573356
573413
573667
573979
574100
574181
574214
574305
574446
574540
574594
574627
574764
575021
575039
575216
575383
575425
575459
575633
575828
575832
575847
575959
575994
575998
576085
576181
576295
576329
576519
576598
576599
576604
576673
576931
577026
577042
577094
577181
577350
577662
577778
577810
577815
577934
578131
578150
578372
578422
578692
578725
578741
578917
578968
579004
579043
579114
579115
579256
579304
579378
579407
579419
579491
579567
579837
580042
580175
580311
580363
580372
580636
580704
580824
580851
580855
580868
580921
580944
581010
581217
581234
581245
581302
581366
581705
581730
581795
581999
582016
582116
582283
582288
582450
582590
582596
582656
582992
583146
583203
583213
583230
583234
583249
583264
583316
583783
583824
583826
584007
584069
584184
584548
584565
584619
584868
584874
584952
584981
584981
585118
585180
585216
585547
585679
585697
585715
585858
586105
586152
586212
586221
586332
586382
586427
586434
586632
586674
586675
586771
586820
586987
587006
587070
587106
587146
587160
587326
587698
587814
587985
588272
588363
588375
588393
588398
588529
588618
588886
588890
589020
589051
589107
589313
589440
589692
589732
589827
590063
590273
590479
590518
590584
590799
590802
590891
590971
591173
591225
591239
591315
591320
591365
591366
591427
591546
591564
591640
591676
591800
591891
592137
592196
592226
592235
592368
592872
592957
593098
593141
593218
593227
593374
593538
593641
593696
593857
594094
594160
594211
594397
594524
594543
594551
594565
594833
594933
594955
595085
595133
595226
595287
595320
595484
595587
595733
595735
595787
595823
596470
596725
596782
597007
597248
597267
597271
597380
597508
597627
597755
597891
597922
598146
598188
598188
598245
598265
598280
598327
598472
598544
598605
598779
598919
598939
599037
599155
599173
599278
599307
599464
599533
599645
599783
599992
600105
600113
600116
600146
600397
600399
600514
600566
600594
600814
601169
601174
601204
601228
601454
601482
601580
601599
601699
601774
601780
602228
602243
602344
602347
602371
602535
602717
602876
602931
603014
603046
603073
603337
603554
603800
603877
603897
603923
603954
603991
604470
604496
604663
604782
605047
605052
605052
605191
605253
605397
605487
605537
605547
605687
605718
605778
605826
605915
605981
606031
606118
606229
606242
606244
606282
606287
606357
606529
606611
606647
606706
606926
606995
607030
607131
607151
607223
607960
608189
608225
608235
608239
608272
608311
608634
608657
608742
608763
608826
608891
608999
609030
609037
609174
609190
609229
609238
609267
609283
609340
609628
609698
609700
609868
609919
610035
610037
610082
610136
610147
610522
610567
610667
611051
611059
611094
611206
611267
611289
611386
611492
611673
611846
611865
611873
611968
612229
612626
612747
612758
612788
612902
612976
613052
613056
613061
613073
613111
613301
613407
613409
613720
613850
613881
614009
614057
614243
614284
614387
614480
614585
614819
614922
615285
615329
615341
615527
615648
615714
615820
615835
615878
615905
616226
616239
616360
616423
616719
616720
616747
616748
616822
617055
617119
617126
617214
617252
617318
617346
617406
617454
617717
617721
617721
617778
617864
617928
617942
618102
618205
618221
618263
618518
618541
618588
618821
618940
618981
619073
619192
619223
619287
619544
619568
619708
619720
619756
619798
619890
619929
619982
620380
620392
620506
620530
620646
620659
620707
620820
621273
621324
621428
621450
621619
621620
621646
621678
621702
621739
621787
621831
621844
621912
621970
622001
622021
622037
622185
622883
622915
622950
622964
622967
622989
623358
623364
623399
623415
623448
623608
623713
623731
623808
623918
624048
624132
624181
624254
624587
624873
625126
625183
625229
625342
625472
625509
625611
625702
625721
625929
625939
626096
626169
626204
626234
626269
626279
626456
626485
626537
626549
626829
627100
627202
627235
627530
627531
627576
627596
627650
627680
627910
628028
628339
628521
628613
628663
628731
628757
628814
628890
628925
629231
629429
629442
629571
629685
629987
630087
630202
630543
630566
630576
630605
630735
630740
630801
630805
630900
630993
631028
631098
631123
631224
631333
631475
631508
631653
631710
631754
631977
632233
632277
632311
632411
632500
632639
632691
632749
632779
632795
632927
632943
632955
633083
633130
633143
633197
633286
633578
633747
633812
633813
633836
633891
634043
634128
634207
634363
634469
634620
634707
634818
635142
635184
635186
635343
635447
635721
635770
635813
635899
636079
636203
636383
636509
636592
636683
636908
637303
637363
637421
637681
637803
637902
638123
638418
638507
638644
638750
638807
638852
638859
639033
639078
639148
639377
639386
639451
639467
639571
639759
639827
640003
640137
640274
640346
640398
640633
640665
640789
641057
641107
641231
641250
641407
641486
641558
641611
641851
641857
641932
642122
642217
642262
642389
642622
642759
642773
643161
643447
643480
643500
643517
643594
643625
643695
643745
643804
643872
644015
644134
644157
644575
644653
644780
644825
644852
644906
645118
645333
645580
645607
645640
646146
646192
646264
646292
646309
646363
646378
646487
646487
646496
646632
646699
646771
646879
646907
647002
647267
647280
647479
647497
647501
647656
647689
647718
647925
647992
648032
648149
648232
648252
648328
648332
648439
648566
648747
648812
648837
649102
649174
649240
649318
649533
649576
649591
649657
649717
649854
649865
650050
650129
650162
650224
650226
650607
650889
650895
650901
651146
651251
651401
651482
651618
651656
651841
651908
652040
652116
652201
652243
652388
652515
652655
652664
652736
653131
653198
653200
653497
653532
653546
653852
653911
653918
653947
654110
654192
654228
654238
654306
654307
654506
654548
654752
654847
654932
654993
655180
655204
655220
655265
655352
655380
655527
655654
655674
655703
655810
655976
656109
656145
656180
656247
656269
656362
656402
656442
656602
656847
656972
657024
657089
657125
657257
657336
657536
657579
657601
657671
657744
657809
657822
657933
658064
658064
658096
658503
658565
658652
658691
658907
659017
659236
659343
659423
659426
659462
659525
659531
659594
659640
659640
659711
659760
659783
660548
660731
660748
660793
660981
661011
661035
661056
661116
661181
661353
661463
661607
661725
661755
661770
661787
661949
662175
662314
662386
662411
662420
662500
662594
662735
662917
663001
663208
663230
663443
663544
663560
663574
663792
663802
663956
664144
664340
664366
664459
664463
664510
664725
664768
664851
664963
664975
665081
665138
665149
665200
665304
665727
665751
665822
665974
666047
666453
666690
666719
666906
667103
667153
667182
667270
667309
667445
667731
667859
667886
667913
668002
668030
668261
668346
668468
668616
668644
668688
668710
668918
669309
669397
669420
669510
669555
669574
669659
669694
669722
669829
669925
670140
670235
670658
670675
670702
671219
671240
671602
671621
671643
671712
671820
671878
671964
672104
672267
672294
672341
672441
672524
672691
672843
672997
673049
673130
673231
673266
673340
673460
673461
673486
673785
673812
673875
674170
674187
674443
674471
674495
674839
674840
674963
675018
675067
675316
675416
675491
675527
675758
675917
676068
676142
676189
676189
676196
676306
676336
676415
676474
676587
676646
676658
676748
676802
676831
677026
677330
677557
677581
677700
677848
677881
678086
678100
678223
678234
678273
678327
678457
678561
678583
678787
678913
678928
678989
679107
679175
679316
679329
679449
679864
679986
680075
680078
680132
680213
680279
680314
680570
680722
680820
680905
680950
680988
681063
681301
681540
681621
681767
681882
682028
682130
682141
682165
682367
682371
682387
682442
682461
682517
682715
682732
682861
682935
683155
683258
683347
683451
683649
683872
683872
684035
684123
684143
684195
684544
684548
684576
684581
684621
684698
684765
684888
684904
684988
685022
685131
685254
685393
685820
685881
685931
686081
686207
686220
686449
686644
686840
686915
687036
687233
687372
687443
687542
687558
687567
687598
687675
687684
687932
688073
688082
688096
688116
688176
688326
688487
688662
688762
688766
688801
688957
689011
689216
689268
689381
689393
689895
690012
690033
690182
690245
690261
690559
690589
690706
690853
690858
690970
691025
691108
691318
691355
691468
691551
691619
691732
691733
691813
691896
692193
692302
692455
692497
692508
692637
692685
692849
692885
693051
693064
693230
693333
693404
693470
693613
693638
694049
694081
694097
694261
694338
694363
694454
694739
694792
694833
694908
694910
695033
695064
695165
695214
695402
695466
695621
695691
695949
695951
696457
696458
696572
696762
696769
696791
696799
696805
696827
696850
697027
697248
697341
697407
697472
697700
697722
697734
697774
697867
697899
697899
698004
698065
698169
698224
698573
698596
698729
698900
699212
699213
699215
699258
699274
699462
699486
699547
699672
699842
699847
700091
700253
700344
700483
700529
700627
700758
701419
701420
701713
701740
701750
701849
701960
701960
702061
702124
702406
702581
702590
702619
702704
702800
702818
702893
703056
703076
703251
703373
703429
703526
703613
703615
703766
703969
704021
704026
704076
704140
704294
704547
704695
704739
704847
704913
704945
704991
704993
705025
705086
705129
705279
705456
705671
705954
706016
706107
706125
706165
706210
706246
706348
706424
706430
706492
706494
706527
706653
706815
706930
707049
707074
707088
707098
707197
707221
707226
707234
707373
707446
707448
707479
707596
707600
707613
708113
708200
708207
708322
708329
708371
708552
708572
708905
708983
709060
709099
709238
709449
709555
709607
709609
709632
709700
709861
709874
710073
710254
710405
710504
710570
710574
710655
710778
710794
710926
711041
711246
711362
711409
711513
711559
711685
711708
711817
711905
712011
712231
712280
712424
712448
712492
712528
712560
712591
712631
712784
712831
712925
712956
713082
713086
713372
713448
713461
713464
713470
713534
713624
713691
713763
713878
713889
713929
713954
714005
714379
714621
714801
714875
714906
714913
714970
715110
715139
715205
715378
715380
715423
715436
715731
715756
716154
716238
716259
716309
716343
716406
716579
716935
717148
717255
717326
717501
717581
717627
717722
717811
717867
717892
718586
718595
718958
719660
719741
719834
719893
719956
720003
720219
720391
720468
720574
720590
720598
720608
720611
720807
721250
721312
721349
721547
721601
721606
721651
721699
722396
722432
722434
722539
722568
722578
722607
722755
723063
723487
723501
723667
723934
723995
723998
724158
724169
724212
724222
724276
724360
724546
724565
724638
724755
724805
725241
725245
725261
725584
725648
725655
725656
725799
725890
725900
726191
726247
726298
726414
726453
726673
726688
726821
726953
727342
727910
728034
728068
728148
728154
728190
728234
728321
728410
728731
728752
728890
728890
728977
729169
729266
729365
729430
729434
729484
729767
729793
729903
729914
729919
729933
729962
730153
730287
730318
730380
730575
730581
730642
730644
730752
730761
730770
730908
730945
731269
731408
731492
731604
731644
731646
731755
731840
731897
731910
731917
732081
732119
732307
732742
732818
732953
733048
733100
733116
733187
733203
733491
733715
733770
733775
733933
733993
734156
734267
734612
734723
734865
734877
734930
734961
734962
735083
735098
735185
735246
735345
735471
735479
735593
735647
735726
735731
735836
735843
735885
735930
736083
736169
736246
736272
736407
736681
736742
736792
736848
736996
737010
737066
737084
737085
737112
737122
737309
737512
737581
737673
737895
737908
738028
738084
738307
738566
738792
738808
738836
738899
738914
739038
739197
739248
739249
739268
739464
739479
739630
739649
739843
739856
739881
740017
740164
740276
740419
740503
740529
740579
740605
740694
740938
740954
741087
741207
741264
741267
741342
741439
741550
741565
741648
741747
741782
741877
742049
742130
742205
742294
742413
742418
742425
742502
742861
742896
742930
742987
743023
743028
743081
743258
743335
743504
743621
743677
743685
743718
743913
744244
744569
744584
744835
744883
744971
745111
745171
745183
745199
745352
745402
745525
745687
745698
745825
746265
746377
746451
746571
746641
746819
747035
747060
747095
747211
747223
747248
748008
748173
748194
748400
748536
748701
748865
748947
748961
749048
749296
749311
749374
749774
749823
749952
750021
750114
750168
750266
750270
750444
750536
750637
750682
750734
750738
750782
750937
751041
751079
751369
751473
751516
751581
751583
751659
751688
751709
751770
751779
751787
751796
751874
751921
752163
752235
752258
752338
752340
752579
752633
752902
752907
753182
753334
753345
753513
753573
753636
753803
754097
754103
754219
754258
754419
754744
754753
754924
755026
755094
755141
755429
755453
755589
755700
756114
756160
756215
756253
756286
756339
756376
756411
756533
756548
756576
756646
756696
756845
757112
757136
757208
757418
757485
757642
757884
757894
757984
758000
758043
758048
758162
758376
758503
758673
758755
758760
758764
758891
758936
759077
759247
759262
759334
759507
759538
759543
759832
759918
760030
760053
760063
760149
760167
760231
760351
760476
760478
760529
760546
760603
760961
760961
761299
761418
761555
761613
761660
761943
762115
762180
762196
762422
762453
762477
762502
762667
762829
762844
762990
763067
763079
763082
763136
763238
763294
763339
763364
763368
763528
763777
763836
763872
763873
763903
763934
764089
764367
764518
764527
764657
765170
765179
765367
765419
765582
765663
765865
765933
766198
766254
766621
766772
766786
766895
766923
766994
767138
767341
767537
767587
767630
767905
767947
768060
768275
768391
768509
768523
768628
768749
768776
768793
768808
769021
769123
769160
769259
769328
769540
769737
770068
770121
770261
770457
770698
770718
770745
770857
771077
771163
771179
771347
771442
771444
771477
771501
771547
771551
771670
771735
772102
772193
772196
772277
772439
772572
772993
773020
773106
773274
773278
773330
773437
773444
773483
773509
773656
773771
773782
774257
774335
774489
774630
774863
774920
774954
774984
775128
775143
775542
775643
775725
775767
775854
775930
775946
776033
776046
776095
776499
776584
776739
776756
776803
776808
776878
776899
776919
777142
777157
777185
777210
777252
777411
777489
777536
777648
777916
778096
778099
778214
778244
778264
778389
778791
778929
779132
779146
779202
779303
779412
779487
779590
779600
779770
779800
779867
779920
779969
780011
780161
780296
780422
780511
780556
780557
780800
780848
780924
780997
781162
781199
781349
781391
781436
781561
781777
781878
781961
782019
782157
782248
782396
782525
782529
782616
782663
782715
782746
782849
782920
782959
783158
783213
783295
783370
783423
783558
783650
783658
783693
783732
784023
784051
784058
784081
784136
784311
784619
784683
784757
784791
784836
785265
785303
785444
785632
785707
785762
785960
786275
786302
786811
786968
786986
787220
787370
787406
787441
787443
787571
787685
787688
787692
787766
787873
788110
788179
788183
788198
788225
788225
788568
789003
789014
789065
789127
789224
789359
789391
789404
789444
789552
789557
789560
789587
789618
789744
789780
789864
789889
790310
790313
790331
790378
790532
790551
790675
790680
790701
790835
790893
790913
791021
791134
791160
791160
791193
791214
791256
791635
791742
791807
791857
791935
791996
792035
792041
792052
792158
792181
792295
792325
792331
792342
792400
792405
792469
792657
792669
792955
793096
793174
793243
793330
793427
793454
793481
793593
793759
793806
793874
793884
794011
794271
794497
794582
794584
794589
794720
794853
794891
794956
795073
795093
795115
795541
795764
795842
795844
796045
796122
796217
796234
796301
796380
796572
796634
796762
796783
796977
797120
797429
797695
797905
798083
798224
798312
798437
798538
798610
798613
798660
798668
799110
799114
799182
799246
799247
799423
799640
799643
799711
799768
799791
800043
800058
800192
800221
800353
800499
800588
800710
800840
800866
800897
800981
801126
801194
801302
801316
801337
801348
801442
801570
801722
801824
801826
801899
801973
802063
802085
802514
802608
802719
802982
802983
803038
803059
803092
803156
803198
803354
803447
803459
803522
803538
803550
803573
803815
803903
803906
804017
804135
804470
804537
804619
804707
804775
804813
804822
804918
805048
805088
805168
805195
805448
805510
805537
805636
805827
805989
806043
806072
806084
806357
806369
806669
806728
806731
806855
806888
806961
807147
807215
807264
807398
807427
807512
807529
807536
807584
807619
807798
807889
807893
808019
808031
808106
808301
808364
808369
808504
808684
808749
808752
808840
808862
808971
809022
809250
809382
809516
809997
810302
810355
810453
810465
810519
811245
811357
811458
811479
811716
811747
811790
811832
812091
812176
812601
812753
812853
812948
813018
813022
813048
813217
813278
813442
813493
813621
813664
813969
813977
814001
814567
814644
814970
815064
815161
815227
815251
815316
815533
815617
815629
815664
815760
815887
816067
816145
816382
816414
816415
816425
816425
816630
816641
816726
816779
816809
816874
816980
817095
817145
817195
817195
817453
817594
817685
817762
817851
817930
817948
817958
818060
818066
818121
818308
818481
818496
818834
818902
818907
818915
819030
819067
819123
819134
819502
819509
819511
819561
819860
819891
819925
819989
820140
820213
820261
820337
820447
820595
820806
820867
820933
820958
820961
820993
821058
821405
821418
821529
821583
821635
821653
821842
821967
822151
822181
822590
822668
822688
822714
822724
822852
822892
822917
822956
823010
823176
823357
823392
823555
823645
823662
823672
823705
823752
823762
823790
823997
824316
824468
824561
824596
824707
825025
825084
825129
825203
825311
825335
825517
825941
825945
825999
826039
826236
826564
826641
826756
826819
827056
827065
827219
827222
827800
827924
827976
828083
828126
828141
828255
828549
828617
828682
828834
828882
829003
829170
829172
829361
829611
829695
829710
829742
829788
830012
830043
830046
830057
830078
830217
830329
830361
830438
830488
830763
830875
830884
830910
830929
830933
831218
831427
831681
831685
831885
832138
832218
832461
832536
832680
832861
832954
833006
833015
833119
833150
833309
833385
833466
833467
833687
833721
833852
833953
833986
834075
834183
834221
834306
834316
834373
834526
834567
834604
834654
834698
834744
834938
835229
835324
835412
835646
835725
835767
835779
835798
835798
835838
835924
836070
836072
836102
836150
836306
836517
836538
836771
836779
836819
836957
837015
837018
837149
837157
837160
837350
837419
837427
837513
837555
837760
837785
837818
837843
837911
837952
837984
838031
838184
838314
838365
838569
838713
838828
839011
839112
839179
839277
839416
839584
839603
839634
839657
839834
839846
839939
840193
840268
840369
840428
840431
840495
840552
840562
840685
840694
840786
840925
841336
841504
841578
841681
841843
841994
842094
842150
842174
842347
842494
842878
842914
843062
843070
843097
843261
843302
843399
843564
843617
843775
843864
843966
843981
844304
844311
844323
844359
844406
844458
844502
844567
844669
844713
844759
844933
845160
845215
845216
845519
845545
845638
845822
845885
845894
846081
846090
846161
846285
846310
846336
846567
846708
846828
846981
846994
847000
847026
847325
847373
847392
847448
847460
847504
847509
847609
847614
847653
847715
847788
847911
847934
848048
848093
848138
848233
848442
848489
848503
848580
848667
848755
848788
848888
849007
849081
849092
849145
849194
849351
849371
849380
849481
849542
849565
849596
849793
849822
849952
850064
850123
850216
850298
850381
850468
850559
850616
850619
850844
850868
850931
851011
851314
851396
851663
851726
851850
851957
852033
852056
852067
852068
852092
852116
852127
852185
852191
852279
852381
852550
852580
852621
852682
852879
852915
852969
853135
853149
853389
853468
853680
853719
853750
853778
853782
853789
853826
853860
853939
854043
854091
854223
854301
854316
854381
854505
854592
854725
855061
855102
855201
855308
855333
855345
855358
855377
855407
855414
855611
855701
855872
856076
856200
856211
856259
856507
856554
856715
856755
856770
856838
856880
856902
856925
857003
857075
857091
857113
857138
857309
857469
857860
857876
857916
857921
858034
858038
858059
858123
858272
858330
858508
858534
858555
858556
858613
858718
858732
858757
858790
859085
859164
859185
859230
859296
859317
859508
859745
859827
859981
860022
860062
860767
860772
860793
860845
860847
860850
860932
860999
861128
861355
861481
861491
861696
861723
861781
861980
862004
862511
862589
862600
862627
862705
862739
862742
862831
862897
862913
863126
863214
863253
863371
863397
863509
863628
863693
863701
863782
863851
863908
863961
863990
864078
864118
864132
864164
864498
864613
864702
864717
864975
865210
865236
865418
865724
865734
865805
866121
866398
866428
866550
866554
866573
866627
866735
866754
867040
867198
867362
867419
867684
867688
867693
867867
868078
868130
868174
868213
868433
868579
868688
868714
868734
868832
868895
868993
869036
869085
869370
869559
869691
869717
869777
869807
869948
869957
870016
870019
870082
870398
870457
870476
870558
870647
870687
870702
870815
870951
871136
871306
871325
871383
871421
871489
871538
871951
872057
872096
872142
872225
872314
872371
872427
872429
872486
872512
872805
872963
873240
873537
873685
873756
874026
874094
874121
874205
874339
874360
874505
874601
874617
874778
874810
874849
874916
874917
875000
875005
875012
875026
875225
875307
875365
875632
875650
875882
876175
876188
876282
876378
876385
876624
876791
876875
876927
877116
877218
877332
877345
877527
877667
877816
877827
877871
877926
877939
878020
878034
878104
878260
878271
878350
878525
878591
878652
878855
879221
879274
879411
879446
879695
879698
879703
879826
879852
879875
879923
880167
880243
880355
880364
880410
880456
880479
880527
880549
880645
880900
880900
881160
881455
881512
881598
881683
881766
881773
881776
881879
881882
882164
882322
882331
882471
882494
882548
882600
882611
882695
882719
882806
882857
882960
883054
883082
883187
883219
883267
883277
883384
883428
883568
883708
883737
883799
884013
884118
884151
884302
884506
884686
884754
884825
884954
885057
885159
885310
885372
885393
885596
885646
885688
885796
885819
885834
886023
886139
886196
886265
886281
886318
886531
886559
886569
886722
886840
886928
886977
886978
887073
887172
887195
887263
887316
887441
887465
887482
887624
887685
887765
887890
888070
888149
888347
888399
888469
888581
888848
888895
888926
888962
888997
888999
889001
889067
889089
889148
889304
889543
889549
889914
889940
890016
890050
890159
890402
890492
890567
890578
890631
890822
891003
891070
891420
891523
891788
891869
891996
892010
892166
892171
892208
892218
892293
892325
892608
892622
892845
892854
893050
893099
893144
893246
893321
893322
893426
893490
893494
893678
893724
893775
893789
893914
893953
894043
894104
894235
894263
894355
894429
894496
894536
894555
894755
894779
894925
894962
894966
895018
895368
895489
895513
895627
895649
895728
895728
895754
895862
895915
895948
896263
896428
896451
896472
896584
896622
896650
896671
896761
896808
897026
897098
897141
897409
897596
897657
897813
898035
898054
898469
898495
898665
898888
899086
899138
899191
899311
899475
899561
899598
899736
899939
900030
900097
900520
900628
900873
901000
901314
901333
901374
901634
901679
901831
901897
901907
901945
902227
902292
902570
902724
902730
902873
902901
903084
903115
903139
903289
903359
903381
903386
903429
903563
903587
903669
903679
903707
903715
903934
903958
903961
904041
904060
904245
904508
904667
904684
904888
904968
904975
905143
905400
905404
905411
905418
905797
905861
905974
906002
906044
906088
906098
906614
906623
906647
906778
907064
907128
907394
907604
907772
907809
908156
908157
908410
908471
908628
908722
908797
908890
908961
908966
909106
909118
909318
909388
909415
909578
909613
909639
909831
909843
910026
910121
910365
910370
910426
910532
910655
910686
910746
910788
910801
910815
910883
910984
911216
911381
911459
911696
911806
911877
912088
912179
912406
912416
912432
912456
912473
912510
912514
912536
912613
912634
912672
912913
913161
913167
913584
913798
913912
913967
914144
914279
914283
914360
914557
914567
914570
914583
914713
914903
915001
915022
915066
915082
915189
915300
915492
915528
915537
915620
915629
915685
915729
915751
915808
916058
916223
916379
916403
916503
916540
916669
916863
916930
917016
917042
917220
917269
917450
917467
917566
917573
917628
917704
917715
917939
917980
918054
918649
918705
918889
918942
919069
919107
919145
919160
919311
919327
919334
919339
919541
919633
919717
919894
919900
919972
919995
920135
920333
920371
920459
920579
920609
920615
920669
920795
920833
921160
921811
921911
922028
922309
922458
922834
922988
923076
923103
923176
923294
923439
923482
923627
923672
923754
923858
923911
924292
924308
924328
924330
924355
924355
924356
924406
924504
924882
924903
925058
925242
925266
925278
925325
925545
925683
925693
925724
925905
925918
925947
926097
926099
926546
926583
926611
926757
926893
926896
927006
927033
927179
927193
927435
927478
927479
927553
927610
927615
927635
927653
927663
927706
927729
927740
927755
927772
927919
927921
927985
928514
928852
928877
928907
929066
929081
929330
929699
930079
930095
930149
930177
930220
930342
930414
930434
930638
930840
930943
930968
931008
931019
931032
931084
931124
931276
931321
931329
931335
931353
931516
931566
931649
931775
931798
931831
931838
931870
931909
931972
932002
932021
932164
932218
932259
932340
932402
932437
932457
932524
932576
932788
932824
932934
932968
933059
933093
933137
933283
933353
933547
933653
933702
933749
934044
934665
934714
934874
935057
935201
935554
935731
935740
936009
936047
936169
936205
936342
936357
936399
936502
936567
936680
936684
936809
936812
936945
937055
937066
937137
937180
937219
937398
937428
937433
937468
937648
937737
937871
937939
938080
938257
938375
938413
938461
938542
938852
938974
939009
939024
939025
939096
939101
939162
939206
939241
939275
939567
939751
939873
939953
939958
940239
940357
940413
940678
940681
940802
940837
941177
941438
941495
941566
941648
941713
941776
942141
942429
942495
942499
942556
942647
942688
942820
942899
942954
943059
943188
943203
943268
943340
943381
943475
943516
943581
943641
943739
944032
944036
944157
944180
944188
944238
944287
944390
944403
944533
944558
944560
944648
944689
944776
945006
945182
945209
945346
945597
945686
945900
946159
946254
946707
946788
946799
947121
947344
947436
947462
947658
947743
947909
948016
948200
948229
948278
948293
948540
948550
948600
948811
948860
949095
949102
949173
949377
949416
949518
949521
949674
949730
949796
949800
949968
950064
950098
950118
950237
950255
950380
950415
950477
950517
950526
950572
950597
950650
950701
950893
950934
950976
951014
951105
951164
951501
951547
951717
951955
951989
952028
952093
952107
952193
952243
952279
952377
952446
952465
952495
952702
952768
952867
952982
952988
953039
953312
953340
953375
953457
953481
953508
953982
954032
954091
954330
954382
954441
954765
954918
954958
954982
955234
955463
955512
955725
955786
955868
956026
956125
956290
956422
956577
956620
956682
956693
956714
956896
956993
957045
957068
957092
957186
957456
957549
957645
957731
957953
957982
957984
958054
958342
958347
958395
958440
958443
958515
958583
958673
958884
958896
959180
959196
959243
959404
959646
959681
959746
960040
960074
960084
960175
960257
960279
960747
960807
961191
961200
961214
961255
961396
961464
961470
961471
961518
961813
961852
961883
961897
961900
962013
962036
962037
962044
962451
962531
962570
962742
962747
962806
962831
963118
963361
963407
963469
963581
963602
963695
963697
963702
963832
963877
964058
964091
964175
964279
964374
964616
964881
964884
964885
964983
965262
965474
965483
965608
965627
965695
965951
966004
966025
966203
966343
966359
966617
966812
966821
966869
966897
966921
966929
966962
967151
967164
967189
967231
967234
967283
967309
967404
967455
967795
967842
967885
967893
967898
967907
967917
968075
968176
968188
968222
968291
968443
968518
968580
968609
968652
968657
968772
968890
968983
969183
969405
969460
969551
969607
969624
969629
969677
970021
970089
970112
970138
970419
970486
970776
970954
971159
971365
971407
971652
971774
971826
971902
971950
972063
972242
972271
972306
972339
972393
972499
972661
972795
973051
973052
973129
973261
973264
973304
973319
973443
973602
973712
973781
974004
974064
974126
974170
974391
974623
974654
974742
974795
974884
975185
975204
975526
975541
975891
975974
976001
976041
976511
976519
976631
976838
976892
977020
977382
977482
977498
977578
977663
977668
977886
978035
978040
978074
978155
978572
978575
978618
978766
978803
978804
978840
979030
979042
979138
979311
979336
979352
979653
979792
979901
980012
980047
980081
980479
980509
980569
980728
980741
980905
980960
981052
981134
981554
981657
981789
981997
982047
982103
982310
982437
982531
982705
982961
983022
983061
983099
983124
983201
983593
983671
983711
983784
983889
983986
984167
984207
984373
984375
984432
984517
984809
984885
985295
985316
985426
985477
985567
985587
985709
985717
985923
986200
986246
986349
986541
986636
986753
986813
986878
986879
986944
986977
987034
987134
987410
987427
987644
987651
987707
987848
988040
988077
988160
988227
988239
988291
988395
988621
988710
988745
988777
988827
988851
988923
988982
989249
989461
989524
989828
989937
990087
990097
990363
990742
990770
990953
991170
991209
991465
991629
991726
991911
992074
992243
992260
992634
992707
992719
992754
992832
992949
992950
993077
993131
993333
993372
993578
993783
993835
994053
994228
994259
994318
994511
994570
994577
994687
994703
994937
995027
995051
995186
995251
995315
995539
995582
996003
996044
996099
996195
996222
996414
996590
996879
997069
997239
997329
997401
997435
997537
997616
997757
998010
998376
998389
998487
998500
998805
998879
998908
999242
999279
999337
999340
999534
999617
999637
999829
999979
