75
218
281
328
358
493
564
698
760
770
775
778
1222
1223
1274
1488
1747
1805
1846
1965
1991
2053
2108
2201
2296
2398
2704
2761
2776
2977
3063
3140
3195
3404
3439
3588
3611
3613
3852
4009
4063
4076
4248
4293
4441
4491
4531
4619
4721
4808
4857
4921
4994
5326
5745
5854
5856
6243
6248
6684
6771
6834
7046
7103
7174
7386
7418
7505
7521
7543
7799
7810
7813
7843
8113
8225
8228
8243
8250
8355
8382
8439
8657
8670
8803
8902
8906
9138
9218
9337
9694
9718
9911
10048
10241
10272
10333
10448
10448
10546
10723
10770
10979
11104
11255
11446
11517
11637
11672
11696
12070
12127
12144
12172
12254
12377
12474
12730
12858
13055
13071
13150
13199
13218
13236
13260
13309
13457
13664
13664
13745
13812
13839
13846
13958
14018
14062
14102
14113
14163
14608
14820
14876
15026
15113
15229
15278
15500
15510
15521
15627
16063
16242
16328
16537
16635
16685
16735
16779
16828
16838
17257
17258
17394
17681
17691
17817
17850
17891
18138
18265
18310
18381
18405
18469
18637
18743
18864
19012
19079
19113
19119
19326
19439
19506
19530
19550
19662
19710
19768
19825
20011
20240
20274
20312
20633
20751
20759
20810
20810
20929
20999
21293
21365
21441
21457
22223
22242
22269
22387
22481
22528
22638
22650
22658
22825
23292
23646
23824
23852
23871
23964
24040
24187
24194
24201
24368
24620
24624
24737
24817
25057
25106
25232
25299
25361
25492
25530
25543
25746
25884
26001
26029
26135
26136
26211
26285
26308
26723
26754
26765
26875
26892
26893
26894
26929
26972
27094
27298
27437
27516
27611
27641
27655
27657
27708
27781
27828
27992
28053
28077
28173
28183
28309
28357
28400
28451
28547
28690
28852
28944
29106
29543
29555
29605
29631
29675
29686
29730
29763
29784
29880
29932
30068
30071
30125
30159
30196
30238
30328
30691
30751
30793
30831
31001
31006
31463
31501
31507
31540
31542
31591
31611
31759
31967
32021
32111
32339
32537
32541
32604
32618
32679
32734
32757
32792
32804
32854
33561
33643
33654
33665
33826
33840
33880
33943
34036
34093
34245
34353
34370
34382
34472
34477
34508
34526
34613
34614
34669
34689
34718
34727
34736
34748
34752
34755
34761
34810
34813
34843
34937
35053
35388
35425
35486
35556
35612
35773
35879
35931
36149
36234
36270
36375
36695
36732
36926
37026
37304
37307
37368
37389
37395
37450
37881
38011
38119
38286
38504
38532
38656
38694
38926
39016
39066
39297
39560
39582
39688
40007
40034
40163
40213
40461
40563
40626
40804
40832
40979
40995
41204
41294
41472
41515
41567
41575
41756
41768
41802
41863
41907
42311
42427
42680
42735
42838
42844
42958
43043
43136
43195
43318
43323
43474
43572
43631
43730
43757
43818
43869
43894
43907
44211
44343
44808
45027
45028
45196
45201
45254
45434
45477
45518
45683
45711
45757
45790
45949
46035
46140
46169
46171
46275
46388
46567
46734
46879
47088
47103
47256
47261
47268
47286
47481
47557
47639
47675
47698
47791
47798
47906
48013
48038
48098
48179
48422
48506
48580
48689
48723
48915
49083
49445
49528
49621
49899
49900
50064
50171
50195
50269
50428
50707
50798
50879
51019
51051
51062
51078
51125
51207
51247
51263
51648
51676
51847
51923
51999
52094
52117
52306
52348
52639
52654
52700
52772
52821
52832
52869
52937
53042
53237
53333
53472
53558
53651
53710
53838
53891
53927
53945
54032
54175
54264
54298
54447
54574
54733
54775
54849
54957
55068
55069
55164
55314
55530
55571
55675
55745
55759
55864
55877
56003
56030
56042
56080
56118
56291
56336
56373
56388
56412
56459
56469
56483
56509
56627
56640
56793
56869
56939
57379
57921
57927
57933
57961
58094
58146
58245
58419
58523
58537
58595
58755
58764
58783
58851
58896
58917
58925
59040
59095
59161
59166
59594
59636
59694
59775
59884
60083
60093
60158
60265
60351
60360
60380
60514
60608
60662
60682
60684
60775
60886
60895
61122
61152
61175
61426
61513
61936
62039
62045
62272
62331
62361
62571
62694
62903
62983
63000
63156
63211
63270
63311
63530
63617
63624
63668
63698
63833
64149
64274
64456
64505
64754
64767
64827
64861
64905
64934
64989
65233
65333
65408
65906
65969
65977
66091
66117
66210
66219
66256
66439
66467
66746
66846
66905
66933
67067
67234
67425
67466
67540
67672
67732
67757
67894
67905
67961
67990
68084
68085
68155
68368
68398
68428
68434
68453
68531
68598
68639
68746
68781
68781
68795
68981
69077
69148
69349
69540
69589
69607
69780
70054
70185
70248
70258
70282
70332
70443
70547
70661
70823
70925
71031
71129
71220
71241
71307
71316
71492
72018
72035
72387
72449
72496
72522
72648
72769
72937
72975
73339
73602
73758
73798
73831
73995
74268
74332
74444
74460
74533
74534
74622
74638
74781
74784
74863
74982
75058
75083
75287
75317
75318
75412
75475
75506
75526
75598
75683
76312
76414
76486
76787
76818
77109
77266
77394
77472
77490
77585
77628
77725
77757
77861
77896
77958
78290
78551
78673
78734
78805
79268
79370
79393
79488
79580
79806
80178
80446
80499
80589
80712
80725
80742
80837
80928
81040
81224
81335
81422
81628
81686
81707
81781
81807
81935
81982
82400
82436
82630
82779
82839
83035
83111
83222
83651
83996
84086
84218
84326
84353
84364
84519
84533
84826
84860
84901
85068
85202
85265
85514
85536
85636
85654
85748
85992
86140
86228
86250
86293
86385
86436
86495
86697
86906
86975
87003
87042
87074
87100
87293
87397
87400
87417
87500
87510
87607
87629
87796
87853
87897
87904
87914
87947
88100
88107
88191
88225
88402
88798
88884
88912
89057
89092
89170
89348
89361
89414
89526
89659
89671
89717
89777
89813
89873
89876
89906
90089
90092
90110
90134
90384
90428
90440
90483
90512
90576
90744
90774
91139
91302
91348
91553
91562
91619
91770
91818
91854
91856
91960
91990
92129
92415
92487
92731
92809
92839
93013
93163
93185
93220
93229
93687
94132
94155
94254
94271
94365
94365
94385
94393
94569
94668
94672
94731
94764
94810
95210
95228
95318
95394
95712
95884
95955
96003
96081
96178
96191
96453
96505
96559
96628
96896
96938
96983
97064
97084
97132
97194
97223
97490
97517
97600
97685
97888
97971
98005
98151
98173
98200
98260
98352
98378
98398
98408
98551
98552
98592
98653
98736
98756
98854
98919
99000
99038
99289
99438
99497
99514
99750
100029
100037
100069
100092
100125
100356
100504
100683
100699
100737
100788
100799
100906
101021
101460
101681
101695
101845
101926
102044
102044
102060
102094
102121
102217
102507
102960
102983
103197
103239
103295
103329
103539
103628
103721
104117
104143
104185
104225
104238
104274
104439
104551
104597
104693
104745
104972
105065
105076
105317
105552
105637
105646
105701
105708
105740
105806
106028
106082
106395
106419
106463
106540
106645
106857
106947
107466
107515
107614
107731
107736
107977
108018
108162
108208
108232
108240
108384
108458
108664
108773
108798
109090
109150
109214
109288
109325
109467
109526
109526
110200
110273
110364
110368
110375
110414
110603
110626
110765
110778
110787
110947
110988
110998
111035
111154
111268
111407
111480
111547
111654
111833
112126
112147
112481
112482
112521
112536
112553
112604
112608
112612
112679
112884
113213
113240
113529
113621
113649
113690
113732
113756
113978
114023
114118
114206
114367
114379
114483
114647
114742
114890
115158
115176
115391
115432
115472
115472
115549
115555
115568
115593
115631
115710
115754
115850
115876
115938
115968
116379
116412
116424
116556
116621
116787
117353
117431
117537
117590
117617
117630
117648
117753
117796
117933
117959
118320
118400
118633
118734
118764
118801
119097
119119
119119
119273
119314
119400
119575
120127
120166
120188
120203
120208
120263
120263
120394
120454
120468
120507
120588
120634
120752
121084
121090
121153
121220
121262
121325
121439
121514
121638
121757
121872
121919
121958
121963
122116
122273
122576
122607
122671
122753
122801
122812
122847
123012
123095
123480
123483
123574
123644
123676
123713
123832
123955
124082
124147
124285
124520
124570
124625
124751
124831
124991
125337
125379
125477
125542
125634
125734
125757
125797
125819
126036
126170
126227
126817
126853
127240
127366
127385
127441
127583
127721
127795
127799
128031
128106
128124
128417
128428
128534
128626
128630
128638
128721
128850
128912
129093
129178
129301
129354
129368
129559
129671
129734
129832
129981
130081
130112
130148
130219
130529
130599
130707
130761
130935
130939
131050
131078
131475
131584
131710
131800
131863
131920
132187
132192
132314
132709
132758
132849
132912
133024
133150
133555
133769
133997
134231
134249
134350
134393
134556
134693
134726
134744
134804
134881
134912
135081
135372
135424
135486
135491
136111
136114
136199
136214
136250
136384
136486
136567
136732
136736
136999
137041
137113
137407
137499
137501
137515
137641
137688
137990
138095
138100
138169
138236
138290
138306
138317
138354
138389
138408
138421
138597
138660
138704
138761
138814
138895
138916
138974
139261
139415
139525
139527
139594
139778
139799
139840
139893
139952
140030
140040
140113
140256
140261
140357
140396
140646
140976
141172
141174
141324
141332
141728
141728
142033
142069
142289
142425
142434
142485
142518
142683
142795
142835
142923
142954
142975
143107
143296
143415
143430
143460
143520
143584
143590
143705
143796
143820
144051
144089
144090
144121
144243
144260
144307
144338
144531
144548
144831
144974
145184
145201
145498
145503
145662
145713
146096
146120
146249
146349
146393
146440
146548
146592
146601
146741
146761
146761
146821
146853
146901
147085
147554
147619
147681
147943
147984
148054
148188
148471
148591
148620
148621
148640
148823
148900
149428
149626
149635
149734
150039
150057
150099
150335
150424
150514
150518
150571
150673
150831
150839
151060
151212
151311
151461
151655
151746
152342
152425
152518
152847
152923
153002
153018
153119
153124
153375
153445
153707
153930
154132
154192
154251
154278
154336
154353
154357
154555
154692
154717
155279
155441
155516
155586
155623
155767
155841
155904
155975
156086
156121
156165
156226
156266
156339
156383
156488
156700
156745
156780
156789
156940
157052
157138
157494
157549
157571
157733
157778
157789
157946
157965
158055
158061
158528
158553
158737
158841
158937
158949
159123
159194
159343
159415
159485
159704
159768
159770
159908
160077
160093
160201
160240
160301
160439
160480
160625
160808
160911
161060
161078
161113
161298
161372
161412
161606
161628
161651
161923
161947
162041
162051
162306
162314
162705
162709
162735
162835
162894
163068
163098
163117
163118
163286
163477
163487
163633
163640
163685
163736
163932
163938
164019
164097
164118
164208
164264
164609
164681
164721
164750
164857
164988
165076
165116
165307
165338
165408
165462
165542
165609
165689
165782
165863
165889
165909
166195
166465
166622
166767
166823
166877
166918
167127
167370
167434
167503
167548
167550
167633
167678
167915
167965
168087
168191
168238
168284
168396
168445
168471
168583
168660
168686
168691
168898
169004
169006
169163
169172
169370
169406
169415
169447
169466
169594
169615
169629
169804
169855
170051
170223
170349
170391
170464
170498
170503
170578
170680
170762
170908
170953
171054
171114
171189
171282
171386
171400
171615
171653
171777
171868
171955
172030
172169
172330
172485
172506
172534
172538
172556
172785
172816
172890
172972
173227
173357
173377
173463
173467
173598
173655
173665
173878
173925
174792
174808
174829
175037
175290
175295
175353
175476
175640
175933
175951
176286
176457
176523
176630
176710
176790
176802
176827
176878
176888
177012
177230
177629
177938
177940
177959
177961
178108
178202
178295
178411
178579
178647
178653
178659
178666
178697
178721
178884
178919
178926
179052
179123
179213
179251
179257
179437
179547
179578
179640
179696
179703
180082
180101
180165
180281
180309
180373
180384
180450
180582
180588
180647
180864
180985
181511
181522
181775
181826
181853
181864
181906
182022
182106
182317
182325
182411
182445
182502
182529
182551
182654
182726
182749
182789
183012
183058
183085
183094
183096
183229
183245
183364
183380
183519
183634
183706
183882
183917
183985
183992
184019
184022
184079
184085
184463
184826
184850
185139
185453
185467
185596
185637
185686
185701
185779
185841
185922
186005
186261
186301
186302
186329
186348
186425
186684
186744
186770
186959
187121
187150
187195
187322
187341
187453
187588
187751
187845
188067
188122
188191
188247
188293
188373
188417
188533
188661
188873
188893
189033
189080
189141
189141
189181
189516
189529
189537
189572
189582
189670
189696
189833
189967
190041
190280
190305
190339
190419
190460
190629
190692
190703
190765
190801
190860
190861
190872
190967
191101
191155
191275
191285
191325
191380
191391
191483
191486
191524
191550
191672
191697
191742
191863
191908
192090
192199
192357
192365
192532
192638
192652
192686
192763
192841
192880
192947
193026
193046
193133
193373
193473
193512
193571
193707
193780
193990
194158
194242
194255
194284
194368
194373
194534
194562
194622
194706
194727
194735
194746
194860
194925
195061
195121
195249
195299
195345
195354
195399
195502
195561
195708
195783
195878
196049
196322
196369
196431
196460
196500
196545
196609
196612
196794
196837
196856
196908
196919
196971
196987
196991
197037
197084
197334
197407
197665
197829
197853
197911
197969
198157
198175
198323
198396
198618
198657
199107
199233
199452
199645
199690
199749
199777
199779
199823
199968
200083
200148
200245
200252
200283
200298
200311
200684
200772
200922
200940
201040
201160
201166
201240
201283
201334
201501
201697
201739
201890
201947
202011
202187
202194
202249
202292
202514
202575
202660
202699
202958
203032
203038
203094
203094
203122
203270
203375
203480
203566
203733
203759
203872
203918
204167
204319
204332
204356
204394
204531
204548
204703
204743
204883
204987
205232
205347
205739
205800
205835
205839
205853
206015
206233
206360
206531
206705
207091
207181
207250
207324
207671
207691
207777
207806
207920
207955
208099
208101
208342
208352
208519
208583
208709
208762
209224
209239
209275
209408
209520
209593
209668
209751
209764
210283
210308
210311
210337
210437
210752
210791
210900
211223
211328
211355
211556
211587
211594
211774
211883
212005
212013
212052
212174
212434
212673
212743
212833
212844
212936
212946
213080
213172
213229
213324
213464
213507
213525
213550
213571
213638
213730
213732
213747
213835
213847
213885
213933
213939
214164
214362
214381
214633
214730
214750
215021
215054
215197
215411
215421
215572
215586
215619
215759
215784
215927
215982
216131
216244
216300
216883
216927
216977
217062
217086
217178
217245
217274
217311
217474
217568
217598
217648
217724
217889
218012
218051
218159
218184
218189
218302
218387
218405
218500
218509
218649
218746
218766
218788
219256
219259
219368
219431
219467
219481
219501
219736
219758
219861
219879
219976
220022
220161
220333
220345
220451
220469
220591
220617
220772
220836
220979
221313
221501
221521
221556
221613
221693
222064
222245
222283
222335
222599
222669
222698
222700
222717
222718
222756
222768
222894
223102
223118
223175
223276
223316
223410
223421
223478
223608
223644
223678
223807
223908
224111
224287
224362
224490
224564
224610
225265
225359
225364
225466
225747
226232
226396
226421
226473
226566
226614
226640
226929
226975
227048
227150
227225
227239
227322
227443
227494
227733
227878
227883
227903
228100
228371
228424
228486
228609
228653
228683
228998
229489
229653
229717
230048
230368
230418
230420
230429
230601
230607
230636
230874
231198
231267
231348
231386
231521
231655
231694
231808
232039
232094
232156
232186
232254
232321
232534
232584
232592
232622
232630
232635
232832
232888
233176
233282
233297
233322
233411
233466
233495
233648
233675
233697
233732
233794
233831
233869
233908
233915
234092
234193
234234
234467
234531
234654
234698
234725
234843
235031
235127
235200
235354
235364
235393
235404
235438
235499
235828
235977
236104
236163
236276
236413
236417
236482
236508
236626
236717
236721
236881
236884
236884
237031
237151
237208
237215
237266
237334
237430
237478
237684
237691
237697
237725
237792
237830
237832
237877
238007
238081
238139
238181
238231
238255
238331
238334
238338
238416
238835
238837
239200
239246
239256
239329
239409
239688
239805
239857
239862
240106
240225
240233
240326
240384
240451
240583
240586
240600
240681
240684
241217
241316
241338
241383
241386
241568
241614
241650
241652
241712
241724
241837
241930
242123
242194
242354
242374
242400
242425
242533
242566
242605
242689
242841
242891
243100
243118
243150
243342
243383
243639
243829
243908
244012
244020
244035
244088
244139
244168
244375
244522
244720
244735
244871
244950
244962
245030
245107
245142
245162
245201
245249
245291
245320
245331
245367
245649
245699
245886
245917
246017
246201
246207
246244
246264
246309
246462
246547
246683
246712
246730
246970
247333
247483
247508
247647
247683
247694
247740
248051
248082
248175
248176
248282
248294
248316
248367
248423
248484
248484
248839
248861
249065
249148
249214
249322
249347
249472
249588
249616
249776
250048
250098
250120
250181
250378
250409
250493
250516
250546
250577
250579
250595
250614
250648
250883
250955
251176
251259
251296
251351
251607
251627
251846
251870
252046
252166
252505
252668
252704
252731
252741
252952
253033
253061
253115
253198
253264
253393
253422
253422
253551
253638
253922
254030
254393
254462
254517
254573
254584
254592
254760
254941
255096
255353
255482
255525
255875
256158
256228
256329
256340
256414
256419
256428
256433
256503
256591
256656
256698
256758
256809
256979
257005
257058
257059
257087
257323
257382
257567
257678
257724
257796
257943
258206
258300
258528
258594
258606
258672
258757
258815
258907
258931
259001
259002
259194
259244
259265
259482
259572
259781
259931
260038
260096
260159
260246
260495
260717
260781
260823
260890
260959
261065
261107
261123
261139
261443
261512
261606
261715
261719
261746
261805
261842
261877
261931
262027
262194
262266
262365
262631
262744
262746
262831
262887
263379
263443
263443
263568
263629
263650
263658
263711
263719
263863
263953
264034
264099
264296
264493
264535
264638
264729
264751
264801
265076
265211
265286
265340
265366
265457
265484
265549
265670
265778
266242
266291
266347
266353
266593
266613
266808
267171
267308
267325
267475
267542
267628
267830
267837
268079
268087
268151
268185
268190
268826
268838
269012
269120
269166
269305
269408
269426
269466
269483
269500
269589
269599
269605
269697
269727
269757
269841
269858
270083
270212
270276
270324
270330
270607
270615
270635
270670
270686
270716
270842
270879
271161
271291
271325
271353
271353
271428
271858
271918
271960
272075
272096
272240
272350
272515
272536
272660
272674
272785
272885
272936
273107
273144
273179
273418
273450
273612
273641
273838
274000
274194
274383
274571
274631
274668
275245
275397
275516
275572
275592
275726
275733
275802
276361
276448
276524
276587
276712
276949
277057
277153
277197
277225
277250
277269
277300
277352
277494
277500
277693
277725
277761
277834
277880
278089
278123
278266
278322
278522
278612
278634
278663
278777
278881
279020
279026
279105
279178
279542
279831
279934
280065
280084
280168
280194
280256
280333
280367
280451
280723
281082
281093
281111
281217
281284
281421
281515
281521
281912
282154
282215
282249
282291
282474
282557
282622
282633
282918
283130
283169
283406
283670
283819
283840
284111
284172
284193
284285
284333
284392
284529
284674
284805
284861
284886
284950
284995
285036
285042
285182
285215
285269
285392
285439
285539
285571
285830
285844
285870
285888
285943
286068
286097
286170
286422
286451
286518
286534
286571
286613
286654
286933
286975
287007
287182
287234
287344
287433
287504
287678
287692
287721
287894
288149
288189
288460
288525
288564
288658
288666
288680
288711
288818
288863
288930
288943
289128
289177
289369
289371
289420
289479
289551
289631
289865
289888
289902
289962
290029
290034
290062
290162
290281
290326
290338
290346
290348
290390
290390
290446
290452
290491
290495
290532
290972
291052
291101
291219
291258
291484
291502
291542
291753
291776
291875
292273
292285
292410
292449
292461
292472
292641
292715
292835
292865
292899
293146
293148
293292
293390
293446
293481
293542
293598
293647
293670
293700
293700
293896
294038
294292
294507
294796
294817
295068
295167
295303
295438
295505
295533
295541
295549
295671
295853
295964
296065
296194
296322
296493
296523
296561
296632
296642
296776
296777
296796
296841
296891
296961
296970
297048
297131
297412
297476
297561
297587
297616
297684
297697
297839
297959
297975
298149
298684
298724
298807
298810
298854
298902
298949
299024
299076
299153
299234
299256
299317
299342
299517
300030
300057
300086
300118
300159
300205
300394
300618
300766
300779
300785
301149
301310
301500
301534
301583
301585
301799
301938
301944
302020
302125
302383
302419
302568
302705
302725
302776
302889
302894
303069
303136
303410
303432
303488
303497
303731
303739
303786
303888
303924
304207
304370
304522
304613
304701
304725
304831
305095
305181
305200
305208
305404
305450
305521
305563
305608
305617
305662
305985
305993
305997
306158
306218
306553
306631
306635
306651
306677
306723
306845
306847
307135
307224
307230
307364
307535
307732
307805
307901
308045
308080
308084
308097
308226
308399
308476
308485
308623
308661
308788
308810
308909
309027
309236
309422
309427
309441
309684
310031
310146
310400
310644
310712
310960
311195
311249
311327
311356
311358
311370
311671
311699
311716
311756
311804
311805
311946
311949
312095
312204
312233
312235
312302
312669
313051
313064
313119
313151
313182
313362
313440
313469
313500
313554
313569
313586
313594
313634
313821
313858
313893
314214
314288
314541
314617
314668
314775
314926
314974
315000
315067
315231
315267
315358
315468
315486
315629
315637
315732
315746
315800
316040
316100
316154
316480
316484
316510
316511
316881
317199
317200
317463
317599
317658
317808
317907
317980
318081
318240
318258
318274
318448
318493
318738
318904
318980
319046
319580
319640
319893
320000
320108
320172
320271
320422
320440
320457
320567
320568
320679
320685
320895
320933
320996
321046
321178
321266
321501
321628
321729
321784
321788
321795
321855
322230
322239
322242
322280
322357
322362
322443
322581
322709
322777
322801
322928
323009
323183
323201
323283
323401
323437
323459
323561
323639
323915
323942
323971
324019
324120
324202
324332
324443
324514
324557
324718
324735
324916
325015
325026
325233
325349
325435
325836
325916
326164
326215
326279
326292
326378
326452
326613
326865
327165
327217
327247
327356
327370
327400
327447
327570
327595
327789
327928
327945
328001
328077
328127
328173
328208
328223
328255
328350
328437
328512
328715
328768
328779
328881
329042
329048
329174
329183
329216
329289
329473
329475
329545
329624
329763
329831
329882
329954
330022
330136
330286
330605
330607
330733
331021
331037
331042
331051
331108
331169
331191
331243
331371
331418
331426
331428
331547
331598
331609
331717
331757
331860
332057
332070
332341
332343
332440
332709
332804
332828
332943
333031
333051
333110
333166
333298
333354
333403
333754
334081
334405
334565
334771
334860
334918
335079
335095
335192
335208
335862
335864
335939
335951
336148
336169
336174
336302
336432
336607
336672
336684
336743
336826
337087
337201
337439
337469
337695
337717
337724
337735
337751
337798
337909
337957
338038
338103
338224
338330
338418
338480
338507
338523
338526
338619
338677
338723
338757
338789
338818
339011
339015
339063
339089
339110
339140
339150
339327
339519
339569
339621
339924
340053
340103
340115
340237
340285
340345
340383
340407
340550
340558
340609
340751
340802
340835
340971
341119
341122
341132
341313
341617
341621
341874
342038
342241
342575
342985
343036
343105
343370
343378
343403
343444
343576
343638
343648
343782
343806
343826
343937
343942
343950
344372
344406
344512
344754
345411
345470
345495
345599
346072
346084
346107
346143
346147
346195
346242
346258
346281
346461
346466
346487
346513
346570
346577
346615
346705
346764
346804
346858
346990
347028
347057
347299
347847
347932
347971
348377
348591
348890
348900
348933
349065
349441
349698
349699
349935
349971
350120
350231
350464
350591
350761
350781
350900
351145
351308
351333
351421
351622
351680
351712
351791
351902
351917
352045
352074
352105
352153
352341
352372
352435
352459
352496
352575
352586
352919
353057
353088
353231
353250
353295
353402
353650
353662
353667
353686
353687
353763
353834
354058
354114
354117
354390
354479
354557
354831
355000
355036
355075
355210
355223
355450
355464
355554
355705
355764
356164
356238
356346
356375
356410
356418
356527
356553
356727
356727
356730
356731
356810
356822
356911
357004
357026
357120
357188
357207
357273
357364
357565
357567
357576
357658
357778
357910
358021
358097
358198
358226
358265
358269
358301
358371
358375
358460
358565
358626
358661
358712
358826
358856
358895
358956
358973
359028
359308
359428
359454
359658
360026
360277
360512
360583
360667
360690
360788
360884
360919
360989
360992
361179
361320
361345
361413
361470
361670
361727
362235
362270
362299
362319
362356
362671
362673
362757
362787
362994
363171
363174
363212
363235
363361
363422
363471
363620
363660
363670
363779
363816
363964
364115
364395
364457
364590
364590
364623
364684
364869
364872
364901
365199
365291
365302
365341
365468
365479
365501
365690
365926
365969
365993
366016
366047
366173
366216
366263
366274
366330
366478
366522
366752
366785
366933
366951
366959
367204
367286
367372
367428
367457
367545
367678
367692
367922
368130
368205
368224
368241
368565
368630
368903
369345
369457
369480
369561
369734
369833
370093
370125
370301
370361
370446
370644
370745
370864
370901
370911
371028
371039
371157
371193
371235
371248
371261
371301
371364
371391
371447
371505
371511
371641
372026
372121
372141
372317
372325
372455
372466
372506
372517
372613
372776
372911
372936
372954
372957
373066
373141
373171
373379
373504
373550
373562
373563
373563
373682
373763
373941
373965
374035
374094
374423
374495
374568
374838
374936
374960
375119
375165
375189
375190
375265
375312
375522
375779
375862
376185
376345
376371
376407
376472
376608
376725
376998
377110
377310
377316
377384
377498
377583
377634
377686
377704
377733
377752
377814
378087
378123
378175
378434
378489
378602
378667
378729
378774
378981
379056
379094
379159
379248
379396
379733
379794
380020
380064
380097
380121
380153
380159
380773
380903
380979
380991
381212
381267
381413
381715
381808
382027
382057
382230
382672
382730
383612
383612
383703
383744
384030
384386
384425
384436
384459
384524
384529
384568
384597
384623
384645
384701
384813
384946
384955
385051
385063
385084
385099
385200
385329
385421
385522
385557
385593
385661
385859
385960
386145
386218
386228
386270
386355
386516
386592
386774
386816
386851
386978
387010
387130
387155
387313
387370
387600
387695
387771
388103
388479
388486
388510
388541
388560
388656
388664
388689
388717
388720
388786
388884
388978
389061
389069
389243
389306
389381
389403
389449
389768
389825
389856
390083
390122
390149
390188
390213
390242
390251
390340
390381
390527
390565
390698
390729
390749
390844
390897
390984
391064
391125
391183
391361
391377
391661
391823
391865
391965
392126
392206
392225
392257
392314
392563
392630
392668
392743
392939
393003
393025
393101
393182
393388
393402
393514
393600
393661
393788
393832
393871
393957
394181
394328
394414
394427
394514
394577
394618
394645
394683
394761
394777
394797
394803
394856
394860
394924
395089
395106
395281
395295
395382
395408
395427
395527
395804
395972
396139
396183
396405
396459
396550
396654
396946
397116
397215
397230
397248
397295
397334
398206
398568
398675
398834
398840
398851
399022
399055
399309
399336
399510
399556
399658
399770
400049
400197
400234
400440
400498
400593
400706
400846
400966
401268
401413
401429
401434
401462
401982
402027
402128
402202
402281
402310
402391
402471
402882
402914
402927
402930
402958
403377
403470
403587
403857
403874
403902
403939
403943
404058
404105
404145
404167
404245
404372
404382
404402
404468
404508
404619
404703
404743
404782
405053
405108
405252
405299
405466
405508
405569
405657
405679
405713
405744
405753
406343
406709
406718
406817
406868
407000
407003
407018
407054
407077
407132
407366
407499
407571
407615
407981
408115
408325
408459
408487
408560
408589
408649
408712
408861
408939
408985
409039
409105
409196
409283
409355
409649
409783
409861
409960
410055
410442
410452
410462
410542
410543
410637
410645
410841
410980
411227
411297
411344
411350
411423
411423
411584
411620
411699
411805
411844
412016
412207
412259
412288
412303
412304
412436
412574
412615
413041
413127
413194
413309
413364
413430
413576
413613
413686
414023
414140
414156
414210
414401
414436
414592
414851
414994
415000
415099
415132
415197
415198
415206
415256
415369
415458
415462
415567
415602
415691
415695
415850
415985
415986
416217
416277
416419
416583
416597
416642
416730
416839
416886
416965
417091
417225
417337
417451
417453
417491
417495
417842
418061
418255
418273
418295
418350
418455
418966
419231
419309
419328
419476
419876
419936
420063
420068
420083
420113
420230
420434
420509
420925
420984
421162
421197
421236
421354
421429
421689
422009
422013
422057
422058
422150
422268
422394
422690
422985
423091
423245
423289
423358
423563
423582
423679
423745
423818
423840
423900
423994
424145
424179
424197
424343
424515
424531
424547
424712
424982
425028
425143
425246
425628
425637
425676
425830
425910
425953
425961
425978
426099
426166
426368
426643
426664
426809
426858
426916
427187
427192
427320
427349
427476
427628
427799
427804
427805
427808
427914
427935
427955
428007
428050
428061
428143
428387
428639
428742
428887
429095
429115
429333
429409
429423
429479
429640
429702
429769
429916
430020
430023
430079
430551
430688
430722
430793
430834
430910
430937
430981
430988
431211
431276
431306
431312
431364
431429
431634
431775
431860
431900
431910
431920
431927
431947
431982
432070
432315
432338
432345
432520
432689
432739
432837
432840
432995
433046
433202
433266
433306
433329
433350
433370
433377
433378
433674
433808
433819
433912
433935
434149
434218
434227
434338
434384
434417
434436
434461
434559
434725
434752
434813
434846
434886
434994
435111
435114
435234
435312
435453
435499
435502
435529
435616
435667
436151
436252
436648
436675
436765
436952
436986
436997
437123
437145
437172
437221
437261
437356
437399
437408
437415
437541
437592
437649
437697
437744
437844
438089
438114
438188
438306
438331
438422
438510
438777
438965
439072
439127
439140
439156
439217
439232
439350
439621
439777
439799
439915
439963
440021
440034
440261
440268
440314
440592
440631
440670
440673
440998
441005
441033
441077
441246
441330
441581
441670
441773
441774
441813
441946
441969
442030
442053
442064
442241
442241
442276
442465
442523
442572
442667
442671
442764
442838
442912
442980
443038
443076
443107
443227
443509
443510
443530
443562
443590
443663
443873
444002
444027
444078
444122
444184
444259
444263
444338
444365
444452
444462
444546
444576
444986
445034
445121
445273
445291
445403
445426
445520
445663
445663
445692
445740
445769
445852
445879
445917
445998
446051
446053
446231
446330
446343
446360
446386
446542
446669
446710
446723
446734
446769
446805
446958
447371
447494
447922
447925
447931
447936
447938
447993
448248
448328
448593
448668
448696
448824
448874
448908
448987
449127
449158
449356
449557
449914
450106
450423
450480
450527
450749
450774
450963
450964
450968
450995
451116
451258
451523
451567
451580
451614
451630
451644
451684
451783
451796
451843
451847
451893
452182
452196
452216
452467
452478
452602
452637
452646
452668
452682
452962
453031
453154
453204
453229
453286
453365
453452
453615
453726
453774
453779
453818
454042
454108
454137
454333
454432
454476
454620
454641
454727
454799
454892
455046
455127
455186
455203
455352
455412
455679
455903
456674
456698
456711
456870
457142
457209
457674
457814
457821
457910
458096
458112
458115
458537
458567
458618
458624
458700
458770
458806
458926
458982
459145
459145
459167
459224
459225
459291
459414
459596
459605
459640
459700
459745
459833
460089
460202
460510
460585
460602
460656
460669
460677
460762
460823
460941
460973
461019
461057
461263
461310
461368
461536
461954
462162
462178
462522
462567
462670
462780
463067
463149
463191
463299
463693
463896
464093
464472
464560
464597
464869
464917
465151
465197
465202
465250
465271
465288
465315
465463
465603
465884
465957
466117
466169
466574
466580
466727
466859
466985
467210
467243
467352
467411
467446
467487
467728
467764
467893
467907
468066
468107
468223
468609
469084
469156
469381
469383
469851
470127
470199
470481
470628
470785
470807
470849
470854
470857
471169
471308
471339
471365
471523
471602
471802
471813
471829
472000
472031
472124
472336
472354
472357
472375
472432
472575
472634
472895
472964
473117
473221
473249
473340
473483
473678
473861
473865
473886
473995
474061
474069
474437
474957
475060
475069
475313
475389
475612
475637
475641
475651
475885
475995
476252
476262
476397
476558
476682
476771
476830
476852
476924
476926
476928
476975
477088
477153
477309
477516
477554
477778
477781
477829
477967
478085
478138
478185
478211
478385
478482
478643
478662
478732
478816
478847
478940
479021
479252
479397
479561
479745
479824
479989
480104
480135
480198
480296
480410
480429
480670
480743
480799
480879
480961
480998
481385
481539
481812
481897
482003
482545
482885
482930
483028
483100
483210
483220
483225
483333
483745
483767
483811
483813
483971
484385
484416
484602
484629
484670
484740
484760
485008
485019
485115
485121
485167
485315
485502
485536
485780
486004
486032
486048
486234
486239
486361
486463
486505
486603
486779
486928
486964
487075
487128
487204
487257
487327
487352
487368
487485
487514
487779
487848
488005
488079
488185
488209
488248
488260
488353
488749
488833
489009
489115
489154
489187
489215
489226
489475
489495
489508
489618
489650
489674
489720
489740
489741
489749
489899
489927
490160
490520
490530
490619
490661
490686
490864
490874
491008
491037
491197
491208
491519
491539
491609
491644
491761
491873
491975
492170
492173
492264
492282
492290
492578
492687
492764
492807
492832
492978
492979
493002
493200
493266
493289
493437
493575
493601
493655
493735
493820
493890
494169
494199
494360
494501
494559
494594
494680
494798
494857
494876
495161
495308
495365
495379
495547
495602
495664
495777
495818
495838
496186
496271
496342
496403
496491
496565
496588
496630
496803
496896
496987
497027
497191
497250
497412
497453
497538
497704
497724
497777
497792
497937
497976
498133
498194
498206
498212
498426
498440
498522
498616
498740
499004
499079
499303
499336
499413
499443
499578
499602
499626
499639
499655
499725
499886
499928
499936
500051
500263
500532
500677
500756
500909
500915
500994
501019
501097
501263
501275
501356
501387
501425
501475
501502
501641
501778
501787
501914
501988
502025
502148
502188
502239
502249
502688
502690
502742
502893
502937
503204
503299
503303
503359
503497
503517
503699
503723
503724
503759
503810
503901
503903
504156
504244
504385
504473
504551
504582
504598
504677
504855
504960
505087
505216
505291
505440
505640
505654
505708
505988
506163
506247
506310
506371
506429
506433
506586
506696
507071
507241
507321
507431
507434
507520
507534
507659
507724
507793
507896
507900
508065
508171
508186
508441
508554
508557
508575
508615
508633
508665
508775
508804
509068
509249
509322
509448
509507
509593
509791
509913
509935
510072
510187
510252
510269
510316
510338
510358
510363
510443
510521
510942
510952
511158
511190
511247
511284
511293
511342
511407
511583
511616
511715
511810
511826
511885
511906
512242
512346
512464
512843
512992
513112
513123
513370
513420
513452
513481
513589
513710
513830
514084
514321
514356
514422
514509
514550
514673
514718
514907
514962
515098
515143
515174
515386
515559
515730
516250
516294
516405
516478
516564
516642
516915
516941
517027
517039
517075
517113
517130
517193
517374
517551
517920
517934
518090
518193
518284
518397
518418
518438
518585
518599
518706
518840
518903
518904
519145
519202
519236
519376
519456
519535
519584
519688
519782
519857
520101
520233
520459
520467
520595
520598
520618
520655
520667
520710
520818
520899
520926
520944
521072
521153
521359
521404
521469
521655
521697
521801
521879
521909
521950
522010
522225
522783
522850
522895
522974
523191
523245
523270
523277
523326
523586
523961
524189
524196
524199
524203
524324
524427
524428
524467
524576
524678
524691
524805
524912
524929
525014
525268
525317
525344
525362
525481
525551
525761
526031
526288
526892
527005
527089
527302
527373
527489
527526
527590
527632
527674
527829
527861
527925
527927
528183
528561
528569
528582
528588
528757
528789
528909
529086
529145
529215
529284
529354
529516
529533
529652
529812
530246
530268
530306
530378
530407
530447
530457
530561
530580
530605
530635
531003
531291
531298
531553
531640
531717
531827
531964
531992
532230
532241
532366
532488
532607
532693
532776
532782
532819
532848
533054
533246
533385
533433
533811
533861
534057
534294
534296
534308
534352
534445
534459
534513
534514
534545
534586
534736
534785
534918
534971
534987
535089
535196
535212
535268
535361
535434
535538
535539
535569
535627
535649
535860
535950
536092
536132
536180
536626
536759
536833
536872
537211
537266
537297
537311
537313
537396
537431
537489
537708
537715
537731
537772
537945
538015
538111
538222
538284
538378
538423
538547
538650
538666
538783
538878
538886
539084
539186
539226
539241
539245
539548
539842
540279
540339
540432
540437
540465
540521
540564
540632
541003
541044
541160
541292
541450
541649
541819
542017
542087
542101
542154
542318
542509
542695
542905
543179
543355
543719
543767
543976
543988
543988
544053
544344
544398
544528
544599
544610
544748
544837
544946
545303
545306
545420
545423
545511
545682
545727
545786
545850
545857
546106
546347
546386
546424
546424
546480
546534
546887
547027
547057
547157
547246
547257
547327
547375
547401
547681
547706
547760
547829
547913
547929
548030
548073
548295
548306
548389
548483
548500
548536
548781
548925
548960
549053
549102
549129
549205
549214
549308
549339
549527
549645
549692
549722
549824
550071
550101
550127
550196
550232
550287
550363
550448
550508
550722
550756
550779
550807
550886
550922
550997
551403
551428
551547
551642
551689
551746
551810
551841
552117
552409
552603
552630
552711
552755
552815
552993
553260
553362
553367
553471
553642
553887
553912
554044
554198
554427
554541
554652
554677
554738
554803
554865
555033
555119
555134
555143
555145
555192
555461
555501
555881
555954
556110
556492
556576
556651
556705
556718
556732
556828
556898
556982
556992
557075
557262
557413
557433
557722
557793
557803
557853
558019
558090
558141
558255
558325
558435
558524
558646
558669
558671
558902
559037
559264
559264
559300
559418
559435
559917
560097
560124
560220
560315
560488
560506
560702
560860
560873
560921
560948
560999
561054
561058
561319
561326
561616
561653
561934
562138
562244
562394
562508
562589
562724
562743
562923
563038
563213
563218
563265
563297
563467
563491
563503
563544
563582
563628
563702
564031
564193
564442
564476
564498
564517
564721
564883
564900
564908
565165
565367
565508
565528
565590
565660
565693
565835
565987
566018
566297
566325
566347
566517
566599
566696
566710
566882
567213
567240
567390
567425
567585
567698
567739
567815
567840
567892
568016
568174
568392
568434
568560
568596
568848
568877
568976
569092
569138
569217
569220
569232
569234
569560
569867
570042
570047
570058
570100
570219
570368
570479
570849
570859
570930
570934
571036
571102
571186
571328
571341
571470
571504
571661
571919
572048
572065
572200
572252
572425
572566
572595
572623
572629
572767
573091
573187
573793
573854
573978
574182
574304
574448
574675
574715
574823
574856
575130
575130
575131
575167
575199
575212
575227
575398
575421
575427
575757
575834
575837
575902
576051
576125
576215
576288
576323
576486
576501
576720
576975
577032
577168
577254
577385
577510
577573
577675
577754
577912
577952
577971
578012
578212
578260
578684
578693
578795
578807
578909
579170
579459
579484
579542
579629
579649
579748
579876
579903
579910
579924
580030
580163
580185
580204
580396
580418
580494
580541
580594
580647
580779
580873
580938
580943
581011
581206
581289
581377
581445
581527
581603
581706
581744
581830
581930
581956
582087
582099
582215
582399
582446
582538
582690
582700
582762
582810
582952
583106
583126
583254
583273
583284
583507
583694
583748
584138
584152
584294
584433
584463
584593
584689
584821
584924
585093
585224
585462
585565
585617
585673
585858
585941
585974
586017
586044
586247
586264
586304
586513
586545
586564
586754
586754
586941
586957
587171
587251
587326
587490
588032
588233
588290
588466
588715
588939
589040
589051
589059
589154
589237
589326
589487
589562
589588
589608
589781
589819
589981
590018
590232
590242
590364
590385
590391
590513
590524
590713
590921
591084
591141
591270
591322
591370
591449
591460
591593
591683
591827
591912
592098
592154
592188
592292
592513
592561
592574
592613
592678
593103
593229
593420
593547
593637
593684
594016
594122
594170
594202
594217
594389
594576
594751
594761
594963
595098
595221
595460
595536
595564
595615
595670
595686
595750
595856
595871
595930
596012
596130
596239
596480
596550
596878
596928
596936
596960
596962
596962
597037
597070
597225
597319
597384
597571
597612
597728
597839
598134
598251
598257
598299
598463
598495
598509
598739
598780
598790
598844
598910
599111
599131
599193
599228
599238
599330
599371
599371
599427
599617
599712
599716
599751
600005
600187
600364
600365
600457
600532
600568
600571
600573
600574
600755
600877
601067
601322
601394
601416
601488
601733
601872
601920
602191
602220
602221
602256
602594
602736
602820
602849
602855
602865
602895
602955
603060
603349
603353
603443
603744
603760
603775
604030
604041
604173
604192
604214
604417
604522
604561
604720
604860
604946
605223
605292
605388
605553
605583
605603
605656
605818
605836
605886
605890
606025
606088
606220
606466
606547
606556
606565
606591
606617
606825
607046
607113
607265
607408
607483
607524
607588
607766
607786
608032
608056
608099
608427
608456
608626
608872
609010
609047
609069
609087
609178
609276
609306
609343
609621
609924
609942
609947
610010
610096
610105
610110
610111
610265
610270
610302
610480
610531
610537
610544
610754
610761
610807
610864
611152
611191
611205
611385
611556
611655
611672
611864
611932
611990
612007
612038
612171
612350
612351
612452
612499
612542
612584
612618
612675
612816
612892
613004
613134
613201
613204
613335
613355
613530
613633
613731
613897
614021
614066
614140
614267
614329
614633
614874
614893
615002
615065
615221
615265
615296
615297
615365
615428
615581
615596
615819
615833
615910
615965
616014
616090
616153
616199
616242
616417
616532
616560
616573
616573
616657
616682
616693
616711
616714
616870
617022
617138
617164
617190
617232
617470
617822
617894
617929
617986
618123
618126
618264
618308
618362
618379
618428
618440
618500
618531
618896
619146
619236
619336
619520
619537
619625
619628
619653
619654
619717
619740
619791
619820
619952
619955
620011
620609
620619
620631
620665
620705
620761
620780
620821
620882
620937
620944
621122
621333
621394
621789
621849
622004
622054
622077
622300
622387
622438
622474
622479
622705
622861
622906
622917
623088
623116
623151
623207
623319
623436
623461
623590
623594
623633
623765
623835
623969
623978
624019
624168
624271
624647
624896
625022
625040
625272
625350
625384
625401
625415
625603
625632
625646
625690
625737
625806
625963
626140
626215
626297
626299
626321
626425
626536
626541
626638
626899
626922
626956
626972
627004
627042
627180
627182
627458
627461
627575
627592
627810
627961
628066
628165
628209
628245
628345
628358
628374
628453
628553
628581
628683
628745
628746
628749
629115
629158
629220
629588
629647
629870
630155
630282
630345
630409
630473
630666
630913
631088
631161
631525
631558
631642
631686
631751
632147
632487
632577
632582
632649
632667
632825
632974
633068
633311
633421
633473
633501
633515
633528
633769
633888
633891
633894
633979
634032
634062
634102
634324
634532
634561
634687
634834
634885
634962
635219
635683
635724
635764
635809
635957
636005
636079
636080
636213
636429
636442
636455
636530
636541
636543
636584
636615
636622
636756
636923
636935
637078
637226
637285
637343
637360
637431
637472
637545
637975
638004
638005
638047
638051
638181
638265
638282
638341
638561
638619
638677
638732
638765
638767
638828
638896
639036
639177
639216
639323
639512
639534
639567
639600
639689
639730
639818
639987
640008
640177
640212
640226
640330
640380
640514
640565
640577
640981
641027
641071
641118
641141
641307
641326
641455
641476
641815
641852
641934
642136
642431
642616
642696
642845
642912
642949
643065
643118
643157
643170
643232
643236
643561
643705
643710
643731
643819
644114
644121
644155
644165
644300
644337
644341
644424
644618
644688
644754
644865
644935
644949
644955
645242
645391
645651
645660
646087
646154
646258
646282
646326
646510
646513
646662
646665
646771
646786
646877
647058
647082
647161
647180
647399
647415
647484
647578
647661
647993
648051
648155
648255
648310
648367
648375
648396
648546
648551
648598
648680
648736
648776
649186
649296
649331
649338
649368
649498
649551
649686
649727
649798
649953
649999
650001
650040
650079
650094
650108
650210
650242
650398
650438
650619
650787
650800
650884
650905
651016
651174
651329
651455
651617
651855
651899
651915
652307
652385
652399
652430
652448
652530
652552
652596
652618
652776
653008
653056
653110
653210
653328
653356
653525
653535
653677
653679
653821
653986
654089
654234
654289
654290
654781
654844
654889
654908
655078
655118
655326
655538
655576
655683
655697
655722
655744
655922
655931
656062
656262
656274
656449
656476
656584
656695
656766
656780
656932
656951
657004
657024
657044
657384
657410
657456
657616
657832
657905
657964
658017
658083
658212
658234
658363
658473
658938
659069
659292
659376
659593
659634
659692
659728
659927
659941
660296
660355
660436
660437
660482
660653
660685
660850
660912
661309
661430
661508
661518
661683
661824
661898
661967
661977
662030
662153
662229
662305
662332
662353
662444
662469
662488
662770
662909
662951
663015
663131
663304
663354
663424
663470
663982
664062
664180
664403
664423
664458
664746
664947
665015
665019
665116
665138
665377
665574
665715
665830
665843
665853
666208
666259
666287
666290
666395
666462
666544
666767
666791
666844
666869
666919
666981
667018
667072
667219
667237
667263
667274
667451
667463
667651
667728
667757
667781
667798
667996
668028
668088
668324
668374
668445
668454
668466
668698
668741
668921
668942
669335
669401
669446
669471
669485
669878
669906
670301
670443
670571
670693
670698
670708
670725
670784
670811
671040
671132
671316
671490
671522
671552
671597
671694
671896
671906
671959
672364
672392
672446
672498
672587
672887
672889
673013
673024
673048
673420
673621
673687
673697
673726
673857
673860
673880
673882
673923
674080
674119
674175
674212
674249
674290
674294
674304
674336
674399
674645
674898
674994
675045
675245
675751
675854
675994
676231
676328
676483
676623
676684
676892
677463
677520
677559
677585
677603
677626
677663
678399
678416
678665
678726
678938
678951
678994
679124
679242
679292
679294
679434
679551
679588
679616
679616
679838
679917
679954
680083
680162
680167
680189
680224
680256
680401
680625
680706
680752
680897
680951
681023
681067
681094
681151
681188
681502
681582
681688
681800
681805
682005
682280
682399
682458
682649
682761
682942
683136
683349
683382
683525
683540
683605
683636
683707
683899
683951
684357
684379
684418
684445
684588
684612
684636
684674
684736
684838
684886
684894
684954
685054
685311
685402
685410
685474
685650
685670
685701
685782
685922
686145
686257
686273
686311
686411
686497
686575
686583
686746
686812
687066
687085
687175
687241
687258
687284
687562
687964
687965
688130
688190
688286
688324
688339
688575
688828
688908
689034
689034
689109
689384
689433
689618
689632
689806
689861
689900
689912
690013
690302
690322
690449
690473
690815
690986
691013
691177
691201
691290
691383
691532
691586
691774
691921
691951
692074
692347
692468
692484
692493
692532
692587
692621
692636
692726
692750
692751
692849
692859
692903
692942
692980
693082
693207
693318
693345
693409
693540
693681
693700
693823
693830
694138
694274
694373
694576
694588
694634
694888
694975
695105
695171
695227
695248
695311
695554
695739
696158
696332
696342
696549
696673
696685
696809
697036
697088
697147
697220
697466
697504
697690
697750
697909
698024
698037
698091
698148
698170
698256
698338
698442
698491
698494
698504
698569
698615
698853
698881
699056
699062
699063
699098
699150
699375
699480
699555
699637
699645
699660
699814
699909
699915
699917
700074
700166
700199
700305
700909
701006
701310
701527
701810
701864
702097
702160
702214
702264
702265
702348
702351
702503
702513
702634
702924
703541
703653
703807
704006
704046
704220
704254
704634
704766
704768
704772
704775
704908
705091
705305
705329
705367
705393
705460
705521
705778
705787
705987
706027
706091
706121
706158
706221
706264
706404
706554
706562
707026
707054
707060
707083
707087
707108
707198
707519
707631
707887
707965
708202
708347
708371
708645
708687
708698
708711
708811
708894
708938
709061
709090
709155
709222
709231
709308
709335
709505
709514
709549
709647
709718
709839
709912
710064
710324
710413
710472
710613
710705
710712
710965
710969
710984
711056
711114
711227
711353
711568
711745
711758
711792
711900
711914
711941
712025
712118
712212
712269
712305
712349
712378
712599
712745
712765
712785
712802
712977
713015
713056
713150
713264
713727
713758
713802
714125
714175
714500
714517
714545
714782
714830
715014
715110
715724
715935
715978
715993
716013
716456
716598
717115
717224
717408
717472
717669
717765
717865
717906
717909
717934
718008
718119
718236
718328
718496
718508
718511
718619
718748
718751
718760
718806
718853
718878
718930
718942
718954
719106
719182
719275
719319
719397
719776
719981
719989
720247
720350
720360
720433
720567
720592
720600
720651
720677
720701
720754
720793
721094
721138
721163
721186
721242
721290
721329
721339
721711
721735
722023
722109
722391
722407
722608
722609
722968
722972
722992
723155
723326
723504
723510
723534
723676
723888
723903
724202
724264
724365
724377
724388
724450
724480
724540
724686
724839
724887
725146
725313
725314
725512
725743
725958
726036
726111
726148
726635
726714
726738
726881
726882
727011
727090
727249
727311
727320
727450
727509
727530
727569
727599
727724
727757
727869
727999
728067
728157
728164
728375
728398
728469
728579
728734
728842
728982
729042
729174
729332
729432
729925
729971
730137
730173
730252
730348
730495
730530
730609
730678
730731
730773
730839
730855
731067
731185
731236
731291
731306
731349
731392
731414
731479
731561
731583
731602
731698
731710
731724
731744
731869
731949
731949
732069
732803
732854
732890
733033
733150
733184
733221
733254
733282
733320
733375
733497
733499
733506
733559
733566
733608
733651
733875
734041
734109
734281
734311
734350
734419
734582
734594
734618
734694
734759
735029
735369
735407
735514
735523
735607
735623
735777
735802
735820
735833
736071
736184
736301
736310
736472
736654
736844
736864
736945
737005
737007
737288
737362
737440
737520
737703
737729
737800
737887
737982
738278
738402
738439
738535
738540
738735
738840
739008
739104
739237
739762
739959
739992
740006
740044
740335
740399
740529
740543
740580
740665
740714
740715
740854
740878
741214
741347
741360
741498
741961
742057
742091
742131
742189
742248
742422
742530
742552
742613
742662
742674
742675
742783
742872
742970
742976
743052
743052
743081
743082
743165
743411
743487
743868
744000
744213
744314
744457
744618
744674
744802
744914
745032
745055
745070
745576
745742
745896
745934
745967
746017
746082
746168
746222
746249
746389
746402
746525
746578
746586
746610
747093
747202
747238
747250
747291
747296
747374
747388
747439
747471
747623
747829
748139
748154
748212
748286
748328
748342
748352
748589
748598
748648
748809
748881
748912
749092
749122
749199
749203
749305
749559
749626
749631
749708
749764
749957
750038
750051
750120
750266
750766
750803
751021
751070
751129
751333
751407
751470
751629
751673
751693
751727
751756
751771
751822
751935
751973
752052
752118
752129
752350
752395
752607
752640
752677
752735
752749
752753
752883
752927
753261
753321
753411
753732
753959
753997
754035
754069
754094
754150
754183
754217
754285
754317
754339
754416
754442
754685
754701
754706
754721
754752
754818
754882
754941
755103
755138
755199
755227
755328
755514
755561
755622
755623
755655
755789
755908
756008
756018
756070
756090
756399
756542
756633
756638
756708
756802
756835
756859
756942
757035
757374
757422
757468
757471
757666
757725
757780
757852
758190
758195
758375
758503
758554
758875
758960
759173
759186
759453
759520
759530
759676
760103
760139
760155
760381
760398
760486
760527
760659
760724
760738
760873
760972
760994
761117
761341
761445
761551
761555
761565
761581
761613
762116
762163
762231
762323
762340
762368
762391
762529
762542
762550
763280
764189
764294
764614
764658
764733
764787
764854
764906
765023
765107
765158
765390
765462
765549
765565
765586
765621
765671
765700
765719
765739
765805
765832
765918
766041
766228
766290
766795
766924
766977
766981
767023
767050
767107
767208
767348
767399
767403
767416
767423
767454
767473
767603
767631
767645
767659
767670
767708
767893
767907
767914
768152
768346
768640
768683
768709
768813
769012
769031
769129
769167
769190
769297
769470
769564
769808
769852
769870
770047
770084
770305
770376
770521
770699
770783
770849
771085
771153
771403
771443
771448
771602
771625
771729
771745
771934
771935
771978
772066
772142
772233
772352
772545
772591
772827
773033
773121
773292
773630
773631
773661
773737
774026
774042
774219
774222
774275
774371
774500
774565
774671
774898
775043
775090
775410
775419
775429
775765
775813
775848
776010
776051
776136
776167
776233
776242
776335
776338
776463
776633
776806
776888
777119
777176
777253
777412
777476
777509
777640
777697
777888
778184
778242
778556
778693
778736
778742
778856
778897
778901
778973
778984
779006
779146
779205
779480
779530
779544
779695
779698
779712
779797
779855
779911
779956
779989
779997
780066
780162
780237
780290
780307
780486
780763
780844
780948
781000
781135
781183
781191
781196
781225
781325
781420
781575
781592
781613
781669
781760
781816
781920
782043
782118
782146
782194
782293
782428
782500
782528
782562
782575
782602
782695
782731
782745
782914
782928
783065
783080
783232
783365
783371
783438
783648
783869
783883
783997
784044
784128
784289
784328
784508
784526
784562
784704
784887
784937
784978
785175
785197
785436
785587
785691
785830
785872
785952
786015
786274
786356
786489
786550
786579
786636
786686
786707
786939
786988
787022
787351
787656
787666
787690
787757
787804
787895
787907
787947
787960
787985
788014
788019
788127
788129
788434
788475
788605
788693
789164
789172
789220
789268
789272
789347
789455
789520
789612
789685
789840
789870
790033
790156
790160
790210
790550
790610
790798
790827
791032
791048
791077
791104
791177
791233
791495
791503
791530
791745
792021
792106
792203
792235
792339
792547
792682
792703
792841
792954
793158
793195
793242
793336
793675
793685
793709
793946
794387
794445
794471
794473
794491
794711
794746
794776
794923
795033
795040
795103
795671
795710
795712
795757
795846
795950
796430
796492
796618
796859
796997
797037
797040
797057
797089
797412
797512
797708
798078
798236
798303
798577
798620
798629
798636
798783
798953
799180
799211
799342
799419
799562
799596
799695
799826
800241
800387
800436
800675
800683
800897
801054
801066
801095
801102
801350
801415
801434
801437
801491
801588
801707
801805
801888
801956
802113
802129
802307
802314
802364
802556
802677
802713
802717
802988
803036
803324
803372
803382
803476
803497
803579
803643
803746
803795
803848
804200
804418
804519
804670
804673
804674
804681
804881
804903
805026
805141
805255
805285
805311
805809
805906
805976
806008
806093
806260
806299
806312
806340
806354
806368
806471
806956
807065
807077
807194
807295
807321
807393
807427
807510
807523
807821
807943
807963
808002
808010
808067
808093
808095
808155
808239
808381
808560
808602
808670
808727
808743
808806
808976
809130
809148
809189
809255
809266
809405
809457
809674
809684
809691
809709
809795
809912
810075
810194
810241
810289
810407
810465
810493
810555
810556
810671
810945
811016
811164
811165
811358
811419
811519
811657
811811
811933
811937
811954
811980
812000
812401
812498
813005
813060
813111
813202
813250
813288
813510
813596
813604
813727
813866
813892
814010
814066
814116
814180
814285
814316
814363
814403
814457
814623
814809
814917
814968
814979
815105
815213
815240
815304
815419
815547
815554
815689
815898
815969
816327
816373
816555
816575
816638
816790
816849
816850
816934
816982
816991
817018
817569
817613
817625
817992
818198
818557
818604
818625
818653
818815
818955
818998
819046
819195
819289
819336
819341
819355
819442
819508
819855
819867
819957
820073
820078
820162
820184
820273
820276
820305
820319
820398
820533
820675
820898
820930
821061
821170
821298
821384
821457
821511
821657
821697
821708
821806
821892
822081
822136
822275
822382
822477
822490
822735
822935
822951
822956
823020
823071
823075
823191
823330
823452
823457
823555
823734
823779
823785
823887
823908
823916
823947
823987
824267
824268
824328
824424
824498
824529
824593
824666
824676
824701
824730
824744
824853
825034
825232
825323
825403
825514
825742
825842
825881
825983
826210
826853
826942
827018
827192
827263
827497
827646
827687
828149
828186
828418
828443
828509
828659
828723
828755
828776
828794
828954
829050
829069
829110
829217
829250
829270
829285
829430
829886
829937
829942
830040
830252
830288
830302
830386
830397
830429
830484
830793
830807
830858
830883
831559
831677
831812
832137
832380
832481
832567
832820
832934
833001
833553
833778
833883
834328
834334
834335
834383
834539
834557
834679
834705
834738
834753
834755
834800
834980
835039
835449
835505
835800
835885
835999
836082
836179
836398
836418
836458
836549
836551
836665
836849
836878
837087
837090
837210
837232
837267
837573
837833
837859
837866
837868
837948
837994
838042
838060
838113
838125
838202
838434
838459
838491
838577
838614
838773
838778
838852
838854
839257
839573
839956
840008
840123
840281
840410
840510
840545
840561
840762
840791
841031
841097
841156
841186
841207
841250
841400
841474
841507
841538
841794
841809
842020
842971
843079
843156
843520
843552
843691
843747
843784
843791
843825
843862
843892
844033
844035
844052
844205
844358
844434
844457
844473
844525
844664
844909
844982
845342
845425
845497
845575
845590
845591
845621
845641
845659
845882
846172
846353
846458
846490
846548
846551
846680
846747
847121
847158
847356
847389
847455
847653
847662
847673
847680
847733
847901
848294
848369
848401
848588
848643
848665
848712
848742
848916
849073
849074
849215
849490
849492
849747
849804
849864
849894
849998
850003
850005
850039
850043
850087
850097
850108
850359
850504
850543
850693
850702
850793
850816
850970
851002
851013
851147
851239
851308
851354
851407
851491
851551
851632
851680
851823
851909
851956
852210
852453
852847
852907
853077
853195
853384
853638
853675
853802
853986
854093
854286
854338
854441
854786
854979
855009
855018
855166
855210
855355
855645
855700
855732
855921
856134
856260
856268
856439
856518
856698
856898
857089
857168
857214
857242
857273
857332
857417
857528
857535
857555
857590
857674
857675
857747
857758
857964
857964
858021
858059
858181
858208
858347
858541
858548
858610
858647
858824
858864
858967
859066
859075
859142
859248
859355
859427
859431
859482
859664
859684
859749
859978
860015
860052
860111
860135
860226
860525
860598
860815
860880
860893
860960
860965
861064
861170
861218
861253
861314
861759
861938
862099
862216
862417
862500
862530
862767
862893
862998
863071
863145
863229
863482
863534
863589
863750
863965
864154
864178
864232
864240
864283
864325
864329
864454
864676
864769
864775
864820
864830
864858
865032
865048
865055
865055
865064
865301
865477
865479
865582
865583
865663
865796
865826
865835
865914
865961
866093
866268
866380
866401
866431
866496
866597
866676
866800
866823
866824
866938
867251
867267
867276
867473
867494
867668
867703
867731
867800
867832
867835
867854
867916
868231
868273
868294
868323
868476
868645
868684
868757
868802
868990
869242
869277
869374
869595
869672
869730
869755
869778
869830
869846
869888
869952
869966
870002
870005
870025
870026
870090
870126
870461
870585
870766
870874
870916
871039
871185
871347
871417
871477
871747
871877
871880
871987
871999
872106
872150
872151
872394
872459
872688
872721
872802
872845
872936
872961
873198
873312
873320
873322
873722
873761
873873
873882
873952
874147
874188
874190
874301
874349
874454
874492
874493
874586
874751
874755
874791
874953
875151
875181
875184
875324
875388
875391
875403
875806
875863
875989
876129
876256
876270
876734
876750
876893
876991
877058
877264
877371
877395
877513
877518
877749
877782
877831
877869
878034
878479
878490
878636
878653
878734
878824
879019
879101
879123
879137
879261
879531
880040
880133
880244
880303
880369
880422
880477
880559
880659
880904
880911
881013
881100
881190
881409
881440
881476
881494
881494
881514
881598
881747
881751
882045
882068
882280
882338
882371
882373
882415
882418
882801
882956
883053
883183
883297
883367
883486
883609
883836
883871
883963
884180
884180
884600
884813
884855
885104
885165
885217
885292
885378
885433
885528
885598
885707
885868
885965
885996
886047
886266
886381
886386
886410
886418
886480
886561
886638
886850
887018
887052
887084
887102
887407
887434
887534
887539
887582
887698
887831
888143
888198
888427
888484
888519
888721
889237
889339
889351
889574
889599
889745
889851
889933
889942
889949
890045
890101
890119
890312
890393
890449
890571
890961
890996
891130
891249
891270
891539
891831
892152
892305
892341
892469
892597
892600
892737
893107
893219
893244
893300
893350
893410
893412
893487
893509
893785
893792
893813
893955
894054
894106
894287
894374
894394
894554
894733
894807
894877
895058
895177
895220
895437
895544
895560
895581
895677
895728
895773
895795
895972
896204
896448
896492
896797
896973
897034
897116
897139
897215
897287
897385
897395
897549
897639
897703
897758
897826
897880
897912
897950
898028
898085
898149
898176
898248
898437
898528
898607
898744
898846
898979
899054
899078
899234
899236
899247
899508
899572
899693
899957
900078
900081
900096
900171
900178
900524
900541
900716
900759
900771
900860
900882
901189
901273
901386
901565
901664
901668
901696
901709
901711
901737
901958
902119
902209
902272
902293
902718
902844
902949
903138
903318
903882
903957
903985
904135
904141
904149
904183
904557
904589
904707
905231
905319
905418
905451
905553
905632
905857
905894
905986
905995
906057
906100
906169
906266
906287
906311
906313
906493
906538
906625
907064
907092
907302
907392
907552
907575
907749
907752
907780
907822
907830
907841
907874
907949
908009
908073
908083
908253
908263
908395
908415
908533
908733
908768
908974
909001
909105
909461
909564
909876
909960
910275
910317
910327
910336
910471
910489
910502
910565
910579
910677
910741
910773
910821
910852
910928
911017
911057
911101
911138
911283
911401
911574
911642
911679
911705
911706
911727
911731
911837
911930
912018
912286
912293
912363
912475
912477
912682
912962
912985
913088
913164
913167
913278
913279
913365
913420
913473
913575
913684
913753
913766
913894
913905
914103
914170
914174
914219
914544
914551
914671
914733
914735
915007
915022
915116
915146
915154
915280
915281
915332
915343
915354
915412
915506
915613
915641
915803
916136
916303
916318
916370
916385
916594
916595
916645
916674
916732
916738
916741
916779
916887
917030
917080
917162
917192
917204
917459
917652
917664
917778
917859
917873
918173
918270
918359
918439
918440
918482
918492
918534
918688
918728
918742
918793
919149
919213
919217
919289
919302
919336
919350
919371
919492
919501
919512
919531
919615
919658
920090
920158
920371
920469
920491
920508
920734
920744
920796
920825
920888
920895
920928
921074
921317
921318
921348
921390
921535
921591
921732
922142
922173
922297
922378
922382
922438
922558
922592
922648
922765
923053
923139
923392
923513
923528
923770
924096
924289
924343
924467
924605
924795
924862
924918
925122
925131
925151
925351
925403
925408
925523
925539
925631
925652
925758
925801
925840
925951
926038
926045
926191
926203
926265
926472
926530
926613
926691
926718
926772
926811
926869
926947
927688
927920
927929
928127
928185
928460
928550
928687
928693
928871
928896
929063
929320
929413
929531
929650
930133
930567
930607
930615
930686
930879
930884
931020
931063
931161
931185
931309
931667
931830
931872
932029
932362
932446
932533
932588
932721
932775
932834
932838
932926
933048
933097
933121
933349
933536
933621
933851
933972
933978
934031
934296
934318
934321
934538
934540
934650
934816
934907
934922
934934
934967
935068
935094
935124
935131
935289
935389
935545
935592
935789
935813
935856
935955
936131
936164
936220
936233
936248
936490
936508
936668
936732
936757
936884
936894
936962
937122
937134
937191
937224
937500
937774
937822
937911
937992
938021
938035
938053
938190
938263
938289
938468
938469
938992
939144
939195
939270
939411
939415
939533
939680
939933
940014
940046
940119
940182
940296
940335
940490
940542
940829
940835
940895
940972
941068
941170
941192
941216
941391
941411
941492
941524
941552
941661
941806
941825
941905
941988
942112
942282
942313
942822
942829
942953
943187
943295
943365
943574
943675
943697
943740
943899
943932
944078
944242
944494
944577
944590
944616
944628
944637
944722
944748
944762
944801
944839
945130
945145
945172
945224
945291
945323
945338
945390
945484
945532
945568
945585
945886
946009
946133
946429
946539
946596
946818
946921
947109
947192
947231
947424
947452
947505
947613
947622
947688
947958
948114
948145
948181
948348
948352
948526
948563
948578
948696
948698
948763
949004
949059
949074
949184
949212
949222
949321
949471
949559
949720
949943
949953
950327
950353
950397
950606
950859
950965
951057
951063
951171
951527
951585
951740
951929
951931
952441
952442
952455
952464
952551
952721
952761
952798
952799
952923
953147
953379
953400
953528
953547
953872
954021
954064
954189
954391
954407
954407
954487
954521
954542
954547
954568
954589
954683
954946
955053
955068
955094
955301
955403
955602
955606
955638
955838
955859
955970
955991
956001
956110
956697
956703
956776
956827
956913
957013
957014
957274
957596
957712
958042
958215
958457
958587
958622
958773
958811
958898
958937
958974
959012
959413
959505
959674
959820
959907
960185
960295
960327
960705
960712
960739
961091
961133
961159
961215
961340
961616
961649
961798
961816
961831
961836
961916
961980
962053
962241
962269
962284
962291
962331
962380
962586
962720
962846
963052
963123
963322
963365
963464
963512
963623
963664
963670
963696
963737
963766
963783
963874
963896
964438
964460
964518
964521
964535
964579
964605
964654
964662
964703
964765
964854
964979
965034
965120
965150
965198
965308
965342
965400
965449
966014
966092
966249
966270
966342
966598
966649
966729
966822
967125
967149
967165
967183
967245
967402
967479
967622
967794
967897
968265
968327
968372
968513
968528
968595
968633
968669
968690
968732
968855
968873
968962
969017
969200
969288
969422
969543
969612
969678
969812
969877
969940
970047
970080
970082
970159
970187
970245
970369
970369
970429
970435
970468
970477
970486
970547
970557
971126
971136
971269
971351
971502
971635
971659
971662
971679
971705
971766
971778
972087
972166
972210
972593
972634
972868
972879
973023
973089
973272
973345
973353
973528
973760
973920
974188
974469
974503
974545
974657
974710
974781
974783
974853
975021
975351
975411
975605
975879
976040
976241
976427
976516
976521
976538
976722
976952
977094
977186
977288
977293
977347
977349
977470
977602
977665
977738
977792
978280
978421
978626
978643
978704
978940
979239
979293
979641
979918
979993
980372
980378
980545
980555
980658
981406
981422
981467
981616
981645
981647
981687
981810
981969
981981
982006
982068
982069
982183
982202
982672
982699
982907
982908
983106
983335
983586
983597
983616
983679
983794
983806
983931
983962
984061
984127
984153
984168
984291
984307
984316
984530
984606
984633
984919
984967
984987
984990
985015
985186
985263
985348
985597
985762
986002
986119
986133
986213
986232
986526
986611
986716
986716
986777
986828
986867
986900
986960
987011
987019
987056
987138
987156
987160
987196
987210
987316
987362
987404
987408
987413
987429
987699
987752
987772
987786
987813
987823
988044
988101
988133
988159
988164
988234
988292
988293
988426
988549
988606
988621
989059
989166
989423
989469
989681
989718
989805
989828
989916
989984
989984
990000
990104
990237
990358
990635
990888
990890
990917
990945
990960
991023
991117
991257
991327
991428
991434
991661
991883
992339
992462
992542
993009
993180
993245
993315
993417
993575
993688
994027
994183
994214
994253
994613
994627
994793
994835
994910
995501
995542
995554
995637
995715
995758
995797
995804
995811
995917
996085
996231
996275
996353
996449
996778
996906
996913
997020
997055
997066
997280
997341
997653
997683
998137
998148
998236
998482
998813
998919
998948
999124
999209
999277
999341
999371
999398
999503
999637
999692
999767
999869
999876
999981
