121
172
435
691
817
862
958
1170
1281
1405
1429
1562
1687
1767
1808
1902
1949
2260
2312
2522
2605
2769
2828
2863
2915
3012
3017
3078
3194
3334
3527
3693
3707
3717
3724
3784
3825
4181
4269
4318
4416
4524
4665
4732
4761
4855
4986
5130
5262
5331
5366
5445
5547
5624
5636
5654
5817
5835
5880
6012
6385
6514
6687
6720
6802
7101
7111
7196
7336
7339
7661
7727
7772
7801
7931
8303
8436
8585
8693
8785
8934
8966
9046
9099
9137
9172
9265
9271
9291
9369
9460
9546
9565
9681
9751
9844
9987
10000
10017
10055
10177
10200
10296
10552
10584
10711
10725
10796
10925
11063
11071
11198
11209
11386
11425
11621
11826
11827
11953
12411
12446
12506
12593
12613
12654
12795
12839
12863
13098
13130
13169
13311
13374
13456
13531
13544
13547
13643
13954
13955
14113
14172
14238
14247
14340
14487
14583
14593
14665
14706
14713
14915
14968
14972
15013
15192
15229
15290
15633
15641
15705
15773
15825
15903
15926
15999
16149
16196
16224
16479
16640
16749
16893
16936
16945
17032
17184
17203
17214
17291
17417
17562
17568
17595
17634
18175
18214
18235
18238
18447
18477
18477
18515
18549
18609
18653
18691
18712
18910
18964
19045
19085
19130
19302
19702
19767
19938
19987
20016
20121
20193
20210
20438
20600
20721
20734
20811
20903
20967
21053
21091
21201
21339
21429
21581
21649
21666
21739
22075
22262
22325
22393
22657
22809
22896
23303
23340
23384
23829
23927
24091
24382
24591
24612
24693
24788
24837
24858
24860
25129
25145
25188
25233
25374
25457
25586
25661
25911
26052
26090
26161
26167
26230
26237
26314
26336
26408
26444
26504
26714
26722
26736
26870
26982
27057
27149
27776
27976
28138
28306
28331
28487
28589
28796
28830
28842
28916
29253
29323
29406
29428
29454
29465
29485
29741
29742
29778
29889
29934
30095
30259
30314
30411
30554
30590
30803
31106
31150
31169
31175
31197
31199
31212
31224
31256
31339
31386
31562
31565
31629
31684
31699
31782
31857
31871
31949
32251
32290
32313
32395
32433
32574
32613
32906
32973
32979
33002
33199
33268
33414
33422
33714
33804
33910
33967
34055
34165
34173
34337
34400
34688
34767
35027
35242
35280
35291
35312
35423
35443
35525
35555
35640
35647
35792
35884
36045
36155
36162
36203
36210
36248
36432
36463
36510
36804
36824
36994
37028
37080
37535
37670
37830
37877
37907
38130
38290
38524
38624
38715
38890
38903
38919
38960
39112
39133
39166
39225
39319
39433
39442
39448
39515
39540
39540
39620
39642
39886
40055
40097
40282
40341
40442
40450
40507
40558
40649
40684
40750
40799
41086
41340
41474
41478
41578
41594
41619
41722
41786
41812
41931
42123
42336
42414
42440
42531
42598
42624
42644
42682
42747
42777
42965
43060
43171
43261
43280
43284
43299
43448
43476
43661
43661
43699
43760
43780
43922
43942
43972
44092
44093
44135
44322
44398
44441
44571
44650
44684
44748
44812
44907
45062
45208
45424
45748
45750
46060
46128
46219
46274
46289
46310
46339
46363
46417
46472
46563
46656
46784
46864
46938
47086
47159
47197
47312
47383
47400
47497
47526
47588
47873
48074
48176
48236
48712
48712
49003
49089
49153
49314
49407
49446
49473
49500
49545
49545
49577
49624
49693
49707
49733
49823
49860
49907
49908
49912
50011
50142
50174
50183
50360
50373
50391
50392
50442
50483
50675
50827
50861
50993
50998
51010
51040
51155
51162
51205
51377
51394
51403
51514
51624
51627
51705
51826
52075
52146
52162
52255
52325
52425
52429
52516
52577
52709
52871
53014
53316
53367
53436
53485
53600
53744
53868
53878
53925
54123
54214
54229
54258
54311
55105
55232
55463
55641
55758
55788
55794
55847
56046
56065
56077
56302
56395
56412
56501
56560
56792
57005
57226
57353
57368
57393
57752
57932
58493
58727
58796
58828
58920
58924
59010
59023
59041
59096
59183
59363
59456
59483
59738
59806
59857
59926
59930
60013
60059
60324
60349
60383
60436
60491
60509
60529
60803
60841
60886
61001
61016
61550
61574
61807
61977
62234
62288
62517
62528
62592
62725
62831
62878
62884
63039
63294
63661
63663
63683
63743
64013
64159
64398
64409
64566
64628
64678
64868
64972
65030
65118
65217
65226
65322
65499
65601
65671
65705
65740
66097
66282
66290
66324
66427
66584
66611
66639
66652
66681
66724
66725
66785
66969
67286
67483
67543
67931
67949
67999
68092
68155
68195
68233
68371
68400
68430
68546
68621
68666
68849
68903
68986
69256
69374
69377
69413
69580
69584
69680
69812
70089
70140
70353
70547
70550
70721
70909
71118
71199
71332
72170
72298
72630
72645
72757
72760
72811
72924
73063
73193
73269
73288
73314
73574
73635
73668
73780
73845
73858
74082
74104
74107
74108
74393
74729
74774
74795
74861
74970
74982
75095
75197
75264
75288
75405
75423
75485
75523
75622
75718
75868
75979
76083
76370
76434
76505
76527
76657
76782
76895
77141
77236
77277
77444
77448
77507
77526
77562
77590
77904
78094
78205
78367
78375
78412
78718
78797
78823
78832
79028
79050
79099
79102
79136
79136
79167
79286
79569
79661
79808
79904
80076
80086
80642
80754
80897
81040
81053
81303
81415
81451
81563
81653
81656
81688
81743
81973
81973
82418
82517
82531
83165
83278
83415
83471
83508
83843
83950
83985
84016
84124
84178
84219
84351
84428
84781
84817
84861
84967
84977
84995
85118
85135
85145
85306
85381
85625
85634
85838
85906
85975
86013
86226
86266
86372
86454
86518
86956
86992
87013
87108
87175
87210
87253
87367
88001
88292
88345
88373
88533
88750
88876
88898
88922
89015
89143
89174
89682
89734
89826
89955
90015
90070
90142
90233
90453
90548
90797
91026
91040
91111
91262
91351
91352
91391
91470
91487
91732
91864
91906
91919
92035
92068
92137
92207
92293
92569
92669
92703
92775
92810
92837
92871
92989
93085
93241
93667
93691
93711
93845
93925
94000
94029
94146
94180
94217
94226
94305
94394
94459
94497
94551
94585
94622
94734
94767
94779
94840
95214
95337
95378
95397
95433
95488
95488
95701
95778
95847
95935
95983
96070
96248
96332
96415
96468
96661
96799
96928
96928
96958
97294
97344
97615
97662
97692
97720
97912
98089
98115
98280
98674
98714
98846
98981
99009
99333
99358
99410
99535
99598
99679
99855
99924
99934
99960
100017
100063
100070
100084
100182
100379
100442
100561
100620
100703
100966
101001
101044
101209
101260
101384
101392
101647
101736
101756
101823
101823
101836
101975
102050
102385
102471
102574
102584
102621
102779
102889
103098
103365
103455
103493
103497
103508
103549
103580
103753
103768
103802
103862
104050
104078
104184
104300
104654
104815
104897
105021
105045
105091
105170
105227
105230
105353
105363
105501
105556
105585
105903
106167
106176
106301
106314
106421
106521
106593
106604
106721
106742
107031
107042
107066
107079
107163
107210
107252
107539
107574
107670
108012
108018
108144
108219
108233
108243
108289
108325
108343
108568
108583
108622
108697
108800
108826
108932
109607
109640
109744
109850
109899
110316
110325
110475
110650
110803
110880
110915
111156
111325
111432
111507
111810
111886
111913
112065
112221
112291
112429
112560
112686
112831
113064
113072
113093
113247
113300
113344
113399
113465
113546
113610
113694
113721
113791
113825
113828
113902
113904
113907
114149
114173
114341
114364
114440
114496
114535
114588
114991
115100
115106
115384
115431
115536
115542
115548
116009
116051
116091
116166
116297
116315
116316
116487
116575
116651
116824
116995
117000
117002
117075
117326
117377
117534
117773
117781
117804
117840
117941
118127
118154
118158
118167
118236
118311
118331
118371
118497
118529
118625
118646
118755
118817
118823
119053
119080
119167
119182
119214
119251
119278
119332
119383
119462
119463
119553
119558
119646
119646
119904
119992
120002
120094
120209
120243
120520
120606
120620
120787
121071
121117
121157
121181
121189
121262
121328
121460
121561
121720
121768
121898
122253
122253
122312
122367
122386
122461
122832
122916
123067
123184
123216
123365
123372
123422
123424
123445
123494
123514
123725
123764
123777
123832
123903
123924
124006
124118
124138
124162
124281
124282
124344
124423
124440
124680
124754
124840
124999
125064
125372
125477
125535
125847
126077
126105
126463
126719
126748
126840
126842
126921
127031
127331
127438
127589
127720
127739
127770
127809
127927
128029
128092
128102
128106
128107
128125
128141
128149
128220
128228
128336
128364
128395
128441
128468
128549
128551
128560
128568
128632
128651
128667
128675
128685
128908
128920
128979
129348
129373
129381
129381
129454
129522
129579
129611
129815
129945
129954
129965
129995
130036
130317
130390
130402
130567
130569
130692
130740
130881
130900
130900
131095
131232
131246
131286
131514
131793
132375
132399
132512
132525
132578
132816
133048
133088
133267
133290
133333
133432
133449
133484
133584
133616
133627
133647
134063
134118
134121
134145
134197
134307
134329
134401
134419
134666
134793
134874
135039
135048
135298
135318
135335
135459
135487
135608
135633
135646
135842
135843
136382
136574
136597
136701
136748
136838
136840
136930
137041
137207
137278
137326
137336
137340
137362
137457
137745
137963
138085
138114
138148
138438
138519
138559
138588
138672
138674
138742
138769
138803
138945
139177
139347
139356
139504
139785
139837
139984
139986
140147
140192
140382
140512
140746
140769
140904
140936
141493
141518
141576
141599
141668
141672
141713
141944
141980
142108
142125
142128
142175
142176
142233
142249
142454
142480
142670
142682
142744
142804
142815
142899
142936
142941
143141
143339
143341
143521
143660
143719
144003
144077
144118
144149
144234
144394
144417
144704
144763
144773
144907
144921
144983
145018
145022
145244
145261
145268
145340
145460
145484
145690
145730
146023
146058
146093
146454
146521
146752
146788
146799
146907
146937
146948
147254
147286
147368
147413
147493
147821
147841
147869
148212
148277
148281
148305
148384
148503
148514
148739
148744
148915
148941
149050
149078
149372
149424
149660
149753
149779
149806
149911
149917
149918
149982
150000
150120
150123
150125
150150
150279
150333
150478
150567
150568
150618
150697
150700
150958
150975
151272
151359
151569
151644
151727
151735
151774
151841
151913
151958
152039
152062
152069
152257
152258
152429
152444
152452
152457
152480
152611
152708
152928
153141
153322
153445
153473
153557
153559
153575
153596
153744
154193
154242
154479
154577
154656
154707
154853
154944
155019
155198
155306
155693
155711
155761
155864
156145
156211
156310
156312
156359
156516
156533
156675
156824
156864
156881
156892
156915
157651
157753
157834
157978
157993
158010
158036
158126
158377
158499
158520
158553
158685
158721
158893
159458
159521
159625
159692
159745
159802
159813
159847
160000
160145
160247
160316
160383
160668
160691
160807
160913
160916
161015
161248
161310
161331
161541
161684
161802
161908
161992
162050
162087
162206
162265
162414
162542
162656
162847
162930
162990
163012
163126
163216
163217
163314
163497
163597
163823
163850
163967
163984
164043
164246
164442
164685
164746
164750
164783
164922
165080
165112
165168
165168
165244
165298
165342
165412
165413
165424
165625
165654
165706
165722
165763
166054
166085
166261
166365
166482
166517
166577
166682
166825
166855
167110
167174
167178
167439
167531
167646
167753
167969
168134
168521
168566
168658
168942
169010
169195
169502
169702
169863
169913
169920
170039
170175
170267
170302
170446
170521
170884
170907
170952
171392
171406
171594
171741
172153
172231
172241
172421
172483
172604
172659
172672
172730
172790
172791
172828
172840
172844
172912
172924
172942
173167
173586
174098
174197
174239
174437
174824
174994
174998
175051
175361
175444
175481
175778
175869
175883
175898
175971
176056
176077
176080
176256
176265
176274
176305
176314
176315
176370
176427
176561
176575
176632
176695
176733
176750
176777
176789
176814
176873
177041
177059
177116
177164
177169
177455
177461
177618
177619
177674
177898
178122
178218
178344
178390
178439
178546
178604
178634
178934
178960
179288
179357
179528
179637
179748
179812
179909
179915
180094
180171
180281
180333
180578
180776
181121
181255
181303
181400
181521
181540
181643
181644
181672
181771
181812
182372
182413
182588
182593
182665
182753
182838
182957
183104
183114
183256
183493
183508
183570
183588
183958
183961
184086
184233
184272
184367
184408
184423
184521
184553
184704
184788
184885
185025
185099
185268
185540
185835
186027
186112
186171
186175
186196
186350
186381
186447
186466
186502
186681
186775
186800
186838
186912
187150
187212
187272
187330
187468
187578
187870
187899
188014
188058
188142
188184
188547
188746
188803
188862
188869
189127
189140
189280
189376
189517
189655
189662
189712
189833
189833
189944
190068
190142
190175
190258
190342
190475
190493
190780
190810
190825
190842
190997
191012
191132
191153
191168
191192
191256
191273
191279
191324
191347
191417
191525
191591
191689
191811
191851
191912
192068
192205
192242
192273
192398
192573
192687
192770
192867
193062
193069
193322
193378
193598
193612
193749
193773
193976
193982
193995
194037
194149
194216
194238
194294
194428
194544
194621
194655
194976
195660
195804
196120
196121
196132
196185
196249
196627
196723
196795
196941
196971
197076
197077
197123
197699
197905
197918
197921
198007
198468
198511
198516
198518
198693
198731
198735
198875
198918
198921
198979
199008
199019
199205
199393
199676
199959
200179
200327
200453
200873
200920
200927
201009
201210
201216
201276
201389
201461
201473
201480
201600
201633
202060
202096
202140
202203
202475
202478
202534
202580
202598
202741
202812
202860
202988
203317
203505
203840
203949
204191
204421
204454
204477
204646
204727
204799
204882
205089
205091
205296
205653
205735
205789
205879
205890
205927
206164
206436
206675
206718
206858
206960
206998
207155
207437
207475
207503
207533
207615
207662
207717
207721
207759
207973
208033
208149
208237
208310
208317
208388
208428
208444
208615
208790
208836
208911
208974
209058
209061
209113
209260
209271
209466
209489
209645
209655
209664
210075
210230
210303
210813
210855
211021
211230
211301
211307
211512
211589
211783
211807
211919
212115
212170
212203
212247
212268
212330
212477
212598
212626
212655
212660
212709
212713
212901
213039
213087
213109
213147
213265
213425
213460
213463
213491
213623
213761
213860
213924
213970
214030
214346
214444
214528
214620
214651
214831
215014
215161
215222
215336
215372
215657
215935
216214
216266
216394
216439
216533
216780
216846
217274
217311
217351
217361
217407
217510
217596
217623
217635
217672
217893
217985
218011
218093
218187
218312
218413
218463
218463
218528
218612
218633
218693
218734
218781
218881
218920
218974
219009
219099
219229
219306
219340
219365
219504
219518
219519
219588
219625
219632
219742
219809
219848
219896
220025
220044
220244
220424
220583
220693
220714
220935
221268
221272
221400
221553
221590
221611
221744
221972
222117
222248
222269
222434
222496
222769
223015
223021
223054
223124
223166
223212
223220
223446
223685
223762
224255
224295
224300
224501
224844
224989
225004
225139
225186
225204
225301
225582
225674
225742
225848
225873
225892
225960
225964
226306
226351
226581
226805
227030
227094
227401
227505
227514
227689
227732
227829
228013
228144
228154
228163
228221
228243
228245
228313
228461
228551
228593
228601
228705
228866
228958
229003
229028
229072
229299
229765
229788
229832
229841
229856
229869
229873
229874
230029
230032
230093
230221
230288
230347
230423
230505
230523
230575
230773
230792
230903
230920
231011
231096
231131
231146
231158
231160
231214
231535
231585
231804
231905
232143
232145
232428
232511
232657
232782
233059
233239
233270
233282
233291
233317
233428
233556
233556
233778
233970
234149
234161
234352
234370
234462
234487
234630
234893
235341
235461
235665
235710
235766
235848
235977
236020
236248
236269
236462
236510
236534
236619
236923
236942
237075
237307
237320
237349
237401
237427
237436
237494
237554
237720
237847
237866
237958
237999
238028
238243
238246
238289
238299
238301
238357
238437
238476
238740
238815
238857
238939
238944
239013
239382
239398
239429
239453
239471
239494
239743
239982
240363
240371
240462
240597
240601
240656
240859
240871
240933
241014
241032
241159
241231
241290
241422
241590
241621
241745
242073
242116
242178
242400
242450
242520
242525
242743
242770
242816
242828
242934
243175
243183
243585
243704
243756
243759
243767
243771
243967
244076
244120
244295
244328
244408
244450
244518
244579
244668
244706
244842
244844
244849
244923
244946
245172
245196
245325
245451
245468
245603
245814
246119
246166
246565
246581
246855
246874
246933
247100
247175
247194
247318
247382
247434
247618
247667
247694
247818
247996
248330
248535
248550
248732
249158
249391
249447
249554
249768
249804
249827
250397
250501
250715
250735
250820
250843
250869
250884
250896
251059
251074
251143
251352
251396
251437
251702
251877
252031
252081
252183
252231
252386
252428
252494
252566
253254
253357
253436
253640
253689
253820
253824
253933
253942
254016
254115
254138
254273
254315
254349
254464
254477
254502
254512
254571
254653
254731
254734
254998
255254
255336
255346
255352
255876
255877
255894
256114
256341
256469
256643
256679
256782
256878
256884
256933
257044
257087
257141
257314
257345
257638
257656
257768
257929
257965
258109
258121
258230
258485
258488
258509
258563
258599
258824
258901
258930
259172
259209
259213
259275
259428
259452
259525
259643
259677
259767
259825
260029
260162
260186
260215
260272
260661
260666
260760
260875
260963
261052
261074
261121
261133
261231
261454
261714
261863
261874
261940
261962
262006
262019
262108
262264
262377
262529
262633
262825
262947
263170
263320
263371
263404
263649
263695
263788
263893
264025
264102
264194
264328
264370
264378
264527
264614
264628
264893
264913
264948
265046
265056
265056
265056
265135
265187
265225
265231
265232
265241
265339
265464
265558
265572
265952
266144
266198
266264
266323
266361
266440
266569
266626
266748
266953
267008
267058
267089
267212
267250
267353
267706
267825
267913
268123
268231
268246
268263
268298
268403
268433
268635
268721
268730
268734
268850
268902
268927
269000
269105
269359
269492
269803
269946
269983
270099
270106
270608
270649
270763
270768
270885
270908
270982
271037
271088
271117
271159
271208
271227
271269
271322
271409
271626
271722
271821
272041
272264
272366
272495
272967
273186
273194
273504
273600
273782
273873
274083
274117
274229
274286
274364
274403
274636
274821
274823
275114
275500
275600
275617
275726
275766
275801
275814
275868
276220
276246
276287
276290
276408
276469
276513
276717
276725
277128
277193
277278
277417
277476
277514
277557
277584
277619
277879
277888
278024
278164
278177
278228
278284
278286
278307
278359
278394
278412
278444
278662
278902
278910
279010
279041
279053
279266
279505
279555
279646
279653
279787
279886
279979
280046
280161
280294
280430
280483
280568
280676
280694
280750
280878
280898
281115
281306
281372
281598
281643
281770
281889
281918
281944
282192
282192
282294
282574
282671
282726
282739
282872
282937
282967
283169
283253
283277
283398
283853
283855
283882
283951
284542
284634
284789
284794
284847
284868
285208
285238
285287
285296
285657
285676
285708
285818
285979
286050
286107
286176
286197
286200
286434
286636
286656
286791
286876
287025
287128
287269
287304
287382
287449
287577
287685
287687
287691
287744
287831
287848
288026
288152
288382
288478
288545
288632
288646
288708
288747
288916
288940
288987
289103
289140
289345
289348
289456
289730
289947
290084
290224
290337
290486
290494
290499
290632
290732
290822
290846
290991
291194
291332
291405
291428
291578
291617
291718
291779
291867
292069
292082
292134
292541
292552
292554
292581
292697
292908
292909
293017
293154
293238
293480
293497
293629
293631
293706
293738
293822
293824
294003
294044
294111
294159
294168
294240
294490
294513
294517
294523
294640
294664
294699
294725
294760
294803
294990
294993
295017
295027
295082
295218
295299
295411
295429
295461
295593
295603
295623
295652
296059
296148
296258
296537
296556
296642
296825
296879
296997
297036
297038
297161
297303
297357
297556
297694
297717
297908
297975
297996
298025
298247
298258
298486
298691
298768
299130
299168
299281
299449
299612
299642
299838
299893
300101
300264
300300
300477
300587
300678
300783
300817
300941
301078
301231
301298
301306
301467
301536
301719
301855
301882
301993
302060
302152
302197
302256
302499
302506
302756
302822
302932
303066
303135
303401
303488
303700
303892
304008
304057
304250
304323
304594
304645
304654
304867
304992
305223
305271
305440
305488
305665
305891
305924
306013
306111
306177
306200
306323
306331
306344
306470
306772
306825
306881
306977
307123
307149
307230
307382
307560
307673
307702
307742
307844
307967
308009
308067
308073
308093
308193
308341
309052
309086
309281
309334
309542
309582
309613
309661
309673
309926
310024
310106
310134
310167
310456
310570
310616
310638
310705
310723
311120
311173
311206
311227
311310
311394
311490
311608
311610
311728
311873
311931
312091
312425
312563
312578
312700
312724
312725
312978
312990
313225
313396
313619
313819
313876
313912
314181
314234
314244
314355
314402
314478
314488
314566
314864
315007
315015
315120
315155
315187
315459
315673
315703
315705
315782
315911
316156
316490
316539
316541
316583
316674
316730
316984
317035
317049
317239
317304
317367
317637
318376
318520
318706
318781
318818
318861
318994
319137
319219
319534
319604
319715
319773
319952
320073
320136
320233
320307
320335
320621
320680
320703
321152
321173
321187
321239
321471
321544
321585
321603
321646
321779
321811
321959
321980
322136
322319
322358
322419
322472
322621
322821
322937
322960
323209
323328
323357
323436
323499
323636
323821
323841
324012
324064
324101
324115
324185
324225
324386
324408
324442
324762
324938
325041
325053
325067
325094
325153
325237
325263
325271
325272
325465
325559
325592
325678
325734
325759
325941
325987
326094
326379
326516
326568
326607
326939
327023
327182
327446
327448
327461
327551
327567
327612
327776
327818
328053
328056
328091
328116
328129
328197
328207
328222
328270
328322
328580
328589
328648
328771
328776
328801
328868
328909
328914
328954
328994
329020
329048
329051
329164
329251
329251
329578
329661
329691
329703
329868
330303
330315
330407
330496
330581
330597
330598
330679
330932
330957
331144
331150
331174
331187
331232
331274
331294
331345
331364
331558
331646
331902
332062
332210
332290
332456
332580
332632
332636
332645
332664
332726
332822
332871
332892
332893
332924
333284
333381
333442
333539
333705
333765
333766
333785
333981
333996
334015
334109
334114
334327
334445
334594
334749
334944
335182
335184
335275
335447
335502
335566
335609
335646
335763
335776
336049
336061
336080
336153
336223
336424
336507
336546
336883
336952
336957
337044
337260
337291
337311
337353
337422
337606
337686
337707
337722
337859
337986
338021
338100
338200
338200
338284
338541
338856
338921
339142
339142
339156
339212
339349
339428
339455
339457
339609
339800
339821
339883
339902
339925
339942
339960
339974
340094
340146
340218
340232
340302
340354
340375
340756
340984
341094
341104
341126
341141
341166
341427
341453
341547
341551
341642
341650
341685
341713
341721
341785
341811
341919
341933
341974
342137
342220
342289
342481
342864
343196
343256
343315
343395
343507
343749
343897
343985
344205
344209
344216
344383
344615
344654
344823
344825
344927
345040
345069
345236
345396
345403
345480
345649
345736
345786
345797
345799
345805
345831
345984
346067
346136
346303
346394
346569
346762
346837
346896
346993
347128
347461
347494
347521
347567
347696
347698
347715
347733
347773
347943
347948
348012
348160
348406
349061
349064
349149
349242
349332
349346
349713
350001
350041
350089
350245
350666
350714
350771
350774
350780
350900
350924
351103
351166
351218
351268
351449
351527
351636
351687
351878
352007
352111
352111
352317
352336
352418
352433
352499
352683
352724
352939
353031
353123
353165
353236
353237
353257
353275
353412
353419
353440
353486
353600
353634
353638
353712
354032
354139
354168
354193
354442
354585
354662
354710
354813
354936
354949
355619
355750
355784
355815
355901
356013
356086
356168
356276
356284
356353
356617
356620
356640
356656
356691
356697
356710
356737
356742
356912
357044
357051
357123
357221
357295
357413
357543
357722
357789
357922
357956
358011
358052
358151
358514
358538
358572
358608
358676
358796
358852
358874
358882
358940
358978
359013
359061
359426
359469
359475
359492
359493
359563
359661
359667
359907
360161
360238
360276
360295
360499
360803
360812
360971
361066
361106
361117
361202
361291
361354
361380
361399
361522
361529
361558
361854
361885
362155
362385
362434
362825
362846
362914
362969
362973
363072
363151
363232
363348
363374
363395
363400
363426
363522
363580
363687
363783
364224
364322
364658
364675
364718
364743
364845
364967
365017
365092
365186
365225
365281
365298
365298
365313
365327
365377
365492
365577
365603
365647
365662
365823
365840
365886
365939
366100
366161
366193
366244
366327
366686
366822
366859
366925
366935
367032
367219
367256
367347
367394
367482
367520
367864
367874
368109
368543
368716
368771
368871
368906
369111
369245
369265
369561
369652
369730
369792
369794
369832
369833
369862
369865
369870
370042
370259
370364
370366
370560
370610
370750
370910
370983
371217
371218
371394
371497
371544
371568
371634
371742
371781
371781
371913
372226
372261
372272
372419
372510
372688
372938
372972
373224
373226
373260
373471
373531
373598
373800
373985
373992
374008
374011
374072
374313
374548
374550
374587
374664
374703
374718
375108
375426
375715
375717
375724
375734
375763
376083
376093
376255
376371
376400
376462
376468
376524
376724
376916
377167
377236
377246
377266
377319
377341
377415
377515
377599
377814
377852
377908
378127
378131
378143
378201
378293
378332
378402
378426
378715
378980
378988
379141
379390
379423
379482
379590
380000
380128
380136
380270
380403
380416
380418
380502
380591
380754
380822
380919
380928
380949
381007
381148
381248
381909
381912
381934
382130
382174
382292
382307
382356
382397
382515
382705
382708
382740
382843
382887
383009
383141
383265
383333
383343
383432
383488
383581
383683
383687
383862
383883
384008
384015
384042
384068
384151
384407
384497
384563
384853
384866
384880
384955
385102
385115
385188
385419
385492
385513
385742
385876
386016
386028
386182
386352
386525
386822
386849
387107
387157
387253
387310
387358
387447
387457
387703
387873
387919
388170
388238
388413
388523
388599
388706
388715
388802
388962
388976
388996
389018
389101
389302
389309
389381
389440
389685
389724
389943
390051
390216
390264
390309
390316
390334
390364
390365
390429
390500
390545
390679
390997
391007
391028
391055
391170
391362
391367
391438
391506
391518
391787
391833
392352
392365
392413
392418
392445
392854
393203
393334
393429
393508
393530
393546
393606
393717
393762
393892
394042
394178
394221
394225
394356
394391
394414
394428
394569
394620
394631
394787
394795
394844
395040
395196
395253
395282
395323
395344
395600
395720
395734
396195
396352
396529
396535
396709
396792
396819
397112
397136
397146
397148
397250
397307
397358
397479
397572
397628
397628
397639
397781
397844
397983
398234
398290
398731
398802
398837
398939
399029
399038
399249
399266
399328
399697
399718
399945
399953
399976
399993
400123
400179
400227
400512
400590
400640
400678
400759
400760
400861
400871
401070
401333
401438
401503
401562
401601
401628
401807
401807
402234
402287
402336
402407
402556
402578
402812
402952
402982
403148
403233
403343
403382
403447
403564
403776
403819
403954
404013
404073
404144
404204
404211
404408
404601
404646
405137
405264
405499
405594
405651
405710
406074
406284
406323
406513
406568
406608
406730
406747
406880
406911
406926
407278
407402
407417
407450
407507
407527
407711
407812
407819
407835
407986
407992
408001
408117
408296
408675
408744
408768
408819
408998
409141
409181
409443
409526
409786
409882
409962
410046
410069
410297
410319
410453
410505
410522
410586
411044
411235
411275
411398
411448
411533
411794
411840
411887
412107
412540
412726
412750
412760
412797
412841
413058
413105
413135
413145
413253
413336
413359
413363
413440
413481
413543
413551
413664
413810
413898
414058
414114
414147
414163
414181
414238
414284
414427
414558
414612
414650
414684
414748
414784
414823
415003
415084
415110
415366
415597
415753
416032
416042
416169
416172
416199
416381
416412
416491
416688
416700
416886
416904
417066
417252
417262
417292
417421
417468
417643
417755
417816
417818
417995
418031
418240
418272
418356
418361
418557
418637
418747
419038
419059
419131
419151
419316
419390
419427
419430
419827
419950
420087
420243
420247
420295
420474
420969
421123
421178
421200
421464
421552
421622
422022
422085
422177
422385
422466
422638
422646
422677
422732
422946
423011
423041
423060
423214
423265
423355
423509
423520
423549
423795
423978
424006
424012
424145
424166
424167
424305
424406
424434
424499
424508
424533
424593
424617
424817
424865
424993
425030
425061
425150
425706
425743
425744
426099
426101
426242
426314
426494
426601
426659
426772
426819
427312
427316
427326
427344
427370
427565
427588
427777
427797
427856
427981
427983
428024
428150
428347
428602
428624
428671
428818
428827
428969
429086
429114
429131
429159
429269
429687
429759
429846
429940
430094
430110
430145
430159
430291
430331
430382
430633
430725
430748
430835
430868
430904
431010
431031
431336
431370
431458
431505
431607
431607
431663
431914
432241
432366
432497
432540
432691
432746
433160
433202
433225
433324
433363
433432
433484
433588
433654
433655
433693
433744
433885
433937
433973
434023
434087
434104
434276
434396
434399
434501
434550
434558
434638
434648
434802
434823
434861
435004
435173
435202
435358
435534
435623
435672
435759
436116
436178
436195
436328
436393
436490
436719
436784
436787
436798
436804
437038
437181
437312
437397
437447
437451
437590
437679
437692
437697
437731
437736
437743
437782
437872
437879
437935
438093
438132
438195
438353
438683
438712
438854
439085
439327
439431
439447
439465
439570
439589
439782
439810
439954
440131
440142
440331
440558
440579
440899
440949
441110
441211
441316
441344
441345
441505
441586
441606
441735
441749
441775
441810
441909
442212
442250
442256
442350
442513
442522
442532
442741
442883
443004
443070
443288
443404
443784
443828
444205
444293
444453
444543
444629
444682
444845
444896
444945
445085
445312
445341
445345
445528
445693
445823
445832
445896
445918
446143
446311
446376
446406
446484
446523
446642
446646
446849
446957
447095
447227
447311
447314
447345
447557
447712
447777
447835
448044
448123
448145
448195
448245
448256
448373
448546
448645
448740
448822
449325
449349
449451
449466
449713
449741
449801
449866
450034
450061
450197
450221
450263
450557
450584
450649
450824
450860
451049
451072
451148
451164
451178
451241
451381
451626
451640
451797
451823
451829
451993
452053
452126
452231
452235
452254
452325
452334
452373
452389
452459
452519
452536
452626
452769
452828
452832
452860
452867
452963
453033
453055
453201
453359
453404
453820
453943
454008
454069
454267
454324
454450
454460
454464
454641
454660
454724
454778
454859
454889
454950
455026
455099
455275
455321
455493
455536
455664
455830
456060
456222
456301
456322
456358
456409
456569
456843
457023
457088
457113
457212
457302
457465
458093
458222
458280
458472
458483
458489
458539
458622
458690
458760
458849
458901
459016
459128
459179
459221
459248
459266
459308
459315
459327
459442
459457
459499
459606
459685
459686
459701
459744
459782
459809
459872
459923
459952
459967
460172
460183
460215
460425
460515
460597
460778
460882
461244
461252
461380
461560
461962
462005
462046
462202
462238
462263
462661
462696
462906
463027
463556
463570
463815
463829
463885
463986
464034
464078
464254
464308
464378
464433
464547
464579
464720
464733
464760
464794
464889
464922
465185
465233
465238
465472
465618
465692
465779
465892
466104
466125
466155
466197
466201
466264
466420
466899
466904
467044
467073
467109
467210
467367
467386
467669
468014
468018
468148
468160
468272
468363
468398
468546
468663
468684
468877
468908
469001
469066
469398
469398
469415
469506
469719
469768
469961
470010
470092
470112
470113
470619
470780
470804
471095
471129
471173
471221
471227
471251
471476
471623
471667
471683
471723
471784
471842
471919
472094
472104
472248
472470
472589
472609
472623
472758
472945
473138
473174
473187
473384
473544
473657
473672
473760
473901
473913
473919
473928
474090
474435
474522
474678
474751
474835
474837
474948
475070
475112
475147
475215
475382
475383
475477
475526
475594
475606
475616
475705
475723
475740
475840
475951
475991
476086
476231
476274
476424
476536
476566
476746
476824
476875
476888
476908
476946
477040
477089
477292
477388
477456
477458
477596
477806
477915
477953
478080
478136
478296
478299
478478
478495
478709
478776
478902
478933
479252
479273
479348
479366
479379
479515
479598
479606
479707
479716
479872
480042
480215
480321
480373
480531
480574
480691
480749
480944
480972
480981
480990
481024
481066
481091
481266
481329
481448
481465
481640
481738
481990
482078
482089
482258
482327
482419
482645
482833
482839
483024
483066
483209
483297
483669
483773
483887
483941
483967
483967
484028
484051
484081
484129
484191
484412
484425
484483
484651
484740
484775
484792
484817
484843
484960
484974
485031
485036
485098
485202
485625
485820
485969
486071
486191
486269
486325
486357
486412
486438
486493
486572
486616
486616
486824
486958
487015
487141
487272
487281
487319
488073
488189
488311
488331
488397
488563
488767
488796
488878
488906
489117
489366
489399
489647
489649
489882
489885
489930
490236
490237
490297
490314
490357
490500
490651
490707
490737
490880
490919
490954
491027
491034
491058
491062
491109
491137
491224
491385
491689
491775
491809
491860
491904
492060
492259
492397
492553
492591
492740
492792
492816
492970
493110
493138
493217
493243
493616
493618
493782
494431
494481
494488
494511
495104
495244
495315
495328
495458
495502
495528
495529
495633
495651
495658
495740
495917
496028
496094
496133
496212
496256
496277
496382
496382
496572
496584
496601
496605
496872
496878
497137
497331
497336
497343
497472
497507
497514
497566
497699
497756
497853
497882
497895
498016
498029
498056
498120
498344
498463
498578
498933
499076
499337
499614
499695
499712
499721
499806
500039
500053
500078
500097
500100
500170
500381
500391
500542
500615
500747
500799
500868
500919
501332
501407
501602
501858
501925
502097
502133
502253
502580
502772
503007
503036
503100
503160
503188
503361
503423
503441
503631
503769
503856
503921
503934
503966
504004
504034
504061
504082
504452
504576
504646
504658
504692
504912
504916
504936
505019
505285
505566
505602
505657
505663
505667
505802
505904
506044
506229
506301
506491
506693
506752
506795
506875
506957
507013
507022
507176
507239
507247
507362
507374
507442
507474
507579
507588
507682
507899
508062
508174
508230
508379
508844
508962
508978
509058
509134
509206
509423
509443
509486
509590
509600
509667
509726
510046
510150
510234
510285
510570
510589
510668
510716
510848
510884
510941
511152
511166
511178
511446
511647
511726
511928
512018
512056
512088
512096
512211
512572
512577
512636
512661
512755
512773
512777
512816
512850
513134
513222
513298
513369
513468
513582
513724
514146
514249
514305
514526
514593
514640
514643
514934
514955
514980
515012
515185
515658
515668
515688
515974
516224
516246
516369
516424
516456
516492
516558
516593
516609
516728
516885
517126
517149
517224
517229
517318
517347
517423
517471
517596
517952
518015
518057
518076
518166
518230
518525
518527
518994
519002
519131
519167
519255
519306
519431
519444
519572
519637
519826
519983
520154
520221
520263
520577
520730
520752
520762
520787
520819
520859
521033
521076
521148
521370
521395
521417
521537
521619
521643
521770
521785
521819
521928
522029
522171
522207
522250
522306
522454
522508
522823
522839
522906
522913
523247
523344
523411
523416
523577
523618
523622
523773
523816
523960
523991
524005
524011
524140
524500
524524
524608
524673
524753
524824
524994
525128
525512
525576
525724
525814
525896
525932
526105
526115
526241
526341
526372
526411
526421
526494
526514
526532
526585
526639
526699
526743
526764
526820
526898
526902
526905
527046
527253
527343
527400
527537
527584
527601
527700
527757
527886
527915
528040
528092
528173
528252
528280
528387
528603
528653
528744
528836
528843
529050
529130
529157
529177
529198
529273
529353
529366
529418
529430
529463
529576
529739
529839
529853
529968
529973
529997
530002
530033
530070
530155
530298
530437
530505
530956
531008
531033
531039
531143
531203
531239
531317
531381
531469
531512
531860
531906
532010
532233
532254
532256
532266
532412
532530
532535
532720
532732
532754
532816
532899
533124
533232
533403
533417
533530
533601
533789
533892
533958
533979
534140
534287
534383
534762
535002
535034
535120
535122
535298
535365
535400
535550
535685
535728
535914
536021
536041
536073
536117
536254
536366
536564
536611
536806
536919
537209
537265
537387
537411
537515
537602
537899
538187
538189
538221
538249
538285
538305
538449
538601
538616
538839
538842
538898
539124
539129
539342
539604
539825
540116
540199
540467
540520
540523
540710
540864
540884
541016
541104
541173
541256
541324
541332
541491
541582
541637
541722
541731
541902
541910
541996
542145
542184
542302
542542
542771
542784
542935
542935
543087
543279
543282
543303
543423
543535
543653
543796
543944
544000
544148
544162
544296
544314
544369
544399
544487
544531
544607
544645
544757
544782
544884
544981
545114
545148
545152
545218
545333
545371
545462
545489
545509
545541
545838
545904
546015
546025
546066
546093
546326
546329
546434
546492
546597
546626
547023
547029
547100
547496
547500
547611
547820
547832
547912
547977
548031
548203
548215
548224
548353
548395
548572
548629
548631
548673
548785
548868
549002
549062
549194
549203
549324
549352
549398
549419
549434
549528
549540
549561
549847
549888
550039
550522
550560
550605
550785
550955
551186
551211
551341
551462
551561
551590
551688
551705
551845
551847
551899
551954
552043
552120
552226
552258
552266
552372
552387
552491
552692
552711
552824
553044
553091
553099
553173
553399
553434
553496
553928
553933
553943
553982
554075
554262
554456
554521
554588
554997
555156
555199
555290
555568
555611
555706
555722
555775
556271
556403
556428
556554
556808
556819
556823
556824
556853
556935
557094
557095
557153
557230
557353
557394
557452
557468
557499
557509
557577
557674
557675
557732
557996
558016
558118
558366
558372
558419
558492
558872
558952
559190
559197
559263
559382
559418
559504
559603
559649
559666
559678
559705
559720
559730
559775
559867
559884
559885
559942
559988
560302
560356
560691
560735
560745
560779
560943
560996
561166
561279
561323
561400
561485
561502
561575
561783
561855
561980
561985
562008
562024
562032
562046
562146
562277
562287
562414
562467
562511
562536
562565
562569
562581
562626
562720
562836
563420
563460
563499
563731
564625
564677
564688
564698
564806
565179
565323
565388
565615
565677
565688
565849
566015
566098
566100
566138
566282
566455
566540
566677
566723
566724
567142
567143
567153
567224
567299
567456
567477
567677
567786
568031
568096
568129
568252
568424
568465
568724
568797
568812
568956
569035
569115
569187
569223
569584
569634
569946
569950
570009
570089
570122
570225
570369
570469
570578
570642
570876
570916
570947
570955
570978
570995
571067
571120
571267
571272
571401
571416
571960
572018
572269
572381
572480
572541
572671
572711
572724
572771
573105
573290
573291
573360
573681
573753
573841
574135
574399
574731
574751
574790
574875
574917
575008
575045
575047
575050
575111
575275
575317
575328
575390
575410
575462
575582
576004
576017
576333
576469
576547
576576
576598
576708
576720
576795
577044
577046
577141
577179
577403
577428
577583
577654
577731
577829
577926
577931
578086
578302
578406
578563
578619
578846
578911
578998
579617
579693
579923
580025
580070
580258
580292
580422
580621
580629
580842
581005
581046
581081
581083
581126
581229
581252
581340
581387
581452
581552
581599
581620
581646
581715
581754
581761
581935
581950
582096
582165
582229
582414
582414
582481
582655
582778
582822
583164
583307
583311
583393
583405
583758
583774
583792
583816
583900
583912
584095
584111
584116
584126
584321
584390
584402
584525
584552
584636
584700
584777
584872
584987
585265
585604
585615
585708
585991
586237
586259
586599
586600
586973
587069
587125
587175
587231
587352
587427
587441
587482
587520
587748
587794
587821
587983
587987
587997
588060
588131
588150
588153
588216
588299
588341
588346
588415
588461
588487
588511
588552
588585
588611
588629
588692
588831
588841
588871
588954
589072
589159
589216
589217
589247
589424
589483
589716
589844
589871
589982
590125
590281
590340
590365
590378
590592
590842
590874
591081
591327
591487
591588
591711
591718
591739
591793
591932
591969
592280
592289
592339
592571
592801
593136
593472
593614
593711
593937
594042
594101
594191
594218
594221
594270
594367
594381
594611
594912
594921
594994
595048
595103
595251
595397
595442
595512
595654
595784
595834
595879
595886
595958
596044
596066
596329
596564
596569
596774
596818
597028
597033
597096
597116
597312
597361
597504
597523
597591
597779
597793
597806
597837
597936
597939
597957
598030
598086
598166
598230
598230
598300
598406
598725
598732
598743
599161
599343
599495
599545
599546
599600
599678
599691
599693
599780
599907
600063
600122
600519
600823
600851
601053
601097
601225
601283
601450
601454
601473
601485
601492
601497
601511
601512
601574
601650
601785
601786
601793
601809
601863
602032
602043
602500
602551
602757
603127
603275
603311
603344
603461
603502
603516
603525
603889
604114
604186
604422
604483
604607
604669
604776
604963
605063
605106
605179
605457
605619
605671
605936
605958
605985
606012
606069
606171
606759
606919
607013
607109
607180
607181
607354
607507
607602
607651
607670
607849
607914
608020
608141
608159
608298
608300
608336
608381
608399
608435
608437
608486
608518
608603
608620
608676
608978
609066
609066
609084
609147
609170
609359
609387
609426
609480
609547
609652
609861
609882
609906
609959
609969
610051
610178
610354
610560
610713
610831
610843
610934
611023
611107
611311
611331
611389
611501
611582
611683
611741
611795
611874
611965
611985
612113
612172
612484
612576
612663
612703
612950
612986
613054
613218
613275
613392
613431
613650
613664
613712
613737
613913
614035
614051
614076
614085
614362
614639
614692
614825
614999
615227
615288
615390
615549
615596
615674
615754
615759
615983
616031
616091
616257
616295
616790
616801
616825
616852
617004
617014
617191
617245
617576
617619
617726
617966
618005
618194
618233
618241
618364
618415
618606
618915
618976
619014
619085
619150
619347
619380
619405
619430
619467
619516
619550
619642
619763
619785
619785
620063
620114
620288
620293
620336
620356
620452
620487
620566
620584
620652
620765
620808
620841
620949
620995
621012
621032
621083
621152
621177
621228
621228
621400
621459
621698
621700
621737
621840
622087
622109
622173
622243
622327
622380
622427
622636
622859
622931
623012
623083
623365
623397
623594
623815
623885
624144
624185
624197
624335
624431
624487
624574
624635
624872
624986
625207
625283
625370
625465
625491
625512
625647
625693
625862
625980
626184
626202
626249
626291
626325
626327
626547
626555
626563
626800
626929
627013
627019
627033
627199
627339
627468
628018
628557
628602
628617
628692
628832
629039
629247
629404
629414
629493
629743
629818
630018
630020
630061
630109
630356
630409
630453
630630
630853
630916
630992
631012
631230
631316
631359
631752
631809
632022
632151
632661
632706
632781
632826
632851
632882
632995
633001
633013
633045
633048
633091
633325
633382
633401
633679
633702
633860
634116
634169
634176
634298
634687
634913
634961
635087
635153
635234
635286
635400
635801
635920
636051
636425
636438
637073
637134
637260
637502
637544
637583
637686
637706
637868
637870
638302
638321
638330
638337
638357
638636
638717
638888
639345
639413
639416
639451
639650
639874
639947
639948
639974
640243
640442
640518
640546
640739
640739
640798
640848
641114
641197
641219
641286
641391
641415
641756
641900
642150
642527
642602
642722
642835
642860
642903
642949
642975
642982
643050
643184
643190
643376
643441
643655
643701
643712
643757
643799
643854
643968
644161
644307
644368
644425
644596
644640
644722
645000
645292
645646
645791
645839
645938
645970
646061
646152
646203
646218
646407
646428
646620
646659
646783
646909
647053
647369
647638
647662
647764
647809
648108
648151
648659
648672
648870
648903
649157
649217
649219
649228
649260
649564
649708
649717
649731
649814
649821
649912
650031
650133
650133
650325
650474
650513
650515
650642
650661
650870
650913
650939
650951
651134
651190
651257
651310
651311
651376
651513
651726
651778
651851
651985
652066
652127
652146
652176
652451
652467
652695
652697
652765
652997
653159
653732
653732
654082
654109
654133
654290
654329
654640
655024
655037
655104
655130
655188
655657
655753
655767
655826
655859
655902
656327
656447
656459
656910
656918
657477
657503
657515
657688
657791
657919
657932
658177
658248
658263
658429
658549
658677
658692
658734
658759
658775
659156
659167
659186
659238
659361
659559
659634
659673
659771
659828
659859
660006
660039
660094
660181
660218
660482
660499
660536
660538
660801
660885
661035
661114
661118
661168
661276
661288
661417
661484
661519
661557
661661
661732
661777
661886
661898
661913
661987
662013
662097
662188
662220
662227
662398
662447
662619
662652
662743
662784
662867
662951
662951
662952
662961
663122
663137
663161
663262
663351
663390
663632
663759
663802
664002
664048
664177
664197
664203
664349
664422
664523
664752
664788
664847
664934
665078
665157
665185
665264
665279
665289
665450
665451
665457
665591
665719
665829
665864
665911
665985
666097
666115
666131
666337
666532
666553
666596
666649
666669
666738
666773
666813
666816
666836
666855
666900
667012
667097
667254
667280
667296
667384
667929
668036
668039
668166
668202
668232
668351
668412
668473
668495
668562
668567
668678
668921
668988
669421
669584
669676
669776
669837
669883
670629
670654
670741
670802
670930
670987
671210
671336
671659
671682
671692
671838
671839
671845
671974
671979
672000
672079
672094
672167
672185
672373
672391
672516
672570
672769
672785
672857
672910
673041
673203
673434
673579
673589
673694
673837
673892
673960
674127
674132
674188
674252
674292
674339
674397
674402
674414
674725
674729
674846
674994
675014
675015
675105
675154
675204
675505
675553
675700
675842
675917
676501
676529
676563
676592
676796
676839
677004
677246
677373
677620
677623
677626
677646
677744
677768
677830
677861
677911
677934
677938
677969
677980
678170
678344
678426
678506
678565
678686
678753
678968
679111
679249
679270
679357
679453
679616
679717
679829
679889
680050
680151
680344
680350
680390
680600
680748
680751
680914
680940
681034
681066
681104
681135
681228
681482
681573
681691
681956
681981
682107
682133
682206
682365
682510
682597
682687
682705
682771
683565
683731
684251
684290
684314
684350
684446
684455
684481
684503
684714
684854
684926
685039
685136
685141
685381
685464
685591
685601
685616
685945
686028
686116
686116
686210
686262
686291
686314
686357
686369
686518
686524
686549
686620
686680
686792
686950
687127
687154
687200
687302
687641
687785
687873
687897
687953
688256
688440
688470
688680
688712
688727
688805
688821
688827
688881
689107
689314
689415
689490
689587
689612
689621
689643
689924
690069
690222
690314
690350
690416
690479
690496
690573
690624
690786
690849
691353
691409
691603
691696
691889
691946
692008
692021
692042
692046
692138
692165
692359
692499
692528
692552
692653
692763
692829
692916
692954
693201
693213
693275
693363
693420
693426
693695
693843
694074
694174
694269
694481
694674
694786
694881
694898
694917
694931
694950
695122
695205
695214
695235
695374
695443
695444
695454
695532
695543
695640
695742
695769
696119
696145
696165
696265
696296
696386
696546
696554
696643
696662
696995
697126
697152
697406
697472
697573
697831
698220
698330
698351
698763
698995
698998
699592
699874
699906
699928
699986
700010
700361
700571
700624
700696
700707
700879
700973
701020
701148
701293
701428
701435
701441
701487
701597
701946
701999
702040
702180
702196
702298
702335
702336
702378
702439
702651
702722
702843
703300
703362
703364
703377
703608
703645
703696
703721
703726
703758
703793
703797
703823
703828
703859
703914
703983
704013
704287
704324
704611
705025
705073
705094
705215
705232
705311
705441
705606
705743
705870
705882
705957
705984
706101
706102
706173
706480
706939
707073
707158
707188
707254
707299
707366
707416
707471
707690
707781
707862
707935
708085
708107
708148
708225
708420
708540
708675
708820
708824
708920
708974
709013
709056
709333
709388
709389
709395
709551
709736
709940
709993
710107
710109
710172
710283
710321
710328
710433
710691
710754
710782
710925
710941
710960
710993
711036
711044
711046
711062
711070
711072
711088
711150
711155
711281
711301
711302
711385
711491
711509
711526
711692
711718
711881
711888
711893
711898
712069
712112
712123
712129
712137
712162
712214
712337
712377
712412
712866
713080
713225
713290
713352
713396
713439
713454
713490
713547
713703
713905
714562
714620
714663
714889
715080
715140
715241
715250
715619
715746
715857
715877
715896
716051
716080
716136
716179
716182
716195
716551
716605
716793
717044
717118
717188
717245
717339
717424
717428
717647
717789
717793
717937
718041
718180
718239
718314
718369
718438
718589
718685
718747
718942
719056
719074
719231
719446
719522
719708
719769
719861
719939
719948
719953
719980
720037
720174
720227
720384
720499
720560
720794
720886
720994
721035
721315
721417
721421
721545
721584
721602
721611
721656
721860
722009
722030
722068
722121
722255
722360
722437
722565
722576
722585
722696
722967
723112
723232
723259
723344
723353
723736
723908
723918
723933
723975
724002
724049
724155
724162
724239
724335
724449
724497
724540
724796
724809
724960
725045
725069
725102
725187
725272
725347
725686
725879
726046
726184
726207
726218
726313
726332
726385
726446
726505
726593
727006
727376
727477
727519
727551
727563
727613
727614
727960
728228
728386
728416
728436
728595
728689
728794
728982
729020
729166
729318
729433
729548
729553
729614
729748
729854
729894
729963
730029
730087
730485
730511
730537
730539
730696
730702
730776
730777
730942
730981
730983
731084
731268
731300
731436
731520
731893
731998
732029
732284
732391
732433
732552
732658
732850
733258
733289
733369
733482
733501
733552
734038
734055
734085
734237
734270
734367
734452
734673
734820
735086
735127
735224
735289
735343
735446
735543
735628
735726
736094
736372
736389
736392
736451
736477
736589
736710
736849
736925
736979
737062
737076
737097
737147
737176
737398
737403
737415
737426
737508
737638
737735
737754
737795
737895
737911
738003
738247
738248
738556
738704
739005
739050
739074
739109
739431
739542
739630
739633
739780
739833
739934
740144
740191
740206
740209
740223
740548
740621
740633
740803
740898
741034
741066
741159
741356
741679
741825
741982
742071
742079
742159
742247
742381
742506
742568
742576
742627
742652
742778
743047
743093
743122
743207
743296
743388
743434
743759
743781
743802
743823
743877
743967
743976
744008
744031
744086
744129
744254
744312
744467
744753
744754
744925
744973
745025
745109
745323
745425
745425
745510
745527
745651
745783
745832
745915
745929
746055
746381
746436
746480
746545
746840
747174
747198
747205
747270
747295
747300
747327
747329
747350
747532
747602
747619
747632
747804
747900
747907
747937
748005
748066
748092
748457
748544
748637
748877
748918
748977
749084
749094
749228
749230
749307
749328
749500
749500
749532
749582
749658
749673
749980
750051
750076
750121
750197
750213
750283
750291
750406
750558
750563
750583
750764
750870
750904
751172
751226
751284
751296
751337
751612
751613
751764
751916
752063
752172
752190
752317
752355
752392
752558
752843
752968
753011
753102
753179
753197
753225
753232
753255
753322
753364
753393
753456
753608
753721
753756
753905
753927
754022
754156
754157
754186
754261
754287
754345
754447
754488
754568
754650
754693
754722
754791
754867
754872
754895
754915
754926
754942
755043
755056
755186
755290
755302
755318
755381
755472
755545
755548
755559
755584
755643
755664
755802
755863
755874
755972
756118
756267
756642
756695
756955
757166
757326
757409
757434
757462
757498
757520
757560
757786
757807
757809
757903
758013
758037
758046
758128
758158
758206
758257
758289
758609
758746
758751
758794
758842
758843
758874
759097
759105
759123
759281
759320
759344
759365
759447
759463
759550
759705
759720
759803
759831
759892
759935
760030
760090
760103
760285
760288
760313
760589
760738
760758
760777
760795
760807
760847
761007
761169
761185
761194
761317
761379
761405
761444
761511
761624
761740
761822
761862
761877
762020
762038
762100
762114
762123
762300
762570
762652
762665
762760
762784
762890
762990
763001
763026
763132
763251
763265
763430
763555
763911
763915
764001
764185
764224
764315
764363
764571
764600
764709
764778
765055
765229
765558
765763
765816
766117
766137
766421
766463
766544
766644
766702
766720
766723
766862
767210
767368
767525
767618
767679
767758
767789
767960
768203
768273
768810
768923
768942
768984
769019
769070
769136
769143
769184
769362
769408
769552
769706
769886
769917
769921
769923
769983
770031
770051
770123
770187
770300
770467
770518
770629
770645
770694
770801
770976
771087
771095
771209
771211
771378
771475
771592
771607
771670
771696
771877
771946
772121
772150
772247
772313
772512
772672
772764
772813
773089
773307
773387
773439
773439
773501
773640
773647
774002
774141
774227
774259
774546
774769
774809
774905
774944
775035
775077
775217
775434
775451
775538
775732
775781
775884
775931
776036
776130
776132
776134
776229
776301
776323
776401
776415
776425
776427
776457
776533
776723
776747
776782
777034
777107
777201
777332
777400
777436
778006
778049
778202
778352
778457
778540
778597
778680
779199
779230
779243
779263
779362
779382
779852
779929
780213
780260
780308
780339
780405
780464
780486
780517
780537
780561
780748
780770
781024
781059
781280
781292
781335
781431
781453
781492
781634
781906
781984
782012
782044
782054
782165
782208
782337
782518
782745
782754
782852
782894
783109
783137
783141
783460
783484
783541
783632
783760
783810
783936
783968
784041
784236
784396
784413
784532
784790
784909
784962
784972
785238
785488
785526
785527
785599
785667
785688
785773
785848
785969
786096
786105
786975
786997
787023
787226
787456
787598
787625
787648
787782
787972
788004
788193
788373
788801
788938
788974
788976
788978
789013
789072
789343
789441
789548
789589
789816
789965
790265
790275
790304
790371
790489
790577
790600
791056
791076
791231
791286
791512
791526
791644
791812
791871
791991
792161
792311
792488
792613
792621
792749
792779
792781
792891
792923
793029
793050
793168
793215
793379
793420
793500
793754
793832
793928
794435
794603
794910
795367
795403
796231
796295
796419
796420
796443
796455
796466
796971
797149
797257
797337
797624
797708
798177
798190
798337
798345
798378
798442
798475
798598
798897
798912
798982
799041
799088
799174
799203
799218
799238
799241
799258
799443
799494
799567
799818
800060
800067
800087
800283
800333
800383
800710
800797
800947
801115
801331
801360
801397
801554
801559
801559
801644
801668
801793
801876
801886
801898
802047
802292
802347
802418
802428
802433
802501
802528
802557
802645
802803
803112
803178
803178
803188
803333
803418
803458
803560
803606
803687
803904
803961
803997
804164
804167
804628
804733
804962
805082
805337
805535
805553
805645
805683
805689
805690
805695
805706
805839
805997
806276
806331
806411
806438
806526
806623
806698
806756
806798
806890
807091
807183
807200
807324
807348
807585
807587
807682
807718
807909
808252
808300
808447
808472
808538
808562
808866
809013
809118
809154
809264
809302
809447
809670
809846
809900
809904
809930
809971
810025
810223
810584
810610
810633
810835
811023
811035
811063
811093
811229
811768
811830
811832
811949
812155
812210
812243
812312
812331
812664
812727
812820
812858
812910
812911
812941
812967
812998
813107
813129
813247
813252
813412
813543
813717
813828
813910
814093
814344
814398
814580
814849
814952
814997
815164
815262
815685
815686
815831
815846
815981
816040
816040
816097
816177
816230
816300
816375
816392
816491
816527
816600
816612
816692
816786
816792
816801
816819
817036
817065
817083
817152
817178
817190
817203
817262
817277
817286
817299
817367
817608
817627
817689
817740
817830
818253
818270
818408
818582
818781
818851
818878
818890
819155
819199
819214
819217
819299
819500
819954
819965
819983
820038
820336
820486
820812
820885
820930
820966
821213
821329
821446
821493
821563
821670
821685
821766
821818
821906
821963
822011
822019
822040
822086
822169
822263
822326
822415
822430
822640
822945
822979
823076
823084
823173
823418
823548
823728
823776
823789
823925
824379
824622
824742
824823
824921
825356
825466
825580
825635
825703
825705
825950
826116
826167
826258
826319
826324
826505
826651
826812
826909
826920
826939
827150
827438
827458
827506
827533
827845
827977
827998
828113
828116
828128
828139
828245
828325
828335
828608
828883
828935
828953
828964
829064
829133
829204
829315
829542
829581
829627
829698
829790
829917
830032
830036
830134
830209
830952
830992
831144
831166
831177
831251
831402
831633
831661
831809
831915
831924
832025
832245
832279
832298
832390
832554
832697
832784
833027
833261
833345
833682
833723
833724
833806
833943
833967
834069
834225
834262
834268
834290
834401
834421
834456
834484
834603
834677
834683
834749
834797
834800
834979
835075
835112
835249
835498
835689
835706
835730
835837
835872
835880
835899
835979
836372
836486
836509
836746
836853
836918
837020
837269
837375
837498
837678
837683
837767
837876
838010
838180
838371
838377
838426
838433
839012
839037
839151
839214
839236
839316
839403
839590
839633
839799
839802
839842
839871
840049
840075
840091
840192
840285
840313
840320
840516
840798
840812
840836
841046
841237
841549
841589
841611
841658
841716
841736
841751
841908
842181
842226
842249
842289
842308
842481
842516
842594
842762
842769
842830
842945
843033
843103
843223
843441
843444
843494
843555
843625
843631
843634
843934
843953
843990
844042
844139
844246
844286
844314
844376
844416
844471
844545
844644
844794
844959
845239
845309
845420
845443
845524
845763
845884
845907
845910
845974
846024
846256
846261
846348
846457
846701
846955
847200
847391
847394
847566
847802
847815
847901
847916
847943
847948
847960
848002
848107
848143
848200
848273
848287
848392
848477
848601
848818
848828
848858
849049
849284
849430
849458
849465
849637
849937
850082
850109
850403
850545
850567
850591
850620
850654
850657
850808
850846
850848
851005
851070
851288
851436
851449
851545
851733
851740
851770
851796
851842
851928
851957
852207
852297
852326
852384
852453
852478
852495
852594
852665
852667
852735
852796
852822
852834
852895
853095
853247
853366
853380
853577
853726
853839
854000
854042
854137
854265
854269
854368
854428
854573
854714
854920
854937
854949
854981
855082
855100
855102
855298
855314
855339
855361
855443
855488
855544
855622
855661
855678
855742
855844
855926
855983
856069
856195
856349
856409
856415
856421
856453
856550
856557
856560
856720
856730
856775
856822
856826
856911
856922
856938
857188
857420
857650
857800
858005
858241
858293
858301
858369
858384
858409
858561
858643
858711
858871
858915
858915
858967
859003
859031
859135
859369
859516
859544
859756
859772
859823
859900
860068
860145
860176
860415
860506
860681
861227
861271
861654
861679
861956
861978
862095
862363
862596
862737
862793
862940
862968
862991
863009
863425
863546
863660
863672
863982
863995
864185
864363
864384
864423
864451
864463
864480
864531
864791
864842
865297
865387
865456
865505
865524
865526
865529
865533
865772
865791
865987
866155
866499
866632
866657
866663
866795
866923
866982
867205
867206
867281
867306
867490
867576
867693
867812
867924
868052
868203
868275
868461
868502
868609
868617
869010
869033
869061
869254
869363
869377
869483
869644
869764
869797
869859
869930
870130
870495
870498
870938
871018
871341
871382
871442
871509
871585
871697
871708
872176
872360
872457
872502
872523
872680
872858
872994
873460
873519
873834
873849
873938
873991
874052
874185
874321
874433
874487
874496
874593
874625
874700
874783
874844
874864
874889
874958
874969
874974
874992
875007
875152
875263
875649
875781
875810
875877
875904
875943
876028
876074
876386
876483
876753
876803
876908
876991
877001
877192
877269
877456
877463
877467
877487
877506
877821
878033
878209
878217
878387
878598
878737
879115
879220
879252
879361
879444
879542
879806
879831
879849
879954
880054
880086
880133
880372
880374
880545
880586
880664
880768
880770
880798
881080
881089
881089
881109
881197
881240
881285
881315
881398
881545
881666
881806
881810
882040
882093
882215
882266
882397
882638
882744
882757
882864
882877
883208
883237
883310
883525
883581
883903
883939
883962
884032
884119
884472
884490
884567
884588
884981
885100
885243
885272
885497
885646
885718
885726
885760
885780
885866
886031
886056
886165
886228
886307
886311
886539
886575
886915
887174
887177
887310
887395
887396
887441
887900
887929
887985
888014
888098
888157
888361
888376
888390
888527
888682
888757
888778
888779
889006
889056
889211
889263
889277
889387
889409
889431
889601
889674
889728
889751
889766
889923
890138
890266
890280
890318
890451
890498
890526
890529
890725
890749
890812
890912
891018
891060
891149
891467
891503
891549
891720
891773
891841
892105
892208
892470
892658
892659
892726
892767
892858
893210
893256
893338
893532
893551
893558
893590
893601
893603
893672
893767
893837
893884
894132
894142
894223
894519
894560
894785
894820
894842
894912
895118
895131
895152
895163
895288
895915
895927
895986
896089
896259
896330
896357
896378
896499
896547
896672
896819
896879
896951
896958
897236
897730
897746
898280
898405
898522
898545
898747
898859
898872
898889
899169
899219
899360
899411
899504
899665
899727
899917
900318
900465
900703
900844
901129
901207
901281
901290
901293
901408
901446
901473
901525
901639
902067
902131
902241
902253
902357
902419
902474
902544
902684
902754
902931
902961
902967
903036
903071
903088
903390
903596
903604
903693
903762
903776
903823
903876
903982
904009
904073
904116
904243
904506
904592
904729
904776
904938
905028
905087
905098
905109
905196
905203
905291
905337
905552
905565
905619
905633
905792
905871
905899
905968
905985
906207
906576
906632
906719
906724
906819
906832
906988
906995
907089
907255
907364
907448
907532
907857
907958
908061
908156
908174
908325
908325
908349
908474
908603
908610
908644
908763
908815
908893
908917
908955
909040
909126
909279
909409
909477
909510
909568
909619
909663
909706
909725
909771
910062
910133
910155
910201
910368
910454
910554
910558
910609
910614
910702
910866
910976
911041
911075
911117
911167
911199
911307
911405
911407
911457
911475
911604
911687
911834
911895
911916
912067
912076
912253
912308
912371
912476
912582
912839
912933
913074
913181
913219
913277
913391
913478
913485
913701
913809
913816
913916
913987
914024
914292
914546
914598
914770
914795
914870
914882
914934
914949
915052
915277
915304
915458
915659
915667
915680
915794
915859
915928
916038
916297
916305
916383
916953
916985
917123
917276
917347
917405
917478
917501
917851
917858
918009
918098
918207
918246
918284
918318
918386
918526
918601
918781
918891
918919
918946
919052
919056
919084
919146
919190
919284
919315
919550
919727
919743
919797
919820
919898
920207
920251
920300
920383
920406
920444
920558
920755
921121
921213
921238
921247
921309
921385
921393
921441
921449
921655
921723
921738
921881
921900
921921
922166
922203
922244
922268
922320
922408
922429
922488
922561
922578
922635
922712
922835
923007
923470
923494
923579
923596
923668
923954
923990
924057
924059
924062
924118
924134
924192
924243
924379
924395
924409
924424
924680
924718
924739
924846
924931
925050
925067
925076
925106
925163
925245
925484
925639
925661
925842
925869
926317
926321
926328
926336
926388
926394
926394
926394
926448
926527
926682
926835
926937
926952
927074
927182
927248
927281
927338
927451
927490
927714
927874
927954
928031
928117
928125
928417
928514
928593
928727
928734
928900
928933
928952
929084
929249
929262
929400
929429
929602
929605
929700
929702
929717
929757
929810
929976
930060
930079
930089
930093
930183
930191
930446
930572
930654
930658
930742
931001
931112
931123
931244
931575
931628
931633
931657
931753
931771
931884
931917
931918
931943
932090
932147
932156
932167
932478
932534
932566
932651
932693
932744
932796
932809
933060
933113
933125
933144
933204
933323
933566
933617
933757
933880
933952
934357
934535
934584
934613
934962
935060
935120
935124
935371
935423
935695
936079
936364
936380
936624
936726
936753
936782
936818
937144
937146
937260
937405
937451
937466
937572
937655
937815
938028
938124
938195
938409
938445
938536
938568
938687
938745
938774
938863
938876
938965
938997
939199
939247
939455
939484
939503
939726
939817
939897
940138
940607
940648
940911
940977
941034
941048
941164
941260
941453
941527
941694
941722
941789
941981
942018
942030
942072
942086
942530
942554
942593
942891
942968
942981
943013
943110
943115
943118
943159
943191
943323
943579
943771
943929
943972
944060
944114
944165
944194
944236
944258
944307
944375
944410
944589
944675
944864
945033
945040
945140
945157
945241
945332
945457
945484
945498
945806
945898
946146
946157
946184
946469
946498
946511
946528
946567
946575
946657
946745
946750
946908
946962
946985
947013
947067
947204
947217
947305
947360
947561
947749
947803
947826
947928
948030
948335
948465
948593
948850
949031
949186
949245
949265
949284
949302
949372
949729
949756
949805
949923
949961
950087
950117
950156
950163
950193
950253
950304
950355
950362
950370
950372
950425
950468
950543
950731
950832
950835
950923
950968
950980
951096
951322
951457
951459
951496
951515
951697
951698
951776
951788
951836
951881
951921
952213
952341
952354
952448
952539
952673
952703
952876
952881
953025
953111
953112
953116
953131
953243
953278
953321
953546
953585
953848
953933
954144
954164
954462
954474
954653
954674
954773
954903
954967
955014
955027
955049
955521
955669
955773
955801
956197
956212
956372
956433
956455
956475
956532
956547
956590
956670
956683
956766
956811
956821
956832
957058
957135
957145
957230
957275
957277
957409
957498
957559
957609
957832
957864
957907
957918
957922
957938
958012
958316
958523
958746
958969
959019
959059
959101
959155
959304
959317
959593
959896
959934
959954
960068
960102
960164
960275
960284
960309
960582
960878
960939
960976
961311
961489
961541
961563
961596
961776
961830
961878
961981
962133
962251
962317
962335
962359
962405
962476
962602
962704
962784
962978
963002
963245
963291
963431
963477
963519
963533
963546
963611
963669
963832
963853
963939
963969
964006
964087
964095
964226
964240
964412
964472
964571
964848
964863
964988
965064
965079
965176
965179
965236
965308
965523
965624
965656
966049
966166
966254
966316
966321
966325
966444
966472
966815
967272
967346
967420
967469
967774
967985
968083
968203
968347
968483
968633
968722
968866
968922
968930
968976
969004
969007
969161
969222
969234
969277
969376
969397
969452
969514
969538
969573
969588
969615
969890
970080
970305
970399
970695
970874
970957
970970
971092
971283
971602
971637
971645
971666
971671
971953
972000
972010
972036
972145
972310
972364
972653
972696
972862
972875
972933
973280
973367
973539
973584
973840
974102
974267
974555
974726
974866
975026
975032
975058
975085
975094
975293
975296
975351
975402
975470
975601
975613
975660
975798
975828
975877
975974
976003
976064
976188
976395
976519
976817
977009
977189
977255
977315
977348
977578
977595
977644
977885
977907
978259
978460
978532
978612
978691
978776
979072
979077
979085
979147
979192
979213
979485
980035
980081
980104
980105
980306
980326
980360
980625
980683
980728
980846
980895
981114
981260
981394
981700
981894
982091
982145
982255
982266
982310
982579
982595
982603
982936
983046
983089
983170
983181
983277
983281
983304
983428
983461
983667
983699
983710
983811
983914
984105
984542
984574
984731
985115
985182
985359
985370
985527
985706
985746
985958
986020
986164
986217
986248
986294
986510
986597
986793
986832
986965
986992
987005
987108
987139
987241
987280
987490
987668
987779
987824
987887
988123
988144
988218
988378
988654
988656
988873
988874
988896
988982
989126
989153
989328
989484
989591
989626
989918
989964
990030
990062
990386
990548
990638
990681
990779
990819
990877
990931
991008
991307
991371
991400
991424
991556
991558
991640
991647
991728
991842
991881
991962
992011
992017
992113
992143
992169
992253
992386
992405
992472
992728
992772
992775
992877
993242
993294
993342
993379
993442
993634
993643
993700
993811
993835
993897
993956
993987
994014
994070
994176
994273
994565
994644
994800
994814
994909
994957
995037
995045
995113
995806
995961
996009
996156
996288
996503
996579
996750
996869
997020
997152
997178
997193
997225
997232
997473
997488
997548
997619
997805
997920
998037
998082
998158
998348
998376
998386
998548
998773
998882
998883
999123
999779
999785
999796
999806
999824
999836
999982
