11
27
142
463
471
542
580
646
768
811
815
849
852
894
912
925
983
985
1029
1262
1282
1401
1482
1570
1605
1668
1750
1830
1851
1927
1929
1935
1993
2370
2584
2790
2865
2873
3030
3167
3261
3322
3330
3350
3670
3831
3878
3884
3905
3927
3934
3993
4044
4049
4070
4143
4183
4255
4337
4414
4429
4436
4899
4901
4928
4940
4967
5057
5227
5251
5305
5348
5412
5422
5473
5533
5621
5677
5738
5774
5819
5892
5937
6008
6155
6357
6376
6432
6595
6960
7173
7377
7887
7940
7958
7983
8290
8364
8415
8587
8640
8641
8729
8837
9120
9259
9336
9557
9663
9667
9826
9864
9966
10107
10178
10197
10281
10578
10613
10716
10722
10817
10841
10857
10962
10988
11009
11076
11128
11218
11225
11302
11523
11771
11854
12092
12264
12665
12980
13009
13045
13159
13175
13270
13601
13843
13871
13952
14056
14283
14376
14458
14475
14543
14961
14990
15086
15247
15327
15461
15613
15652
15675
15838
15857
15893
15982
16065
16077
16187
16223
16303
16389
16459
16525
16633
16744
16845
17088
17384
17578
17704
17811
17826
17848
17869
17960
18059
18238
18287
18302
18382
18754
19008
19209
19278
19453
19576
19875
20246
20345
20467
20531
20555
20586
20643
20680
20749
20869
20909
21019
21059
21122
21353
21376
21437
21539
21589
21696
21802
21855
21862
21934
21964
22020
22190
22307
22396
22619
22794
22880
22905
22919
22930
23136
23153
23181
23345
23392
23407
23424
23426
23508
23591
23646
23740
23766
23938
24085
24101
24171
24185
24454
24476
24510
24515
24824
25017
25063
25116
25141
25394
25499
25610
25638
25654
25715
25760
25812
26009
26263
26303
26341
26356
26402
26472
26513
26569
26716
26755
26826
26860
26934
27006
27046
27100
27233
27250
27344
27380
27386
27437
27488
27616
27746
27984
28144
28155
28158
28501
28524
28554
28641
28676
28871
28887
28925
29141
29297
29305
29396
29422
29731
30048
30174
30273
30410
30567
30603
30677
30687
30688
30696
30786
30814
30904
30908
30918
30947
30964
31024
31157
31213
31272
31327
31401
31405
31421
31478
31524
31555
31570
31620
31788
32293
32310
32546
32549
32702
32847
32997
33094
33196
33201
33254
33435
33461
33534
33621
33658
33706
33767
33987
34329
34343
34359
34376
34385
34417
34423
34488
34825
34874
34973
35017
35181
35268
35343
35423
35629
35630
35670
36098
36308
36507
36815
36963
36968
37190
37242
37283
37423
37481
37519
37612
37828
38023
38064
38336
38337
38340
38385
38577
38600
38675
38772
38828
38923
39121
39260
39474
39479
39498
39530
39628
39711
39890
39931
40016
40032
40083
40219
40260
40261
40308
40328
40399
40649
40650
40753
40827
40989
41229
41540
41557
41624
41689
41812
42008
42407
42470
42550
42630
42657
42707
42755
42825
42849
42941
42942
43138
43171
43225
43269
43464
43503
43665
43746
43908
43943
43989
44041
44236
44344
44380
44716
44720
44787
45109
45159
45174
45246
45299
45412
45641
45670
45707
45857
45881
46055
46071
46301
46369
46435
46436
46468
46474
46531
46650
47011
47036
47113
47134
47494
47511
47515
47522
47598
47657
47761
47809
47814
47931
47959
48016
48056
48085
48479
48554
48572
48585
48745
48826
48847
49121
49201
49229
49248
49331
49484
49513
49532
49733
49757
50012
50138
50257
50274
50500
50517
50599
50655
50666
50705
50748
50907
51070
51131
51236
51280
51384
51387
51531
51547
51691
51784
51843
51931
52010
52199
52247
52387
52527
52652
52750
53157
53162
53179
53396
53530
53658
53752
53884
53912
54000
54061
54065
54210
54256
54428
54441
54716
54732
54973
55007
55022
55067
55090
55179
55183
55302
55518
55571
55572
55837
55840
55978
56022
56044
56126
56194
56301
56325
56384
56394
56449
56516
56620
56623
56627
56758
56902
56916
56938
57034
57049
57122
57208
57302
57345
57429
57585
57590
57731
57737
57767
57839
57911
57971
58032
58206
58377
58452
58546
58551
58635
58644
58687
58697
58756
58852
59014
59051
59116
59385
59458
59482
59529
59599
59645
59709
59772
59917
60131
60246
60404
60510
60518
60552
60718
61089
61119
61611
61638
61644
61653
61721
61764
61955
62194
62235
62250
62387
62519
62575
62690
63440
63445
63465
63509
63663
63829
63941
63988
64183
64381
64680
64700
64765
64807
64854
65262
65287
65296
65340
65359
65414
65444
65534
65537
65639
65691
65746
65982
66013
66111
66240
66414
66568
66738
66954
66966
67029
67197
67497
67728
67829
67891
68030
68097
68298
68330
68408
68430
68525
68630
68699
68872
68888
68900
69095
69103
69201
69206
69221
69300
69330
69464
69625
69671
69703
69757
69869
69890
70007
70447
70485
70613
70636
70877
70883
71003
71091
71154
71236
71331
71399
71546
71651
71967
72029
72159
72411
72419
72469
72566
72591
72667
72849
72881
72979
73509
73664
73703
73756
73872
74049
74083
74101
74224
74268
74304
74363
74434
74494
74602
74709
74802
74853
74919
74947
75037
75148
75161
75194
75282
75607
75694
75707
75718
75858
76164
76339
76519
76737
76861
76906
76944
76992
77152
77309
77425
77561
77574
77631
77793
77875
77916
77935
77966
77968
78220
78385
78469
78533
78539
78651
78681
78771
78794
78832
78944
78951
79097
79236
79411
79481
79514
79528
79730
79731
79828
79848
80174
80320
80397
80494
80579
80691
80707
80754
80953
80989
81394
81468
81611
81691
81827
81839
81887
82081
82226
82260
82264
82520
82635
82734
82819
82833
82915
82942
83013
83080
83318
83343
83374
83641
83805
84096
84274
84436
84548
84592
84666
84708
84768
84827
84899
84900
85089
85107
85162
85169
85175
85199
85235
85323
85336
85407
85432
85602
85718
85808
85834
85873
85881
85984
85989
86071
86127
86133
86161
86512
86577
86754
86885
86890
86932
86999
87330
87353
87553
87636
87692
87909
88044
88124
88132
88137
88182
88217
88220
88365
88585
88718
88930
89149
89160
89225
89268
89283
89452
89617
89685
90024
90192
90537
90568
90793
90812
90924
91069
91183
91385
91463
91529
91609
91612
91869
91894
91980
92041
92248
92319
92488
92686
92708
92726
92790
92833
92845
92959
93054
93063
93068
93141
93180
93219
93244
93267
93300
93414
93446
93522
93536
93635
94045
94177
94214
94221
94228
94588
94693
94698
94770
95127
95145
95162
95182
95284
95317
95325
95338
95352
95371
95424
95650
95679
96061
96169
96192
96295
96316
96392
96476
96488
96583
96613
96660
96785
96808
96913
96921
96996
97118
97148
97209
97388
97521
97566
97637
97840
98484
98567
98765
98826
98855
99301
99418
99443
99540
99871
99886
99978
100016
100084
100107
100220
100231
100463
100593
100712
100785
100978
100999
101134
101183
101243
101349
101451
101457
101579
101621
101760
101847
102041
102044
102068
102275
102346
102494
102896
102929
103068
103086
103262
103281
103432
103433
103470
103641
104123
104141
104184
104261
104382
104402
104450
104496
104700
104728
104793
105082
105216
105461
105501
105612
105647
105650
105728
105773
105784
105927
105973
106031
106121
106430
106462
106588
106592
106613
106652
106707
106774
106836
107059
107068
107210
107256
107348
107484
107692
107698
107983
107985
108482
108516
108593
108644
108659
108737
108770
108832
109023
109034
109070
109099
109106
109317
109371
109401
109597
109681
109708
109819
109856
109977
110023
110223
110281
110420
110445
110545
110723
110855
110856
110898
110963
111262
111589
111591
111654
111684
111699
111709
111741
111884
111888
112185
112205
112303
112422
112528
112620
112744
113105
113137
113217
113220
113222
113261
113497
113520
113533
113601
113627
113803
113825
114082
114095
114296
114309
114335
114349
114452
114457
114497
114560
114688
114799
114963
115074
115104
115236
115244
115325
115397
115407
115466
115879
115903
116005
116307
116366
116533
116629
116639
116926
117045
117117
117125
117196
117200
117343
117692
117754
117777
117791
117895
117969
117981
118003
118052
118093
118471
118534
118536
118564
118811
118871
118873
118917
119378
119754
119908
120088
120261
120401
120493
120729
121084
121273
121362
121378
121395
121505
121612
121717
121836
121991
122206
122218
122651
122674
122729
122797
122910
122977
123016
123230
123362
123401
123407
123506
124157
124261
124361
124402
124507
124535
124552
124650
124770
124861
124972
125144
125366
125494
125542
125737
125772
126193
126194
126201
126490
126591
126709
126759
126828
126912
127100
127141
127586
127616
127792
128230
128274
128338
128347
128477
128517
128663
128798
128889
129139
129162
129448
129566
129576
129729
130210
130497
130516
130552
130612
130669
130982
131044
131308
131316
131339
131702
132105
132139
132173
132334
132375
132550
132571
132653
132655
132797
132801
132942
132954
133529
133588
133646
133712
133764
133817
133871
133959
134096
134247
134435
134459
134605
134645
134669
134741
134752
135163
135168
135285
135330
135407
135557
136136
136181
136309
136358
136491
136545
136550
136556
136656
136771
136776
136955
137076
137092
137128
137205
137470
137506
137537
137560
137625
137693
137935
138024
138199
138224
138465
138488
138557
138712
138824
138915
139050
139245
139304
139384
139405
139579
139817
139867
139921
140119
140352
140456
140517
140714
140786
140980
141228
141290
141322
141343
141457
141468
141611
141784
141877
142345
142454
142615
142822
142921
142940
143091
143215
143282
143283
143359
143374
143642
143725
143776
144049
144071
144087
144333
144484
144502
144552
144656
144852
144977
145085
145298
145506
145548
145612
145725
145764
145961
145983
146221
146317
146465
146669
146679
146844
147053
147125
147292
147327
147368
147423
147430
147674
147716
147738
147892
147953
148041
148054
148202
148326
148343
148408
148554
148644
148697
148745
148847
148989
149121
149139
149206
149228
149528
149614
149702
149760
149828
149923
149943
149944
150039
150091
150249
150261
150355
150363
150405
150413
150472
150487
150487
150510
150636
150693
150871
151150
151368
151422
151509
151569
151597
151631
151647
151688
151722
151748
151757
151805
152183
152321
152506
152598
152612
152701
152805
152983
153133
153412
153415
153528
153620
153659
153717
153831
153902
154017
154028
154129
154261
154671
154729
155173
155391
155448
155543
155645
155767
156088
156327
156336
156946
157094
157171
157189
157207
157352
157544
157595
157603
157659
157817
157972
158037
158088
158160
158263
158422
158423
158426
158491
158546
158692
158803
158821
158833
158833
158935
159012
159093
159207
159360
159365
159375
159667
159688
159730
159746
159754
159783
159963
160051
160243
160318
160532
160598
161242
161312
161329
161371
161408
161469
161623
161698
161701
161880
161933
162022
162161
162167
162347
162438
162562
162666
162778
162874
162966
163002
163010
163053
163213
163448
163532
163581
163861
163885
163900
163914
163962
164113
164219
164604
164779
164822
164844
164882
164888
164940
165044
165150
165258
165563
165612
165660
165824
165907
165952
165962
165969
166125
166129
166232
166260
166305
166313
166340
166506
166556
166797
166812
166918
167032
167125
167136
167245
167288
167419
167424
167540
167584
167621
167726
167783
167792
167852
167911
168103
168116
168304
168329
168365
168852
168910
168978
169228
169319
169372
169506
169612
169724
169734
169796
169896
169909
169909
169936
170226
170274
170312
170638
170728
170771
170808
170855
170908
171068
171075
171208
171327
171484
171705
171809
171934
171988
172001
172411
172558
172591
172770
172863
172894
172939
172972
172995
173002
173153
173161
173336
173378
173506
173665
173764
173765
173798
173863
173888
173957
173979
174018
174088
174161
174419
174473
174561
174647
174663
174665
174786
174875
174995
175024
175033
175183
175484
175640
175746
176000
176006
176047
176378
176480
176550
176615
176684
176914
177080
177093
177128
177302
177444
177452
177593
177621
177762
177918
177979
178087
178116
178529
179072
179248
179255
179281
179331
179412
179413
179507
179509
179631
179636
179690
179729
179891
180064
180204
180557
180727
180782
180822
180928
180963
181042
181109
181156
181165
181601
181703
181711
181838
181981
182011
182059
182122
182371
182439
182485
182763
182792
182841
182978
183038
183507
183672
183674
183732
183760
183762
183856
183911
184094
184167
184353
184413
184473
184488
184580
184644
184678
184728
184788
185007
185084
185169
185374
185381
185393
185567
185626
185937
186000
186117
186211
186281
186419
186438
186499
186539
186685
186709
186740
186765
186828
186998
187225
187245
187298
187372
187397
187543
187803
187808
187859
187930
187942
188322
188424
188439
188510
188748
188760
188925
189025
189184
189198
189236
189493
189611
189757
189781
189803
189842
190169
190264
190660
190755
190927
190980
191187
191721
191769
191968
192043
192119
192174
192177
192188
192365
192422
192484
192803
192814
192921
193451
193471
193519
193766
193790
193809
193850
193902
193933
193945
193997
194011
194346
194350
194475
194620
194798
194878
194892
194922
194930
194976
195235
195238
195407
195623
195630
195931
195953
196010
196071
196522
196572
196808
196875
197004
197023
197037
197301
197307
197532
197562
197617
197671
197748
197766
197783
197799
197873
197886
198051
198150
198162
198192
198785
198797
198945
199132
199204
199247
199336
199612
199718
199731
199927
199943
199991
200054
200087
200259
200380
200444
200448
200798
200831
201110
201137
201158
201188
201386
201799
201873
202046
202060
202154
202169
202305
202341
202367
202463
202480
202516
202536
202808
202859
203014
203084
203106
203149
203335
203437
203550
203703
203807
204028
204084
204165
204481
204535
204539
204624
204637
204759
204859
204864
204868
204881
204918
205024
205183
205305
205380
205386
205405
205420
205437
205519
205534
205727
206086
206095
206327
206396
206483
206510
206520
206645
206678
206688
206764
206771
206853
206951
206966
207013
207254
207360
207607
207776
207846
207898
208009
208077
208134
208184
208251
208297
208303
208367
208418
208699
208751
208799
208864
208912
209013
209150
209230
209326
209407
209433
209451
209617
209686
209716
209805
209807
209820
210006
210046
210156
210182
210234
210254
210295
210335
210344
210354
210604
210676
210697
210702
210748
210844
210902
210922
210973
211128
211187
211187
211202
211226
211282
211289
211304
211474
211568
211635
211661
211666
211759
212141
212331
212361
212370
212522
212556
212595
212675
212762
212839
213104
213105
213151
213491
213567
213572
213763
213835
213962
214275
214456
214481
214518
214551
214599
214619
214628
214774
214854
214884
214993
215093
215093
215158
215229
215290
215351
215486
215515
215781
215854
215877
215944
216030
216045
216128
216385
216632
216790
216888
217294
217299
217475
217484
217790
217813
217832
217981
218172
218369
218560
218633
218694
218847
219005
219289
219505
219509
219677
219736
219811
219895
220142
220269
220328
220411
220647
220701
220727
221020
221275
221306
221348
221375
221412
221560
221572
221744
221767
221824
221827
221902
222133
222167
222404
222494
222687
222747
223010
223152
223359
223691
223823
223870
223980
224113
224324
224420
224428
224447
224516
224605
224644
224900
224933
224976
225001
225162
225253
225308
225312
225379
225428
225435
225535
225561
225673
226026
226045
226101
226310
226400
226412
226491
226505
226537
226607
226687
226940
227036
227082
227095
227203
227220
227327
227576
227627
227858
228039
228115
228223
228349
228582
228661
228683
228694
228725
228975
228986
229098
229140
229143
229244
229336
229627
229788
229788
229813
229912
229989
230026
230204
230212
230217
230231
230253
230349
230463
230492
230539
230706
230814
230881
230920
231187
231205
231296
231316
231442
231578
231627
231659
231729
231876
231882
231919
231933
232060
232116
232233
232250
232356
232356
232364
232427
232548
232702
232792
232893
232920
232966
233089
233307
233384
233583
233622
233762
233774
233828
233908
234145
234216
234355
234493
234537
234593
234758
234932
235076
235183
235300
235334
235506
235544
235558
235690
235798
235890
235906
235918
236050
236083
236084
236093
236158
236395
236424
236548
236584
236604
236641
236720
236721
236751
236758
236844
236927
237097
237104
237162
237207
237379
237539
237557
237697
237832
237873
237892
238059
238172
238178
238273
238301
238418
238419
238436
238472
238686
238747
239013
239043
239432
239539
239546
239569
240044
240052
240124
240157
240193
240241
240329
240350
240360
240460
240488
240494
240524
240806
240818
241095
241400
241554
241686
241743
241788
241847
241849
241892
241950
241953
242120
242153
242190
242218
242300
242360
242428
242548
242577
242710
242734
242758
242886
243147
243184
243215
243226
243332
243437
243440
243498
243623
243648
243775
243782
243822
243899
244061
244587
244642
244860
244939
244981
245022
245058
245139
245260
245308
245380
245395
245470
245590
245686
245700
245758
245809
245856
246093
246159
246170
246254
246355
246514
246670
246752
246772
246786
246827
246858
246989
246998
247036
247449
247642
247679
247715
247958
248029
248171
248255
248286
248463
248492
248574
248596
248605
248645
248777
248939
248960
249041
249329
249368
249484
249509
249514
249689
249776
249796
249848
249861
249909
249917
249963
250309
250321
250393
250400
250507
250595
250668
250692
250871
250987
251137
251448
251612
251652
251677
251828
252184
252382
252620
252758
252777
252846
253017
253023
253229
253363
253367
253545
253564
253644
253651
253760
253803
253808
253886
253902
253992
254002
254066
254161
254196
254345
254376
254410
254553
254559
254624
254668
254720
254802
255048
255262
255303
255331
255365
255402
255405
255406
255449
255464
255471
255657
255753
255815
255843
255933
256129
256179
256252
256536
256733
256845
256915
256944
256971
257067
257366
257463
257593
257805
257943
258134
258137
258154
258197
258233
258870
258893
258976
259078
259082
259095
259138
259187
259262
259570
259658
259707
259834
260018
260116
260233
260300
260483
260550
260675
260691
260775
260806
260832
260967
260976
261045
261072
261106
261419
261473
261515
261603
261652
261663
261905
261930
261962
261988
262124
262251
262384
262496
262522
262666
262676
262807
262878
262980
263023
263048
263369
263408
263693
263763
263763
263813
264017
264290
264525
264596
264745
264784
264949
265150
265222
265245
265300
265346
265348
265566
265586
265616
265694
265737
265776
265801
266109
266115
266356
266371
266895
266927
266975
267015
267197
267332
267367
267476
267541
267592
267832
267863
268167
268217
268266
268546
268620
268733
268805
269102
269129
269183
269218
269303
269369
269692
269696
269708
269726
269742
269743
269808
269823
269874
269906
269961
270006
270124
270124
270293
270390
270404
270469
270491
270517
270796
270809
270824
270950
271429
271556
271602
271635
271813
272124
272163
272168
272187
272323
272361
272368
272439
272519
272572
272768
273009
273045
273121
273250
273429
273442
273641
273748
273886
273922
274155
274223
274448
274461
274566
274585
274660
274846
275123
275177
275301
275511
275559
275670
275673
275830
275918
276008
276158
276200
276305
276306
276338
276387
277038
277192
277326
277507
277617
277818
277850
277875
277952
277959
278102
278199
278424
278533
278577
278667
278774
278780
278912
279322
279442
279464
279544
279588
279796
279947
280060
280232
280268
280356
280515
280566
281012
281111
281127
281214
281221
281276
281327
281743
281769
281853
281894
281999
282131
282406
282634
282760
282762
282970
283033
283165
283315
283464
283482
283515
283529
283545
283575
283641
283930
283950
283981
284003
284189
284237
284252
284315
284316
284319
284391
284433
284537
284544
284604
284708
284742
284862
284926
284995
285036
285087
285112
285177
285304
285445
285454
285693
286064
286073
286184
286249
286329
286591
286632
286694
286751
286875
287010
287217
287251
287252
287285
287288
287439
287446
287561
287582
287703
287979
288124
288235
288271
288392
288527
288802
288813
288888
289078
289207
289211
289294
289729
289851
289961
290025
290226
290406
290670
290735
290771
290825
290871
290926
290944
291019
291108
291119
291171
291247
291280
291285
291363
291425
291679
291706
291885
291913
291931
291956
292040
292105
292279
292338
292471
292691
292747
292891
293497
293523
293820
293984
294146
294334
294349
294363
294371
294491
294660
294698
294769
294940
295009
295052
295272
295466
295483
295621
295784
295853
295887
295897
296163
296166
296168
296183
296271
296319
296407
296498
296638
296671
296688
296974
297168
297305
297398
297628
297672
297872
298114
298467
298514
298590
298633
298659
298749
298898
298983
299002
299039
299067
299090
299122
299245
299417
299509
299719
299724
299766
299823
299857
299874
299888
299951
300029
300033
300180
300187
300207
300230
300281
300325
300367
300613
300702
300817
300838
300846
301066
301186
301318
301340
301352
301412
301450
301718
301725
301764
301928
301977
302059
302136
302154
302177
302244
302308
302319
302544
302545
302556
302660
302715
302731
302949
302977
303378
303622
303699
303711
303739
303840
304025
304072
304120
304228
304450
304498
304587
304674
304693
304964
305076
305119
305144
305237
305244
305275
305330
305343
305350
305749
305848
305890
306014
306030
306051
306070
306120
306138
306171
306242
306442
306569
306882
306922
306927
306992
306996
307075
307204
307387
307411
307624
307746
307814
307830
307887
307982
308020
308157
308172
308258
308698
308850
308916
308966
309317
309352
309491
309525
309579
309649
309779
309869
309910
309998
310040
310189
310349
310373
310425
310573
310638
310795
310823
310947
311003
311280
311458
311506
311696
311723
311804
311809
311826
311840
311902
311944
311946
312001
312053
312103
312113
312461
312643
312931
313094
313131
313239
313309
313320
313597
313699
313821
313832
314260
314579
314732
314825
314902
315010
315062
315069
315103
315257
315280
315354
315454
315456
315570
315626
315900
315911
315926
315960
315976
316217
316260
316306
316389
316630
316744
316906
317285
317324
317353
317390
317874
317904
317941
317963
318024
318154
318223
318234
318370
318413
318431
318461
318464
318477
318543
318560
318633
318737
319099
319173
319228
319242
319349
319465
319520
319528
319589
319620
319814
319940
319967
320023
320431
320567
320634
320650
320732
320767
320797
320928
321084
321134
321136
321250
321301
321361
321387
321581
321633
321841
321939
322039
322082
322120
322129
322241
322399
322519
322525
322692
322747
322810
322825
322882
322914
322997
323000
323053
323055
323140
323152
323168
323231
323427
323459
323614
323615
323657
324624
324680
324687
324872
325338
325403
325483
325509
325550
325632
325637
325680
325743
325901
325948
326013
326022
326033
326207
326323
326564
326652
326657
326681
326791
326841
326924
326998
327095
327125
327288
327288
327296
327337
327536
327537
328082
328101
328147
328172
328341
328511
328582
328639
328767
328968
329010
329265
329280
329499
329501
329559
329583
329875
329875
330012
330179
330356
330386
330527
330699
330796
330810
330868
330877
330911
330938
331030
331429
331475
331504
331656
331688
331787
331798
331889
332037
332052
332055
332062
332308
332370
332655
332666
332729
332744
332839
333041
333119
333156
333192
333351
333425
333537
333720
333740
333849
333895
333937
334238
334245
334344
334583
334585
334599
334636
334701
334706
334738
334786
334930
334943
335009
335364
335443
335450
335558
335571
335779
335789
335814
336029
336029
336080
336163
336287
336360
336649
336662
336862
336901
337439
337708
337823
337835
337907
337936
338061
338089
338287
338554
338804
338810
339076
339269
339367
339541
339706
339814
339967
340330
340335
340348
340497
340601
340613
340745
340775
340857
340886
341302
341372
341373
341457
341473
341474
341841
341930
342025
342032
342047
342317
342345
342351
342502
342712
342727
342861
342888
342904
342910
342936
342949
342956
342990
343167
343245
343435
343462
343607
343627
343696
344131
344145
344331
344348
344373
344407
344457
344457
344540
344585
344807
344981
345051
345167
345229
345344
345481
345587
345628
345694
345723
345878
345910
345959
345987
346290
346318
346659
346679
346712
346722
346948
347028
347450
347508
347528
347564
347628
347690
347796
347802
347881
347892
347983
348142
348440
348540
348563
348764
348924
349106
349118
349171
349314
349480
349702
349753
349872
349923
349932
349988
350209
350323
350404
350654
350801
350826
350852
350853
350883
350903
350954
351008
351042
351089
351104
351215
351343
351436
351692
351776
351785
351958
352418
352478
352494
352517
352560
352599
352726
352749
352762
352858
352872
352908
353032
353040
353050
353111
353129
353183
353332
353629
353634
353648
353727
353756
353799
353941
353942
353946
354082
354265
354295
354430
354470
354474
354519
354545
354549
354878
355376
355455
355591
355595
355760
355855
355972
356035
356062
356119
356290
356715
356787
356845
356877
357052
357101
357225
357239
357261
357345
357546
357549
357646
357816
357863
357877
357939
357973
358018
358049
358055
358283
358360
358410
358468
358473
358710
358713
358941
358956
359040
359152
359163
359202
359245
359367
359409
359467
360039
360050
360103
360103
360481
360681
360853
360921
360986
361158
361789
361896
362031
362075
362188
362272
362445
362792
362863
362998
363435
363942
363951
364000
364135
364245
364315
364454
364491
364556
364617
364806
364864
364888
365258
365266
365267
365270
365277
365444
365541
365684
365715
365840
365977
365990
365998
366037
366075
366106
366285
366401
366458
366613
366638
366864
366983
367036
367122
367194
367278
367601
367603
367729
367796
368083
368331
368379
368488
368590
368852
368935
369016
369035
369038
369076
369161
369264
369277
369314
369341
369380
369452
369499
369545
369587
369598
369684
369711
369823
369826
369899
369908
369974
370210
370244
370271
370278
370398
370630
370685
370792
370937
370970
371097
371703
371722
371843
372077
372266
372483
372495
372756
372948
372995
373105
373124
373134
373213
373310
373318
373329
373474
373881
374062
374109
374228
374424
374620
374727
374780
374813
374819
374856
374926
375082
375201
375243
375273
375276
375409
375564
375932
375973
376017
376343
376492
376956
377074
377208
377237
377446
377478
377519
377615
377772
377795
377831
377860
377939
378234
378239
378275
378276
378344
378367
378420
378442
378507
378565
378634
378846
378959
379166
379214
379235
379263
379425
379450
379469
379489
379610
379612
379713
380068
380096
380115
380146
380198
380293
380333
380425
380443
380448
380478
380559
380998
381007
381100
381118
381133
381154
381335
381502
381582
381584
381664
381708
381770
381897
381966
382148
382186
382227
382475
382547
382674
382866
383239
383436
383484
383507
383532
383574
383581
383750
383833
383851
383981
384026
384083
384084
384260
384316
384391
384394
384422
384449
384486
384488
384533
384543
384688
384866
384916
384916
384937
385122
385386
385415
385502
385514
385709
385829
386069
386355
386415
386488
386563
386749
386767
386849
387109
387248
387294
387534
387631
387660
387838
387938
387984
388248
388472
388597
388824
388857
388865
388992
389199
389232
389327
389484
389554
389611
389666
389805
389863
389871
389936
390002
390055
390139
390488
390525
390679
390699
390701
390892
390893
391063
391362
391493
391647
391659
391733
392095
392123
392204
392286
392311
392335
392414
392734
392886
392970
393038
393229
393274
393311
393334
393626
393703
393838
393896
393903
394000
394255
394455
394502
394725
394727
395027
395211
395275
395331
395373
395449
395485
395499
395500
395530
395530
395544
395599
395897
395921
395936
396027
396171
396359
396366
396435
396622
396951
397028
397158
397202
397222
397238
397333
397339
397358
397709
397795
398240
398563
398825
398892
399028
399083
399132
399157
399315
399482
399585
399592
399925
400282
400448
400473
400551
400643
401033
401140
401166
401281
401667
401751
401898
402234
402348
402444
402484
402508
402588
402664
402696
402941
402992
403054
403431
403493
403613
403704
403840
403908
403981
403984
404053
404696
404808
404851
404960
404973
404976
405012
405023
405136
405296
405312
405540
405549
405558
406080
406633
406886
406960
407012
407046
407061
407126
407167
407228
407255
407292
407328
407331
407355
407414
407459
407475
407502
407507
407538
407548
407621
407629
407646
407915
408083
408164
408436
408489
408612
408967
409072
409086
409097
409141
409266
409362
409509
409595
409635
409730
409771
409805
409864
409895
409923
409980
410042
410097
410330
410331
410417
410504
410604
410636
410732
410778
410787
411059
411356
411391
411455
411460
411546
411554
411647
411726
411726
411761
411813
412101
412121
412331
412458
412474
412555
412631
412898
412901
412948
413071
413165
413211
413250
413293
413375
413377
413421
413426
413466
413488
413505
413597
413721
414002
414257
414266
414290
414567
414635
414668
414885
414946
414983
415101
415459
415475
415521
415855
416152
416284
416457
416497
416520
416699
416709
416729
416855
416894
417006
417205
417227
417265
417343
417453
417486
417594
417608
417927
417999
418038
418109
418144
418182
418208
418261
418278
418315
418487
418614
418634
418642
418794
419051
419109
419216
419369
419443
419469
419625
419654
419794
419930
419958
420183
420207
420214
420255
420307
420320
420492
420589
420659
420717
420825
420835
421119
421279
421329
421370
421408
421622
421764
421839
421929
422017
422173
422290
422374
422599
422609
422729
422841
422901
423252
423382
423400
423538
423550
423766
423775
423843
423974
424568
424582
424800
424822
424851
424856
424898
425008
425027
425105
425348
425502
425632
425639
425752
425791
425913
426012
426182
426403
426420
426555
426687
426743
426781
426782
426836
426849
426959
427031
427102
427185
427377
427392
427546
427662
427797
427883
428090
428157
428239
428284
428386
428768
428924
428940
428941
429003
429048
429077
429263
429271
429281
429373
429472
429556
429565
429576
429735
429893
429918
429919
430027
430038
430069
430178
430362
430443
430613
430876
430970
431002
431045
431196
431271
431538
431777
432076
432256
432279
432357
432411
432498
432622
432811
432813
432855
432979
432990
433039
433082
433095
433100
433420
433443
433479
433483
433508
433598
433612
433772
433795
433844
433890
434145
434176
434180
434219
434460
434605
434688
434706
434862
435026
435067
435081
435111
435177
435210
435338
435365
435374
435396
435404
435564
436090
436193
436347
436420
436437
436557
436747
436813
436892
437250
437265
437455
437543
437588
437812
437862
437876
437980
437984
438090
438122
438239
438265
438365
438502
438607
438648
438704
438856
438972
439012
439102
439130
439166
439359
439516
439593
439654
439799
439852
439939
439941
439941
439997
439999
440098
440194
440355
440418
440568
440639
440689
440689
440795
440821
440827
440848
441163
441195
441264
441575
441613
441902
441938
442048
442082
442089
442145
442284
442312
442362
442490
442705
442710
442720
442770
442880
443051
443161
443264
443278
443340
443348
443674
443680
443829
444002
444198
444541
444560
444565
445078
445278
445355
445390
445436
445679
445692
445731
445783
445828
446088
446100
446150
446280
446327
446379
446402
446495
446551
446592
446598
446828
446858
447130
447201
447202
447226
447227
447248
447281
447291
447385
447623
447651
447704
447744
447842
447866
447917
447919
448134
448358
448429
448522
448543
448551
448609
448743
448752
449032
449032
449247
449383
449464
449740
449743
449750
450004
450018
450123
450130
450149
450200
450209
450210
450718
450781
450996
451044
451068
451275
451294
452002
452155
452178
452220
452278
452347
452466
452510
452720
452849
452975
453028
453068
453305
453322
453464
453719
453830
453926
453942
453966
453975
454042
454072
454116
454130
454165
454220
454448
454576
454579
454636
454732
454813
454868
455014
455033
455055
455280
455300
455543
455734
455787
455788
455852
456095
456192
456383
456426
456487
456547
456567
456767
456867
456925
457024
457056
457368
457490
457571
457781
457903
457959
458271
458326
458439
458452
458617
458723
458752
458805
458839
458882
458891
458935
459085
459155
459272
459288
459342
459346
459366
459490
459508
459596
459661
459824
459862
459936
459938
459973
460047
460154
460225
460245
460291
460339
460462
460522
460710
460776
460843
460951
461169
461390
461396
461930
461987
462257
462263
462733
462765
462772
462806
462894
462903
463168
463174
463226
463321
463383
463487
463818
463882
463897
464051
464120
464207
464256
464373
464680
464713
464725
464731
464881
465119
465178
465181
465290
465432
465461
465475
465483
465597
465716
465795
465875
465951
466062
466276
466343
466393
466496
466600
466767
466895
467040
467212
467384
467544
467556
467779
467781
467789
467847
467989
468052
468108
468142
468377
468477
468524
468554
468687
468695
468757
468767
468914
469060
469110
469111
469492
469667
469687
469872
469889
470046
470083
470119
470197
470480
470496
470526
470549
470592
470794
470948
470966
471437
471610
471610
471654
471669
471817
471856
471987
472011
472155
472220
472337
472417
472480
472668
472925
473002
473212
473246
473247
473352
473621
473696
473796
473872
473942
473950
473964
473997
474018
474073
474254
474307
474391
474466
474721
474739
474803
474832
474917
475006
475055
475252
475394
475719
476079
476117
476573
476674
476696
476712
476741
476772
477003
477063
477456
478034
478038
478122
478249
478277
478581
478804
478898
478940
479065
479133
479209
479326
479326
479337
479364
479376
479381
479418
479546
479664
479706
479718
479826
479945
480041
480065
480068
480155
480270
480319
480326
480579
480604
480652
480823
481108
481185
481209
481220
481232
481409
481540
481646
481758
481837
481946
482064
482319
482417
482447
482476
482692
482762
482817
482829
482890
483064
483158
483198
483266
483276
483305
483398
483587
483717
483726
483895
483908
484023
484075
484156
484157
484170
484242
484300
484342
484424
484577
484628
484809
484906
484981
485150
485169
485321
485325
485340
485389
485585
485827
485898
485933
486063
486080
486137
486364
486372
486428
486445
486600
486657
486796
487424
487544
487587
487612
487632
487666
487741
487747
487837
488008
488092
488154
488331
488333
488405
488426
488527
488887
488889
489022
489098
489125
489337
489506
489659
489810
489833
489873
490035
490040
490186
490270
490483
490510
490598
490667
490749
490829
491033
491113
491136
491165
491205
491228
491389
491533
491658
491711
491730
491741
491768
491788
491850
491913
491965
492021
492029
492045
492141
492221
492386
492414
492521
492549
492564
492651
492692
492740
493062
493089
493129
493268
493436
493578
493639
493836
493989
494210
494284
494379
494556
494558
494593
494593
494725
494995
495044
495069
495375
495510
495540
495823
495961
496073
496102
496202
496273
496283
496506
496567
496612
496687
496713
496713
496977
496977
497036
497517
497521
497683
497871
497932
498095
498252
498273
498330
498567
498615
498620
498803
498808
498919
498923
498965
499033
499042
499053
499154
499180
499231
499257
499258
499316
499331
499391
499531
499579
499591
499636
499668
499695
499701
499715
499854
499858
499875
499879
499932
500030
500274
500306
500329
500442
500549
500699
500756
500786
500827
501232
501369
501380
501826
501829
501861
501968
501998
502165
502444
502581
502596
503158
503276
503309
503367
503418
503489
503922
503957
504251
504254
504446
504451
504468
504479
504520
504951
504957
505188
505236
505254
505466
505667
505848
506036
506114
506137
506325
506378
506506
506579
506710
506770
506811
506994
507065
507111
507413
507512
507535
507701
507791
507797
507892
507936
507945
508111
508251
508267
508322
508395
508421
508424
508457
508466
508603
508678
508845
508971
509100
509216
509296
509383
509449
509621
509714
509814
509950
509970
510035
510092
510106
510128
510178
510252
510460
510491
510504
510527
510635
510673
510739
510799
510946
510949
511013
511196
511267
511575
511657
511687
511701
511721
511780
511878
511884
512072
512236
512573
512913
512967
512996
513072
513216
513262
513296
513311
513337
513538
513612
513618
513636
513708
513747
513766
513836
514106
514280
514313
514409
514534
514833
514942
515083
515151
515169
515276
515330
515647
515745
515790
516233
516239
516378
516411
516544
516893
516942
516998
517116
517796
517947
517952
518200
518312
518469
518657
518729
518744
518788
518869
518942
518944
519160
519163
519174
519219
519284
519330
519462
519707
519733
519754
520135
520151
520483
520650
520867
520921
521005
521028
521228
521258
521335
521498
521539
521543
521746
521911
522009
522031
522034
522067
522183
522242
522305
522377
522434
522435
522469
522710
522930
523005
523444
523463
523495
523534
523702
523719
523794
523849
523913
524063
524134
524272
524433
524484
524743
524850
524916
524986
525000
525053
525267
525414
525444
525478
525499
525565
525801
525874
525907
526014
526043
526158
526565
526624
526997
527099
527153
527206
527251
527348
527351
527516
527592
527688
527703
527721
527724
527764
527984
528024
528037
528133
528168
528284
528336
528378
528420
528474
528632
528675
528707
528708
528748
528773
528801
528866
528950
529042
529159
529234
529370
529381
529532
530014
530235
530308
530642
530685
531061
531104
531136
531217
531304
531370
531682
531697
531802
531815
531830
531976
532216
532295
532300
532505
532588
532624
532725
532755
532842
532854
532919
532975
533004
533090
533130
533273
533373
533479
533491
533517
533571
533760
534093
534142
534221
534380
534438
534503
534512
534584
534586
534596
534665
534732
534745
534814
534850
534950
535006
535175
535484
535603
535626
535632
535815
535854
535964
535970
536029
536044
536142
536159
536164
536228
536281
536487
536958
537020
537130
537261
537298
537303
537315
537345
537518
537521
537770
537888
538009
538128
538169
538198
538306
538345
538394
538489
538551
538610
538642
538730
538855
538967
539044
539123
539184
539221
539238
539530
539621
539832
540161
540218
540352
540377
540434
540609
540775
540986
541076
541102
541148
541289
541406
541693
541795
541866
541927
542002
542089
542144
542174
542191
542269
542276
542716
542735
542794
542835
542906
542976
543042
543096
543192
543238
543489
543491
543560
543622
543631
543634
543904
543907
543943
543956
544160
544196
544211
544290
544755
545116
545195
545247
545350
545433
545679
545744
545898
545938
546074
546110
546116
546136
546145
546631
546736
546821
547017
547067
547099
547250
547550
547613
547628
547818
547847
547984
548018
548117
548207
548284
548438
548508
548612
548683
548722
548841
548910
548944
549120
549147
549165
549190
549224
549238
549299
549351
549379
549390
549432
549555
549582
549728
549814
549838
549838
550083
550098
550203
550249
550287
550344
550353
550465
550478
550528
550547
550639
550687
550741
550807
550910
551138
551208
551233
551391
551486
551643
551917
552233
552257
552354
552508
552600
552600
552674
552716
552718
552731
552866
552963
553047
553137
553668
553988
554067
554100
554472
554801
554839
554841
554869
554869
554977
555085
555248
555465
555598
555645
555699
555718
555742
555763
555789
555793
555859
555920
556007
556138
556341
556609
556677
556746
556814
556823
557009
557017
557044
557044
557200
557274
557347
557426
557523
557563
557697
557732
557747
557981
558045
558139
558195
558417
558463
558514
558518
558547
558580
558586
558604
558724
558858
559018
559183
559265
559392
559460
559473
559720
559775
560322
560328
560581
560683
560798
560846
560882
560964
560980
561080
561089
561128
561319
561326
561390
561449
561450
561563
561592
561634
561706
561731
561769
561875
561962
562159
562438
562486
562642
562833
562892
562970
563139
563192
563232
563360
563376
563397
563634
563653
563709
563711
563808
563844
563984
564010
564108
564214
564251
564261
564269
564438
564466
564503
564516
564663
564695
564863
564952
565183
565223
565252
565264
565279
565402
565458
565524
565551
565586
565626
565646
565712
565719
565902
565914
565981
566047
566061
566171
566277
566353
566502
566521
566544
566572
566918
567053
567072
567192
567195
567396
567542
567942
568207
568242
568394
568421
568442
568467
568592
568620
568681
568685
568695
568727
568781
569042
569049
569075
569173
569182
569271
569292
569296
569321
569399
569488
569795
569839
569844
570005
570066
570199
570203
570303
570321
570381
570544
570706
570755
570895
570918
570931
571003
571456
571748
571807
571938
571993
572111
572204
572221
572447
572617
573092
573145
573231
573242
573344
573403
573471
573654
573711
573855
573878
573899
573938
573939
573949
573985
574188
574600
574610
574694
574812
574901
574916
575277
575328
575779
575849
576102
576392
576439
576582
576586
576610
576817
577048
577214
577494
577545
577622
577730
577737
577748
577804
577847
577865
577872
578002
578107
578142
578204
578262
578292
578474
578579
578717
579368
579510
579598
579695
579709
579874
579905
579937
579944
579958
580094
580247
580697
580713
580804
580824
580870
581076
581121
581126
581316
581369
581581
581797
581936
582132
582134
582165
582390
582546
582662
582788
582833
582853
582937
583012
583051
583133
583197
583225
583329
583404
583512
583887
583905
583917
583919
584011
584012
584034
584057
584099
584101
584149
584218
584490
584642
584916
585096
585153
585236
585271
585538
585586
585606
585631
585748
585831
585947
585968
585998
586104
586159
586190
586191
586205
586261
586294
586336
586347
586368
586841
586868
587011
587150
587616
587688
587705
587833
587997
588108
588125
588301
588407
588467
588475
588546
588546
588707
588895
589059
589076
589594
589675
589771
589809
589897
589992
590472
590693
590869
590953
591027
591255
591693
591730
591767
591787
591838
591889
591910
592064
592109
592117
592606
592734
592815
592924
592954
592990
593039
593141
593286
593324
593350
593682
593682
593866
594121
594126
594167
594186
594307
594467
594528
594564
594567
594573
594706
594812
594814
594944
594972
594984
595163
595278
595306
595383
595392
595441
595646
595686
595930
596406
596496
596572
596698
596748
596839
596856
597126
597173
597196
597228
597237
597279
597352
597389
597538
597632
597663
597743
597796
597968
598239
598287
598497
598680
598727
598929
599217
599315
599339
599364
599409
599444
599471
599876
599951
600115
600232
600333
600466
600566
600598
600708
600761
600913
600970
601023
601127
601190
601206
601295
601459
601671
601869
601875
601972
601994
601996
602043
602049
602188
602251
602309
602397
602430
602551
602588
602683
602758
602779
602891
602893
603257
603303
603334
603809
603940
603968
604320
604371
604385
604439
604557
604690
604827
604982
605163
605218
605292
605400
605452
605475
605500
605615
605669
605789
605851
605924
606547
606759
606945
607274
607303
607353
607454
607513
607633
607809
607867
607917
608080
608441
608443
608449
608479
608594
608600
608634
608663
608771
608854
608926
609112
609119
609208
609229
609293
609467
609543
609712
609733
609913
609982
610078
610168
610184
610200
610203
610312
610519
610636
610983
610999
611016
611148
611394
611408
611422
611496
611515
611808
611929
612107
612238
612262
612328
612409
612498
612547
612563
612666
612727
612807
612884
612956
613081
613097
613101
613231
613360
613396
613509
613511
613553
613583
613755
613781
613833
613847
613883
613885
614084
614125
614153
614206
614221
614256
614358
614519
614573
614750
614904
614970
614982
615117
615218
615579
615630
615782
615871
615892
615976
616019
616178
616236
616311
616491
616700
616721
616769
616803
617026
617088
617403
617408
617639
617759
617759
617864
617940
617973
617998
618009
618357
618419
618437
618753
618907
618941
618948
619177
619355
619431
619543
619571
619682
619742
619831
620271
620339
620468
620947
620984
621045
621360
621406
621632
621689
621690
621813
621867
621999
622088
622404
622523
622555
622675
622812
622921
623115
623145
623165
623287
623313
623466
623503
623835
624092
624181
624306
624348
624472
624514
624553
624672
624701
624814
624952
624977
625097
625238
625254
625324
625634
625661
625685
625697
625911
625954
625968
625972
625985
625991
626127
626140
626148
626279
626322
626323
626428
626429
626809
626919
627030
627102
627109
627119
627130
627182
627225
627350
627497
627546
628131
628135
628195
628246
628298
628366
628556
628780
628791
628918
628982
629065
629086
629098
629292
629395
629559
629695
629901
629973
630097
630124
630226
630370
630372
630424
630554
630777
630892
630909
631119
631248
631254
631272
631480
631533
631664
631731
631798
631877
632123
632124
632179
632242
632301
632593
632648
632652
632707
632720
632849
632876
632906
632954
633115
633302
633363
633486
633537
633618
633641
633669
633803
633847
633886
633958
634000
634183
634264
634413
634474
634500
634586
634611
634793
634803
634948
635148
635162
635295
635356
635358
635374
635505
635698
635895
636107
636120
636195
636471
636593
636644
636758
636804
636834
636935
637067
637134
637144
637454
637490
637492
637497
637549
637676
637800
638152
638185
638276
638367
638422
638458
638493
638517
638619
638684
638701
638742
638832
639414
639602
639637
639751
639950
639984
640371
640552
640584
640691
640745
640772
640775
640788
640885
640894
640948
641073
641116
641322
641423
641626
641646
641756
641785
641858
642030
642226
642407
642449
642680
642686
642788
642857
642913
642933
643014
643199
643262
643403
643405
643434
643526
643824
643945
644006
644150
644204
644243
644251
644321
644391
644468
644600
644605
644817
644921
645060
645066
645093
645144
645180
645523
645532
645657
645672
645736
645770
645805
645909
645953
646036
646078
646108
646171
646223
646227
646257
646274
646278
646500
646522
646556
646766
646903
646960
647129
647341
647657
647975
648124
648169
648234
648327
648394
648462
648575
648649
648693
648780
648831
648844
648845
648856
648948
648980
649003
649033
649282
649324
649349
649414
649480
649638
649666
650169
650280
650389
650396
650402
650532
650576
650579
651192
651332
651353
651373
651438
651460
651810
651903
651958
652052
652378
652444
652585
652664
652668
652722
652772
652928
653110
653200
653320
653413
653491
653553
653807
653851
654029
654192
654315
654532
654595
654677
654688
654778
655105
655116
655257
655441
655470
655650
655691
655707
655727
655910
656015
656045
656082
656082
656090
656152
656365
656394
656453
656663
656723
656763
656938
656976
657302
657308
657319
657394
657396
657481
657496
657580
657668
657675
657719
657802
657845
657929
658000
658010
658080
658242
658260
658291
658296
658300
658380
658442
658454
658476
658693
658811
658877
659021
659146
659159
659176
659314
659437
659602
659841
659875
659896
660273
660375
660444
660490
660906
660968
661021
661116
661207
661240
661300
661401
661634
662016
662269
662363
662380
662444
662647
662754
662862
662910
663041
663137
663186
663218
663334
663343
663361
663543
663585
663605
663629
663643
663681
664191
664231
664364
664377
664929
664991
665060
665091
665238
665289
665332
665349
665384
665689
665893
665968
666124
666151
666183
666426
666483
666497
666578
666668
666764
666875
666912
666941
667057
667125
667239
667397
667479
667612
667676
667705
667755
667785
667834
667900
667920
668148
668323
668352
668520
668629
668878
668886
668920
669052
669145
669220
669311
669785
669794
669848
669886
669896
670066
670251
670364
670587
670653
670679
670802
670980
671007
671030
671034
671059
671207
671312
671366
671421
671429
671567
671608
671612
671701
671737
671867
672027
672074
672084
672096
672133
672208
672243
672284
672488
672504
672558
672648
672761
672786
672975
673378
673431
673492
673532
673789
673864
673952
673988
674263
674284
674408
674613
674925
674987
675124
675228
675385
675403
675453
675497
675637
675653
675663
675744
675984
676040
676045
676067
676189
676296
676331
676389
676420
676433
676471
676496
676581
676743
676797
677038
677077
677105
677109
677140
677238
677299
677466
677504
677615
677825
677975
677976
678066
678112
678140
678234
678404
678456
678621
678641
678799
678814
679016
679028
679127
679185
679325
679327
679355
679377
679389
679409
679547
679589
679593
679958
680168
680316
680327
680376
680420
680477
680573
680575
680577
680667
680885
681011
681062
681148
681428
681759
681794
681880
681896
681897
681961
681964
682163
682349
682586
682680
682712
683019
683099
683174
683297
683301
683325
683401
683412
683421
683524
683574
683632
683946
684024
684213
684343
684546
684672
684690
684725
684971
685146
685312
685323
685331
685375
685426
685438
685648
685728
685848
685917
686231
686284
686563
686594
686715
686862
686917
687003
687031
687140
687166
687291
687521
687535
687592
687648
687755
687785
687817
687829
687850
687963
688205
688217
688219
688253
688271
688285
688632
688660
688695
688722
688789
689220
689247
689299
689313
689473
689481
689561
689765
689882
689934
689989
690113
690138
690173
690181
690207
690243
690429
690601
690716
690762
690811
690866
690883
690913
691131
691508
692168
692279
692292
692395
692443
692459
692489
692608
692669
692671
692789
692926
692961
693045
693086
693173
693482
693917
693980
694227
694231
694329
694357
694395
694415
694449
694941
694981
695101
695147
695572
695768
695810
696028
696164
696227
696338
696429
696437
696519
696537
696564
696599
696603
696801
696914
696969
696979
697045
697119
697143
697182
697364
697543
697563
697604
697689
697712
697820
697910
698058
698133
698205
698313
698364
698406
698468
698494
698509
698589
698683
698688
698708
699099
699122
699380
699546
699561
699622
699635
699651
699721
699998
700086
700154
700241
700396
700414
700423
700439
700446
700578
700629
700660
700680
700682
700766
700987
701042
701157
701268
701452
701459
701533
701579
701682
701685
701949
702103
702143
702165
702186
702243
702256
702356
702432
702461
702655
702836
703112
703316
703346
703392
703511
703570
703742
703755
703892
703922
703977
704006
704112
704200
704256
704287
704356
704357
704422
704430
704515
704549
704669
704676
704693
704795
704835
704905
705006
705057
705115
705205
705209
705266
705293
705364
705387
705725
705734
705780
705834
706645
706654
706676
706765
706780
706817
706897
706967
706984
706988
707254
707301
707374
707440
707443
707489
707630
707767
707961
708200
708268
708308
708514
708625
708761
708763
708834
708875
709229
709391
709470
710080
710402
710513
710794
711041
711238
711492
711559
711928
711945
712117
712166
712223
712286
712373
712446
712536
712744
712835
712859
713095
713108
713203
713209
713217
713235
713306
713312
713464
713610
713638
713754
713784
713796
713797
713800
713835
714018
714121
714252
714433
714444
714869
714955
715066
715121
715122
715125
715152
715324
715756
715820
715938
716109
716181
716201
716375
716567
716580
716681
716697
716758
716909
717025
717048
717443
717656
717701
717770
717854
717906
717934
718204
718238
718247
718257
718421
718518
718528
718735
718820
718898
719193
719222
719244
719288
719345
719390
719618
719639
719732
719737
719767
719807
719874
720037
720114
720124
720188
720202
720258
720344
720366
720388
720485
720641
720706
720743
720750
720790
720867
720928
720956
721031
721076
721254
721291
721456
721475
721551
721613
721615
721724
721841
722078
722118
722137
722349
722371
722470
722492
722612
722686
722741
722850
722966
722979
723370
723466
723505
723657
723765
723779
723894
723906
723932
723933
723949
724387
724453
724498
724639
724767
724831
724900
725062
725191
725211
725385
725516
725523
725639
725874
725921
725968
726008
726254
726286
726331
726357
726566
726585
726714
726821
726867
726966
726973
727272
727513
727592
727656
727680
727688
727743
727833
727914
728014
728084
728148
728282
728335
728485
728488
728519
728680
728738
728747
728762
728851
728968
728998
729052
729081
729191
729195
729225
729262
729302
729377
729429
729436
729466
729515
729695
729724
729942
730023
730056
730126
730389
730504
730555
730635
730710
730740
731198
731210
731359
731534
731584
731859
732172
732196
732259
732373
732385
732502
732931
732995
733209
733235
733574
733615
733669
733746
733765
734342
734422
734820
735022
735046
735088
735180
735354
735521
735625
735766
735868
735880
735975
736028
736070
736147
736171
736561
736702
736750
736784
736895
736914
737072
737174
737226
737380
737385
737795
737812
737934
738267
738322
738323
738374
738553
738556
738862
739395
739441
739929
739949
739956
739981
740072
740180
740182
740299
740331
740379
740429
740440
740487
740652
741184
741236
741296
741371
741439
741560
741780
741856
741990
742037
742191
742282
742297
742323
742424
742524
742749
742759
742761
742867
742883
742925
743039
743081
743408
743465
743575
743640
743819
743895
743906
744096
744102
744477
744536
744550
744663
744695
744735
744865
744973
744982
745027
745102
745138
745175
745324
745370
745662
745701
745724
745742
745843
746039
746086
746220
746305
746469
746484
746492
746506
746574
746635
746677
746727
746730
746849
746871
746947
746994
747060
747124
747134
747175
747249
747277
747302
747379
747425
747818
747904
747932
747937
748004
748633
748760
748856
748902
748908
748921
749007
749138
749720
749742
749864
749915
750047
750096
750097
750173
750431
750494
750503
750521
750667
750676
750690
750702
750942
750943
751075
751077
751132
751251
751401
751403
751538
751575
751688
751749
751900
752034
752112
752236
752238
752427
752433
752787
752802
752874
753079
753128
753174
753355
753361
753412
753546
753604
753658
753668
753738
753770
753797
754126
754154
754193
754342
754391
754399
754434
754472
754564
754618
754800
754811
754984
755105
755182
755215
755249
755291
755346
755697
755727
755783
755854
755975
756152
756178
756249
756346
756357
756571
756579
756594
756967
757191
757331
757339
757363
757476
757529
757557
757848
758373
758538
758620
758622
758698
758775
758859
759001
759191
759299
759320
759349
759376
759451
759520
759731
759791
759811
760055
760207
760241
760245
760539
760668
760705
760941
760977
761027
761307
761354
761435
761538
761539
761573
761602
761630
761637
761651
761686
761792
761795
761928
761933
761951
762001
762151
762304
762362
762417
762495
762556
762581
762621
762793
762876
762920
763056
763080
763127
763252
763774
763852
764048
764299
764305
764342
764354
764406
764473
764866
764918
764935
764938
765119
765352
765397
765509
765522
765646
765816
765841
765844
766133
766265
766267
766464
766887
766892
766977
767027
767038
767142
767215
767275
767311
767326
767348
767689
767697
767792
767955
768348
768395
768438
768539
768585
768657
768659
768712
768773
768804
769061
769142
769333
769360
769456
769659
769729
769789
769837
769896
770265
770272
770290
770443
770465
770559
770731
770842
771106
771258
771278
771282
771304
771485
771570
771624
771628
771720
771731
771782
771798
771912
772101
772135
772437
772495
772674
772753
772797
772802
772911
773025
773028
773393
773448
773470
773532
773708
773779
773779
773828
773959
774110
774128
774577
774690
774762
774765
774972
775028
775139
775209
775310
775446
775470
775627
775766
775988
776193
776278
776303
776316
776368
776450
776536
776637
776667
776754
776854
776936
776987
777075
777086
777248
777345
777463
777505
777519
777738
777758
777818
778213
778424
778503
778686
778810
778829
779015
779063
779192
779328
779501
779526
779542
779650
779678
779708
779795
779799
779890
779898
779899
780083
780198
780295
780354
780379
780408
780663
780796
780872
780919
780952
781008
781135
781150
781262
781272
781537
781756
781915
782323
782383
782621
782678
782701
782849
782859
782888
783071
783076
783422
783687
784004
784048
784107
784373
784454
784463
784481
784499
784566
784585
784643
784657
784824
784924
785158
785214
785300
785479
785559
785576
785600
785698
785713
785789
785906
785920
786008
786039
786099
786100
786195
786236
786368
786473
786561
786562
786701
786761
786781
786822
786870
787044
787071
787196
787199
787271
787423
787452
787503
787566
787584
787689
787792
787879
788307
788327
788919
788993
789161
789256
789313
789324
789526
789628
789710
789822
789862
790059
790392
790433
790575
790701
790753
790850
790992
791056
791084
791176
791295
791475
791749
791855
791874
791880
791893
791933
792101
792119
792272
792520
792564
792567
792753
792785
792997
793091
793133
793162
793340
793426
793483
793605
793637
793806
794086
794169
794376
794509
794519
794656
794768
794807
794827
794885
794887
794939
795022
795180
795354
795419
795788
795877
795960
795978
795982
796160
796260
796390
796470
796529
796538
796657
796728
796778
796902
797117
797194
797210
797490
797513
797582
797617
797656
798027
798209
798228
798370
798497
798589
798602
798696
798724
798943
799024
799276
799358
799435
799574
799664
799856
799886
799918
799945
799969
800050
800058
800147
800234
800238
800285
800294
800334
800458
800669
800718
800776
800795
800802
801000
801023
801319
801330
801354
801406
801488
801793
801803
801811
801860
801867
801934
802031
802041
802081
802126
802248
802510
802573
802725
802726
802740
802753
802906
802915
802950
803127
803265
803280
803292
803443
803470
803471
803500
803545
803578
803635
803928
804033
804105
804601
804612
804661
804747
804747
804922
805161
805423
805466
805765
805913
806015
806185
806242
806269
806350
806540
806666
806800
806832
806943
806968
806976
807264
807442
808057
808591
808722
809054
809128
809182
809225
809413
809465
809482
809500
809505
809510
809517
809560
809623
809780
810010
810025
810138
810224
810248
810420
810444
810471
810761
810762
810822
811016
811328
811404
811663
811706
812069
812095
812130
812171
812206
812226
812440
812493
812590
812725
812745
812830
812850
812919
812957
813100
813218
813258
813361
813448
813450
813492
813597
813757
813914
814083
814128
814266
814345
814413
814452
814539
815229
815439
815640
815824
815858
815869
816110
816193
816293
816318
816476
816502
816503
816542
816900
816923
817022
817034
817140
817272
817489
817494
817557
817657
817675
817686
817698
817719
817922
817934
817955
818136
818220
818227
818239
818252
818511
818672
818847
819007
819205
819284
819439
819789
819950
820123
820158
820185
820203
820224
820428
820501
820734
820784
820824
821184
821231
821235
821247
821325
821365
821371
821387
821488
821903
822167
822287
822293
822317
822360
822431
822497
822500
822591
822998
823016
823228
823509
823689
823847
824027
824034
824121
824181
824271
824315
824341
824476
824588
824757
824818
824933
824950
824962
825162
825528
825573
825617
825875
826028
826169
826217
826295
826433
826472
826659
826760
826844
826885
827019
827433
827437
827478
827516
827557
827585
827668
827953
828141
828395
828431
828437
828575
828596
828616
828641
828783
828813
828837
829037
829365
829530
829573
829650
829651
829675
829675
829723
829754
829979
830046
830049
830129
830242
830308
830326
830424
830522
830536
830631
830751
830798
830984
831109
831230
831276
831368
831444
831576
831593
831669
831714
832160
832305
832581
832715
832791
833335
833382
833412
833421
833567
833671
833728
833745
833846
834236
834404
834549
834556
834626
834672
834691
834739
834797
834891
834964
835044
835103
835125
835161
835244
835304
835471
835520
835550
835607
835662
835743
835746
835782
835874
836163
836188
836243
836547
837201
837390
837433
837749
837857
838038
838102
838106
838214
838250
838299
838312
838362
838386
838620
838702
838832
838853
838899
838943
838978
839041
839256
839265
839278
839497
839606
840010
840107
840126
840267
840317
840374
840382
840496
840827
841238
841321
841368
841454
841526
842015
842100
842139
842160
842325
842459
842576
842704
842742
842804
842809
842824
842902
842961
842988
843047
843119
843300
843352
843408
843646
843683
843882
844013
844028
844028
844030
844180
844275
844415
844511
844956
844988
845010
845095
845217
845305
845347
845410
845472
845641
845739
845853
845942
845999
846080
846196
846235
846461
846550
846599
846630
846738
846779
846906
847217
847390
847488
847587
847731
847871
848267
848369
848427
848436
848732
848894
849231
849242
849398
849409
849505
849856
850055
850068
850129
850152
850243
850342
850375
850402
850508
850523
850548
850581
850641
850700
850721
850811
850850
850883
851033
851129
851225
851294
851575
851604
851711
851736
851805
851846
852373
852420
852514
852637
852747
852753
852918
852937
852939
853024
853059
853130
853130
853244
853505
853531
854163
854507
854617
854684
854733
854781
854812
854990
855123
855132
855145
855215
855321
855405
855459
855471
855504
855958
856047
856113
856276
856493
856579
856643
856725
856743
856758
856791
856885
856937
857055
857086
857173
857244
857431
857570
857690
857846
857857
857953
857985
858077
858259
858379
858410
858473
858606
858821
858852
858859
858911
858989
859011
859024
859156
859235
859407
859574
859671
859689
859801
859829
859866
859882
859910
859992
860004
860032
860363
860382
860939
860990
861084
861095
861171
861492
861563
861626
861631
861922
861968
862359
862584
862637
862787
862891
862965
863001
863183
863213
863288
863300
863327
863461
863489
863723
863846
863902
864085
864220
864241
864284
864345
864393
864412
864553
864702
864779
865025
865030
865156
865786
865870
865952
866086
866143
866179
866200
866334
866402
866541
866610
866808
866984
867742
867780
867818
867821
867830
867879
868351
868351
868517
868694
868775
868824
868895
868924
868990
869040
869102
869124
869337
869344
869507
869628
869662
869754
869811
869930
870077
870657
870874
871056
871088
871092
871098
871127
871166
871218
871248
871378
871408
871551
872009
872015
872038
872380
872396
872415
872612
872656
872743
872744
872764
872765
872986
873299
873427
873512
873538
873547
873617
873649
873726
873737
873791
873793
874019
874135
874236
874240
874242
874306
874443
874612
874711
874835
874874
874942
874968
875038
875078
875196
875246
875272
875386
875470
875486
875529
875576
875708
875985
876026
876053
876156
876167
876216
876303
876354
876388
876551
876597
876597
876649
876655
876680
876899
876995
877011
877048
877141
877160
877191
877212
877292
877401
877449
877455
877637
877800
877812
877878
877887
878104
878254
878405
878762
878796
878927
878981
879276
879498
879505
879568
879636
879742
879764
879769
879793
879858
880285
880446
880842
881027
881187
881259
881295
881315
881439
881519
881846
882190
882355
882457
882527
882714
882811
882817
882836
882882
883066
883117
883157
883565
883832
883957
884188
884354
884452
884492
884870
885115
885127
885218
885267
885411
885649
885652
885716
885760
886052
886194
886254
886290
886392
886545
886839
887032
887170
887209
887290
887334
887351
887379
887527
887787
887810
887934
888070
888208
888329
888420
888432
888521
888563
888568
888590
888601
888671
888732
888954
889044
889294
889408
889533
889666
889681
889720
889741
889764
889817
889827
889857
889879
889984
890039
890106
890171
890443
890658
890685
890765
890778
890803
890861
890911
890974
891347
891544
891629
891691
891716
891888
891906
891976
892026
892141
892209
892301
892337
892371
892419
892453
892657
892810
892825
892853
893019
893090
893091
893141
893389
893453
893477
893489
893647
893913
893921
894252
894270
894341
894373
894480
894544
894650
894879
895029
895200
895554
895627
895706
895737
896065
896211
896248
896420
896434
896480
896526
896579
896585
896622
896693
896829
896911
896954
896988
897002
897164
897240
897278
897284
897364
897415
897497
897543
897826
897841
897954
897955
898083
898180
898180
898277
898449
898454
898493
898532
898676
899220
899235
899240
899350
899475
899822
899896
899905
899932
899987
900006
900246
900435
900438
900529
900697
900700
900921
900941
901159
901270
901321
901567
901617
901830
901877
901898
901926
901956
902000
902052
902107
902174
902237
902253
902787
902806
902993
903026
903220
903552
903613
903670
903708
903816
904036
904216
904400
904405
904483
904575
904583
904858
904911
904926
904970
905039
905133
905218
905228
905233
905280
905402
905435
905440
905570
905628
905810
905986
906218
906234
906250
906338
906349
906449
906509
906525
906581
906629
906639
906653
906659
906663
906741
906870
906937
907021
907068
907206
907227
907325
907456
907526
907719
907803
907854
908071
908100
908196
908244
908647
908671
908921
908965
908978
908984
909067
909103
909135
909221
909437
909496
909557
909953
910048
910155
910358
910408
910547
910575
910606
910648
910714
910872
910939
910954
910974
911031
911164
911221
911245
911352
911359
911535
911555
911640
911706
911845
911969
912023
912107
912254
912436
912492
912520
912565
912819
913082
913105
913243
913383
913394
913434
913627
913655
913723
913747
914019
914133
914176
914218
914341
914406
914481
914595
914671
914719
914877
915027
915075
915182
915341
915397
915450
915545
915805
915837
915874
916388
916490
916536
916840
916898
916908
916977
917156
917184
917260
917393
917426
917483
917680
917841
917873
918044
918117
918163
918218
918335
918390
918472
918577
918651
919296
919397
919445
919575
919593
919642
919723
919816
920099
920336
920417
920512
920582
920862
921305
921512
921524
921870
922029
922131
922209
922275
922279
922286
922360
922402
922482
922790
922819
922854
922961
923049
923261
923271
923512
923583
923678
923702
923757
923763
923846
923886
923969
924040
924132
924217
924330
924340
924360
924405
924786
924860
924950
925281
925334
925361
925788
925907
925946
926028
926037
926306
926427
926488
926501
926554
926802
926818
926873
926952
926959
927003
927109
927191
927261
927344
927349
927491
928522
928896
928946
929149
929159
929163
929284
929356
929371
929373
929653
929723
929782
929974
930010
930014
930102
930377
930445
930470
930482
930539
930544
930652
930716
930781
930835
930889
931015
931064
931110
931220
931394
931438
931620
931682
931685
931852
931902
931912
932025
932124
932228
932248
932281
932763
932789
932804
932890
932929
933010
933152
933270
933378
933439
933680
933738
933756
933895
933895
933954
934214
934503
934772
934790
935447
935923
936228
936261
936320
936519
936544
936662
936905
936916
937200
937596
937691
937873
937911
938063
938223
938306
938435
938456
938572
938657
938726
938951
939053
939181
939199
939241
939339
939391
939467
939477
939546
939555
939979
940114
940450
940504
940525
940554
940565
940606
940810
941000
941175
941239
941394
941424
941427
941630
941658
941785
942104
942341
942365
942431
942638
942664
942808
942954
943033
943167
943350
943474
943477
943530
943574
943656
943680
943754
943780
943888
943962
944201
944309
944353
944400
944443
944516
944605
944705
945002
945148
945151
945306
945333
945476
945858
945862
945913
945991
946191
946418
946509
946513
946869
947003
947054
947062
947222
947325
947547
947562
947661
947735
947838
948060
948105
948362
948450
948569
948577
949041
949102
949112
949185
949191
949281
949312
949349
949608
949623
949636
949713
949723
949724
949736
949761
949840
949902
950012
950061
950131
950256
950467
950529
950536
950595
950647
950679
950879
950923
950932
951017
951379
951388
951430
951452
951740
951773
951837
951918
951985
952199
952235
952268
952352
952479
952618
953033
953341
953427
953439
953440
953577
953735
953830
953877
954029
954318
954400
954509
954533
954552
954646
954716
954728
955169
955297
955317
955437
955487
955787
956115
956262
956330
956558
956565
956798
956800
956901
957298
957336
957421
957664
958153
958228
958442
958589
958654
959187
959193
959206
959218
959232
959341
959398
959442
959679
959723
959758
959795
959934
959975
959984
960160
960494
960590
960598
960834
960835
960854
960976
961374
961431
961441
961464
961473
961566
961675
961749
961765
961804
961903
961998
962045
962058
962099
962181
962190
962387
962440
962500
962533
962566
962678
962804
962832
962979
962997
963070
963076
963227
963416
963417
963604
963840
963889
963970
963998
964120
964142
964437
964539
964776
965011
965114
965227
965247
965259
965398
965400
965401
965455
965497
965719
965767
965788
965874
965915
965917
966106
966165
966308
966436
966825
966838
966868
966983
967009
967021
967228
967260
967271
967348
967349
967351
967407
967433
967698
967754
967774
967817
967967
968012
968116
968131
968301
968378
968378
968437
968481
968492
968551
968697
968775
968928
969004
969133
969410
969792
970132
970172
970183
970340
970645
970680
970782
970894
971030
971045
971073
971103
971107
971283
971628
971628
971726
971752
971835
971879
971994
972094
972152
972316
972332
972410
972474
972489
972539
972547
972605
972705
973047
973062
973193
973286
973297
973323
973498
973544
973851
973856
973917
973992
973995
974248
974475
974480
974648
974681
974700
974944
974985
975059
975075
975101
975649
975814
975852
975935
975942
975944
976128
976503
976852
977099
977111
977123
977267
977274
977344
977345
977400
977428
977481
977533
977940
978431
978502
978582
978680
978688
979096
979121
979132
979182
979208
979314
979356
979520
979858
979879
979950
980011
980057
980077
980290
980510
980578
980597
980649
980710
980712
980775
980782
980796
981244
981302
981405
981615
981888
981910
982067
982091
982103
982153
982207
982339
982380
982482
982496
982573
982739
982885
983121
983170
983204
983300
983401
983538
983568
983623
983709
983783
983996
984035
984371
984383
984402
984408
984443
984467
984509
984686
984838
984923
984963
984998
985075
985229
985390
985433
985535
985539
985543
985921
986102
986424
986837
986886
987027
987072
987090
987195
987219
987280
987478
987564
987650
987667
987866
987885
987902
987934
988005
988038
988099
988133
988143
988259
988293
988300
988526
988586
988619
988761
988829
988941
988977
989105
989145
989324
989416
989537
989624
989775
989857
989956
990079
990137
990362
990428
990564
990622
990661
990778
991080
991106
991237
991358
991402
992006
992140
992165
992208
992245
992299
992358
992358
992446
992485
992510
992510
992564
992628
992659
992669
992691
992705
992848
993225
993254
993448
993601
993601
993651
993708
993918
994039
994129
994307
994421
994508
994512
994536
994728
994812
994815
995176
995217
995308
995332
995374
995477
995605
995636
995669
995829
995833
995879
995927
995992
996082
996158
996205
996245
996298
996333
996353
996383
996498
996580
996611
997065
997267
997424
997484
997494
997557
997768
997841
997858
998379
998621
998846
998872
999012
999057
999128
999187
999376
999509
999561
999691
999863
