72
73
206
233
268
342
350
382
443
463
558
674
740
850
931
965
994
1182
1192
1272
1337
1446
1530
1662
1735
1767
1832
2238
2420
2546
2727
2786
2864
2879
3012
3014
3182
3200
3231
3395
3591
3770
3770
4070
4113
4134
4164
4282
4327
4440
4668
4700
4779
5035
5156
5410
5522
5559
5616
5639
5754
5789
5835
5883
5902
6017
6522
6539
6765
6912
7148
7164
7392
7894
7922
8016
8095
8145
8356
8493
8505
8521
8552
8645
8679
8820
8939
9034
9047
9098
9241
9329
9354
9409
9500
9519
9582
9867
9915
10106
10126
10229
10238
10408
10411
10651
10673
10679
10849
10995
11117
11142
11162
11325
11335
11397
11426
11443
11565
11594
12012
12018
12166
12311
12326
12339
12346
12429
12601
12610
12710
12789
12873
13137
13235
13235
13444
13529
13633
13701
13795
13913
13963
13975
14124
14156
14326
14339
14399
14501
14614
14670
14685
14701
14845
14871
14923
15014
15069
15082
15267
15440
15450
15478
15618
15632
15662
15739
15794
15837
15849
15874
15913
16049
16217
16276
16283
16291
16333
16377
16392
16564
16874
16920
16989
16995
17229
17237
17395
17482
17625
17657
17769
17831
17863
17892
18134
18202
18207
18244
18250
18261
18424
18454
18639
18726
18988
19227
19282
19401
19838
20027
20109
20442
20600
20604
20723
20874
20879
20963
21043
21085
21251
21275
21288
21342
21430
21491
21599
21713
21715
21885
21888
21962
22132
22189
22290
22307
22375
22507
22517
22539
22783
22926
22958
22989
23171
23247
23272
23285
23309
23434
23464
23702
24004
24013
24032
24392
24421
24469
24699
24861
24964
25069
25154
25317
25379
25416
25425
25467
25582
25708
25971
26021
26060
26110
26120
26764
26809
26822
26847
26912
26922
27167
27278
27284
27486
27759
27833
27863
27900
28106
28128
28175
28244
28350
28401
28469
28470
28545
28629
28854
28859
29079
29088
29097
29286
29289
29441
29604
29682
29703
29738
29806
29852
29979
29986
30097
30140
30348
30385
30468
30523
30612
30716
30950
31158
31176
31350
31367
31400
31511
31603
31629
31714
31733
31774
31914
31955
32043
32202
32246
32252
32380
32580
32587
32610
32699
32840
33219
33253
33359
33421
33509
33524
33569
33581
33601
33654
33728
33777
33802
33885
33927
33935
33977
34216
34406
34419
34658
34759
34777
35231
35310
35432
35532
35646
35702
35741
35958
35974
36092
36513
36537
36566
36714
36732
36772
36890
36960
37017
37119
37147
37293
37339
37365
37423
37545
37595
37658
37894
37930
38473
38484
38493
38572
38591
38818
38823
38838
38957
39145
39157
39268
39295
39397
39407
39450
39567
39636
39702
39721
39879
40003
40177
40181
40318
40374
40381
40574
40700
40820
40884
40994
41003
41004
41121
41209
41243
41288
41418
41453
41560
42108
42145
42181
42243
42298
42329
42386
42532
42751
42762
42780
43012
43014
43018
43150
43241
43735
43754
44191
44356
44411
44494
44544
44643
44670
44738
44827
44866
44880
44999
45007
45024
45098
45166
45170
45280
45337
45506
45567
45911
46063
46546
46550
46732
46745
46796
46997
47016
47236
47295
47316
47394
47446
47537
47543
47719
47990
48120
48233
48245
48266
48688
48831
49157
49206
49247
49253
49358
49477
49748
49828
49862
50120
50374
50561
50641
50780
50926
50957
50961
50991
51002
51156
51573
51628
51639
51697
51832
51876
52110
52116
52129
52193
52368
52413
52419
52519
52742
53110
53176
53357
53466
53474
53516
53697
53715
53769
53789
53985
54024
54288
54565
54612
54701
54846
54993
55258
55324
55433
55437
55513
55673
55681
55713
55871
55989
56140
56357
56488
56533
56736
56751
56778
56966
57129
57199
57228
57523
57547
57651
57688
57695
57706
57707
57896
58108
58249
58456
58529
58569
58718
58740
58771
58866
58881
59064
59239
59555
59569
59608
59691
60140
60369
60440
60511
60660
60808
60861
60865
60897
61145
61312
61313
61505
61813
61826
61831
61872
62031
62094
62124
62316
62318
62626
62715
62967
63059
63137
63341
63527
63638
63793
63805
63977
64363
64402
64420
64558
64826
64911
65443
65476
65510
65638
65777
65936
65973
66208
66742
66859
66898
66903
66959
67009
67165
67181
67226
67371
67386
67417
67466
67717
68185
68308
68519
68535
68983
69181
69210
69231
69319
69372
69431
69444
69457
69602
69670
69740
69828
69906
70051
70138
70196
70338
70348
70352
70532
70624
70631
70650
70784
70793
70799
70976
71120
71265
71529
71729
71771
71969
71997
72101
72113
72216
72264
72325
72349
72411
72479
72494
72524
72546
72663
72742
72826
72918
73021
73092
73183
73307
73310
73394
73402
73461
73654
73687
73715
73962
74003
74097
74142
74243
74342
74519
74527
74529
74711
74748
74784
74807
74951
75042
75193
75338
75358
75379
75462
75488
75505
75591
75690
75929
76240
76337
76430
76442
76510
76531
76647
76672
76814
77092
77101
77206
77251
77286
77358
77371
77479
77528
77573
77616
77683
77696
77711
77992
78018
78126
78283
78351
78480
78688
78715
78787
78793
79147
79165
79219
79427
79468
79484
79568
79770
80010
80316
80382
80410
80627
80722
80751
80763
80771
80903
80920
81013
81036
81068
81183
81277
81417
81557
81810
81834
81868
81869
81930
82029
82051
82128
82240
82346
82361
82370
82378
82478
82527
82574
82593
82783
83065
83094
83163
83188
83268
83703
83883
84014
84060
84095
84191
84213
84289
84297
84305
84559
84628
85184
85236
85443
85480
85489
85563
85629
85843
85939
86000
86004
86069
86124
86132
86165
86180
86419
86491
86526
86566
86700
86743
87035
87177
87333
87417
87583
87587
87648
87731
87766
87820
87984
88287
88356
88386
88924
89004
89028
89139
89168
89203
89292
89328
89493
89732
89789
89891
89955
89999
90049
90051
90082
90303
90371
90414
90546
90598
90611
90616
90678
90773
90816
90981
91028
91062
91091
91210
91388
91422
91445
91507
91542
91620
91747
91766
91820
92076
92119
92243
92262
92338
92397
92501
92588
92608
92687
92688
92718
92721
92978
93169
93222
93302
93328
93333
93488
93494
93660
93682
93812
93891
93949
94170
94195
94202
94219
94251
94449
94522
94735
94749
94862
95187
95213
95321
95330
95501
95505
95569
95571
95658
95960
96062
96089
96106
96226
96228
96334
96343
96345
96436
96456
96572
96598
96656
96660
96734
96970
96987
97025
97055
97114
97294
97358
97366
97370
97445
97482
97660
97702
97717
97798
98172
98266
98305
98373
98401
98406
98543
98543
98594
98670
98750
98880
98884
99206
99254
99342
99525
99658
99786
99828
99895
100046
100178
100252
100254
100303
100391
100460
100906
100910
101013
101030
101354
101402
101404
101477
101496
101563
101579
101659
101694
101732
101766
101896
101944
101976
102110
102136
102230
102256
102476
102489
102698
103013
103068
103140
103169
103266
103425
103472
103631
103697
103751
103777
103980
104121
104171
104259
104299
104319
104467
104501
104531
104551
104570
104762
104789
105020
105144
105247
105279
105306
105396
105424
105512
105519
105534
105721
105729
105754
105809
105853
106058
106061
106266
106358
106425
106455
106547
106805
106829
107232
107261
107351
107352
107446
107575
107599
107695
107760
107788
107904
107963
108025
108201
108352
108369
108474
108542
108621
108662
108728
108992
109136
109247
109276
109329
109527
109613
109618
109845
110663
110764
110950
110972
111014
111138
111173
111182
111268
111577
111725
112019
112200
112200
112599
112603
112603
112655
112725
113145
113167
113183
113545
113910
114018
114198
114281
114314
114558
114819
114891
115198
115600
115692
115774
116029
116163
116198
116224
116351
116490
116497
116503
116753
117043
117179
117182
117196
117322
117325
117369
117750
117860
117891
117930
117932
118001
118044
118051
118139
118187
118312
118325
118762
118763
118772
118822
118984
119003
119019
119060
119107
119409
119424
119508
119562
119714
119765
119990
120018
120357
120686
120697
120767
120865
121485
121563
121930
121930
121995
122121
122176
122189
122207
122376
122393
122538
122658
122777
122807
122819
122844
122857
122972
123186
123407
123497
123683
123693
123754
123790
123907
123909
123969
124011
124067
124169
124203
124227
124331
124335
124522
124557
124765
124970
125044
125086
125189
125190
125330
125348
125394
125407
125686
125933
125937
126013
126045
126075
126204
126409
126558
126785
126857
126866
127022
127045
127070
127588
127618
127736
127848
127875
128103
128119
128181
128307
128407
128715
128791
128945
128952
129033
129097
129333
129391
129434
129704
129748
129933
129947
130061
130078
130152
130190
130411
130430
130529
130837
130972
131022
131178
131271
131283
131314
131320
131352
131436
131451
131539
131615
131628
131939
132043
132053
132222
132246
132285
132321
132431
132681
132811
132872
133014
133079
133080
133139
133197
133301
133374
133399
133403
133722
133882
134115
134178
134303
134321
134392
134408
134418
134468
134671
134676
134910
134998
135054
135238
135322
135355
135429
135447
135518
135647
135778
135792
135906
135940
135964
136071
136156
136198
136272
136528
136590
136609
137079
137086
137096
137143
137170
137322
137354
137797
137804
137814
137842
137883
137923
138087
138122
138128
138271
138312
138410
138680
139072
139099
139272
139351
139387
139569
139633
139732
139772
139806
139999
140159
140213
140634
140648
140760
140776
141008
141042
141060
141273
141372
141386
141520
141636
141662
142004
142108
142129
142346
142479
142495
142555
142776
142847
142852
142859
142990
143122
143279
143326
143387
143393
143801
143984
144002
144049
144088
144187
144189
144210
144263
144346
144367
144676
144766
144934
144945
144945
145105
145533
145629
145718
145757
145849
145853
146042
146046
146284
146330
146397
146495
146514
146559
146614
146659
146674
146736
147207
147770
147795
147874
147911
148029
148286
148518
148591
148670
148736
148814
148876
148919
149277
149326
149412
149603
149630
149695
149713
149872
150016
150191
150395
150397
150579
150635
150749
150800
150809
150936
150985
151015
151131
151157
151261
151429
151485
151485
151580
151695
151837
152042
152061
152083
152247
152258
152283
152340
152341
152425
152448
152464
152521
152575
152730
152789
152796
152799
152838
152917
152962
152965
153024
153109
153177
153286
153400
153515
153631
153766
153780
154057
154061
154310
154425
154512
154611
154728
154781
154796
154955
154990
155044
155121
155196
155291
155313
155395
155572
155846
155859
155974
155975
156086
156226
156280
156387
156429
156496
156572
156896
157078
157105
157218
157325
157436
157508
157521
157524
157539
157612
157629
157849
158049
158277
158289
158293
158298
158391
158512
158782
158856
158863
158928
158952
159098
159143
159253
159261
159374
159783
159973
160045
160045
160127
160279
160305
160369
160424
160435
160614
160647
160687
160705
160742
160768
160770
160876
160907
160918
161139
161157
161251
161493
162078
162170
162203
162292
162325
162509
162572
162665
162685
162805
163005
163031
163310
163387
163467
163692
163765
164003
164209
164211
164248
164423
164555
164653
164668
164763
164959
165113
165240
165296
165305
165614
165661
165731
165839
165985
166002
166159
166205
166255
166300
166310
166353
166376
166582
166721
166784
166823
166954
167010
167117
167258
167456
167614
167729
167855
168014
168088
168197
168568
168753
168810
168817
168832
168978
169039
169040
169047
169078
169139
169154
169243
169368
169523
169581
169694
169715
169780
169946
169978
170005
170049
170068
170107
170133
170207
170283
170556
170639
171083
171267
171478
171479
171569
171597
171612
171649
171655
171720
171730
171739
171817
172258
172264
172369
172445
172529
172562
172627
172765
172828
172846
173346
173679
173728
173747
173786
173987
174045
174098
174123
174755
174803
174872
174953
175230
175262
175374
175460
175461
175491
175727
175836
175892
175940
176205
176281
176348
176365
176478
176591
176630
176718
176721
176753
176867
177036
177062
177254
177257
177267
177288
177435
177443
177630
177895
178077
178095
178151
178290
178613
178655
178734
178760
178853
178870
179056
179168
179306
179342
179407
179542
179650
179783
179837
179984
180211
180241
180282
180447
180522
180582
180679
180775
181042
181095
181096
181154
181172
181324
181346
181369
181392
181422
181560
181730
181733
181798
181819
181961
182074
182092
182121
182217
182389
182426
182487
182543
182939
183165
183243
183371
183422
183429
183438
183453
183627
184163
184474
184523
184553
184796
185046
185055
185130
185600
185631
185634
185942
186041
186221
186309
186377
186444
186475
186707
186759
186878
187322
187381
187729
187740
187742
187925
187947
187959
188082
188108
188176
188220
188461
188505
188543
188552
188710
188867
188876
188992
189167
189280
189305
189324
189488
189497
189520
189635
189800
189931
189947
190013
190037
190048
190200
190236
190247
190279
190396
190401
190433
190540
190599
190651
190691
190816
190903
190921
190928
190999
191286
191586
191766
191981
192036
192146
192249
192297
192983
193281
193556
193608
193659
193725
193814
193845
193846
193978
194104
194142
194214
194239
194298
194432
194776
194837
195068
195076
195237
195313
195499
195697
195707
195738
195790
195795
195799
196057
196087
196198
196227
196245
196401
196463
196511
196546
196619
196633
196681
196769
196792
196828
196845
197011
197152
197187
197476
197772
197855
197869
197893
197963
198022
198049
198239
198282
198335
198471
198496
198648
198671
198733
198932
199289
199352
199379
199534
199752
199979
200009
200061
200108
200127
200368
200396
200515
200644
200915
201036
201190
201348
201565
201643
201858
201919
201928
201990
202146
202308
202320
202468
202469
202518
202737
202846
203169
203181
203209
203241
203343
203371
203426
203505
203547
203562
203654
203704
203854
203911
204021
204078
204143
204150
204178
204209
204274
204278
204310
204311
204441
204458
204473
204504
204510
204540
204687
204770
204828
205028
205039
205296
205513
205555
205606
205620
205787
205918
205953
206232
206248
206262
206424
206560
206572
206630
206864
206918
207283
207434
207552
207592
207651
207714
207861
207913
207977
208163
208195
208370
208669
208677
208912
209026
209291
209408
209553
209696
209758
209835
209892
209973
210095
210353
210461
210544
210590
210807
211058
211112
211185
211222
211291
211720
211745
211877
212000
212349
212574
212635
212657
212756
212809
213195
213378
213414
213540
213715
213781
213791
213811
213939
213992
214246
214364
214435
214484
214497
214515
214594
214794
214840
215023
215186
215278
215629
216005
216039
216089
216140
216269
216401
216481
216536
216863
217038
217076
217125
217234
217352
217369
217524
217615
217911
217915
217947
217976
217991
218003
218142
218300
218410
218656
218656
218835
218927
218934
218958
219209
219408
219536
219685
219690
219723
219773
219864
220039
220105
220107
220132
220142
220187
220230
220344
220455
220483
220599
220798
220961
221157
221258
221318
221563
221652
221732
221739
222027
222053
222242
222253
222268
222296
222379
222400
222700
222771
222851
222888
222989
223030
223080
223270
223397
223473
223528
223624
223739
223765
223819
224061
224230
224292
224518
224604
224694
224761
224834
224838
224848
224856
224910
225106
225204
225205
225668
225700
226550
226740
226858
226871
226896
226923
227143
227179
227205
227236
227363
227377
227606
227631
227646
227680
227783
227793
227834
227999
227999
228017
228049
228078
228206
228215
228326
228381
228439
228685
228689
228789
228913
229132
229172
229212
229311
229313
229418
229420
229570
229629
229711
229962
230258
230292
230597
230642
230666
230895
230983
230992
231005
231096
231215
231244
231279
231370
231398
231399
231487
231590
231615
231767
231873
231922
231961
232214
232218
232326
232402
232421
232484
232498
232534
232578
232757
232761
232804
232808
232831
232839
233193
233243
233321
233436
233554
233572
233598
233613
233654
233911
234116
234281
234287
234289
234302
234305
234417
234615
234830
234953
235091
235144
235301
235590
235597
235631
235640
235832
236110
236125
236133
236214
236215
236411
236420
236457
236469
236535
236542
236855
236982
237027
237080
237192
237332
237369
237812
237842
238054
238131
238514
238538
238629
238779
239076
239143
239435
239460
239552
239710
239754
239772
240093
240132
240175
240309
240384
240542
240626
240637
241455
241518
241542
241696
241769
242038
242180
242242
242537
242550
242728
242977
243029
243034
243093
243094
243186
243275
243341
243341
243414
243437
243455
243487
243686
243761
243789
243809
243836
243878
243902
244436
244496
244510
244548
244664
244748
244761
244933
244986
244995
245016
245211
245215
245336
245754
245854
245863
245914
245949
246063
246283
246349
246441
246611
246700
246721
246730
246735
246749
246813
246940
246972
247090
247197
247340
247503
247725
248117
248323
248330
248412
248559
248794
248818
248879
248930
249103
249117
249245
249251
249294
249430
249454
249746
249850
249884
249916
249927
250077
250089
250151
250492
250792
250959
250985
251135
251168
251175
251245
251280
251349
251444
251503
251574
251686
251763
251903
251971
252027
252032
252261
252337
252463
252571
252572
252627
252808
252862
252876
252916
253004
253039
253044
253106
253185
253256
253329
253353
253430
253606
253773
253833
253841
253906
253959
254216
254293
254379
254527
254664
254677
254679
254698
254727
255092
255236
255439
255443
255475
255669
255670
255713
255854
255861
255966
256065
256122
256372
256518
256523
256577
256598
256707
256714
256718
256849
256985
256986
257009
257026
257046
257048
257484
257678
257765
257783
258077
258092
258112
258135
258169
258196
258367
258481
258701
258776
258865
258878
259046
259273
259405
259572
259664
259743
259859
259957
260212
260383
260469
260527
260547
260626
260642
260770
260790
260813
260830
260873
261378
261692
261713
261715
261801
261813
262052
262090
262183
262302
262456
262468
262677
262681
262787
263137
263165
263232
263251
263334
263388
263501
263714
263784
263992
264062
264149
264296
264369
264515
264553
264560
264638
264683
264755
264782
264813
264838
265048
265127
265217
265428
265629
265798
265806
265847
266118
266294
266346
266486
266522
266733
266848
266854
267152
267375
267379
267398
267489
267527
267564
267644
267681
267701
267726
267877
267895
267962
268005
268041
268167
268184
268243
268320
268377
268430
268643
268833
269033
269069
269088
269150
269196
269281
269282
269374
269392
269421
269423
269966
269999
270150
270284
270337
270345
270380
270510
270535
270710
270721
270925
270949
271217
271249
271271
271284
271350
271424
271518
271709
271868
271950
271952
272086
272414
272487
272657
272690
272797
272906
273279
273498
273585
273626
273815
273876
273937
274182
274223
274340
274442
274465
274690
274752
274839
274906
275025
275061
275349
275365
275383
275385
275457
275525
275882
276048
276231
276238
276516
276549
276562
276594
276661
276817
276895
276925
276979
277048
277085
277350
277375
277680
277772
277794
277849
277921
278175
278202
278220
278300
278412
278423
278515
278673
278859
279072
279362
279400
279516
279531
279578
279599
279618
279653
279793
279831
279902
280106
280595
280645
280799
280851
280900
280986
281012
281091
281236
281393
281466
281483
281524
281641
281659
281765
281779
281947
281979
282114
282131
282510
282681
282737
282755
282808
283049
283123
283193
283310
283344
283463
283590
283677
283921
283966
283987
284028
284117
284142
284263
284456
284583
284644
284769
284837
284945
285018
285171
285176
285197
285201
285256
285315
285381
285397
285440
285546
285593
285645
285646
285828
286046
286076
286125
286166
286204
286274
286284
286308
286349
286772
286842
287022
287202
287231
287255
287312
287326
287341
287344
287462
287538
287724
287735
287762
287770
287809
287928
288018
288038
288275
288297
288307
288410
288586
288855
288870
289255
289273
289294
289612
289630
289760
289934
290015
290119
290139
290143
290167
290450
290534
290723
290790
290927
290971
291042
291213
291250
291260
291273
291362
291388
291460
291840
291899
291933
291960
292255
292442
292635
292704
292735
292738
292740
292827
292883
292888
292952
293051
293137
293322
293333
293471
293495
293575
293682
294094
294112
294179
294223
294330
294333
294437
294466
294486
294533
294753
294947
295205
295220
295284
295287
295346
295401
295402
295536
295542
295561
295735
295785
295932
296023
296037
296051
296060
296076
296197
296301
296376
296442
296512
296585
296714
296752
297036
297057
297105
297565
297572
297744
297753
297923
297985
297990
298344
298496
298516
298542
298590
298630
298662
298750
298859
298942
299000
299115
299248
299379
299464
299483
299573
299666
299836
299903
299938
300192
300346
300385
300413
300450
300531
300697
300955
301036
301104
301325
301342
301350
301434
301438
301612
301725
301759
301824
301855
301883
301936
301937
302085
302087
302098
302222
302228
302238
302307
302394
302548
302622
302649
302709
302827
302847
303051
303200
303304
303315
303447
303448
303467
303583
303590
303756
303823
303932
304048
304161
304358
304376
304554
304565
304640
304647
304823
304896
305029
305031
305530
305669
305687
305734
305812
305840
305951
306065
306123
306147
306373
306544
306590
306757
306771
306974
307347
307367
307535
307536
307853
307867
308221
308375
308379
308429
308443
308455
308551
308679
308793
308868
308970
308970
309014
309085
309166
309194
309558
309830
309844
309945
310034
310157
310213
310236
310271
310412
310462
310833
310843
310963
310988
311105
311142
311160
311305
311378
311424
311537
311594
311622
311728
311736
311879
312186
312373
312452
312929
312946
312960
312978
313093
313105
313187
313391
313556
313601
313659
313710
313829
313833
313935
314030
314060
314300
314410
314412
314414
314465
314624
314630
314650
314737
314776
314798
314878
314958
314998
315037
315098
315119
315272
315276
315363
315373
315386
315432
315755
315858
315960
316020
316095
316238
316324
316336
316393
316455
316500
316900
317012
317047
317433
317439
317446
317513
317608
317616
317696
317812
317873
317946
318093
318127
318135
318220
318255
318325
318693
318697
318704
318801
318841
318964
318970
319058
319067
319430
319500
319610
319789
319914
320037
320293
320306
320334
320339
320341
320361
320578
320746
320844
321039
321142
321180
321186
321320
321574
321658
321757
321757
321831
321884
322004
322149
322208
322392
322503
322545
322559
322782
322886
322893
322956
322987
323035
323102
323175
323357
323534
323686
323731
323819
323830
323859
323905
323955
324020
324038
324103
324131
324332
324354
324446
324497
324515
324778
324784
324853
325024
325116
325117
325193
325249
325285
325531
325573
325594
325635
325696
325873
326109
326143
326167
326339
326432
326509
326566
326881
326920
326988
327011
327029
327076
327227
327303
327409
327412
327657
327683
327714
327871
327927
327975
328012
328042
328171
328379
328608
328634
328786
328848
329131
329194
329288
329581
329783
329915
329919
329938
330256
330433
330437
330615
330673
330985
331350
331366
331388
331580
331686
331708
331768
331931
332005
332020
332085
332114
332262
332390
332391
332498
332547
332836
332886
333138
333187
333458
333478
333654
333811
333828
333850
334179
334203
334368
334420
334536
334644
335101
335181
335225
335237
335446
335575
335664
335733
335739
336043
336066
336243
336478
336484
336514
336552
336643
336674
336696
336770
336917
336943
337089
337176
337177
337254
337317
337346
337833
337856
337858
337966
337967
338133
338169
338235
338348
338468
338678
338776
338811
338830
338888
339163
339193
339235
339244
339305
339320
339325
339462
339482
339502
339653
339659
339729
339781
339785
339819
339837
339877
339969
340000
340206
340209
340357
340388
340397
340404
340431
340513
340697
340732
340743
340767
340799
340885
341071
341214
341345
341514
341541
341664
341743
341746
341800
342021
342379
342607
342610
342691
342701
342755
342898
342910
342914
342936
343009
343056
343075
343304
343342
343382
343519
343546
343671
343822
344111
344265
344266
344356
344722
344737
344738
344845
344894
344994
345162
345361
345367
345460
345760
345775
345785
345880
346019
346070
346146
346255
346388
346463
346543
346574
346633
346701
346861
346862
346949
347007
347025
347211
347355
347439
347481
347501
347543
347696
347918
348045
348102
348151
348179
348219
348270
348281
348459
348752
348834
348898
349108
349120
349137
349160
349216
349218
349327
349349
349363
349412
349467
349514
349551
349601
349638
349770
349792
349792
349803
349999
350234
350313
350338
350395
350398
350547
350810
350935
351062
351076
351099
351400
351415
351505
351596
351629
351640
351790
351881
351902
351927
351927
352013
352019
352032
352196
352202
352234
352350
352517
352571
352583
352628
352771
352884
352912
352944
352946
353201
353318
353327
353517
353578
353611
353830
353908
353980
354103
354219
354320
354391
354410
354424
354542
354631
354721
354822
354943
355071
355203
355410
355518
355524
355642
355702
355791
356189
356299
356353
356415
356676
356788
356802
357015
357184
357294
357503
357578
357601
357728
357887
358064
358206
358250
358301
358356
358360
358425
358436
358489
358600
358809
358956
359081
359143
359293
359294
359294
359435
359451
359548
359556
359588
359627
359668
359671
359866
359866
359900
360330
360350
360576
360579
360605
360674
360708
360744
360793
360954
360996
361075
361323
361324
361706
361717
361844
362031
362147
362379
362496
362510
362610
362635
362742
362788
362852
363061
363137
363202
363238
363268
363272
363276
363316
363470
363546
363726
363782
363809
363827
363833
364103
364126
364209
364362
364373
364451
364490
364527
364533
364544
364598
364622
364676
364694
364813
364821
365061
365183
365253
365317
365500
365594
365681
365699
365865
366017
366082
366087
366155
366180
366319
366694
366818
366857
366861
366868
366954
366969
367053
367109
367215
367284
367296
367311
367508
367694
367705
367826
367935
368046
368519
368647
368818
368885
369022
369432
369522
369722
369810
369839
369962
369966
369977
370199
370226
370288
370546
370603
370664
370778
370857
370998
371024
371035
371216
371240
371462
371549
371766
371842
371944
371970
372048
372111
372191
372216
372225
372300
372457
372496
372603
372858
372994
373010
373101
373202
373206
373229
373237
373403
373408
373536
373560
373584
373724
373865
373982
374236
374287
374374
374527
374551
374580
374610
374899
374928
374960
374996
375004
375039
375147
375481
375572
375611
375759
375807
375914
375940
375975
376247
376495
376568
376643
376718
376753
376994
377064
377067
377235
377321
377440
377479
377712
377792
378051
378156
378175
378182
378243
378385
378482
378556
378588
378669
378686
378721
378788
379076
379079
379401
379435
379696
379944
380148
380181
380246
380289
380317
380576
380783
381333
381482
381514
381609
381668
381770
381875
381878
381893
381905
381955
381983
382014
382129
382327
382442
382446
382581
382605
382738
382777
382810
382875
382963
383076
383196
383221
383324
383331
383407
383636
383665
383757
383883
384111
384238
384292
384317
384382
384616
384674
385054
385308
385352
385411
385470
385503
385610
385749
385884
386009
386036
386070
386080
386101
386132
386211
386260
386262
386482
386642
386749
386924
386965
386985
387060
387106
387162
387199
387224
387270
387419
387457
387475
387516
387531
387718
387733
387788
387789
387854
387863
388124
388171
388214
388302
388376
388629
388705
388823
388922
388954
389078
389143
389159
389297
389495
389545
389734
389914
390045
390058
390063
390237
390317
390427
390681
390879
390940
390983
391004
391086
391128
391319
391416
391452
391515
391584
391839
392026
392095
392110
392506
392542
392611
393010
393064
393088
393122
393132
393337
393402
393410
393501
393523
393568
393745
393871
394012
394038
394051
394426
394492
394615
394653
394675
395062
395230
395261
395320
395344
395411
395428
395430
395559
395643
395794
395849
395951
396092
396093
396095
396165
396350
396410
396579
396640
396643
396734
397044
397198
397202
397224
397428
397784
397913
397946
398086
398141
398300
398383
398415
398423
398720
399066
399074
399121
399335
399419
399475
399536
399583
399710
399720
399746
400114
400195
400228
400350
400478
400578
400648
400665
400939
400948
401077
401143
401261
401305
401460
401506
401511
401568
401626
401716
401724
401863
401888
402077
402099
402105
402206
402257
402289
402412
402466
402469
402814
402901
403197
403556
403620
403812
403877
403915
403919
403964
403978
403992
404085
404263
404639
404779
404811
404816
404997
405044
405243
405273
405549
405570
405627
405777
405849
406017
406074
406233
406383
406542
406553
406646
406657
406662
406877
407221
407299
407428
407428
407555
407677
407749
407825
407896
407918
407925
408003
408044
408074
408113
408234
408293
408427
408452
408489
408717
408733
408758
408765
408884
408945
408974
409077
409103
409132
409283
409544
409670
409693
409720
409772
409783
409792
409795
409929
410035
410040
410145
410167
410244
410338
410376
410497
410645
410685
410740
410778
410787
410949
411330
411335
411431
411753
411780
411874
411876
412140
412156
412195
412342
412427
412586
412624
412684
412839
412855
413030
413048
413129
413181
413219
413518
413780
413783
413883
413915
414042
414135
414171
414238
414531
414534
414564
414610
414905
415009
415059
415259
415382
415468
415666
415725
415828
415879
415930
416018
416082
416225
416235
416395
416415
416514
416517
416545
416553
416622
416629
416709
417035
417087
417098
417151
417182
417422
417442
417507
417508
417552
417802
417858
418064
418223
418575
418768
418790
418886
418925
418996
419040
419215
419239
419333
419357
419382
419408
419459
419461
419650
419819
419839
419886
419909
419964
420003
420040
420128
420260
420404
420488
420546
420621
420724
420819
420944
421028
421160
421168
421189
421195
421241
421407
421446
421596
421762
421783
421911
422023
422036
422114
422120
422197
422300
422390
422521
422776
422878
423006
423078
423130
423154
423187
423292
423554
423728
423782
424036
424081
424231
424322
424392
424424
424495
424507
424548
424813
425001
425092
425151
425314
425338
425424
425566
425578
425622
425673
425691
425786
425842
425866
426157
426380
426508
426556
426559
426904
426913
427037
427177
427213
427494
427689
427727
427928
427943
427953
427972
428001
428227
428578
428667
428689
428750
428807
428811
428885
428886
429013
429534
429714
429716
429935
430006
430314
430436
430496
430715
430920
430991
431026
431033
431186
431186
431307
431430
431463
431637
431760
431792
432019
432035
432073
432085
432086
432209
432366
432400
432512
432591
432707
432712
433142
433247
433322
433428
433598
433622
433641
433771
433774
433827
434018
434039
434198
434302
434342
434433
434504
434644
434721
435006
435582
435653
435732
435819
435950
435984
436066
436068
436072
436131
436225
436278
436396
436494
436522
436572
436589
436590
436618
436732
436735
436765
436836
436860
436949
436966
437208
437884
437957
437960
438002
438354
438395
438486
438539
438580
438582
438671
438747
438801
438811
438845
438847
438882
439039
439055
439065
439095
439201
439407
439460
439694
439866
439920
439925
440109
440172
440190
440204
440238
440309
440526
440542
440605
440689
440723
440875
440903
441050
441437
441511
441703
441746
441753
441808
442018
442152
442269
442294
442363
442401
442420
442466
442702
442773
443124
443134
443204
443254
443406
443442
443449
443481
443497
443567
443785
444051
444106
444207
444228
444503
444590
444701
444814
444924
444965
445036
445042
445107
445165
445207
445217
445234
445348
445356
445398
445603
445827
445860
446054
446060
446091
446138
446178
446223
446356
446358
446460
446471
446646
446738
446843
446856
447000
447078
447115
447182
447489
448194
448233
448398
448451
448668
448851
448908
448952
449150
449440
449594
449719
449901
449981
450173
450184
450456
450477
450817
450919
451173
451241
451343
451461
451495
452085
452157
452330
452467
452517
452672
452797
452802
452863
452921
452932
452949
452953
452986
453050
453479
453539
453647
453669
453717
453823
454175
454221
454298
454438
454582
454642
454648
454803
454951
454997
455153
455257
455282
455299
455452
455459
455475
455527
455626
455736
455754
455769
455782
455884
455982
456116
456383
456552
456636
456793
456906
456950
457036
457256
457321
457477
457558
457642
457642
457660
457818
457925
457931
458125
458318
458359
458441
458443
458453
458605
458705
458876
458930
458954
458956
458980
459164
459219
459265
459303
459459
459546
459709
459751
459758
459929
460207
460261
460384
460507
460822
460999
461057
461189
461241
461415
461489
461519
461666
462011
462137
462230
462383
462464
462545
462666
462994
463053
463298
463473
463587
463620
463629
463685
463809
463970
464260
464276
464325
464327
464359
464452
464655
464715
464983
464995
465266
465353
465377
465393
465446
465560
465580
465633
465642
465728
465875
466211
466384
466639
466675
466763
466767
466926
467067
467158
467291
467353
467461
467474
467608
467694
467873
467883
467935
467961
468038
468114
468423
468568
468680
469067
469206
469220
469299
469335
469492
469805
469941
469947
470261
470311
470333
470364
470441
470551
470717
470753
470791
470861
471015
471061
471171
471190
471472
471493
471777
471782
471807
471909
471920
471963
471975
471987
472084
472350
472450
472622
472634
472685
472804
472916
472987
473109
473177
473218
473488
473552
473566
473610
473683
473957
474058
474447
474614
474760
474801
474806
474838
474900
474963
474989
475075
475086
475095
475105
475336
475472
475500
475540
475648
475653
475687
475766
475995
476214
476349
476385
476533
476578
476581
476596
476686
476758
476882
476911
476917
476964
476987
477000
477029
477297
477707
477805
477808
477826
478008
478037
478191
478310
478574
478677
478956
478983
479269
479415
479510
479603
479679
479682
479704
479918
479952
479956
479985
480023
480204
480356
480430
480511
480525
480534
480602
480647
480832
481039
481247
481264
481562
481587
481630
481914
481917
481944
481958
482263
482545
482582
482598
482647
482769
482825
483158
483428
483442
483497
483515
483577
483807
484066
484098
484119
484250
484346
484750
484806
484955
485037
485052
485196
485357
485371
485398
485400
485413
485491
485633
485649
485675
485730
485850
485890
485988
486103
486201
486201
486212
486255
486314
486314
486569
486585
486849
486890
486955
486974
486989
487001
487037
487045
487115
487195
487309
487501
487698
487971
488191
488356
488368
488395
488550
488576
488607
488619
488729
488835
488875
488979
489078
489103
489208
489251
489307
489442
489499
489581
489729
489909
489920
489999
490088
490192
490220
490346
490391
490414
490447
490520
490693
490715
490833
491081
491102
491205
491340
491920
491957
491974
492031
492120
492559
492794
492966
493007
493055
493109
493114
493167
493240
493298
493480
493576
493679
493681
493726
493788
494278
494364
494524
494565
494580
494696
494766
495140
495158
495297
495357
495580
495583
495614
495820
495943
496259
496391
496485
496712
496863
496998
497021
497103
497111
497171
497455
497499
497593
497749
497826
497981
498123
498174
498259
498357
498382
498519
498527
498572
498640
498896
498904
499147
499177
499199
499278
499300
499361
499477
499826
500022
500300
500409
500669
500748
500845
500944
500962
500978
501027
501083
501210
501306
501433
501585
501650
501672
502204
502204
502264
502267
502388
502463
502522
502642
502679
502701
502704
503012
503056
503327
503346
503371
503488
503552
503652
504048
504163
504211
504384
504389
504719
504731
504924
504951
505094
505153
505359
505658
505824
506030
506203
506244
506257
506372
506442
506515
506627
506866
506879
506897
506910
507025
507169
507383
507542
507625
507671
507676
507950
508059
508123
508204
508231
508300
508302
508326
508381
508534
508560
508595
508610
508613
508739
508860
508869
508887
508912
508916
508967
509125
509176
509248
509295
509306
509573
509604
509671
509790
509980
509984
510056
510643
510715
510862
511099
511100
511218
511218
511286
511335
511389
511423
511517
511531
511543
511764
511791
511798
511864
511926
511989
512132
512299
512368
512371
512419
512591
512628
512806
512924
513081
513163
513527
513574
513888
513958
514002
514127
514189
514570
514680
514686
514716
514788
514897
514925
514928
514935
515057
515084
515128
515150
515294
515391
515685
515785
515788
516014
516106
516132
516252
516352
516354
516447
516487
516556
516610
516673
516712
516953
517422
517475
517738
517790
517846
518000
518243
518383
518408
518433
518442
518446
518446
518658
518822
518886
518974
519057
519059
519092
519138
519312
519395
519398
519528
519657
519664
519813
519947
520069
520073
520115
520210
520216
520366
520368
520475
520635
520786
520836
520867
520936
520978
521021
521253
521431
521436
521489
521602
521703
521729
521764
521967
522434
522492
522550
522702
522957
523028
523205
523234
523288
523472
523506
523665
523707
523835
523864
523898
524044
524089
524169
524380
524499
524687
524690
524705
524849
524892
524910
525189
525270
525362
525448
525487
525836
526044
526342
526778
526779
526919
527089
527092
527094
527177
527371
527694
527779
527960
528054
528201
528326
528363
528442
528491
528655
528819
528930
528943
529164
529171
529280
529371
529377
529386
529589
529778
529852
529935
530161
530321
530338
530410
530436
530868
531183
531191
531261
531350
531351
531384
531506
531542
531588
531720
531781
532117
532402
532423
532900
533087
533110
533205
533414
533482
533592
533664
533671
533693
533814
533900
533994
534160
534171
534175
534282
534287
534359
534375
534386
534397
534625
534653
534694
534961
535075
535184
535450
535491
535503
535841
536053
536103
536161
536169
536392
536463
536548
536611
536642
536795
536962
536963
536985
537047
537134
537141
537172
537531
537691
537695
537960
538246
538382
538391
538395
538749
538757
538799
539050
539084
539199
539299
539459
539501
539588
539724
539993
540248
540420
540563
540619
540686
540746
540777
541018
541045
541125
541316
541381
541577
541578
541695
541793
541866
541977
541999
542009
542145
542199
542474
542608
542726
542733
542760
542878
542961
543024
543139
543855
543881
543886
543944
544047
544216
544259
544281
544341
544440
544837
544926
544968
545188
545188
545255
545329
545380
545476
545568
545610
545615
545752
545863
545918
546025
546072
546167
546379
546382
546456
546633
546754
547054
547102
547202
547300
547392
547453
547476
547763
547836
547846
547868
547902
547991
548089
548110
548325
548394
548611
548726
548749
548836
549130
549244
549323
549326
549351
549400
549552
549832
550051
550084
550182
550195
550206
550247
550400
550525
550530
550646
550668
550756
551039
551045
551076
551088
551144
551214
551339
551372
551387
551403
551433
551639
551843
551968
552108
552120
552154
552167
552217
552280
552760
552807
552823
552951
552971
553087
553128
553246
553432
553433
553596
553862
554215
554225
554291
554300
554724
554998
555072
555139
555180
555208
555214
555226
555261
555314
555320
555327
555582
555653
555693
555800
555915
556121
556241
556489
556513
556664
556752
557094
557161
557222
557293
557618
557677
557781
557784
557796
557827
557832
557866
557962
557995
558016
558103
558151
558251
558306
558385
558482
558708
558768
558786
558893
558908
558922
559057
559115
559195
559296
559365
559385
559545
559556
559605
559728
559811
559907
560127
560190
560364
560578
560631
560683
560815
560866
560919
561058
561068
561135
561478
561490
561520
561688
561706
561818
561987
562000
562158
562608
562713
562835
562867
563106
563255
563648
563666
563674
563731
563994
564028
564075
564079
564150
564233
564310
564372
564642
564730
564804
564814
564814
564870
565003
565049
565053
565071
565140
565183
565435
565529
565635
565808
565838
566069
566133
566279
566287
566372
566571
566694
566858
567235
567333
567825
567887
567913
567981
568071
568078
568234
568238
568403
568457
568599
568636
568776
568801
568856
569170
569225
569401
569462
569479
569722
569782
569886
569989
570230
570267
570463
570496
570815
571004
571066
571068
571086
571320
571329
571384
571451
571636
571673
571815
571822
571868
571999
572016
572246
572375
572687
572703
572742
572778
572859
573002
573193
573265
573367
573494
573546
573573
573683
573709
573745
573854
574005
574122
574136
574144
574208
574257
574443
574472
574594
574643
574805
574840
574871
574925
574952
575016
575019
575036
575038
575046
575102
575168
575176
575211
575278
575419
575653
575765
575821
575860
575919
575932
576133
576135
576146
576306
576307
576321
576661
576685
576768
577114
577379
577407
577415
577460
577464
577527
577551
577654
577734
577808
577969
578088
578120
578288
578369
578387
578493
578493
578615
578641
578698
578706
578749
578809
578827
579036
579075
579236
579344
579537
579593
579693
579822
579855
579878
580119
580497
580503
580620
580625
580703
580859
581006
581064
581150
581392
581678
581889
581962
582028
582299
582543
582577
582726
582832
582863
583173
583316
583355
583374
583424
583437
583811
584169
584429
584490
584593
584626
584934
584977
585035
585109
585151
585172
585365
585489
585707
585908
586116
586305
586307
586311
586424
586432
586518
586730
586859
587084
587104
587526
587583
587660
587738
588152
588261
588282
588372
588413
588855
589162
589642
589725
589894
589905
589992
590062
590076
590080
590343
590345
590457
590572
590585
590643
590697
590769
590782
590872
590880
590969
591011
591020
591072
591163
591262
591373
591430
591781
591872
591884
592225
592280
592290
592308
592596
592665
592716
592802
592809
592858
592870
592931
592933
593169
593501
593559
593811
593852
593864
593994
594007
594085
594122
594162
594269
594359
594449
594454
594499
594824
595181
595308
595697
595785
595972
596051
596128
596212
596249
596264
596304
596350
596486
596601
596608
596608
596634
596940
597053
597059
597140
597165
597269
597470
597507
597510
597588
597815
597914
598137
598155
598413
598433
598491
598649
598896
599037
599204
599217
599665
599719
599890
600205
600538
600580
600583
600644
600658
600667
600786
600793
600806
601061
601096
601534
601589
601904
601946
602187
602215
602320
602524
602699
602736
602881
603058
603312
603455
603570
603653
603717
603734
603787
603851
603875
603896
603971
603979
603998
604069
604155
604185
604316
604483
604520
604665
604768
604825
604873
604881
605000
605010
605177
605266
605279
605293
605314
605492
605589
605791
605877
606121
606416
606436
606460
606468
606684
606706
606912
607015
607130
607132
607142
607146
607195
607222
607225
607225
607248
607384
607444
607754
607852
608003
608012
608083
608271
608280
608303
608339
608373
608601
608805
608809
608898
608935
609009
609031
609050
609182
609285
609506
609514
609567
609582
609656
609704
609705
609793
609805
609867
609913
610072
610190
610215
610273
610356
610414
610783
610820
610843
611094
611597
611645
611761
611813
611866
611998
612036
612045
612103
612185
612202
612270
612303
612318
612319
612652
612837
613118
613192
613267
613309
613355
613419
613496
613699
613719
613761
613942
614077
614218
614227
614424
614437
614474
614501
614558
614638
614703
614771
614796
614825
614826
614832
614855
615014
615106
615517
615580
615697
615759
615845
616138
616512
616632
616787
616995
617017
617270
617314
617357
617385
617574
617636
617641
617656
617750
617841
617862
617903
618026
618102
618364
618418
618502
618639
618819
618848
618963
618989
619055
619146
619434
619437
619524
619583
619615
619630
619669
619706
619803
619811
620507
620539
620551
620557
620637
620651
620711
620952
620962
621018
621077
621096
621644
621671
621698
621734
621804
622037
622169
622325
622342
622357
622399
622453
622851
622872
623117
623157
623536
623648
623652
623878
623976
624060
624106
624110
624162
624486
624493
624578
624768
624887
624891
624921
625207
625207
625346
625403
625427
625584
625645
625775
625870
625948
625954
626061
626309
626314
626532
626717
626928
627186
627316
627494
627523
627640
627854
627871
627886
628113
628204
628337
628344
628354
628384
628508
628564
628785
628785
628823
628849
628854
628857
628923
629110
629364
629385
629402
629636
630292
630309
630358
630423
630581
630649
630895
630922
631090
631098
631301
631660
631779
632030
632096
632309
632319
632466
632495
632628
633054
633178
633184
633334
633389
633408
633551
633898
633938
633987
634056
634298
634548
634728
634729
634769
634993
635011
635062
635161
635211
635258
635350
635390
635395
635514
635581
635598
635606
635976
636011
636085
636195
636289
636393
636513
636536
636799
636952
637079
637115
637267
637293
637359
637383
637673
637704
637883
638000
638008
638075
638099
638150
638218
638345
638355
638475
638534
638617
638782
638947
639194
639328
639511
639561
639860
639896
639915
639919
639928
640028
640173
640180
640428
640494
640849
640907
640958
640960
641155
641234
641309
641413
641430
641584
641612
641741
641746
641824
642040
642239
642969
643235
643488
643564
643626
643705
643709
643776
643898
644242
644366
644416
644439
644465
644585
644701
644763
644788
644882
644960
644968
645039
645072
645106
645254
645299
645317
645330
645449
645470
645506
645584
645739
645786
645886
645913
645950
645990
646053
646072
646152
646525
646552
646628
646674
646693
646766
646855
646861
647116
647185
647233
647326
647364
647367
647503
647507
647673
647783
648002
648235
648243
648282
648503
648579
648752
648770
648852
648855
648889
648898
649281
649325
649485
649527
649621
649657
649671
649684
649694
649695
649757
649770
649772
649800
649839
650182
650247
650349
650362
650416
650490
650595
650722
650786
650892
650902
651159
651298
651476
651550
651558
651603
651739
651964
652027
652032
652247
652281
652484
652754
652793
652868
652949
653002
653032
653149
653155
653163
653193
653564
653658
653708
653949
654067
654375
654516
654572
655158
655176
655301
655366
655465
655577
655606
655721
655754
655901
655927
656020
656030
656043
656050
656228
656241
656255
656261
656310
656348
656376
656399
656438
656448
656503
656535
656689
656773
656817
657003
657063
657099
657237
657276
657317
657319
657403
657438
657658
657742
657768
657774
657888
658131
658207
658234
658418
658460
658508
658716
658864
659124
659317
659367
659414
659430
659686
659751
659935
659999
660050
660119
660132
660194
660344
660493
660617
660872
661122
661132
661158
661208
661278
661280
661504
661564
661667
661734
661854
661940
662023
662170
662259
662328
662437
662501
662654
662658
662927
663057
663065
663100
663215
663285
663329
663332
663543
663616
663745
663781
663783
664002
664053
664057
664316
664351
664414
664700
665092
665136
665146
665159
665164
665241
665302
665325
665571
665683
665728
665742
665752
665887
665920
666082
666105
666135
666271
666326
666537
666568
666662
666781
666921
667042
667054
667175
667231
667327
667405
667541
667651
667685
667726
667741
667905
667908
667974
668193
668234
668296
668503
668686
668760
668897
669003
669138
669620
669845
669995
670013
670019
670048
670288
670305
670387
670496
670622
670707
670935
671072
671136
671151
671232
671377
671410
671794
671848
671866
671928
671987
672071
672100
672171
672254
672376
672423
672476
672986
673009
673044
673062
673139
673179
673210
673475
673535
673666
673772
673956
674110
674362
674715
674723
674745
674963
674966
675003
675068
675085
675157
675258
675276
675354
675376
675469
675477
675546
675585
675865
675900
675932
676147
676164
676279
676415
676527
676615
676638
676766
676876
676959
677033
677303
677332
677590
677635
677667
677694
677698
677939
677980
678232
678243
678397
678601
678774
678896
678964
678982
678987
679224
679353
679393
679464
679557
679563
679586
679592
679677
679756
679930
679980
680003
680091
680423
680596
680699
680792
680827
681128
681135
681376
681402
681417
681448
681664
681737
681814
681953
682090
682248
682304
682386
682401
682506
682619
682665
682895
683360
683594
683783
683824
683907
683973
684038
684121
684137
684196
684245
684365
684411
684510
684553
684576
684600
684621
684826
685148
685191
685228
685298
685577
685583
685732
685945
685981
686235
686330
686331
686390
686548
686571
686633
686663
686674
686713
686761
686828
687112
687151
687349
687508
687658
687781
687852
687878
687974
688332
688463
688470
688675
688696
688801
689014
689450
689460
689476
689674
689694
690483
690520
690562
690811
690825
690925
691010
691087
691204
691246
691248
691331
691410
691487
691669
691837
691993
692021
692027
692178
692217
692400
692445
692540
692835
692864
692884
693058
693152
693220
693384
693509
693610
693742
694004
694436
694490
694638
694647
694827
694962
695052
695126
695210
695214
695409
695417
695479
695534
695542
695600
695615
695752
695959
696023
696105
696178
696225
696280
696375
696509
696657
696674
696736
696800
696840
696935
697013
697220
697304
697336
697399
697750
697869
697878
698212
698244
698316
698374
698385
698453
698512
698595
698596
698681
698739
698740
698743
698881
698952
698967
698967
699099
699239
699378
699408
699454
699588
699624
699707
699945
700044
700179
700294
700382
700421
700788
700980
701066
701080
701133
701135
701158
701198
701242
701500
701593
701623
701783
702100
702179
702239
702352
702536
702540
702709
702782
702943
702950
703011
703028
703100
703228
703252
703343
703433
703534
703630
703743
703835
703918
703961
703963
704112
704140
704221
704268
704284
704398
704689
704705
705246
705364
705369
705778
705921
706001
706058
706061
706190
706441
706561
706603
706745
706748
706934
706947
706973
707009
707181
707418
707548
707586
707617
707718
707740
707796
707947
708128
708150
708156
708245
708329
708428
708478
708579
708656
708660
708674
709056
709141
709273
709400
709692
709757
709769
709772
709819
709842
709866
709895
710095
710122
710122
710131
710153
710187
710217
710332
710476
710829
710852
710915
710962
711145
711172
711220
711471
711472
711646
711745
711790
711848
712001
712130
712309
712317
712405
712435
712540
712639
712679
712860
712937
712990
713035
713167
713168
713351
713363
713483
713499
713561
713727
713877
714036
714151
714256
714325
714365
714413
714428
714435
714445
714483
714672
714694
714948
714998
715066
715225
715300
715389
715449
715670
715673
715867
715925
715989
716046
716135
716536
716608
716726
716770
717008
717116
717151
717275
717397
717439
717580
717623
717652
717803
718012
718099
718203
718223
718277
718414
718494
718520
718568
718639
718675
718710
718743
718748
718750
718988
719028
719067
719177
719218
719284
719285
719317
719442
719690
719709
720038
720386
720447
720534
720552
720670
720678
720781
721113
721212
721347
721452
721463
721600
721770
721837
721931
722104
722143
722154
722249
722283
722415
722448
722511
722733
722856
722871
722994
723075
723117
723164
723261
723355
723440
723579
723753
723970
723975
724097
724303
724322
724333
724445
724702
724872
724890
724980
725016
725108
725126
725184
725325
725498
725726
725764
725790
725810
725826
725926
726047
726293
726337
726387
726441
726468
726468
726822
726919
726945
727032
727262
727326
727767
728143
728175
728185
728300
728356
728377
728706
728811
728843
729044
729107
729251
729256
729323
729377
729534
729561
729762
729825
729860
729908
730041
730088
730107
730199
730309
730340
730568
730683
730753
730804
730806
730969
731117
731528
731538
731950
732277
732510
732557
732953
732956
732992
733047
733109
733156
733317
733402
733429
733600
733648
733722
733829
733982
734044
734241
734287
734308
734537
734541
734544
734714
734935
735045
735181
735233
735299
735343
735423
735443
735673
735771
735793
735823
735846
736036
736102
736186
736205
736228
736253
736388
736416
736440
736474
736606
736655
736674
736676
737024
737332
737391
737440
737452
737503
737620
737631
737636
737639
737759
737885
737908
738373
738422
738436
738554
738564
738638
738743
738819
738955
739019
739023
739194
739568
739650
739732
739810
739843
739934
740056
740074
740078
740292
740473
740475
740499
740624
740665
740779
740882
740887
740930
741020
741091
741491
741667
741708
741721
741825
742031
742126
742255
742269
742332
742469
742597
742638
742667
742766
742771
742885
742941
743078
743128
743207
743256
743318
743691
743739
743856
743897
743978
744047
744146
744206
744220
744234
744278
744330
744720
744880
745097
745209
745265
745371
745408
745695
745728
745952
746028
746038
746257
746300
746469
746511
746517
746615
746635
746644
746678
747292
747458
747587
747932
747967
747971
748067
748102
748102
748151
748305
748461
748577
748649
748682
748699
748786
748820
748946
749128
749146
749289
749301
749305
749312
749399
749463
749554
749576
749883
749890
749906
749962
750222
750319
750393
750491
750854
750907
750970
751007
751159
751182
751214
751349
751486
751593
751620
751695
751779
751874
751874
751903
751958
752058
752137
752222
752234
752278
752720
752760
752815
752929
753260
753357
753639
753866
753930
754148
754236
754306
754518
754627
754796
754800
754854
755012
755050
755135
755136
755222
755435
755501
755562
755709
755751
755775
755780
755830
756077
756279
756312
756335
756341
756376
756503
756526
756552
756574
756868
757250
757424
757490
757630
757656
757658
757676
757751
757756
757764
757875
758004
758534
758605
758616
758652
758872
758914
758959
759049
759459
759478
759648
759804
760086
760237
760332
760371
760511
760592
760631
760804
761250
761462
761844
761923
762048
762162
762348
762412
762416
762473
762483
762656
762664
762858
762950
762951
762990
763029
763114
763153
763195
763225
763333
763407
763426
763585
763760
763818
763824
764055
764068
764119
764120
764142
764381
764423
764571
764581
764678
764710
764751
764821
764901
764919
764932
764963
765083
765125
765144
765250
765299
765377
765460
765512
765532
765643
765832
765850
765874
766145
766146
766183
766254
766347
766417
766452
766616
766687
766796
766883
766890
767127
767282
767330
767417
767503
767586
767746
767787
767809
767850
767887
768188
768372
768576
768590
768688
768708
769106
769359
769485
769568
769657
769750
769970
770008
770204
770228
770290
770368
770470
770542
770815
770823
770845
770913
770949
771040
771057
771087
771133
771267
771527
771578
771588
771593
771630
771705
771816
771859
772003
772101
772157
772220
772259
772282
772598
772833
772908
772940
772991
773156
773239
773260
773377
773465
773528
773580
773582
773858
773869
773951
773981
774054
774387
774458
774501
774508
774750
774788
774922
774957
774983
775077
775267
775372
775474
775523
775942
775961
776020
776059
776079
776088
776263
776289
776442
776475
776566
776566
776722
776843
776880
777067
777123
777162
777272
777340
777594
777774
777841
777922
777996
778088
778229
778468
778518
778722
778899
779100
779814
779845
779917
779919
779960
780013
780018
780027
780172
780190
781104
781140
781426
781427
781482
781496
781550
781691
781796
781967
781989
782244
782499
782540
782547
782547
782647
782653
783203
783220
783373
783468
783507
783656
783787
783977
784013
784029
784160
784206
784283
784313
784457
784551
784803
784837
784855
784937
784943
785204
785312
785438
785607
785636
785643
785766
785802
785880
785931
785938
786069
786085
786124
786335
786342
786348
786457
786555
786653
786659
786787
786978
787134
787353
787365
787367
787491
787522
787744
787750
787930
787951
787996
787997
788121
788144
788165
788166
788172
788253
788254
788290
788293
788364
788372
788416
788425
788436
788784
789080
789236
789240
789359
789376
789541
789555
789962
790024
790080
790090
790111
790161
790334
790353
790373
790521
790539
790588
790592
791008
791318
791328
791584
791681
791728
791796
791814
791872
792078
792177
792211
792332
792451
792460
792507
792680
792927
793050
793078
793117
793374
793480
793492
793532
793776
793924
793948
794106
794193
794234
794288
794320
794329
794450
794515
794873
794905
794931
794959
795071
795244
795318
795537
795662
795717
795843
795948
796092
796258
796384
796432
796698
796921
796924
796940
796991
797131
797342
797532
797730
797795
797815
797942
797966
797972
798063
798148
798161
798236
798486
798589
798699
798837
798841
798883
798989
799211
799472
799528
799816
799986
799987
800001
800067
800167
800249
800267
800300
800460
800565
800743
800793
800796
800808
800889
800925
800956
800993
801142
801408
801571
801585
801737
801840
801868
801887
801904
802095
802113
802359
802448
802685
802812
802878
803024
803115
803264
803281
803440
803447
803478
803508
803779
803782
803853
804053
804183
804406
804441
804488
804631
804632
804632
804671
804713
804771
804953
804965
805153
805198
805227
805315
805317
805342
805528
805813
806125
806163
806459
806530
806751
807060
807069
807234
807300
807474
807607
807723
807954
807983
808000
808095
808128
808198
808208
808274
808320
808440
808511
808617
808772
808827
808841
808895
809304
809310
809363
809476
809542
809547
809606
809614
809620
809668
809700
809798
809857
809863
809904
809954
809964
810030
810115
810144
810243
810342
810420
810470
810497
810539
810645
810946
810970
811019
811197
811216
811363
811455
811493
811495
811683
811715
811715
811859
811935
811945
812025
812076
812087
812260
812364
812386
812389
812395
812711
812926
812961
812993
813123
813189
813218
813319
813391
813391
813438
813567
813625
813631
813676
813679
813681
813769
814135
814188
814324
814368
814486
814592
814614
814619
814722
814765
814770
814820
814822
814854
814932
815190
815293
815368
815429
815464
815478
815545
815556
815682
815722
816179
816344
816377
816406
816861
816866
816919
817052
817531
817572
817700
817776
817926
817954
818065
818112
818153
818173
818193
818581
818590
818606
818705
818796
818941
819013
819018
819569
819635
819700
819743
819801
819833
819953
819984
820030
820258
820292
820332
820539
820617
820737
820927
820956
821225
821425
821508
821827
821910
821963
822024
822060
822120
822138
822150
822164
822399
822733
822847
822864
823192
823220
823246
823376
823411
823421
823559
823580
823739
823742
823957
823995
824005
824307
824311
824354
824475
824572
824602
824751
824839
825008
825016
825034
825061
825166
825170
825199
825260
825265
825275
825316
825344
825365
825382
825503
825559
825643
825695
825739
825866
825870
825914
825927
826054
826113
826384
826425
826468
826728
826852
826872
826874
827187
827196
827380
827383
827534
827682
828065
828266
828349
828433
828724
828735
829003
829031
829043
829109
829133
829234
829271
829370
829423
829551
829582
829677
829794
829970
830110
830289
830369
830375
830657
830835
830876
830877
830925
831253
831277
831300
831442
831537
831636
831662
831670
831753
831757
832211
832435
832462
832560
832625
832667
832838
833006
833098
833146
833209
833333
833463
833564
833621
833625
833660
833733
833794
833942
833995
834039
834042
834128
834148
834313
834474
834480
834550
834710
834754
834856
834899
834921
835018
835328
835383
835398
835519
835745
835822
835927
836006
836036
836060
836087
836117
836185
836194
836492
836503
836594
836679
836732
836809
836812
836957
836998
837047
837294
837581
837691
838048
838061
838117
838215
838276
838361
838403
838568
838606
838658
838707
838797
839069
839072
839073
839268
839291
839332
839587
839651
839885
840043
840138
840140
840472
841022
841063
841155
841431
841532
841540
841565
841647
841653
841746
841756
841768
841786
841881
841894
842056
842139
842190
842278
842478
842483
842491
842552
842597
842606
842659
842718
842729
842779
842814
842935
842954
843060
843246
843430
843478
843493
843539
843549
843549
843677
843689
843820
843839
843856
843864
843972
843979
844102
844115
844162
844177
844350
844447
844462
844583
844788
844808
844896
845063
845091
845153
845379
845442
845681
845691
845865
846176
846181
846883
846926
847073
847124
847325
847399
847472
847513
847661
847663
847804
847867
847977
847991
848077
848143
848150
848203
848221
848244
848270
848278
848511
848563
848578
848592
848629
848788
848824
849061
849065
849208
849257
849457
849527
849554
849623
849630
849669
849733
849776
849952
850152
850159
850260
850742
850980
851002
851047
851100
851110
851181
851485
851494
851634
851730
851785
851808
851835
851881
851886
852142
852151
852207
852217
852265
852510
852610
852936
852936
853007
853076
853151
853168
853262
853378
853391
853480
853688
853912
853959
854018
854139
854149
854220
854246
854323
854456
854489
854619
854666
854691
854871
854879
854889
854936
854941
855098
855233
855445
855543
855558
855616
855650
856015
856489
856566
856799
856817
856842
857187
857462
857487
857908
858044
858062
858118
858157
858197
858273
858280
858573
858619
858775
858844
858895
858949
858958
859098
859361
859582
859862
859877
860007
860007
860067
860072
860083
860143
860828
860864
860970
861423
861438
861474
861480
861525
861558
861583
861713
861893
861906
862044
862095
862178
862180
862194
862245
862392
862399
862464
862498
862572
862593
862669
862751
862757
863000
863005
863016
863262
863328
863399
863421
863526
863609
863868
863961
864085
864092
864326
864404
864455
864646
864985
865167
865172
865327
865392
865583
865620
865706
865753
865955
865966
865982
866037
866341
866536
866688
866761
866834
867278
867355
867553
867769
867804
867849
867857
867990
868009
868105
868110
868210
868255
868298
868305
868454
868463
869008
869026
869179
869227
869249
869312
869400
869666
869756
870182
870270
870540
870889
870998
871128
871153
871361
871420
871471
871534
871553
871819
871993
872090
872166
872192
872235
872450
872857
872923
873116
873134
873320
873382
873384
873509
873520
873714
873840
873908
873927
874097
874164
874252
874678
874682
874814
874928
875076
875349
875372
875423
875629
875691
875705
875732
875837
875919
876125
876137
876157
876354
876385
876441
876715
876773
877072
877077
877139
877275
877276
877371
877493
877523
877625
877756
877883
877954
878041
878059
878156
878240
878279
878447
878551
878626
878862
878994
879001
879001
879125
879133
879375
879496
879548
879552
879590
879595
879698
879724
879930
879963
879964
879980
880034
880204
880396
880547
880623
880772
880834
880884
880960
880965
881041
881131
881295
881352
881403
881447
881732
881884
881945
881999
882141
882230
882356
882490
882663
882791
883002
883026
883145
883182
883195
883213
883281
883433
883469
883617
883700
883725
883770
884067
884107
884264
884376
884780
885107
885234
885406
885461
885654
885795
886043
886330
886401
886612
886686
886964
886983
887172
887377
887830
887898
887905
887994
888040
888133
888142
888265
888269
888310
888349
888415
888419
888615
888776
888939
889034
889104
889130
889190
889349
889460
889499
889659
889857
889889
889921
890019
890042
890107
890161
890184
890259
890260
890593
890775
890810
890916
890943
890968
891090
891106
891230
891253
891320
891470
891537
891604
891685
891810
891816
892059
892110
892199
892328
892429
892560
892956
892973
892980
893194
893276
893351
893382
893443
893618
893651
893724
893945
894660
894681
894746
894753
894961
895030
895049
895607
895646
895780
895832
895900
896064
896310
896650
896659
896768
896815
896896
897112
897262
897280
897476
897559
897713
897726
897764
897869
897888
898009
898090
898091
898105
898171
898179
898251
898252
898258
898293
898388
898435
898444
898607
898782
899139
899252
899254
899369
899379
899395
899460
899577
899753
900108
900143
900283
900557
900629
900740
900756
900817
900902
900926
901055
901465
901797
901834
901852
901864
901900
901947
901950
902032
902372
902419
902753
902755
902864
902872
903053
903114
903281
903459
903464
903696
903734
903985
904195
904491
904982
905248
905300
905516
905756
905862
906339
906378
906694
906709
906816
906819
906856
906957
907134
907234
907280
907328
907352
907417
907477
907512
907603
907650
907657
907836
907856
907862
907874
907942
908019
908100
908245
908247
908289
908426
908468
908633
908885
908952
908958
909020
909109
909193
909469
909623
909682
909807
909899
910058
910105
910120
910128
910148
910215
910329
910352
910432
910488
910497
910498
910506
910576
910600
910636
910829
910961
911049
911072
911256
911338
911375
911511
911730
911737
911753
912156
912159
912209
912211
912216
912238
912522
912649
912660
912846
913069
913075
913087
913227
913352
913466
913634
913640
913687
913826
913847
913884
914501
914526
914559
914583
914710
914888
914902
914986
915270
915452
915464
915645
915697
916040
916184
916230
916238
916256
916294
916342
916396
916661
916718
917000
917054
917131
917138
917195
917230
917821
918203
918385
918448
918454
918522
918532
918536
918569
918591
918591
918700
918828
918922
919261
919302
919442
919477
919752
919763
919869
919898
920056
920079
920143
920200
920235
920360
920366
920414
920498
920691
920846
920858
920872
920893
920934
920943
920999
921013
921040
921105
921198
921213
921244
921291
921537
921558
921762
921917
921925
921928
921988
922008
922055
922131
922140
922184
922267
922277
922448
922592
922703
922714
922782
923192
923252
923476
923495
923526
923527
923876
923928
923949
924000
924144
924199
924228
924242
924454
924510
924931
925065
925071
925076
925109
925165
925251
925307
925314
925421
925806
925819
925917
926005
926012
926152
926277
926484
926516
926532
926549
926831
926936
926965
927007
927122
927249
927343
927575
927638
927722
927744
927984
928041
928055
928236
928288
928329
928447
928819
928928
928987
929130
929202
929209
929350
929502
929580
929650
929660
929746
929789
930044
930185
930196
930245
930256
930406
930410
930652
930689
930776
930821
930869
930964
931023
931045
931066
931114
931274
931324
931588
931809
931862
932166
932311
932430
932430
932481
932500
932505
932507
932534
932616
932789
932825
933001
933053
933114
933118
933182
933221
933317
933362
933391
933499
933519
933600
933812
933912
934131
934334
934605
934621
934649
934719
935618
935715
935728
935765
935806
935821
935926
935934
936163
936286
936326
936636
936766
936779
936787
936845
937045
937056
937140
937298
937386
937524
937598
937687
937844
937923
938230
938688
938930
938968
939003
939047
939220
939306
939422
939437
939473
939485
939521
939602
939611
939761
939928
940040
940091
940093
940112
940178
940226
940359
940381
940412
940480
940489
940612
940914
941028
941028
941118
941174
941317
941563
941739
941887
942051
942128
942136
942194
942250
942264
942282
942303
942424
942450
942619
942679
942782
943032
943109
943162
943181
943509
943593
943667
943695
943714
943762
943783
944152
944263
944485
944593
944604
944666
944775
944846
945001
945064
945100
945200
945250
945266
945371
945409
945472
945536
945792
945825
945947
946178
946239
946481
946797
946983
947027
947046
947209
947529
947531
947719
947821
947822
947836
948049
948072
948074
948179
948227
948285
948319
948556
948634
948689
948695
948734
948802
948850
949282
949455
949517
949529
949542
949620
949638
949734
949988
950020
950223
950311
950447
950447
950660
950710
950932
950983
951179
951189
951289
951418
951555
951578
951955
951974
952121
952153
952393
952413
952603
952862
953018
953033
953090
953140
953309
953331
953382
953391
953423
953429
953480
953738
953761
953786
953947
953953
953972
954108
954291
954327
954392
954490
954655
954707
954819
954857
955087
955257
955360
955495
955709
955873
956035
956182
956226
956975
956975
957030
957164
957219
957442
957550
957671
957904
957911
957946
958076
958167
958245
958310
958447
958592
958661
958678
958699
958730
958810
958833
959127
959289
959293
959312
959446
959467
959484
959533
959655
959681
959681
959702
959708
959913
960552
960609
960610
960782
961191
961357
961432
961538
961539
961560
961687
961702
961712
961984
962002
962012
962283
962306
962578
962687
962688
962701
962834
962842
962881
963073
963164
963189
963329
963430
963469
963531
963627
963751
963797
964133
964226
964358
964383
964396
964400
964443
964458
964519
964536
964612
964696
964746
964822
965080
965195
965293
965734
965785
965787
965994
966080
966367
966382
966511
966514
966728
966812
966844
966973
966989
966990
967135
967244
967275
967352
967418
967439
967757
967898
968078
968151
968158
968643
968709
968846
969277
969281
969284
969329
969349
969379
969401
969415
969476
969536
969607
969657
969689
969771
969777
969828
969908
970068
970336
970361
970463
970465
970469
970565
970641
971158
971206
971225
971453
971499
971607
971710
971821
971826
971858
971881
971905
971959
972357
972406
972477
972540
972701
972714
972750
972752
972779
972796
972946
973037
973046
973140
973161
973206
973312
973312
973324
973432
973442
973704
973745
973751
973756
973778
973792
973943
974173
974186
974283
974390
974411
974528
974865
975009
975035
975184
975221
975352
975452
975584
975645
975822
975958
976026
976102
976173
976761
976797
976830
976849
977029
977220
977252
977327
977518
977666
977712
977758
977992
978042
978123
978255
978312
978377
978514
978776
978793
978965
979118
979164
979316
979354
979408
979445
979545
979978
980083
980193
980311
980372
980374
980434
980468
980609
980680
980704
980899
981006
981387
981455
981493
981529
981702
981710
981754
981784
981857
981861
982145
982171
982211
982287
982295
982328
982386
982416
982482
982621
982679
982723
983092
983112
983264
983389
983461
983491
983567
983668
983899
984101
984206
984364
984488
984642
984650
984769
984789
984819
984843
984942
985155
985204
985267
985481
985552
985678
985826
985859
985919
985921
985980
986095
986286
986437
986526
986559
986662
986879
986942
987025
987036
987042
987144
987160
987290
987460
987578
987637
987678
987682
987790
987902
988017
988132
988133
988281
988417
988420
988433
988468
988816
988891
988929
988968
988972
989085
989230
989289
989512
989746
989810
989865
989912
989915
990024
990045
990246
990459
990471
990585
990808
990844
991090
991181
991526
991533
991748
991753
992083
992122
992139
992273
992323
992334
992431
992516
992542
992695
992811
992853
992910
993147
993397
993412
993450
993753
993855
993862
993872
993915
994117
994215
994471
994472
994500
994505
994560
994593
994763
995149
995172
995235
995425
995457
995473
995559
995662
995715
995793
995905
996027
996173
996301
996304
996379
996416
996455
996564
996574
996673
996821
996967
997012
997111
997144
997407
997430
997749
997805
997821
997832
998061
998075
998085
998110
998177
998270
998763
998828
998958
999175
999267
999375
999422
999595
999600
999613
999725
999757
999961
999981
