999985
999924
999776
999773
999404
999132
998415
998014
997849
997446
997371
997311
996538
996464
996457
996228
996166
996068
995858
995787
995562
995550
995529
995100
994873
994764
993998
993978
993543
993363
993280
993158
992903
992599
992077
991584
991426
991045
990647
990514
990312
990285
989935
989014
988844
988618
988355
988322
988304
987896
987765
987531
987281
987273
987048
987039
987025
986393
986389
986386
986289
986251
986161
986074
986071
986070
985791
985719
985584
985396
985321
985099
985077
984722
984507
984501
984429
984361
984159
984040
983640
983628
983553
983380
983351
982927
982736
982700
982351
982295
982265
982213
982176
982000
981947
981848
981438
980864
980821
980809
980789
980667
980572
980311
979589
979352
979330
978726
978331
978025
978009
977636
977557
977374
977318
977105
976563
976427
976097
975743
975656
975621
975617
975563
975476
974862
974652
974246
974032
974014
973962
973916
973875
973059
973055
972596
972147
971721
971574
971529
971383
971306
971304
971134
971061
971034
970638
970620
970580
970531
970474
970434
969897
969491
969487
969464
969437
969326
968860
968776
968351
968340
968301
967260
967243
967230
967035
966903
966893
966886
966711
966679
966377
966149
965973
965608
965564
965563
964691
964575
964547
964212
964142
964110
964008
963682
963182
963066
962657
962585
961945
961733
961484
961415
961063
960773
960720
960294
959788
959680
959597
959411
958425
958336
958099
958021
957199
956790
956786
956709
956433
956409
956377
956355
956256
956114
955963
955856
955698
955379
955310
955100
955066
954672
954643
954157
954117
954097
953873
953744
953737
953709
953600
953159
953099
953095
953075
952913
952766
952663
952549
952343
952331
952135
951698
951607
951543
951334
951305
951278
951238
950965
950942
950815
950616
950508
950238
949535
949427
949023
948867
948812
948471
948402
947866
947767
947729
947565
947334
947303
947287
947164
947137
947088
947037
946795
946782
946714
946699
946670
946428
946197
946145
946032
946018
945836
945617
945535
945255
945030
945025
944918
944483
944434
944331
944251
944145
944069
943981
943795
943507
943460
942762
942595
942564
942381
942289
942235
942190
942180
942119
941857
941664
941659
941620
941034
940772
940607
940449
939882
939610
939507
939361
939211
939193
938877
938620
938620
938548
938480
938395
938386
937023
937017
936979
936909
936627
936599
935973
935855
935794
935736
935689
935528
935470
935379
935226
934971
934859
933983
933823
933497
933481
933296
933183
932897
932771
932720
932474
932459
931946
931904
931874
931755
931511
931490
931240
931124
930424
930347
929742
929679
929606
929209
929001
928995
928948
928909
928507
928449
928394
928203
928147
928067
927585
927312
927202
927020
926929
926864
926505
926486
926388
926340
925939
925676
924918
924844
924725
924280
924040
923962
923912
923545
923528
923394
923390
923197
922992
922972
922895
922833
922716
922648
922631
922540
922260
922156
922060
922003
921883
921874
921137
920833
920596
920500
920317
920258
919915
919847
919742
919093
919078
919021
918853
918674
918669
918609
918411
918155
917968
917551
917535
917492
917453
917337
917020
916780
916584
916444
916225
915925
915885
915756
915574
915395
915136
914948
914821
914524
914440
914385
914321
914138
914081
913846
913844
913670
913626
913609
913516
913481
913469
913444
913052
913031
912846
912797
912601
912589
912383
912332
911928
911818
911467
911361
911137
911091
911040
910827
910603
910572
910169
909694
909578
909495
909377
909369
909319
909084
908989
908710
908188
907826
907763
907256
907235
906933
906725
906335
906217
905839
905438
905313
905138
904949
904946
904644
903760
903215
903148
903105
903054
902967
902864
902781
902750
902702
902664
902511
902465
902391
902208
902149
901723
901693
901414
901366
901362
901100
900918
900908
900868
900604
900264
900258
900209
900188
899951
899587
899512
899160
899084
898438
898346
898279
898202
897670
897517
897202
897074
897051
896888
896815
896681
896566
896194
896186
895888
895854
895785
895593
895514
894882
894515
894250
894146
893979
893698
893529
893148
892782
892671
892551
892520
892407
892400
892271
892220
892137
891958
891891
891860
891721
891702
890722
890382
889976
889656
889643
889297
888771
888663
888637
888552
888478
888210
888201
888086
888047
887514
887361
887343
887338
887150
887094
886834
886618
886426
886087
886066
885856
885823
885743
885655
885548
885059
884798
884739
884499
884454
884412
884411
884380
884278
884121
883628
883535
883449
882915
882732
882673
882662
882366
882254
882029
881878
881649
881214
880806
880738
880701
880666
880470
879906
879905
879758
879468
879286
879126
878724
878494
878472
878275
877925
877749
877590
877411
877376
877189
877089
876752
876458
876422
876376
876342
876270
875634
875556
875392
875343
875225
875082
874920
874816
874776
874722
874653
874393
873589
873439
873023
872493
872442
872215
871559
871108
871020
870906
870350
869713
869675
869428
869375
869236
869021
868989
868936
868690
868350
867903
867845
867624
867556
867354
866621
866580
866132
865948
865916
865814
865796
865313
865291
864750
864686
864274
864147
864062
864044
863805
863801
863444
862906
862904
862795
862746
862584
862549
862401
862265
862186
862116
861677
861550
861331
861296
861123
861088
860476
860360
860151
860142
859858
859823
859401
859382
859311
859117
859019
858955
858880
858727
858646
858240
858157
858134
857662
857399
857217
856870
856811
856807
856784
856503
856377
855522
855498
855017
854801
854767
854177
854018
853668
853662
853602
853536
853455
853436
853388
853260
853095
853002
852939
852538
852366
852328
852005
851732
851503
851130
850750
850205
849944
849879
849761
849685
849675
849548
849157
848983
848787
848744
848435
848398
848306
848010
847928
847778
847406
847401
847125
847109
847105
846963
846720
846651
846450
846419
845856
845057
844386
844228
844206
844191
844179
844162
844085
844046
844021
843859
843471
843460
842714
842490
842356
842095
841892
841876
841789
841702
841357
841230
841225
840748
840385
840233
840201
839844
839842
839762
839720
839650
839554
839097
839023
838744
838485
838455
837565
837120
836658
836612
836446
836264
836195
835825
835737
835724
835427
835389
835219
834382
834341
834216
834213
834146
834028
834012
833845
833454
833229
833221
832913
832470
832186
832155
831784
831593
831532
831474
831394
831217
831196
831043
830878
830862
830712
830711
830496
830312
830230
829281
829116
828849
828777
828744
828435
827913
827855
827445
827322
827228
827220
827218
827008
826983
826957
826201
826029
825783
825496
825062
824911
824702
824612
824371
824172
824102
823994
823736
823537
823162
822980
822847
822795
822778
822676
822429
822251
822235
822118
821927
821312
821087
821030
820892
820848
820209
820204
820128
819945
819664
819518
819150
819138
819090
819088
818944
818712
818277
818195
817537
817328
816904
816356
816248
816240
816078
815776
815714
815180
815000
814816
814271
813929
813837
813374
813333
813189
813132
812888
812642
812574
812555
812536
812410
811696
811654
810845
810791
810558
810557
809704
809633
809584
809434
808911
808720
808692
808670
808507
808413
808062
807911
807493
807145
807078
806913
806678
806637
806579
806472
806150
806029
805986
805535
805302
804973
804966
804828
804455
804268
804237
803725
803592
803345
802956
802313
802138
801999
801909
801626
801530
801463
800823
800626
800223
800177
799921
799705
799041
798969
798882
798350
797966
797669
797529
797254
797013
796422
796350
796150
795087
794556
794339
794250
794079
794060
793852
793832
793620
793565
793553
793331
793164
792935
792475
792276
792238
792113
791810
791793
791759
791701
791561
791541
790983
790749
790587
790428
790418
790347
789987
789853
789833
789751
789708
789196
788674
788659
788614
788348
787516
787515
787376
787300
787102
787090
787003
786737
786705
786609
786301
786187
786175
786060
785773
785341
785174
784872
784761
784733
784569
784280
782987
782820
782645
782436
781838
781129
781092
781046
780919
780830
780583
780511
779417
779168
779071
778653
778600
778587
778533
778215
778148
777758
777513
777417
777260
776952
776793
776545
776247
776231
776179
775891
775851
775787
775757
775735
775129
775053
774882
774821
774787
774606
774514
774217
774103
774082
773822
773798
773798
773583
773450
773443
773244
773105
773036
772755
772693
772196
771589
771542
771459
771265
771083
771073
770182
769879
769496
769374
769284
768919
768423
768410
768397
768301
768197
768123
767361
767361
767252
766991
766085
765940
765926
765848
765472
765298
765003
764934
764914
764810
764583
764453
764248
764182
763947
763921
763802
763765
763598
763379
762782
762561
762457
762174
762031
762004
761947
761933
761905
761783
761782
761568
761279
760692
760674
760564
760537
760128
759958
759652
759489
759437
759311
759053
758725
758594
758577
758552
758512
758479
758440
758409
758364
758242
758234
758176
757901
757867
757480
757422
757238
757220
756940
756924
756677
756593
756591
756543
756529
755958
755806
755734
755348
755288
755050
754614
754326
753939
753815
753748
753340
753218
753184
752743
752536
752026
751908
751663
751600
751556
751350
750939
750913
750781
750667
750538
750526
749546
749163
749059
749004
748916
748609
748576
747958
747936
747904
747504
747223
747138
746683
746649
746618
746285
746253
745816
745645
745558
745538
745252
745059
745010
744973
744856
744679
744544
744507
744212
743812
743693
743269
743142
743083
741748
741355
741282
741261
741239
741091
741071
741004
740850
740831
740318
740264
740246
740229
739480
739242
739016
738972
738867
738764
738533
738429
738203
738033
737803
737615
737613
737196
737076
737065
736843
736588
736457
736274
736267
736161
736123
736083
736073
735938
735890
735647
735521
735059
734627
734477
733982
733819
733631
732788
732787
732468
732436
732253
732227
732157
731947
731935
731860
731597
731320
731154
731133
730975
730757
730503
730484
730400
730369
730333
730130
730005
729910
729708
729341
729319
729311
729152
729029
728873
728690
728084
727569
727083
726921
726904
725822
725748
725596
725551
725550
725222
724997
724870
724724
723575
723366
723038
723016
723014
722946
722570
722064
721888
721625
721422
720917
720818
720790
720295
720262
720065
720009
719598
719488
718620
718176
718125
717649
717433
716863
716816
716703
716520
716504
715995
715975
715535
715519
714962
714692
714635
714586
714469
714259
714168
713792
713671
713561
713495
713326
713213
713190
712954
712556
712479
712471
712277
711803
711572
711545
711121
710474
710454
710181
709902
709337
708750
708591
708259
708071
707979
707902
707798
707793
707625
707574
707547
707534
707382
706868
706271
706101
706071
705960
705882
705668
705312
704840
704720
704524
704297
703437
703412
703110
702775
702673
702376
702209
702126
702064
701928
701855
701854
701851
701817
701045
700786
700771
700768
700279
700257
700043
699960
699958
699286
699203
699137
698749
698668
698501
698333
698174
698063
697625
697521
697232
696972
696942
696603
696492
695766
695668
695304
695063
694771
694440
694254
693689
693643
693602
693473
693452
693400
693349
693201
692902
692788
692389
692275
692203
692203
691591
691540
691447
691409
691395
691247
690825
690667
690561
690536
690183
689863
689847
689505
689339
689118
689071
688903
688587
688347
688316
688298
687953
687881
687873
687535
687379
686903
686639
686077
686037
686005
685992
685789
685679
685473
685269
684906
684268
684002
683836
683494
683028
682617
682268
682242
682184
682011
681719
681593
681578
681347
681087
680908
680719
680334
680078
679491
679238
679058
678915
678633
678280
677951
677585
677555
677332
677076
676891
676794
676747
676633
676460
676309
676062
675895
675889
675671
675425
675342
675116
675079
674989
674573
674360
674287
674080
674022
673655
673559
673469
673426
673257
673256
672483
672406
672366
671996
671834
671591
671504
671199
671013
670646
670631
670561
670262
670106
669593
669533
669353
668938
668560
668480
668452
668328
668266
668251
668020
667862
667519
667347
667193
666955
666951
666906
666678
666264
666125
666123
665973
665732
665659
665388
665274
665052
664849
664810
664774
664676
664127
663927
663691
663677
663676
663570
663547
663430
663428
663316
663222
662639
662610
662251
662199
662129
661799
661716
661709
661401
660532
659707
659330
659325
659220
658905
658823
658382
658032
657532
657327
657270
657241
656932
656890
656741
656372
656227
656095
655960
655233
655074
654671
654561
654546
654463
654416
654411
654319
653854
653713
653333
653156
653035
653011
652592
652405
652404
651929
651914
651900
651717
651567
651404
651287
651117
651106
650732
650589
650556
650242
649828
649546
649495
649452
649361
649173
648753
648211
648203
648125
647958
647505
647206
647205
647144
647088
646879
646225
646190
645736
645624
645431
645255
644983
644816
644784
644626
644261
644016
643580
643391
643140
642851
642559
642262
641840
641594
641587
641391
641390
640736
640545
640492
640354
639992
639894
639479
639323
639180
638996
638900
638582
638195
638180
637922
637839
637626
637295
636947
636507
636052
636010
635648
635615
635605
635568
635564
635538
635345
635068
633907
633673
633512
632993
632977
632873
632778
632001
631540
631465
631427
631392
631075
630833
630677
630641
630461
630281
629933
629886
629832
629770
629769
629722
629584
629530
629507
629390
629375
629269
628879
628772
628704
628650
628647
628636
628320
628204
628193
628094
628077
628031
627835
627667
627495
627452
627205
627164
626851
626653
626652
626618
626361
626239
626110
625892
625594
625481
625350
625123
625094
625043
625033
624920
624748
624586
624581
624251
623778
623466
623373
622767
622588
622412
622262
622237
622130
622026
620609
620381
620365
620352
620348
620156
620091
619768
619579
619556
619202
618985
618961
618948
618564
618539
618108
617720
617155
616670
616649
616599
616391
616176
616127
616067
615974
615589
615574
615309
615250
615085
615076
614987
614886
614531
614513
614088
613636
612954
612717
612620
612069
611882
611868
611549
611439
611139
611027
610413
610108
609944
609784
609742
609530
609485
609382
609370
609345
609273
609257
609184
608986
608804
608635
608575
608526
608482
608260
608099
607816
607791
607640
607617
607276
607231
607218
606535
606140
606027
605711
605474
605197
605141
604982
604865
604599
604429
603888
603588
603393
603354
603000
602703
602675
602522
602516
602296
602273
602110
602027
601570
600921
600890
600280
600069
599980
599979
599919
599380
599337
599258
599122
599020
598815
598737
598288
598267
598113
598006
597735
597413
597346
597189
597026
596630
596339
596197
595812
595776
595726
595069
595026
594896
594793
594791
594766
594518
593219
593070
593057
592913
592836
592424
592371
592276
592252
591930
591806
591767
591399
590970
590909
590709
590694
590573
590337
590318
590193
590102
590101
589922
589712
589709
589611
589555
589446
588511
588506
588342
588102
587387
587285
587277
587057
586874
586696
586587
586561
586488
585332
584862
584799
584784
584669
584039
583820
583810
583783
583126
582691
582546
582515
582053
581396
581119
580822
580508
580288
580179
580115
579698
579536
578541
578273
578214
578166
578089
577826
577810
577796
577737
577695
577647
577141
577079
576745
576662
576616
576309
575861
575838
575408
575228
574828
574505
574330
574138
574024
573871
573664
573074
572303
572124
571752
571751
571619
571235
571021
570718
570663
570400
570310
569798
569576
569523
569153
568636
568632
568355
568318
568315
568208
568121
567577
567549
566866
566782
566521
566389
566109
566037
565916
565909
565753
565178
565129
565080
565063
565059
564744
564652
564580
564570
564491
564337
563925
563665
562909
562750
562495
562404
562309
562116
562000
561957
561935
561871
561722
561500
561282
560671
560279
560240
560230
560138
559888
559689
559320
559047
558896
558497
558393
557792
557563
557408
557340
557225
557067
556946
556648
556474
556306
555891
555842
555822
555447
555247
555162
554983
554826
554697
554674
554573
554320
554281
554227
553569
552692
552599
552565
552217
552167
551976
551008
550911
550823
550541
550438
550394
550297
550271
549669
549348
549052
548665
548595
548285
548203
548006
547794
547398
547395
547044
546523
545997
545556
545456
545317
544914
544695
544311
544289
544245
544143
543606
543498
543467
543367
543293
543221
543070
542411
542245
542100
542058
541663
541192
540947
540185
539849
539704
539595
539513
539419
539403
538937
538927
538589
538548
538296
538283
537862
537833
537675
537553
537277
537253
536095
535854
535730
535506
535056
534959
534845
534558
534413
534404
534185
533698
533636
533590
533468
533072
533059
532673
532625
532551
532139
532112
532063
531447
531431
530859
530590
530483
529750
529627
529586
529579
528735
528445
528304
528291
528272
527841
527559
527549
527461
527407
527016
526938
526527
525853
525649
525503
525460
525366
525343
524981
524927
524797
524748
524692
524673
524512
524420
524385
523957
523844
523662
523642
522607
522434
522001
521553
521099
520984
520776
520735
520616
520299
520248
520156
519873
519721
519278
519030
518848
518631
518614
518061
518055
517929
517686
517650
517552
517441
517123
517085
516595
516502
516466
516241
516196
516182
516061
515824
515690
515671
515081
514851
514588
514388
514312
514278
514146
514119
513963
513916
513425
513033
512483
512336
512315
512139
512114
511959
511591
511539
511444
511400
511393
511297
511113
511027
510840
510207
509963
509580
509561
509543
509318
509284
509212
509209
509063
508984
508759
508549
507888
507868
507488
507333
507237
506981
506839
506426
506385
506248
505970
505700
505383
505068
505028
504924
504530
504390
504117
503962
503467
503233
502406
502403
502401
502213
502188
502151
501989
501947
501656
500995
500747
500377
500123
499976
499760
499738
499419
499087
499015
498980
498775
498329
498259
498010
497766
497645
497482
497208
496567
496471
495847
495634
495087
494985
494648
494639
494554
494496
493995
493949
493406
493291
493274
493072
492836
492405
492157
492047
491603
491525
491388
491317
491072
490931
490929
490754
490677
490594
489978
489209
489146
488975
488847
488527
488246
487652
487243
487192
487053
486960
486776
486739
486464
486037
485722
485408
485063
484984
484882
484823
484771
484343
484340
483742
483554
483048
482937
481642
481031
480678
480376
480303
480245
479946
479884
479730
479317
479273
479111
479017
478744
478547
478275
477716
477549
476802
476686
476535
476135
476083
475908
475393
475341
475229
475020
474533
474452
474393
474334
474026
473879
473130
473095
472907
472767
472354
472215
471811
471766
471573
471545
471346
471295
471078
471042
471006
470885
470587
470240
470081
470043
469780
469139
468911
468862
468813
468554
468367
468288
467757
467717
466960
466862
466780
466503
466399
466284
465977
465828
465787
465733
465661
465591
465563
465387
465117
465092
465018
464611
464570
463944
463472
463031
462941
462897
462764
462743
462621
462572
462100
461237
460857
460704
460181
460023
459820
459726
459630
459564
459548
458932
458791
458496
458416
458228
457898
457524
457518
457432
457408
457392
457372
457311
457006
455766
455747
455605
455285
455235
455233
455212
454775
454368
453965
453653
453442
453430
453337
453331
452289
452137
451662
451416
450974
450795
450309
449677
449620
449334
448780
448261
448251
447805
447510
447320
447276
447166
447041
446670
446585
446552
446073
446059
446044
446008
445218
445183
444791
444780
444778
444692
444354
444154
444128
444074
443684
443664
443327
443144
443120
442825
442756
442365
441557
441142
441044
440718
440336
439658
439505
439146
439115
438928
438759
438288
438272
438183
438060
438024
437742
436870
436814
436509
436452
436288
436187
436179
435657
435652
435637
435606
435605
435495
435452
435262
435257
435228
435070
434965
434413
434373
434288
434279
433667
433660
433569
433517
433454
433221
432881
432595
432331
432030
431292
431061
430561
430484
430305
430297
430284
430211
429957
429800
429513
429193
429173
428934
428785
427891
427451
427285
427119
427064
426943
425905
425764
425687
425643
425621
425370
425270
425035
425025
424967
424820
424707
424617
424390
423685
423659
423387
423320
423147
423129
423033
423018
422647
422299
422227
422144
421829
421687
421667
421482
421447
421406
421365
420924
420902
420876
420688
420590
420363
420124
419183
419123
418637
418465
418184
418165
418078
417728
417556
417530
417222
416895
416888
416702
416683
416336
416221
416039
415976
415729
415713
415643
415415
415340
415336
415269
415171
415136
414796
414738
414643
414498
414316
413963
413939
413759
413513
413388
413260
413116
413095
412496
412151
412107
411899
411882
411650
411641
411595
411526
411291
410398
410339
410320
410280
410193
410112
410025
409963
409805
409642
409550
409216
408961
408662
408646
408398
407999
407651
407451
407369
407364
406728
406688
406477
406473
406365
406344
405851
405283
405132
404870
404447
404335
404178
404138
404120
404085
404062
403911
403755
403683
403316
403172
402823
402799
402654
402479
402023
402021
401968
401717
401448
401298
401032
400168
400023
399951
399867
399766
399686
399505
399484
399415
399395
399187
399186
399164
399103
398596
398585
398458
398187
398129
397796
397408
397328
396902
396430
396420
396386
396234
396196
396175
396027
395716
394864
394640
394633
394519
394290
393916
393849
393846
393802
393703
393507
393351
393037
393004
392775
392501
392339
392278
392173
392143
391774
391484
391268
391265
391167
391090
390699
390693
390565
390496
390160
390108
389576
389515
389458
389273
389211
389117
388577
388285
388253
388163
386640
386572
386276
386060
385782
385771
385484
385315
385312
385270
385162
385085
384788
384608
384344
384214
384050
383746
383652
383598
383417
383232
383193
382769
382118
382015
381285
381082
380732
380571
380381
380295
379941
379478
379447
379358
379245
379015
378753
378654
377808
377773
377681
377603
377052
377035
376781
376631
376491
376105
375729
375498
374925
374166
374101
374072
373948
373785
373738
373646
373006
372655
372457
372343
372317
371435
371247
370801
370771
370756
370587
370520
369680
369594
369466
369131
368899
368727
368432
368096
368002
367874
367444
366655
366193
366109
366083
366082
365871
365506
365021
364790
364767
364497
364478
364375
364346
364215
364142
363933
363914
363847
363781
363734
363554
363497
363128
363117
362802
362622
362507
362419
362115
361878
361851
361812
361747
361697
361254
361242
361234
360918
360648
360333
360018
359928
359791
359752
359389
359375
359265
359247
358866
358730
358445
358430
358402
358245
358231
358223
358163
358128
358089
357989
357860
357417
357228
357195
356683
356245
356038
355380
355254
355199
355127
355013
354871
354782
354646
354564
353900
353830
353823
353740
353656
353538
353305
353267
352674
352627
352428
352090
352006
351558
351541
351295
351069
350198
350073
349679
349648
349275
349140
349016
348401
348241
347692
347493
347308
347192
346839
346589
346530
346236
346202
346178
346134
346087
345945
345276
344976
344847
344719
344593
344463
344279
344169
343955
343611
343423
342905
342804
342634
341988
341960
341787
341523
341350
341007
340989
340958
340930
340812
340184
340168
340103
339358
339256
339138
339071
338996
338920
338910
338684
338583
338545
338401
338212
338127
337524
337199
336896
336812
336680
336621
336449
336407
335684
335348
335075
335008
334873
334763
334758
334393
334156
334035
333942
333864
333825
333561
333497
333268
332987
332355
332263
332025
330923
330721
330652
330517
329767
329658
329591
329436
329382
329210
328443
328368
328139
328129
327907
327889
327578
327359
326983
326971
326571
326317
325280
325247
325209
325113
324123
323830
323594
323580
323223
322343
321969
321787
321668
321609
321327
321194
321028
320576
320068
320006
319926
319315
319227
319063
318871
318790
318729
318483
318012
317826
317594
317184
316908
316691
316384
316308
316176
316077
315882
315517
315425
315322
315054
315014
314750
314684
314581
313717
313598
313093
312978
312771
312133
312013
311984
311673
310821
310642
310244
309936
309720
309687
309574
309226
309037
308748
308443
308291
308285
308016
307889
307364
307306
307065
306957
306927
306746
306706
306578
306463
306377
306136
305833
305788
305684
305512
305036
304999
304751
304631
304593
304458
303851
303640
303433
303197
302873
302680
302566
302520
302266
302244
301751
301587
301527
301413
301151
300648
300394
300184
299918
299505
299346
299035
297964
297692
297630
297585
297130
297023
296942
296807
296772
296691
296678
296045
295923
295786
295105
294826
294262
294234
294155
294133
293723
293513
293465
293092
293065
293027
292905
292510
292427
292405
292375
292308
292278
292162
292126
292061
291928
291866
291146
290789
290620
290014
289813
289392
289069
289048
288871
288578
288566
288412
288381
288306
288201
287695
287563
287154
287027
286691
286650
286174
286140
285754
285626
285433
285335
285227
284997
284991
284512
284424
284214
284162
284023
283758
283699
283641
283568
283280
283217
283036
282807
282363
282292
282154
282113
281889
281663
281629
281587
281504
281364
281045
280774
280748
280577
280532
279711
279387
279161
279049
279012
278761
278745
278636
278628
278325
278049
277845
277804
277497
277445
277234
277199
276668
276643
275751
275698
275517
275468
275228
274679
274678
274581
274508
274484
274471
274278
273946
273834
273762
273673
273352
273174
272744
272421
272342
272098
271802
271564
271405
271285
271010
270920
270784
270557
270545
270085
269897
269762
269744
269702
269508
269345
268745
268721
268619
268508
268406
267786
267762
267678
267661
267433
267255
267242
267026
266071
266045
266044
265732
265710
265655
265448
265422
265327
264940
264631
264536
264380
264342
264268
263828
263398
263260
263169
263132
263012
262903
262826
262796
262730
262656
262541
262372
262224
262189
262101
261474
261462
261177
261096
261001
260693
260039
259851
259843
259828
259589
258963
258715
258484
258009
257928
257851
257640
257389
257337
257041
257016
256824
256354
256243
255969
255948
255820
255723
255721
255611
255562
254922
254874
254752
254192
254025
253815
253515
253507
253352
253132
252867
252704
252697
252348
252285
252172
252073
251727
251704
251671
251466
251441
250997
250960
250887
250823
250676
250585
250414
250334
250288
249736
249588
249288
249276
249108
248780
248642
248330
248188
248117
247505
247422
247394
246996
246988
246736
246733
246720
246355
246267
246194
246105
245781
245187
244835
244698
244147
244060
243976
243764
243696
243654
243436
243150
243132
242993
242871
242850
242817
242456
242176
242084
241956
241865
241685
241548
241481
241151
241111
240959
240731
240622
240571
240554
240133
239807
239580
239505
239309
239129
239117
239071
238946
238595
238368
238348
238007
237989
237973
237972
237816
237730
237649
237447
237319
236891
236754
236144
235833
235791
235646
235458
235149
234975
234933
234492
234402
234362
234005
233980
233855
233741
233635
233502
233126
232990
232969
232929
232906
232473
232132
231916
231693
231528
231217
231176
230823
230727
230418
230089
230036
229998
229298
229025
228957
228919
228799
228508
228262
228093
228084
227421
227132
226936
226756
226753
226695
226642
226406
226148
225777
225531
225494
225220
225143
225108
224825
224565
224430
224015
223996
223768
222938
222725
222609
222240
222223
222077
221979
221959
221865
221730
221641
221162
220965
220941
220605
220315
220176
220054
219672
219514
219142
219046
218611
218479
218464
218423
217732
217681
217461
217430
216815
216724
216562
216343
215963
215197
215168
214940
214651
214563
214501
214442
214277
214080
213672
213515
213401
213346
213189
213053
212923
212690
212664
212588
212583
212353
211787
211754
211657
211629
211224
211035
210646
210620
210530
209385
209375
209075
209007
208915
208906
208820
208580
208531
208348
208006
207944
207460
207208
207196
207134
206966
206674
206512
206352
206267
206218
205990
205906
205847
205650
205400
204910
204738
204444
204405
204279
203651
203574
203337
202856
202751
202701
202151
202046
201277
201067
200901
200604
200483
200463
199914
199910
199746
199738
198727
198421
198419
198238
198106
197914
197291
197042
196981
196835
196774
196688
196669
196612
196583
196546
196354
196227
196100
195953
195502
195370
194999
194926
194530
193610
193138
192754
192442
192352
192335
192307
192168
191492
191362
191103
190863
190820
190692
190653
190332
190249
190064
189926
189873
189547
189446
189390
188565
188413
188041
187657
187161
186654
186227
186205
185913
185679
185544
185425
184863
184762
184728
184643
184406
184262
184004
183849
183836
183431
182763
182717
181982
181894
181856
181760
181663
181625
181588
181439
181338
180031
179705
179406
179287
179254
179122
178553
178543
178464
178340
178037
178018
177591
177242
176959
176880
176496
176317
175932
175635
175595
175553
175521
174856
174810
174447
173726
173632
173479
173273
173019
173017
172939
172370
172263
171958
171743
171714
171681
171307
170966
170938
170839
170524
170488
170144
169565
169548
169319
169156
168221
168112
167935
167881
167750
167720
167654
167330
167269
167196
167110
166798
166717
166586
166400
166192
166060
165940
165931
165684
165190
164877
164826
164749
164668
164632
164217
163978
163618
163440
163437
163312
163107
162827
162717
161827
161559
161437
160973
160672
160566
160247
160163
159959
159884
159801
159792
159541
159292
159257
159135
158866
158821
158740
158698
158603
158596
158570
158501
158080
158065
157768
157633
157096
157076
156806
156643
156277
156180
156146
156145
155961
155937
155864
155850
155681
155467
155362
154968
154912
154789
154691
154417
154367
154189
153964
153803
153749
153547
153458
153361
153318
153244
153237
152805
152755
152285
152274
152133
152117
151945
151774
151769
151710
151678
151519
150752
150582
150233
150147
150026
149643
149629
149490
149449
149142
149116
149064
149029
148496
148467
148206
148049
147600
147436
147233
146909
146706
146661
145125
144832
144826
144589
144510
144462
144292
144127
143968
143734
143450
143133
143074
143033
142975
142884
142684
142596
142401
141561
141120
140846
140549
140435
140362
140357
140115
139796
139738
139486
139388
138932
138904
138837
138426
138314
138198
137697
137690
137507
137455
137411
137152
137119
137113
136788
136621
136591
136326
136179
136074
136015
135947
135841
135512
135259
135251
135248
135235
135004
134961
134939
134869
134835
134765
134660
134651
133061
132988
132620
132500
132377
132348
132188
132135
132025
131602
131423
130527
130414
129680
129355
129315
129292
129275
129017
128843
128828
128790
128665
128555
128554
128508
128246
128177
128077
128052
128001
127534
127466
127427
127410
127349
127148
126891
126566
126411
126384
126369
126005
125947
125886
125325
125180
125166
125155
125088
124834
124804
124657
124539
124284
124121
124085
123974
123653
123349
123133
123062
122978
122905
122740
122732
122600
122548
122178
122118
121917
121901
121747
121496
121395
121368
121326
120343
120263
120241
120147
120121
119899
119607
118941
118650
118478
117924
117689
117439
117354
117122
116981
116756
116683
116414
116050
115660
115435
115428
115205
114968
114807
114650
114125
114084
113711
113350
113346
113096
112387
111880
111576
111040
110900
110898
110307
110272
110035
109909
109884
109808
109551
109405
109199
109153
109116
108726
108637
108530
107756
107729
107646
107643
107540
107284
107255
107162
106979
106921
106882
106814
106244
105972
105945
105694
105475
105166
105141
104898
104801
104796
104390
104143
104059
103897
103718
103435
102761
102366
102264
101799
101740
101696
101494
101464
101339
100733
100676
100316
100172
100104
100082
100038
99861
99158
99113
98567
98349
97980
97935
97615
97461
97332
97166
97156
97151
96820
96774
96643
96613
96531
96291
96213
95554
95510
95453
95363
95292
95265
94862
94803
94475
94456
94248
94152
94140
93924
93906
93870
93813
93744
93561
93534
93289
93243
93056
93045
91604
91563
91498
91439
90722
90581
90328
89919
89911
89792
89770
89759
89684
89642
89482
89303
89004
87477
87431
87352
87250
87042
87018
86872
86793
86783
86768
86735
86498
86383
85691
85619
85516
85053
84943
84829
83898
83539
82893
82841
82119
81611
81508
81355
81312
81263
81214
80816
80550
80418
80288
79525
79330
79165
79051
78982
78929
78839
78832
78489
78345
77568
77045
76683
76427
76186
75948
75891
75884
75782
75617
75518
75456
75331
75081
74544
74202
73842
73820
73718
73687
73654
73601
73555
73514
72739
72296
72190
71785
71591
71322
71297
71277
70862
70667
70662
70556
70127
70055
69644
69393
69203
68863
68437
68223
67977
67539
67234
67213
67136
66909
66867
66611
66311
66073
66017
66006
65989
65666
65599
65402
64927
64850
64750
64717
64640
64505
64496
64255
63774
63659
63346
63329
63281
63242
63027
62437
62418
62409
62344
61643
61416
60743
59892
59648
59490
59371
59332
59306
59125
58895
58882
58817
58586
58523
58460
58324
58246
58229
58048
57963
57951
57828
57506
57129
56952
56863
56743
56634
56465
56184
55886
55852
55683
55589
55585
55520
55125
54984
54897
54873
54765
54702
54594
54412
53822
53662
53525
53525
53220
52494
51935
51912
51783
51751
51729
51523
51399
51219
51183
50945
50039
49892
49850
49683
49605
49539
49143
48998
48947
48351
47962
47885
47880
47630
47360
46857
46630
46498
46280
46167
45984
45913
45266
45220
45086
45063
45036
44989
44433
44408
44262
44256
43886
43814
43569
43273
43265
42943
42884
42858
42415
42171
42099
42007
41953
41856
41675
41584
40993
40877
40808
40336
40238
39931
39927
39610
39391
39356
39329
39269
39075
38990
38987
38962
38616
38471
38276
37901
37874
37793
37394
37254
37176
37036
36977
36733
36420
36247
36120
35970
35490
35150
35116
34902
34864
34802
34617
34471
34351
34066
33712
33677
33671
33626
33624
33528
33448
33217
33053
32343
32233
32065
31896
31866
31487
31427
31371
31268
30917
30492
30441
30219
30204
30004
29834
29611
29406
29391
29054
29004
28927
28882
28628
27945
27643
27568
27505
27193
26736
26117
26071
26064
26037
25719
25390
25220
25177
25161
24759
24631
24570
24500
24085
23951
23914
23769
23532
23478
22775
22493
22340
22286
22221
21984
21911
21745
21341
21305
21243
21010
20411
20333
20100
20030
19998
19840
19831
19802
19735
19657
19553
19523
19508
19283
19253
19139
18989
18721
18460
18391
18236
18153
17869
17705
17654
17606
17434
17302
17096
16612
16449
16266
16223
15804
15707
15178
14965
14644
14389
14253
14224
13965
13725
13511
13503
13482
13278
13072
13018
12430
12306
12305
11993
11661
11444
11327
11175
11164
11090
11033
10905
10867
10838
10756
10558
10394
10252
9846
9744
9739
9678
9624
9387
9359
9220
9072
8132
7737
7575
7347
6976
6700
6444
6394
5974
5730
5720
5605
5326
5132
5092
4785
4701
4478
4447
3996
3532
3525
3524
3433
3233
2803
2625
2508
2443
2119
1900
1761
1689
1679
1671
1386
1339
1190
1169
984
745
335
278
112
4
