999943
999317
999272
999068
999039
998797
998627
998613
998352
998227
997637
997532
997440
997374
997360
997020
996983
996966
996923
996465
996394
996236
996227
995567
995453
995368
995337
995257
995247
994849
994518
994306
994306
993690
993358
993276
992913
992869
992821
992656
992567
992311
992296
992274
992161
992068
991977
991914
991513
991253
991229
990927
990762
990688
990653
990606
990530
989922
989715
989120
988908
988859
988756
988697
988661
988501
988448
988416
988240
988108
987985
987826
987754
987671
987134
987086
986994
986979
986950
986904
986592
986298
985994
985924
985827
985768
985671
985217
985200
984761
984608
984107
983992
983700
983602
983344
983272
983124
983041
983009
982824
982591
981938
981746
981660
981608
981492
981098
981097
980809
980709
980608
980309
980265
980209
980183
979882
979671
979556
979521
979385
979365
978841
978815
978663
978435
978312
978272
978183
977925
977711
977223
977200
976969
976954
976926
976755
976655
976372
976163
976109
975890
975776
975609
975535
975007
974898
974717
974602
974179
974166
973443
973205
973123
973050
972809
972748
972661
972431
972243
971924
971914
971807
971643
971474
971233
971170
971041
970678
970491
970166
970141
970113
969924
969876
969690
969661
969583
969490
969360
969289
969160
969024
968979
968867
968748
968684
968478
968155
967826
967553
967414
966876
966780
966429
966236
966215
966096
965854
965849
965810
965638
965567
965553
965520
965232
965179
963838
963183
963181
963153
963127
963009
962846
962730
962512
962222
962118
962048
961959
961827
961826
961713
961650
961325
961226
960892
960633
960384
960321
960291
960244
959997
959879
959649
959520
959519
959292
959217
958942
958767
958452
958356
958336
957991
957888
957381
957258
957057
957005
956847
956481
956363
956280
956071
955902
955836
955788
955086
954994
954960
954926
954894
954875
954504
954458
954420
954335
954107
954000
953879
953845
953540
953455
953343
953126
953040
952847
952766
952399
952367
952363
952066
952040
952025
951603
951390
951239
950849
950625
950547
950525
950267
950153
950084
949797
949441
949394
949304
948978
948975
948900
948532
948327
948319
948117
947913
947875
947606
947597
946598
946535
946257
946076
945825
945578
945451
944949
944832
944627
944223
943977
943814
943166
943148
943020
942940
942795
942641
942548
942263
942104
942060
942052
941971
941959
941117
941088
940965
940949
940907
940791
940785
940757
940671
940330
939683
939377
939174
938943
938431
938427
938370
938310
938087
937556
937474
937357
937272
937197
936989
936516
936185
936131
935878
935698
935690
935625
935266
935193
934158
934118
933830
933681
933515
933419
933271
933023
932662
932598
932495
931986
931942
931799
931148
931019
930571
930512
930459
930386
929912
929865
929288
929171
928975
928850
928766
928662
928529
928313
928313
928302
928292
928242
927810
927710
927241
927214
927112
927098
926937
926858
926159
925974
925957
925677
925584
925300
925067
924998
924836
923923
923759
923756
923551
923494
923386
923291
923246
922716
922360
922069
921837
921643
921551
921516
921432
921049
920639
920633
920521
919692
919681
919585
919018
919014
918733
918391
918094
917795
917757
917696
917646
917563
917517
917226
917167
916814
916783
916367
916043
915684
915463
915280
915050
915008
914817
914164
913572
913242
913137
913035
912991
912922
912707
912411
912376
911730
911661
911417
911213
911040
910642
910451
910347
910170
910089
910066
910001
909920
909769
909551
909404
909391
909288
909282
909266
909238
909142
909104
909007
908890
908698
908633
908411
908387
908184
907759
907411
907060
906632
906556
906058
905863
905707
905564
904430
904142
903925
903528
902673
902572
901618
901495
901233
901172
901162
900938
900636
900367
900106
899749
899421
899393
899364
899188
898998
898605
898212
898170
898165
898112
898076
897809
897701
897492
897453
897343
897307
896902
896674
896617
896309
895944
895845
895437
895312
895158
894991
894505
894487
894343
894110
894078
893899
893096
893024
892691
892667
892502
892395
892379
892322
892187
892072
891583
891479
891476
891293
891049
890877
890157
889686
889492
889485
889045
888727
888284
888192
887939
887837
887767
887578
887359
886952
886762
886121
886038
885982
885758
885691
885283
884804
884769
884701
884533
884334
884242
884218
884050
883041
882965
882781
882665
882463
882218
881783
881542
881414
880955
880899
880120
879947
879759
879624
879615
879316
879226
879178
879112
879013
878098
877848
877645
877562
877507
877499
877495
876940
876666
876512
876142
875430
874607
873406
873339
873333
873318
873291
872880
872421
872179
871688
870868
870860
870800
870788
870724
870535
870008
869925
869538
868436
867709
867705
867558
867541
867469
867084
867027
866902
866757
866681
866653
866604
866464
866461
866340
866076
865973
865785
865393
865247
864998
864961
864766
864694
864692
864365
864253
863358
863237
863142
863124
863071
863058
862868
862761
862722
862557
862513
862469
862357
862342
862250
862084
862032
861905
861359
860908
860362
860254
860111
859409
859110
858781
858363
858359
858036
857819
857741
857165
857158
856891
856668
856620
856508
856487
856194
855301
855164
854766
854667
854611
854189
853320
852976
852910
852892
852813
852705
852435
852209
852104
852072
851492
851462
851347
851293
851273
850979
850974
850833
850394
850230
850134
850008
849842
849591
849574
849251
848722
847858
847687
847441
847425
846934
846450
846405
846362
846282
846259
846093
845702
845615
845269
844759
844722
844103
843442
842953
842809
842781
842703
842411
842159
842102
842020
841514
841498
841482
841458
841451
841395
841174
840965
840654
840435
840131
839713
839673
839628
839593
839450
839393
839162
839094
839076
838320
838099
838078
837842
837792
837754
837716
837704
837541
837489
837147
837091
837030
836575
836086
836068
835586
835379
835283
835070
834923
834710
834674
834412
834125
833785
833429
833387
833306
833244
832994
832771
832648
831808
831783
831776
831036
830979
830559
830418
830045
829842
829721
829600
829511
829292
829181
829093
828911
828659
828632
828487
828358
828192
828129
827853
827135
826886
826394
825803
825660
825303
825051
824541
824380
824272
824166
824128
823916
823531
822862
822728
822597
822536
821833
821783
821673
821569
821382
821027
820843
820812
820728
820076
819968
819721
819700
819583
819506
819432
819331
819203
819161
818226
818145
817764
817748
817739
817666
817501
817371
817353
817217
816777
816640
815589
815373
815288
815148
814776
814627
814371
814173
814121
814117
814003
813979
813971
813236
812788
812737
812663
812618
812265
811798
811355
811160
810953
810568
810537
810226
810095
809985
809930
809770
809443
809338
809005
808807
808729
808387
808271
808217
807868
807670
807422
807240
807193
806954
806639
806513
806421
806384
805759
805706
805667
805288
805075
804255
804152
803914
803537
803382
803210
802373
802062
801865
801863
801756
801649
801533
801289
800904
800624
799952
799834
799428
799273
799091
799010
798718
798705
798603
798345
798298
798037
797732
797481
797457
797141
797136
796986
796966
796468
795963
795608
795380
795349
794815
794672
794574
794547
794103
793988
793851
793712
793156
793057
792626
792452
792198
792127
791668
791571
791494
791490
791386
791306
791304
791261
791197
791128
790882
790742
790709
790610
790602
790387
790369
790260
789974
789665
789590
789400
789210
789017
788964
788881
788459
788285
788255
788224
787785
787607
787554
787337
787227
786830
786805
786701
786650
786410
786350
786300
786071
785976
785973
785598
785441
785113
784941
784364
784328
784192
784187
783848
783813
783573
783452
783294
783222
782763
782660
782647
782573
782459
781765
781751
781444
780675
780315
779891
779514
779359
778710
778583
778540
778172
778036
777996
777177
777074
776766
776736
776592
776211
775850
775830
775648
775444
775417
775382
775284
775083
774946
774911
774882
774758
774713
774681
774009
773863
773652
773221
773117
772852
772739
772252
772245
772101
772092
771813
771739
771667
771524
771203
771070
770794
770623
770522
770357
770113
769719
769599
769370
769284
769232
768963
768603
768593
768371
768068
767761
767470
767333
767170
767147
767053
766998
766992
766924
766482
766279
766183
765990
765937
765875
765848
765806
765738
765568
765458
765417
765264
765155
764836
764447
764264
763781
763746
763002
762863
762401
762312
761760
761700
761656
761250
761212
761004
760980
760957
760788
760704
760442
760354
760320
760245
759679
759626
759049
758781
758419
758415
758370
758039
757882
757829
757752
757690
757485
757248
757009
756942
756801
756767
756316
756308
756154
756043
755439
755372
755354
755353
754922
754877
754867
754547
754379
753868
753861
753796
753590
753393
753125
752857
752778
752714
752455
752251
752194
752149
752126
751991
751765
751015
750962
750864
750740
750198
750068
749656
749394
749068
748957
748848
748830
748808
748153
747354
747210
747006
746503
746497
746078
745561
745533
745398
745210
745023
744953
744942
744329
744062
743854
743774
742926
742551
742364
742157
742147
741882
741704
741645
741575
741414
740895
740707
740666
740302
739868
739829
739797
739712
739684
738636
738300
738131
737767
737745
737575
737263
737256
736987
736935
736934
736920
736721
736189
736083
736028
735874
735820
735611
735571
735501
735312
735222
734971
734923
734667
734553
733848
733813
733807
733638
733533
733210
733115
732873
732737
732561
732516
731705
731609
731143
730801
730475
730285
729772
729507
729443
729315
729120
728982
728284
728256
727921
727660
727643
727640
727636
727207
727148
727056
726982
726977
726909
726730
726474
726170
725840
725793
725749
725333
724916
724803
724380
724090
724002
723933
723722
723657
723336
723052
722826
722568
722421
722308
721816
721212
720992
720962
720489
720417
720197
720061
719882
718642
718112
718054
717755
717708
717248
717007
716678
716613
716128
716118
715695
715641
715211
715161
715020
715012
714885
714873
714821
714496
714434
714315
714301
714223
714043
714027
713883
713815
713658
713433
713358
713195
713079
712944
712579
712330
712224
711920
711901
711857
711229
710870
710797
710773
710770
710722
710635
710586
710540
709689
709005
708800
708796
708542
708324
707867
707655
707284
707253
707025
706990
706749
706630
706306
706131
705701
705594
705484
704952
704933
704515
704500
704412
704351
704121
703955
703927
703811
703687
703572
703497
703309
703077
702935
702782
702730
702545
702033
701959
701759
701250
700808
700805
699839
699729
699340
699284
698880
698707
698344
698245
698224
698117
698115
697884
697769
697622
697265
697117
696969
696752
696493
696475
695337
695247
694894
694691
694223
694217
694040
693904
693767
693461
693394
693107
692973
692950
692804
692184
690971
690755
690714
690500
690283
690173
690141
690037
690028
689845
689651
689505
689306
689282
689195
689182
688756
688363
688357
688191
687806
687733
687455
687083
687021
686962
686842
686756
686433
686398
686354
686346
686275
685888
685877
685691
685434
685427
685254
685139
685063
684953
684892
684827
684760
684735
684441
684059
683614
683315
683231
683202
682760
682231
681885
681836
681795
681685
681534
681473
681284
681078
680948
680766
680533
680272
680184
680073
680006
679912
679908
679727
679134
678933
678929
678662
678637
678520
678322
678317
678187
677765
677741
677147
677054
676855
676840
676719
676404
676243
676154
676050
675886
675779
675582
675542
675188
675050
674966
674755
674685
674403
674320
674291
674194
673939
673705
673671
673519
673195
673084
673010
672864
672576
672237
672061
671915
671784
671528
671135
671048
671035
671022
670927
670885
670567
670195
669896
669833
669651
669601
669523
668820
668733
668525
668419
668330
668060
667977
667947
667781
667049
667027
666945
666840
666686
666637
666614
666438
666306
666178
665997
665839
665602
665445
665381
664622
664527
664378
664364
664106
664002
663978
663859
663709
663695
663645
663555
662970
662953
662949
662942
662828
662708
662464
662349
662145
662048
661970
661916
661618
661353
660494
660310
660176
659828
659748
659565
659466
659338
659013
659000
658462
658430
658173
658117
657722
657505
657290
656993
656873
656722
656214
655963
655860
655771
655570
655502
654982
654666
654233
654233
653801
653551
653171
652982
651954
651649
651324
651105
650679
650607
650478
650352
649860
649703
649107
649053
648904
648600
648512
647527
647516
647472
647403
647329
647327
647171
646682
646284
645968
645884
645836
645672
645642
645373
645283
645218
645059
645040
644621
644620
644599
644467
644415
644179
643871
643871
643753
643704
643691
643440
642708
642701
642440
642406
642337
642254
642210
642038
641914
641568
641548
641520
641315
641297
640991
640879
640474
640405
640157
640007
639971
639752
639684
639618
639529
639479
639359
639103
639036
638793
638781
638739
638691
638656
638496
638133
638011
637976
637752
637512
637463
637228
637139
637112
636914
636583
636540
636263
636252
636093
636044
635838
635818
635502
635391
635116
635063
634632
634387
633825
633819
633441
633299
632810
632323
632097
632087
632080
631960
631852
631580
631074
631030
630731
630448
630286
630269
630223
630153
630145
630009
629917
629886
629625
629010
628912
628886
628865
628862
628774
628625
628499
628286
628279
628050
627699
627598
627563
626894
626651
626138
626054
625915
625627
625502
625434
625410
625163
625161
625161
625158
624942
624728
624382
624206
624169
623860
623634
623349
623269
623050
622798
622497
622094
621949
621860
621515
621018
620908
620890
620823
620802
620521
620368
620333
620309
619788
619767
619639
619573
619453
619232
619158
618935
618761
618563
618461
618241
618142
618129
618021
617658
617417
617067
616882
616844
616770
615973
615931
615925
615898
615888
615456
615139
614887
614472
614467
614437
614212
614114
613545
613452
613317
613162
612949
612867
612776
612540
612510
612352
612230
612164
612143
612080
611871
611486
611010
610610
610607
610549
610040
609973
609790
609448
609287
609246
609171
608601
608503
607798
607764
607707
607667
607601
607028
606946
606780
606750
606685
606668
606240
605427
605231
604735
604425
604069
603747
603740
603476
603450
603346
603254
603141
603094
603071
602622
602557
602202
602122
602103
602048
601469
601272
601050
600931
600809
600799
600650
600563
600478
600399
600347
600026
600021
600003
599894
599592
599387
599276
598920
598844
598697
598646
598281
598104
597937
597800
597776
597605
597582
597514
597222
597140
597034
596656
596315
596242
596036
595584
595470
595324
595248
594959
594590
594558
594385
593817
593691
593425
593418
592983
592679
592650
592345
592195
592153
592079
591684
591567
591460
591312
591287
591286
591217
590672
590482
590020
590015
589993
589963
589883
589510
589040
589025
588996
588906
588876
588733
588690
588680
588642
588400
588231
588004
587317
587159
586568
586527
586226
586148
586108
586055
586040
585231
584983
584842
584679
584312
584135
583768
583520
583118
582995
582937
582873
582717
582368
582297
581635
581584
580916
580798
580598
580252
580031
580031
579969
579929
579610
579446
579178
579166
579147
579053
578927
578866
578753
578245
578066
577974
577640
577526
577512
577090
577058
576811
576749
576187
575921
575537
575032
574856
574459
574347
574286
574165
573912
573889
572197
572094
572049
571643
571502
570890
570827
570523
570498
570389
570321
570160
570033
569664
569489
569340
568914
568866
568683
568637
568597
568424
568347
568248
568188
568119
567873
567776
567736
567598
567535
567223
567185
567034
567013
566591
566499
566293
566223
566040
565990
565836
565796
565746
565137
564784
564558
564527
564421
563495
562870
562868
562802
562563
562415
562217
561716
561677
561497
560928
560905
560758
560582
560403
560375
560196
560078
559922
559723
559573
559392
558785
558694
558620
558505
558452
558357
558297
558033
557886
557454
557067
557019
556740
556671
556592
556459
556289
556185
556003
555875
555592
555562
555524
555237
555093
554671
554572
554466
554354
553997
553981
553275
553142
552821
552801
552733
552246
552141
551856
551579
551520
551307
551272
551206
550933
550782
550569
550424
549929
549853
549492
549340
549278
549170
548839
548743
548726
548646
548591
548480
548294
548272
547961
547720
547668
547274
547164
547152
546986
546979
546848
546408
546402
546287
546004
545830
545709
545691
545498
545205
545188
545034
544743
544730
544483
544164
544068
544012
543829
543747
543735
543711
543490
543408
543365
543121
542905
542897
542816
542677
542446
542065
542019
541790
541762
541739
541549
541325
541125
540707
540605
539884
539868
539831
539822
539584
539491
539326
539266
539186
538936
538810
538677
538597
538267
537799
537799
537718
537654
537609
537509
537434
537300
537173
537068
536989
536954
536911
536747
536518
536513
536375
536124
536116
536014
535948
535709
535494
535273
535262
535170
535158
534869
534851
534707
534328
534145
534052
533928
533824
533636
533592
533417
533153
533112
532965
532523
531970
531930
531874
531389
531261
530944
530346
530307
529952
529800
529768
529261
529238
529085
528834
528618
528343
527900
527864
527761
527406
527284
527282
527220
527114
526981
526948
526940
526936
526721
526231
526166
526105
525714
524833
524275
523779
523725
523352
523306
523151
523002
522501
522264
522157
521766
521322
521192
521167
520865
520843
520808
520687
520597
519888
519850
519831
519730
519713
519697
519415
519189
519165
519136
518952
518749
518657
518220
518196
518025
517822
517714
517653
517467
517112
516854
516779
516686
516525
516497
516315
516076
516063
516018
515424
514816
514780
514769
514741
514423
513940
513938
513877
513683
513216
513103
513089
513023
512647
512261
512015
511314
510605
510095
509677
509648
509414
509307
509133
508643
508594
508332
508319
508180
507594
507156
506832
506674
506568
506376
506276
506122
506082
506012
505917
505267
504978
504860
504809
504662
504641
503801
503723
503483
503447
503389
503244
503063
503045
502975
502953
502344
502291
501724
501706
501480
501399
501344
501313
501142
500937
500553
500538
500477
499953
499847
499554
499215
499204
499025
498799
498717
498516
498146
497932
497677
497665
497342
497127
496866
496768
496736
496725
496421
496284
496225
496210
496078
496077
495743
495703
495464
495231
494930
494930
494528
494338
494229
493663
493579
493438
493328
493132
492952
492594
492560
492361
492355
492327
492323
492183
491482
491448
490675
490628
490344
490322
490317
489984
489502
489456
489154
489112
488793
488744
488604
488578
487699
487694
487536
487527
487381
487299
486219
485968
485952
485756
485596
485179
485021
484938
483992
483639
483573
483225
483074
482209
482158
481586
480991
480167
479992
479952
479800
479685
479383
478488
478359
478054
477826
477488
477237
476964
476774
476762
476736
476390
476167
476017
475940
475891
475875
475810
475471
475214
474956
474782
474597
474009
473438
473221
472875
472547
472458
472396
472254
472200
471894
471672
471573
471478
471477
470975
470962
470961
470627
470464
470270
470213
469722
469690
469675
469632
469590
469216
469106
469067
468971
468682
468590
467885
467663
467634
467623
467338
467317
466825
466713
466612
466010
465936
465491
465364
465304
465155
464992
464897
464869
464423
464414
464406
464395
464102
463892
463463
463008
462851
462789
462704
462656
462588
462480
462335
461877
461669
461625
461371
461079
460883
459967
458925
458709
458564
458518
458292
458216
458145
458008
457874
457774
457357
457172
457138
456989
456865
456705
456670
456594
456513
456332
456117
455978
455728
455610
455432
455374
455029
454469
454250
453818
453775
453405
453230
453190
452848
452801
452765
452646
452396
452383
452181
452146
451912
451444
451229
451068
450638
450308
450121
449874
449845
449663
449647
449504
448662
448264
448118
448077
447996
447712
447314
447188
447184
447132
447091
446954
446809
446763
446639
446605
446298
446172
445866
445803
445515
445044
444941
444822
444359
444324
444238
444074
444072
443946
443783
443717
443591
443475
443422
443329
443071
442748
442629
441595
441500
441289
441217
441166
440759
440599
440515
440472
439663
439386
439363
439296
439244
439158
438949
438747
438738
438518
438382
437987
437965
437827
437706
437591
437531
437441
437298
437285
437058
436982
436824
436723
436504
436350
436171
435916
434601
434389
433846
433631
433562
433215
433169
433152
433101
433016
432585
432474
432258
431955
431376
431314
431258
430789
430665
430510
430509
430457
429723
429006
428792
428742
428608
428607
428396
428000
427714
427388
427276
427188
426777
426580
426329
426171
426158
425879
425632
425462
425338
425267
425188
425090
424685
424208
424139
424072
423926
423907
423674
423430
423423
423391
423373
423349
423331
423011
422956
422829
422280
421931
421805
421755
421281
421230
421154
421148
420778
420489
420101
419915
419665
419521
419519
419413
419276
419104
418602
418461
418443
418307
418037
417675
417618
416930
416361
416125
414896
414778
414728
414631
414494
414031
413974
413338
413300
413227
412710
412634
412524
412351
412242
411997
411733
411727
411596
411438
411372
411228
410982
410960
410757
410698
410599
410526
410492
410436
410246
409932
409679
409027
408747
408657
408590
408439
408198
408081
407630
407589
407133
406908
406551
406304
406182
406151
405859
405719
405614
405567
405530
405456
404828
404212
404074
403513
403254
403171
403083
402259
402228
402175
402069
401534
401423
401322
400960
400468
400397
400058
399830
399402
398900
398652
398025
397536
397178
396723
396444
396103
395798
395170
394905
394724
394366
394094
394054
393774
393380
393097
392872
392856
392652
392470
391216
391185
390946
390868
390540
390387
389853
389804
389801
389751
389480
389396
389239
388999
388553
388385
388111
388058
388042
387640
387616
387478
386846
386652
386585
385899
385855
385720
385669
384984
384943
384725
384566
384485
383736
383510
383465
383452
383295
383264
383109
382967
382896
382635
382324
382229
382171
382034
381792
381777
381219
381213
380959
380874
380861
380588
380537
380498
380097
379641
379527
378816
378365
378353
378268
378116
377834
377129
376577
376506
376406
376241
376114
375851
375822
375728
375697
375368
375250
374991
374763
374722
374721
374503
374445
374314
373823
373803
373654
373610
373553
373513
373505
373290
373245
373068
372504
372148
371753
371432
371387
371276
371261
370897
370743
370496
370050
370034
369995
369933
369809
369577
369514
369317
369271
369121
368842
368651
368579
368513
368039
368015
367932
367907
367615
367380
367121
367030
366979
366750
366388
366208
366055
365974
365968
365910
365785
365355
365058
364778
364760
364443
364409
364277
364256
363858
363700
363431
363364
363270
363256
363029
362936
362256
361485
361341
361149
360950
360849
360462
360257
360216
360121
359977
359963
359924
359714
359683
359507
359192
358945
358865
358441
357649
357457
357162
357125
356978
356869
356820
356794
356633
356464
356284
356205
356071
356010
355977
355750
355666
355227
354760
354647
354342
353959
353814
353514
353346
353329
352997
352827
352319
352276
352267
351829
351458
350851
350755
350546
350046
349514
349352
349291
348948
348848
348748
348217
348205
347974
347884
347600
347181
346749
346711
346665
346650
346139
345984
345122
344841
344543
344461
344432
344414
344041
344015
343669
343223
343082
343076
343004
343004
342937
342255
342149
341881
341805
341661
341550
341518
341241
341231
341017
340617
340336
340248
340217
339986
339851
339715
339485
339328
339262
338909
338533
338485
338160
338026
337978
337823
337527
337297
337171
337036
337033
336799
336713
336688
336124
335989
335746
335673
335426
335300
334695
334629
334503
334390
334327
333870
333832
333689
333672
333569
333445
333324
333309
333290
333137
333015
332801
332777
332734
332611
332391
332388
331872
331837
331771
331678
331533
330873
330774
330635
330433
330206
329405
328907
328599
328522
328434
327920
327897
327814
327680
327641
327633
327067
327066
326893
326436
326195
326109
326053
325813
325423
325381
325223
325152
325119
325028
324976
324720
324474
324420
324329
324151
323848
323773
323730
323561
323304
322922
322706
322525
322381
322352
322325
322286
321972
321950
321334
321317
320912
320804
320677
320639
320201
320117
320031
319664
319532
319348
319217
319058
319050
319028
318755
318310
318083
317972
317615
317566
317557
317472
317362
317131
317013
317011
316955
316598
316165
316093
316041
316041
315844
315696
315345
315210
314887
314805
314021
313848
313529
313368
313158
312801
312792
312598
312352
312248
312191
312121
312029
311972
311533
311190
311145
310961
310904
310350
310315
310209
310207
310204
310161
310149
310056
309376
309201
309077
309016
308768
308719
308020
307913
307892
307731
307686
307185
306703
306495
306255
306152
306081
306026
306014
305654
305468
305372
305093
304977
304953
304908
304750
304315
304011
303616
303559
303487
303373
303214
303111
303055
302967
302762
302456
302200
302186
302173
301998
301791
301519
301309
301060
301035
300535
300502
300259
299837
298476
297716
297636
297006
296827
296814
296522
296442
296268
296245
296233
295895
295760
295704
295700
295643
295596
295590
295522
295291
295268
295020
295010
294952
294899
294793
294750
294128
294028
293960
293959
293555
293441
293379
293037
292847
292561
292487
292125
292104
292020
291959
291697
291480
290934
290855
290730
290452
290312
289769
289526
289174
289031
288722
288688
288500
288077
287796
287660
287537
287493
287271
287227
287084
286862
286713
286698
286384
286262
286218
285910
285563
285243
284909
284626
284398
284288
284129
283991
283547
283479
283333
283130
283039
282894
282755
282724
282520
282369
282279
282274
282213
282065
281961
281915
281451
281260
280909
280375
280206
280187
279818
279282
279112
278911
278573
278403
277829
277659
277581
277541
277335
276961
276338
276013
275612
275477
275396
275296
275287
274957
274689
274655
274334
274284
274113
274025
273988
273737
273518
273497
273462
273173
273167
272925
272787
272374
272310
272273
271963
271857
270981
270564
270275
270200
269390
269193
269109
268975
268843
268436
268299
268119
268097
268001
267247
266986
266880
266839
266662
266596
266474
266430
266331
266210
266079
265890
265815
265704
265656
265504
265474
265203
264921
264735
264691
264674
264665
264564
264401
264183
263997
263968
263890
263400
263218
262745
262688
262659
262424
262038
262031
261714
261651
261598
261397
260602
259963
259664
259507
259122
259092
259049
259019
258894
258538
258341
257805
257783
257139
257133
256928
256801
256431
256212
255974
255712
255706
255682
255677
255534
255346
255275
255023
254984
254885
254820
254769
254465
254322
253960
253699
253537
253303
253101
252917
252639
252450
252390
252370
252182
252040
251869
251681
251440
251274
251244
251046
251045
250945
250909
250808
250797
250767
250519
250228
250175
249110
249087
248847
248715
248253
248061
247881
247863
247295
246785
246676
246528
245837
245790
245407
245317
244858
244804
244729
244638
244564
244371
244184
243908
243702
243390
243300
243288
243105
242764
242506
242054
241650
241591
241539
241367
240838
240815
240749
240661
240102
240058
239761
239569
239558
239540
239410
239100
239095
238440
238370
238338
238227
238188
238055
237607
237561
237496
237415
237335
237188
236931
236821
236377
236305
236186
235827
235826
235734
235699
235211
235172
234962
234500
234417
234148
233476
232856
232535
232524
232468
232230
232043
232015
231985
231365
231182
231040
230410
230387
230268
230216
229970
229927
229711
229308
228612
228234
228186
228165
227995
227926
227645
227529
227245
227056
226849
226503
226204
225929
225825
225732
225436
225011
224943
224282
224105
223973
223928
223205
223142
223119
222973
222307
222027
221665
221566
221290
221162
220631
220060
220047
219961
219533
219351
219001
218915
218532
218447
218403
217939
217635
217272
217116
216726
216709
216625
216555
216503
216299
216129
215684
215653
215648
214905
214721
214585
213754
213740
213718
213637
213377
213299
212651
212364
212139
212099
211846
211090
210629
210352
210193
210140
210056
209947
209921
209770
209649
209405
209276
209109
208853
208675
208252
208250
207737
207726
207680
207318
207189
207175
207155
207151
206737
206699
206492
205328
205065
204971
204716
204574
204062
203705
202883
202704
202488
202442
201462
201292
200581
200227
200206
199895
199790
199755
199625
199234
199161
198691
198253
198149
198107
197983
197958
197670
197393
196902
196699
196477
196448
196421
196026
195790
195733
195350
195091
195028
194892
194868
194868
194665
194355
193847
193343
193068
192940
192917
192728
192622
191948
191908
191839
191687
191580
191172
190846
190530
190443
190352
190275
190220
190135
189725
189312
188954
188859
188708
188618
188609
188521
188481
188452
188385
188369
187970
187819
187764
187600
187507
187416
187111
187006
186999
186751
186273
185935
185759
185569
184949
184600
184493
184439
184322
183859
183750
183654
183417
183399
183366
183030
182979
182672
182532
182367
181985
181935
181928
181842
181788
181747
181702
181317
181315
181314
181154
181092
180970
180839
180664
180025
179897
179895
179686
179253
179234
178862
178105
178052
177929
177864
177840
177788
177755
177585
177453
177405
177402
177354
177238
177136
177130
176851
176338
175718
175297
175063
174939
174909
174846
174755
174107
173718
172580
172551
172468
172318
172067
172004
171478
171242
171131
170943
170937
170678
170615
169469
169261
169220
169109
169102
169084
169021
168941
168806
168564
168542
168461
168328
168264
168236
167759
167684
167641
167459
167423
167166
166939
166701
166369
165719
165410
165096
164970
164961
164883
164853
164743
164395
164383
164107
163920
163394
163385
162960
162103
161425
161333
161296
161266
161261
161235
161135
161101
160957
160835
160832
160179
160161
160151
160149
159671
159531
158770
158504
158468
158377
158305
158299
157930
157451
157380
157212
157087
156483
156249
156241
156069
155987
155830
155810
155102
154960
154946
154627
154358
154016
153870
153845
153780
153778
153745
153578
153096
152632
152520
152022
151867
151393
150962
150622
150417
150300
149986
149904
149837
149615
149305
149270
149168
149080
148726
148725
148699
148591
148474
148188
148087
148075
148060
148042
147983
147730
147668
147622
147609
147577
147527
147297
146817
146311
146146
145219
145109
145057
144840
144370
144315
144247
144205
144110
144095
144065
143911
143809
143670
143488
143237
142794
142493
142139
141947
141119
140968
140955
140737
140379
140348
140328
139621
139246
139205
138968
138948
138505
138149
137958
137732
137694
137640
137422
137320
137191
137135
137078
136951
135898
135853
135780
134784
134679
133946
133858
133782
133355
132980
132337
132324
131741
131624
131560
131434
131195
131162
130687
130153
130057
129977
129730
129725
129588
129550
129245
129230
129229
128312
128215
127924
127681
127462
127451
127441
127397
127295
127230
126731
126635
126574
126522
126282
126248
125982
125817
125343
125234
125131
124579
124475
123904
123762
123450
123343
123121
122471
122417
122282
122249
122016
121890
121762
121687
121609
121594
121541
121518
121484
121465
121366
121032
120931
120929
120618
120299
119930
119826
119632
119565
119230
119220
119169
119150
119029
118963
118941
118664
118657
118582
118221
118009
117996
117746
117629
117495
117477
117438
116811
116573
116376
115961
115958
115728
115289
115244
114793
114446
113804
113272
112972
112873
112530
112513
112129
110905
110682
110555
110453
110197
110168
110167
109865
109345
109107
108968
108959
108661
108615
108567
108216
108203
107989
107676
107567
107021
107000
106892
106779
106771
106574
106512
106483
106442
106366
105915
105490
105479
105108
104755
104519
104516
104373
103898
103828
103794
103689
103346
103300
103057
102973
102802
102561
102341
101956
101923
101837
101704
101500
101420
101321
100239
100032
99838
99768
99655
99538
99522
99388
99381
99363
98572
98368
97944
97856
97650
97371
97329
97238
96925
96748
96697
96436
96415
95708
95587
95102
94556
94391
94170
93903
93898
93833
93449
93346
92989
92914
92652
92320
92203
92140
92038
91892
91385
90824
90806
90675
90674
90648
90647
90501
90428
90415
90297
90206
90021
89881
89755
89652
89108
88981
88853
88767
88500
88498
88407
88155
88089
87890
87646
87598
87403
87058
86747
86739
86718
86646
86589
86037
85396
85165
84971
84907
84533
84524
84057
83795
83571
82883
82775
82527
82502
82452
82053
81696
81337
80971
80822
80619
80605
80090
79910
79681
79116
79052
78550
78372
78333
78302
78045
78038
77947
77658
77310
77292
77222
76711
76613
76369
76231
76023
75999
75781
75374
75278
75181
74861
74643
74615
74595
74184
74184
74146
74055
74035
73973
73971
73812
73721
73616
73535
73363
73324
72975
72836
72824
72748
72702
72601
72372
72159
71737
71689
71301
70849
70766
70419
70353
70279
69989
69191
68935
68674
68620
68372
68353
68207
68012
68003
67985
67844
67443
67326
67123
66697
66250
66235
66151
65919
65380
65260
65225
65155
65037
64797
64000
63978
63778
63777
63450
63434
63055
63009
62840
62779
62542
62133
62073
62058
61935
61692
61505
61381
61325
60935
60822
60779
60761
60466
59942
59932
59561
59469
58750
58425
58207
57738
57695
57400
57114
57093
56487
56437
56199
55673
55427
55344
55329
55032
55010
54847
54802
54661
54651
54196
53757
53590
53525
53420
53267
53104
52930
52817
52770
52665
52427
51830
51596
51426
51212
51066
51008
51001
50793
50432
50363
49918
49500
49166
48574
48361
48127
48042
47895
47558
47544
47538
47439
47297
46990
46923
46886
46858
46759
46629
46591
46405
46389
46083
45883
45709
45612
45513
45492
45208
44958
44717
44021
43626
43590
43211
43201
42984
42639
42071
41996
41768
41695
41306
41040
40949
40886
40813
40226
40144
40130
39795
39589
39469
39449
39375
39373
39258
39061
38507
38494
38216
37927
37683
37558
37494
37231
37194
37124
36984
36659
36447
36170
35923
35894
35701
35688
35676
35591
35336
35205
35098
34700
34654
34406
34091
33826
33392
33352
33120
32488
32422
32325
32310
32226
32188
32111
31739
31726
31717
31667
31548
31011
30632
30465
30461
30420
29977
29626
29362
28997
28812
28480
27996
27653
27488
27252
26634
26602
26532
26242
26068
25888
25332
25330
25212
25197
24920
24398
24046
23941
23763
23690
23643
23215
22487
22332
22245
21954
21947
21740
21700
21557
21444
20323
20201
19690
19541
19259
18985
18886
18657
18617
18511
18166
17626
17560
17172
17153
17130
16647
16277
16082
15932
15888
15850
15822
15451
15146
14956
14948
14830
14515
14212
14116
13960
13752
13742
13593
13031
12950
12949
12865
12640
12414
12402
12288
12003
11644
11137
11041
10968
10912
10727
10540
10324
10322
10075
9728
9605
9411
9257
9047
8708
8669
8669
8473
8249
8158
7931
7857
7788
7595
7422
7378
7329
7264
7145
6790
6744
6709
6590
6534
6295
6149
5874
5209
4697
4694
4554
4544
4361
4334
3903
3407
3231
3054
2837
2666
2598
1991
1670
1620
1557
1504
1063
1037
723
528
517
396
352
