999936
999346
999156
998766
998695
998614
998036
997964
997895
997820
997515
997424
997353
997138
997083
997053
997023
996892
996729
996411
996402
996357
996353
996213
996071
995931
995914
995383
995371
995120
994935
994878
994396
994215
993838
993426
993256
993224
992825
992422
991904
991817
991734
991578
991306
990979
990769
990767
990640
990580
990446
990381
990326
990032
989900
989842
989816
989659
989548
989255
989249
988275
988089
988006
987895
987836
987346
986910
986886
986844
986692
986608
986522
986280
986047
985904
985795
985736
985497
985467
985446
985196
984600
984484
984334
984005
983841
983743
983670
983657
983343
982858
982762
982702
982351
982184
982142
981948
981847
981780
981775
981703
981656
981282
981194
980905
980847
980650
980457
980407
979839
979811
979797
979680
979575
979456
979391
978881
978661
978514
978466
978099
977696
977241
976404
976397
976067
975702
975548
975320
975307
975247
975172
975064
974938
974157
974037
973992
973893
973809
973706
973434
972708
972654
972387
972278
972140
972047
971647
971477
971396
971357
971130
970980
970927
970363
970316
970315
970075
969963
969812
969792
969033
969001
968886
968716
968526
968514
968496
968166
967982
967556
967330
967300
967205
967074
967004
966832
966767
966742
966722
966701
966609
966565
966549
966441
966286
966105
966081
965900
965900
965382
965275
965081
964689
964539
963702
963669
963322
963321
962664
962396
962261
962142
961876
961868
961857
961795
961765
961744
961605
961493
961131
960718
960242
960148
959802
959644
959461
959456
959395
959337
959318
959217
958539
958290
958257
958247
958161
958109
957871
957820
957782
957681
957485
957073
957024
956878
956553
956536
956175
956154
955993
955758
955728
955662
955507
955123
955101
955101
955068
955035
954874
954758
954679
954134
952653
952487
951696
951298
950860
950700
950682
950453
950054
949980
949925
949659
949460
949421
949318
949078
949017
948773
948641
948400
948169
948057
947911
947876
947833
947743
947648
947627
947457
947428
946769
946118
945434
945398
944840
944764
944369
944195
943527
943429
943420
943275
943264
942859
942833
942799
942700
942667
942566
942267
942134
941953
941042
940365
940258
940038
939946
939503
939004
938835
938454
938148
937895
937604
937372
937354
937120
936928
936867
936810
936251
936084
935901
935816
935762
935439
934697
934616
934607
934597
934544
934396
934263
933597
932087
930766
930754
930596
930577
930513
930261
930193
930176
929963
929583
929434
929357
929292
929210
928986
928849
928133
927815
927493
927431
927225
927106
926958
926842
926699
926618
926503
925859
925716
925533
925472
925083
924424
924304
924165
924028
923576
923464
923412
923350
922901
922530
922261
922080
921959
921934
921036
920869
920844
920674
920252
920174
920121
920070
919923
919642
919468
919223
918929
918921
918662
918658
918610
918174
918167
918090
917878
917743
917183
916746
916595
916581
916411
916311
915973
915872
915744
915733
915676
915434
915140
914987
914659
914529
914518
914446
914089
913868
913732
913609
913584
913380
913327
913289
913024
912702
912670
912294
912252
912248
912102
911996
911986
911901
911843
911535
911516
911441
911328
911185
911105
911061
910419
910004
909693
909509
909430
909428
909316
909004
908716
908421
907981
907510
907451
907350
907233
906887
906570
906197
906092
905811
905772
905702
905578
905520
905420
904964
904926
904774
904350
904281
903694
902723
902152
902134
902082
902069
901869
901625
901474
900925
900426
900247
899868
899789
899124
899027
899020
898872
898674
898634
898511
898405
898404
898296
898198
898159
897979
897747
897741
897399
897117
896415
895797
895649
895630
895026
894646
894611
894030
893912
893416
893234
893222
893101
892988
892948
892617
892583
892387
892226
891971
891615
891354
891281
891253
890890
890734
890663
890348
890049
890000
889928
889664
889658
889650
889273
889021
888734
888651
888324
888161
888152
887235
887221
887098
886620
886275
886089
885642
885464
885368
885200
884926
884829
884666
884427
884333
884289
883869
883774
883449
883186
882972
882934
882932
882615
882196
881335
881298
881158
881071
880829
880682
880551
880423
880381
879606
879554
879475
879244
879101
879047
879000
878395
878380
878231
878218
877042
876874
876593
876573
876501
876431
876372
876262
875912
875892
875741
875530
875445
874926
874884
874331
874150
873952
873850
873756
873636
873634
873547
873520
873389
873305
873071
872506
872489
872452
872389
872272
871555
870763
870552
870498
870028
869994
869795
869138
869003
868218
868099
868099
867998
867457
866777
866712
866558
866533
866475
866227
866205
866148
865838
865731
864618
864420
864411
864396
864309
864190
864002
863949
863447
863384
863275
863243
863240
862954
862858
861968
861798
861493
861367
861186
861147
861015
860628
860438
860339
860190
859905
859015
858868
858618
858484
858409
858132
858045
857933
857903
857705
857549
857443
856960
856845
856825
856757
856577
856562
856555
856283
855535
855200
853329
852969
852887
852470
852216
851415
851414
851408
851371
851189
850744
850723
850700
850381
850298
850132
849710
849387
849266
849129
848932
848685
848627
848481
848377
848088
847972
847940
847853
847474
847337
847337
847075
847039
846848
846760
846726
846507
846022
846007
845958
845880
845870
845702
845352
845300
844228
844164
843994
843979
843856
843781
843476
843265
843123
842927
842803
842695
842598
842493
842376
842022
841873
841624
841587
841479
841342
841322
841252
841002
840659
840500
839764
839200
839073
838950
838889
838844
838702
838489
838249
838120
838086
838048
837926
837745
837337
837315
836499
836381
836348
836320
835988
835877
835839
835236
834988
834976
834908
834709
834579
834470
834457
834342
833964
833687
833639
833588
833322
833303
833068
833011
832913
832830
832381
832254
832008
831722
831699
831651
831510
831418
831212
830997
830678
830489
829951
829770
829748
829677
829650
829565
829289
829201
829139
828769
828334
828122
827824
827240
827168
826922
826675
826420
826304
826300
825959
825401
824946
824804
824744
824480
824334
824268
824182
823921
823756
823617
823608
823461
823292
823196
823177
822941
822837
822658
822388
822154
822009
821847
821665
821565
821513
821406
821149
821123
821086
820892
820719
820525
819829
819819
819709
819621
819423
819339
819232
819160
819095
818997
818983
818968
818940
818500
818397
818393
817824
817797
817751
817479
817201
817116
817079
816968
816917
816816
816497
816133
815576
815442
815394
815230
815161
814967
814846
814750
814335
814284
814214
814211
814169
814098
813640
813425
813063
813037
812917
812589
812149
812025
811901
811802
811741
811593
811380
811248
810964
810921
810898
810720
810216
810184
809666
809461
809212
809021
808877
808456
808441
808342
808316
808187
808023
807790
807731
807703
807689
807615
807550
807488
807297
807146
806847
806804
806774
806505
806337
806231
806188
806040
805827
805651
805580
805578
805555
805548
805240
804766
804310
804171
804159
803297
803287
803262
803236
803037
802995
802935
802728
802644
802514
801913
801793
801687
801259
800937
800768
800531
800308
800071
799873
799202
799142
799027
798999
798890
798591
798589
798492
797990
797916
797863
797441
797296
797111
797068
796953
796733
796683
796388
796309
796156
795654
795651
795619
795541
795310
795283
795189
794586
794470
793888
793885
793855
793706
793348
793315
793253
793078
792914
792665
792603
792581
792428
792110
792086
792058
792056
791764
791238
791223
791189
791174
791049
790888
790869
790826
790763
790643
790500
790367
789428
789411
789310
788626
788560
788237
787407
787225
787039
786738
786422
786418
786089
785911
785780
785413
785287
785124
784956
784949
784916
784854
784779
784505
784387
784302
784225
783940
783257
783197
783126
782943
782691
782648
782218
782176
781907
781793
781616
781536
781354
781225
780920
780890
780863
780810
780636
780328
780282
780192
779889
779703
779582
779446
779412
779381
779359
779263
779026
778930
778508
778442
777717
777566
777229
777193
777147
777146
776965
776788
776762
776739
776551
776215
775860
775777
775345
774822
774513
774432
774284
774129
774044
773428
773361
773271
772842
772839
772756
772574
771901
771469
771360
771135
770980
770897
770841
770386
769165
769062
768934
768913
768789
768749
768652
768575
768531
768259
768195
768161
767801
767616
766993
766667
766552
766406
765995
765971
765677
765470
765232
764988
764454
763917
763572
763500
763420
763354
763121
762902
762468
762306
762275
762232
762156
762059
762035
762034
761466
761228
760998
760860
760325
759841
759815
759600
759396
759275
759274
759086
759046
759015
758787
758561
758550
758535
758219
758164
757831
757795
757712
757495
757329
756884
756871
756415
756326
756292
756196
755965
755646
755633
755193
755139
754763
754584
753759
753710
753192
753165
753060
752979
752956
752775
752498
752479
752009
751877
751781
751593
751285
751276
751026
750994
750699
750373
750305
750303
750219
749957
749891
749331
749318
748891
748274
748181
748113
747748
747460
747231
747107
746811
746510
746490
746466
746215
745976
745873
745832
745139
745135
745074
744976
744665
744515
744407
744386
743980
743653
743304
743214
743159
742879
742696
742598
742471
742429
742368
742270
742190
741876
741578
741416
741388
741384
740920
740747
740672
740592
740445
740413
740321
740145
739991
739931
739890
739817
739130
738865
738495
738392
738180
738053
737916
737766
737425
737360
736562
736138
735917
735868
735814
735774
735736
735202
735074
734835
734799
734733
734354
734281
733825
733644
733635
733583
733370
733251
733177
732915
732091
731807
731237
731044
730563
729953
729772
729725
729603
728081
728078
727244
727037
726955
726895
726758
726573
726271
725931
725612
725573
725234
724897
724881
724847
724663
724499
724154
723955
723879
723696
723552
723471
723376
723328
723262
723026
722759
722435
722231
722200
722068
721617
721558
721484
721308
721246
720999
720805
720403
720335
720253
719866
719794
719693
719022
718773
718696
718667
718565
718381
718167
717982
717403
717084
716944
716819
715963
715829
715796
715795
715791
715496
715447
715292
715265
715007
715001
714711
714596
714515
713873
713711
713293
713009
712880
712800
712597
712445
712421
712371
712297
711736
711553
710278
710066
709844
709127
709004
708879
708833
708734
708656
708182
707663
707630
707179
707048
706485
706327
706030
706015
705979
705878
705857
705794
705541
704860
704487
704470
704121
704008
703860
703494
703462
703125
703104
703075
702982
702599
702576
702456
702422
702172
702141
701936
701710
700341
699864
699835
699810
699676
699381
699272
698737
698551
698407
698330
698287
698230
697984
697787
697768
697622
697477
697468
697231
697120
696470
696283
696083
695900
695345
695004
694895
694828
694795
694710
694570
693794
693422
693232
693060
693048
692818
692404
692373
691879
691867
691421
691240
691018
690779
690714
690454
690183
690161
690132
690065
689949
689471
689454
688972
688756
688339
688312
688186
688140
688093
687913
687329
687167
686827
686632
685878
685677
685552
685445
685415
684853
684775
684587
684489
684416
683824
683730
682637
682434
682423
682384
682359
681271
681208
681170
681117
680939
680856
680792
680105
679967
679514
678927
678204
678143
677954
677899
677476
677283
677115
676903
676863
676704
676645
676364
676329
675915
675834
675706
675443
675134
674851
674827
674617
674460
674198
674153
674034
673735
673673
673409
673083
672601
672538
672139
672006
671988
671631
671609
671405
671388
671205
671101
671056
670974
670963
670955
670762
670699
670621
670213
669978
669877
669872
669871
669865
669709
669051
668933
668920
668909
668890
668808
668783
668724
668653
668580
668523
668396
668248
668231
668200
668120
668018
667748
667603
667088
666997
666888
666699
666396
665740
665645
665597
665572
665566
665422
665239
665180
664908
664703
664582
664532
664380
664371
663708
662875
662848
662748
662284
662278
662154
661700
661600
661417
661238
661126
660815
660606
660400
660264
660084
660057
660017
659720
659611
659559
659551
658923
658845
658764
658465
658377
658073
657605
656881
655966
655840
655793
655696
655665
655462
655419
654811
654807
654490
654382
654286
654155
654096
654033
653829
653229
653214
652932
652881
652808
652420
652237
652097
651853
651785
651691
651513
651404
651264
650985
650715
650148
650094
649735
649584
649352
649052
648860
648736
648649
648519
648179
647933
647922
647791
647648
647554
646915
646882
646340
646217
646216
645684
645339
645094
644967
644390
644055
643545
643396
643316
643290
642882
642791
642574
641999
641932
641791
641749
641562
641389
641069
640974
640581
640496
640136
639768
639655
638958
638545
638369
637963
636975
636757
636543
636446
636329
636300
636086
636030
636030
635927
635864
635552
635439
635325
635010
634810
634599
634359
634289
634137
634059
634053
633694
633671
633657
633508
633448
632914
632397
632313
632273
632063
631952
631448
631338
631272
630853
630836
630086
629751
629707
629391
629035
628573
628325
628251
628160
627990
627844
627763
626798
626595
625920
625800
625166
625038
624631
624283
624137
624054
623933
623367
622882
622711
622407
622269
621686
621622
621610
621608
621473
621195
621066
620535
620406
620004
619879
619850
619813
619813
619580
619481
619369
619017
619017
618646
618589
618254
618118
617656
617469
617340
617322
617193
616799
616780
616558
616038
615853
615493
615385
615383
615380
615346
615073
614652
614566
614487
614431
614403
613947
613741
613702
613337
613216
613193
612825
612775
612101
612070
611961
611824
611315
611232
611145
611110
611107
611039
610703
610373
610138
609737
609623
609358
608717
608245
608194
607830
607771
607108
606839
606720
606432
606238
605805
605445
605313
605210
604407
604353
604009
603906
603452
603293
602745
602674
601983
601863
601426
601141
600878
600656
600538
600336
600300
599953
599771
599660
599362
598879
598765
598594
598544
598477
598473
598385
598346
598295
597634
597501
597412
597393
597341
597191
597121
596794
595526
595490
595484
595445
595210
594452
594449
594323
594248
594071
593867
593792
593652
593543
593404
592904
592725
592572
592171
592018
591814
591766
591660
591576
591459
591450
590745
590740
590329
590133
590105
589566
589558
589400
589371
589096
588975
588601
588552
587835
587742
587736
587310
587127
587012
586776
586659
586526
586316
586261
586172
585913
585836
585761
585508
584885
584570
584553
584297
584275
584210
583532
583382
583081
583053
582748
582393
582385
582293
582281
582252
581794
581659
581521
581226
581188
581013
580890
580873
580857
580736
580626
580375
580292
580228
579664
579543
579207
579191
579155
578718
578706
578592
578103
577969
577440
577071
577031
576718
576535
576079
575866
575814
575687
575642
575407
575041
574654
574562
574549
574454
574359
574347
574327
574267
574171
574138
573853
573693
573351
573305
573286
572918
572796
572668
572337
572235
572010
572001
571970
571775
571590
571527
571444
571384
571300
571233
571105
571016
570476
570418
570177
568932
568648
568199
568130
568100
568088
567870
567743
567698
567304
567111
567017
566977
566806
566757
566454
566373
566272
566269
565912
565679
565673
565594
565451
565439
565343
565339
565279
565146
565100
564688
564419
564254
564056
563985
563806
563689
563183
562963
562586
562461
561763
561684
561551
560630
560511
560337
560274
560143
560095
560067
560061
560021
559961
559932
559792
559740
559447
559254
558645
558637
558522
558290
557446
557406
557233
557144
556908
556879
556571
556501
556430
556078
556060
555767
555674
555363
555353
555176
554786
554358
554135
554056
554032
553981
553851
553785
553539
553396
553353
553021
552585
552533
552388
552217
552159
552095
551575
550610
550416
550391
550277
550236
550225
549814
549686
549662
549619
549569
549568
548919
548878
548033
547533
547517
547236
547024
546997
546409
545361
545108
544410
544387
544231
544125
543847
543826
543665
543514
543258
542798
542753
542733
542449
542346
542018
541801
541764
541411
541190
541121
540883
540347
540284
539968
539654
539095
539080
538905
538407
538293
538288
538227
538194
537884
537667
537510
537107
535889
535027
535010
534890
534856
534363
534229
533811
533664
533406
533144
533089
533006
533004
532960
532791
532435
532361
532271
532045
531905
531737
531140
531050
531026
530249
530226
529887
529869
529642
529353
528810
528756
528675
528564
528028
527534
527425
527288
527247
527242
527051
527012
527001
526573
526568
526520
526347
526098
525910
525807
525768
525644
525205
525030
524818
524765
524721
524693
523629
523628
523538
523402
523391
523206
523084
522978
522842
522638
522619
522587
522532
522492
522416
522322
522197
521841
521688
521476
521406
521229
521050
520528
520475
519788
519368
519248
519205
519174
519099
518813
518767
518606
518450
518278
518079
517612
517401
517030
516789
516609
516399
516386
516283
516122
515952
515952
515860
515434
515258
515162
515159
515043
515005
514875
514843
514807
514668
514635
514305
514229
514011
513855
513393
513054
513031
512844
512575
512216
511758
511718
511680
511327
511300
511186
511067
510826
510731
510693
510680
510643
510312
510017
509980
509912
509844
509746
509355
509148
508817
508780
508701
508475
508257
508154
508085
508057
507551
507521
507353
507049
506875
506637
506462
506418
506179
506055
506002
505675
505322
504997
504846
504769
504754
504370
504253
504117
503718
503584
502939
502789
502732
502693
502675
502547
502535
502331
502120
502005
501915
501726
501461
501400
501335
500767
500540
500444
500128
499875
499727
499480
498698
498436
498289
497983
497853
497794
497776
497478
497302
496927
496786
496709
496708
496488
496357
495979
495886
495883
495669
495470
495270
494526
494346
494318
494297
494207
494100
493764
493298
493234
493170
492894
492832
492526
492176
491780
491616
491587
491519
491296
490891
490692
490563
490239
490019
489810
489787
489671
489644
489558
489543
489325
489227
489007
488267
488006
487879
487296
486372
486155
485888
485513
485291
484861
484824
484744
484717
484518
484493
484223
483838
483739
483565
483253
483165
483144
482606
482541
482410
482263
482004
481778
481399
481119
481037
480752
480633
480489
480391
480245
479969
479875
479813
479807
479562
479241
478864
478345
478282
477887
477878
477472
477386
477352
476961
476956
476903
476719
476704
476656
476149
476073
476028
475854
475761
475330
475277
474999
474919
474880
474868
474513
474327
473924
473871
473352
472776
472738
472584
472442
472427
472278
472011
471854
470939
470911
470773
470570
470546
470319
470262
469999
469674
469622
469351
469206
469104
469036
468992
468886
468816
468672
468565
468342
467865
467787
467662
467550
467471
467403
467274
467254
467134
466983
466925
466475
465791
465787
465781
465047
464922
464591
464530
464390
464297
464231
464102
464082
463696
463647
463467
463217
462928
462498
462320
462003
461794
461790
461559
461409
461282
460420
459731
459155
459046
458385
458054
457879
457226
457113
456861
456592
456589
456295
456263
456220
456058
455844
455726
455315
455269
455234
455153
455145
454976
454818
454784
454612
454554
454516
454391
454260
454038
453761
453526
453468
453216
453036
452387
452135
452037
451990
451843
451397
451286
451099
450856
450745
450734
450587
450270
449907
449886
449846
449817
449817
449611
449524
449434
449433
449431
449350
449267
448862
448706
448705
448629
448214
448137
448115
447721
447720
447709
447410
447376
447300
447229
447030
446959
446539
446534
446402
446305
446040
445890
445795
445774
445772
445612
444967
444875
444841
444568
444051
443590
443248
443199
443177
443038
442780
442565
442363
442141
441828
441753
441535
441378
441289
441091
440799
440756
440638
440354
440138
439834
439823
439694
439628
439611
439543
439533
439421
439379
439373
439371
439278
439277
438827
438627
438576
438245
437659
436951
436903
436787
436565
436218
436074
435354
435347
435217
435148
435050
434679
434603
434524
434155
434129
433938
433928
433899
433835
433598
433398
433313
433148
432722
432325
431953
431852
431655
431644
431588
431453
431373
431337
430760
430626
430599
430497
430459
429720
429576
429374
429231
429010
428886
428840
428377
428021
427988
427197
426667
426636
426401
425849
425738
425670
425130
424849
424804
424725
424671
424602
424529
424333
424234
424179
423967
423855
423426
423390
423026
422554
422485
422408
422390
422298
422087
422062
421926
421753
421710
421304
421230
420993
420906
420265
420242
420138
420011
419695
419544
419482
419025
418574
418374
418363
418174
418047
417877
417848
417488
417393
416812
416727
416674
416591
416570
416243
415885
415747
415559
415289
415254
415210
415062
415053
414870
414853
414589
414350
413547
413489
413448
412938
412921
412843
412759
412758
412517
412322
412253
412166
412090
412003
411937
411587
411256
411239
410764
410674
410586
410586
410362
410324
410272
410105
410102
409876
409590
409589
408928
408756
408704
408515
408484
408445
408420
408375
407902
407870
407758
407588
407548
407210
407086
406865
406536
405952
405714
405581
405464
405353
404749
404703
404191
404118
403998
403753
403623
403533
403349
403142
402885
402543
402535
402190
401976
401773
401518
401509
401371
400954
400778
400771
400748
400264
400219
399769
399539
398986
398964
398643
398300
398049
397797
397777
397632
397288
397232
396992
396973
396812
396772
396661
396531
396397
396147
396030
395934
395787
395606
395238
395133
394923
394685
394673
394487
394321
394228
393949
393508
393443
393190
392988
392942
392897
392466
392205
392018
391908
391859
391723
391369
391299
391287
391280
391188
391035
390851
390723
390233
390118
389922
389869
389821
389501
389127
389055
388934
388835
388533
388357
387943
387635
387521
387215
387141
386595
386259
384680
384267
384026
383999
383945
383775
383679
383611
383603
383594
383449
383414
383342
383216
383158
383038
382829
382790
382535
382270
382196
381857
381810
381717
381046
380958
380725
380631
380529
380121
379005
378853
378412
378235
378227
378215
377887
377698
377460
377099
377007
376778
376582
376581
376408
376208
375728
375203
374943
374921
374893
374678
374506
374484
374374
374202
374172
374021
373999
373976
373782
373674
373559
373445
373378
373337
373214
372720
372605
372549
372293
371680
371623
371430
371191
371182
371107
371103
370548
370045
369956
369874
369652
369565
369509
368999
368995
368919
368776
368662
368534
368533
368439
368302
368041
367992
367991
367882
367320
367095
367040
367002
366864
366838
366681
366427
366297
366007
365868
365801
365756
365747
365618
365523
365219
365151
365096
364835
364801
363851
363800
363201
363182
363020
362920
362793
362738
362036
362020
361996
361854
361582
361551
361533
361204
361172
361070
360777
360486
360302
360218
359556
359247
358862
358820
358614
358491
358452
357998
357898
357803
357373
357039
356937
356825
356631
356533
356487
355712
355710
355669
355594
355548
355271
354920
354711
353986
353647
353631
353561
353441
353419
353129
352659
352068
352067
351923
351647
351479
351441
351023
351009
350776
350570
350541
350461
350365
350197
350123
350004
349947
349821
349576
349367
349323
349215
348967
348361
348217
348163
348160
348083
348029
347689
347679
347610
347545
347134
346896
346785
346494
345865
345601
345555
345326
344767
344678
344494
344472
344044
343601
343451
343275
343231
342944
342473
342306
342097
341983
341790
341565
341550
341183
341103
340968
340715
339686
339305
339189
339177
339170
339086
339058
339038
338640
338593
338496
338486
337970
337697
337336
337288
337128
337118
337021
336804
336716
336640
336273
336252
336173
336145
335509
335426
335356
335262
335026
334739
334657
334634
334076
334010
333925
333651
333555
333303
332741
332675
332621
332553
332446
332310
331812
331417
330945
330631
330344
330113
329725
329289
329187
328501
328410
328069
327834
327799
327578
327385
327183
326993
326559
326482
326402
326152
326024
325795
325536
325488
325254
324622
324502
324429
324247
323970
323723
323655
323492
323405
323344
323238
322990
322729
322714
322613
322590
322354
322238
321795
321789
321733
321596
321541
321065
321038
320923
320162
319773
319536
319523
319449
318855
318622
318478
318397
318190
317893
317822
317792
317125
317039
316424
316337
315878
315296
314494
314033
314005
313940
313860
313691
313588
313151
312970
312717
312596
312594
312387
312358
312311
311437
311243
311164
311148
310958
310802
310775
310727
310671
309728
309692
309480
309101
309004
308994
308800
308268
308233
307809
307690
307565
307396
307324
307222
307121
306994
306988
306975
306582
305848
305812
305806
305517
305474
305186
304801
304778
304522
304171
304150
303742
303656
303649
303590
303230
303189
303071
303068
302944
302880
302588
302556
302554
302473
302446
302282
301750
301535
301452
301263
301211
301094
301092
301060
300990
300598
300553
300454
299792
299790
299665
299427
299335
299172
298912
298855
298722
298230
298158
297967
297902
297464
297226
297095
296852
296715
296632
296593
295926
295909
295577
295200
295162
294976
294901
294242
294180
294002
293791
293490
293035
292816
292785
292641
292545
292521
292143
292117
291792
291677
291561
291553
291277
291197
290972
290806
290559
290359
290286
290182
290170
289597
289562
289506
289381
289330
289316
288877
288808
288803
288479
287869
287470
287246
287187
287099
286466
285927
285585
285517
285100
284622
284442
284050
284027
284007
283415
283138
283128
282487
282443
282226
282097
282018
281916
281247
281205
280973
280671
278963
278834
278780
278568
277936
277878
277745
277455
277431
276987
276760
276751
276661
276508
276452
275781
275073
275058
274792
274706
274503
273908
273646
273633
273452
273404
273284
272929
272863
272701
271936
271927
271672
271608
271529
271202
270847
270790
270382
270167
270103
269651
269636
269480
269456
269358
269235
269224
268845
267764
267717
266866
266627
266557
266359
266289
265915
265913
265913
265882
265644
265215
264926
264720
264144
263307
263287
263279
263045
262633
262376
262106
261865
261447
261411
261321
261079
260727
260345
260304
260101
260058
259983
259945
259857
259323
259291
259062
259045
258917
258904
258157
258030
257665
257100
256591
256390
255981
255822
255675
255568
255260
254865
254340
253912
253881
253705
253434
253229
253218
253001
252967
252709
252658
252588
252046
251729
251658
251569
250994
250986
250675
250321
249849
249781
249695
249611
249581
249527
249446
249070
248842
248627
248563
248206
247862
247642
247614
246958
246755
246539
246329
245696
245117
245115
244979
244374
243975
243795
243586
243577
243492
243367
243077
242710
242649
242621
242559
242330
242249
242099
242026
241830
241805
241708
241457
241444
241034
241010
240757
240624
240436
240375
240317
240244
240157
240035
239888
239856
239333
239205
239180
238599
238457
238350
238186
238153
238079
237742
237171
237112
237108
236996
236813
236666
236617
235932
235805
235122
235059
234923
234807
234481
234231
234152
234116
234061
234010
233962
233609
233558
233183
232452
232440
232273
232262
231647
231357
231270
231204
231140
230865
230438
230414
230241
229697
229595
229541
229497
229390
228676
228417
228335
228107
227426
227250
227195
227069
227017
227015
226860
226698
226373
226297
226262
226105
225818
225692
225435
225032
224877
224834
224611
224599
224476
224344
224261
224036
223611
223523
223364
223176
223118
222951
222607
222561
222480
222403
222385
222240
222088
221962
221855
221768
221729
221490
221114
220719
220368
220181
219956
219763
219697
219674
219527
219191
218849
218375
218297
218275
218046
218012
217916
217846
217605
217241
216942
216842
216812
216634
216544
216496
216297
216181
216053
215974
215846
215825
215766
215389
215324
215311
215270
215020
214705
214009
213534
213279
213238
213228
213155
212780
212715
212679
212665
212629
212627
212150
211903
211856
211673
211169
211044
210708
210335
210041
209901
209849
209674
209648
209578
209197
208720
208618
208054
207929
207837
207610
207448
207194
207162
206995
206755
206605
206544
206245
206227
206155
205916
205884
205852
205608
205578
205329
204853
204852
204819
204619
204204
204081
203592
203365
203364
202753
202713
202656
202649
201757
201679
201399
201382
201350
200951
200733
200712
200661
200348
200262
199664
199659
199609
199484
199102
198970
198944
198900
198487
198464
197671
197555
197459
197407
197392
197288
196853
196748
196741
196453
196345
196340
196071
196003
195824
195424
195144
194706
194589
194258
193862
193643
193601
193548
193522
193028
192690
192510
192076
191410
190753
190567
189803
189424
188785
188765
188462
188302
188300
187980
187833
187753
187582
187474
187392
187164
186789
186762
186557
186523
186328
186210
186134
186042
185448
185267
184964
184941
184909
184712
184656
184640
184483
184482
184463
184445
184367
183961
183647
183629
183614
183285
183240
182714
182511
182045
181871
181664
181626
181469
181341
181248
181232
181118
180929
180549
180143
180088
180040
179898
179773
179718
179506
179148
178611
177841
177569
177490
176925
176614
176097
175814
175786
175118
175118
174724
174270
174091
174089
174087
173601
173516
173405
173262
172454
172432
172394
172184
172182
172044
171960
171939
171844
170800
170798
170776
170609
170519
170450
170056
169702
169618
169588
169282
168864
168301
168049
167590
167500
167393
167383
167163
167133
167043
166954
166624
166568
166021
166008
165681
165390
165373
165297
165031
164750
164666
164424
164365
164325
164310
164255
164088
163773
163688
163392
162482
162246
161876
161833
161771
161530
161509
161183
161024
161020
160959
160784
160448
160297
160120
160057
160018
159992
159965
159946
159851
159771
159741
159676
159571
159511
159359
158834
158459
158430
158357
157932
157768
157530
157389
157277
157213
156931
156470
155851
155648
155615
155554
155493
155120
154605
154016
153928
153716
153436
153043
152919
152744
152689
152650
152532
152445
152195
152136
152086
151950
151905
151895
151730
151609
151413
150844
150215
150149
149951
149880
149845
149628
149188
148816
148763
148716
148478
148273
148173
147974
147854
147179
147025
147011
146978
146595
146411
146384
146144
146036
145860
145805
145615
145615
145577
145519
145190
145093
144695
144660
144023
143997
143968
143196
143166
143098
143076
142968
142960
142572
142400
142282
142192
142143
142002
141608
141260
141210
141186
140276
139650
139527
139257
139169
138946
138928
138706
138693
138499
138193
137907
137713
137616
137343
136359
136274
135637
135587
135375
135268
135175
134536
134443
134102
133944
133853
133828
133469
133404
133328
133299
133263
133237
132641
132338
132152
132118
132088
132038
131895
131888
131306
130897
130845
130634
130269
130075
129972
129906
129880
129871
129736
129656
129639
129522
129453
129379
129106
128829
128772
127978
127615
127542
127466
127081
127008
126959
126842
126703
126264
126232
126133
126016
125739
125188
125183
124985
124981
124737
124525
124180
124018
123960
123713
123404
123333
123172
123118
122986
122653
121986
121915
121887
121791
121603
121575
121408
121341
121228
121195
121089
121020
120778
120135
119578
119530
119441
119332
119212
119014
118987
118756
118695
118694
118608
118111
117907
117875
117875
117651
117543
117402
117402
117022
117006
116976
116880
116799
116767
116726
116725
116613
116136
115871
115728
115551
115291
114827
114743
114589
113963
113924
113736
113613
113596
113542
113399
113289
113043
112873
112513
112266
112151
112134
112009
111994
111883
111753
111590
111580
111500
111498
111362
111074
110969
110542
110148
110055
110052
109924
109903
109867
109672
109622
109110
108111
108104
108009
107950
107935
107667
107583
107539
107509
107318
107096
106914
106873
106547
106455
106016
105921
105330
104926
104869
104406
104256
103880
103740
102942
102851
102815
102595
102524
102453
102109
101370
101327
101295
101266
101247
101078
101035
100903
100870
100759
100329
100211
100178
99900
99329
99311
99261
99113
98829
98489
98469
98324
98283
98100
97997
97924
97701
97224
97104
97014
96750
96520
96365
96264
96018
95717
95397
95066
94545
94090
93991
93934
93844
93730
93210
92996
92152
91755
91496
91207
91140
91070
90816
90749
90608
90494
90400
90226
89956
89796
89326
88595
88026
88007
87992
87612
87601
87562
87094
86945
86817
86634
86073
85760
85637
85368
85104
84929
84880
84816
84738
84737
84724
84707
84260
84214
84077
84049
83915
83728
83116
83112
82873
82606
82595
82462
82361
82134
82047
81771
81756
80972
80911
80882
80386
80238
80126
79876
79870
79787
79779
78798
78785
78003
77495
77491
77244
77145
76933
76881
76853
76219
76150
75874
75871
75863
75377
74884
74493
74466
74324
74322
74249
74058
73756
73708
73642
73464
73220
73179
73060
73007
72662
72548
72432
72061
71865
71778
71455
71254
71123
70909
70601
70373
70261
70116
70065
69948
69811
69769
69700
69456
69292
69094
68915
68357
68163
67942
67710
67500
67292
67032
66506
66438
66380
66244
66050
65999
65701
65583
65562
64527
64210
63914
63837
63830
63765
63680
63661
63614
63244
63149
63121
62760
62562
62472
61971
61672
61579
61406
61314
60957
60779
60602
60120
60009
59978
59554
59317
59290
58994
58774
58669
58432
58363
58332
57873
57603
57593
57453
57318
57139
56841
56820
56534
56276
56253
56236
55591
54652
54584
54355
54103
53982
53798
53783
53142
52985
52877
52792
52711
52599
52553
52407
52179
52140
51505
50321
50093
50054
50039
49977
49963
49762
49702
49666
49559
49368
49208
48791
48754
48697
48693
48623
48255
48182
48077
48059
47625
47214
47122
46820
46732
46488
46166
45849
45720
45615
45465
45382
45328
44404
44390
44246
44209
44167
43921
43785
43340
42960
42555
42418
42090
41789
41787
41437
41419
41417
41253
41225
41209
41093
40455
40390
40318
39500
39433
39364
39083
38911
38784
38475
38404
38186
38169
38127
38034
37814
37554
37407
37368
37226
36943
36482
36297
35762
34915
34773
34009
33808
33754
33603
33122
33027
32025
31869
31580
31095
30817
30658
30613
30471
30341
30276
30108
30020
30013
29951
29863
29757
29510
29236
29032
28739
28692
28634
28526
28166
27898
27789
26835
26558
26445
26224
25759
25519
24916
24763
24369
24249
24249
24072
23921
23878
23676
23530
23485
23469
23048
22900
22814
22659
22565
22464
22461
22153
21987
21859
21841
21804
21680
21640
21342
21122
21118
20712
20475
20408
20258
19923
19878
19741
19630
19615
19484
19456
19436
19325
18916
18470
18405
17845
17519
17463
17233
16995
16901
16892
16354
16301
16207
16187
16180
16107
15980
15625
15580
15294
15187
14917
14913
14563
14411
14141
14071
13977
13792
13760
13688
13538
13372
13042
13025
13024
12860
12147
11787
11388
11211
10867
10866
10677
10611
10595
10585
10417
10220
9880
9796
9767
9725
9581
9403
9394
9258
8693
8641
8617
8558
8407
8122
8076
7876
7830
7217
7210
6760
6568
6553
6524
6521
6484
6362
6275
6237
6198
5368
5345
5293
4777
4562
3894
3848
3683
3607
3529
3522
3324
3306
3224
2248
1814
1259
1131
1045
968
898
854
739
431
53
