999770
999481
999328
999013
998818
998787
998550
998544
998525
998513
998147
998062
997997
997947
997941
997926
997095
997061
996854
996755
996570
996570
996378
996047
996022
995887
995870
995842
995576
994839
994822
994751
994250
994112
993467
993209
993203
993123
992948
992854
992382
992377
992267
992252
992211
992132
992117
991681
991676
991613
991454
991086
990805
990448
990343
990218
990099
990062
989423
989332
989156
989104
988743
988672
988624
988493
988291
988243
988043
987880
987785
987571
987501
987300
987191
987159
986962
986512
986358
986263
986245
985781
985773
985651
985268
983790
983608
983552
982983
982926
982849
982789
982413
982383
982306
982165
981930
981885
981704
981518
981341
981015
980991
980775
980092
980070
979809
979809
979757
979691
979215
979215
979164
978709
978460
978077
977411
977085
977043
977035
976939
976588
975869
975641
975517
975467
975391
975233
975113
974960
974698
974315
974128
973874
973748
972847
972772
972742
972513
972347
971961
971919
971795
971771
971575
971527
970881
970247
969876
969652
969578
968963
968829
968779
968401
968243
967862
967701
967141
966794
966753
966629
966216
966078
965985
965908
965259
965168
964972
964884
964834
964811
964358
964262
964012
963968
963953
963811
963702
963637
962755
962536
962074
961506
961210
961199
960990
960293
959652
959451
959031
958932
958827
958372
958345
958311
958053
958011
957861
957809
957654
957459
957450
957433
957375
957344
957273
957138
957045
957003
956673
956415
956382
956291
956173
956130
956055
955464
955448
955287
955130
954887
953709
953484
953163
952995
952679
952376
952352
952253
952236
951793
951574
951450
951384
951225
950906
950394
949571
949379
949266
948987
948828
948695
948447
947770
947173
947173
946935
946344
946070
945923
945910
945780
945314
945189
945044
944178
944133
943715
943384
943191
942929
942670
942660
942342
942251
942217
942070
941603
941370
941317
941308
940638
940376
940185
939826
939670
939642
939490
939435
939132
939017
939001
938736
938643
938165
938161
938154
937817
937737
937525
937495
937420
937323
937298
937096
936868
936768
936034
935986
935783
935778
935660
935192
935043
934637
934542
934350
934180
933440
932752
932687
932622
932566
932382
932312
932201
931915
931733
931636
931492
931427
931317
930459
929954
929732
929452
929369
929351
929268
929129
928998
928944
928679
928509
928418
927976
927389
927292
927231
927198
927102
926711
926578
926487
926333
925997
925978
925934
925766
925614
925450
925312
925039
925016
924332
923790
923649
923479
922956
922948
922921
922250
922090
921955
921926
921777
921598
921168
921100
921087
920935
920317
919575
919216
919136
918580
918271
917986
917412
917375
917371
916774
915781
915755
915725
915584
915428
915376
915238
915035
914851
914562
914522
914211
913930
913874
913605
913586
913466
913299
913203
912866
912814
912537
912446
912250
912243
912233
912227
912118
911767
911764
911720
911601
911365
911361
911275
911256
911093
910756
910727
910615
910407
910391
909781
909708
909687
909553
908936
908740
908584
908540
907976
907926
907734
907609
907554
907482
907444
907321
907206
906714
906627
906531
906459
905966
905060
904501
904016
903936
903663
903471
903273
903162
902703
902383
902195
902090
902033
901946
901206
901194
900940
900403
900281
900246
899958
899900
899623
899337
898947
898677
898196
897984
897437
897358
897338
897307
897010
896641
896542
896505
896277
896176
895949
895705
895635
895551
894929
894792
894485
894476
894453
894395
893501
893172
893125
892954
892943
892671
892514
892031
891558
891295
891155
890765
890603
890588
890546
890447
890205
890176
889733
889719
889712
889586
889282
888456
888185
888172
888087
887833
887429
887251
887088
886615
886416
886392
886333
886184
886066
885815
885811
885787
885700
885407
885164
885125
884664
884627
884465
884447
883406
883321
883052
882946
882888
882583
882402
882362
882335
880844
880704
880611
880610
880250
880247
880017
879845
879754
879483
879326
879243
878854
877772
877762
877667
877293
876864
876728
876337
876152
876101
875984
875838
875828
875691
875335
875246
875138
875009
874728
874582
873814
873349
873302
873179
872432
872156
871983
871837
871724
871638
871513
871441
871379
871370
871267
871259
871192
871022
870896
870487
870435
870245
869942
869856
869759
869717
869042
869019
868529
868451
868443
868397
868303
867864
867858
867848
867846
867813
866842
866754
866718
866362
865842
865504
865216
865215
865062
865028
864923
864721
864497
864468
864414
864298
864270
864142
864000
863826
863274
863136
862653
862648
862478
862439
862143
862089
861933
861720
861663
861422
860988
860701
860549
860322
858384
858266
858136
857752
857434
856624
856542
856537
856471
856343
856150
855686
855525
855351
855321
855135
855066
855038
855001
854396
854203
853971
853701
853608
853594
853350
853077
852334
851883
851714
851565
851506
851221
851104
850994
850846
850717
850631
850118
850094
849931
849750
849567
849319
849268
849098
848792
848623
848160
848158
847955
847680
847268
847221
847032
846904
846545
846500
846420
846213
845774
845499
845198
845100
844809
844766
844640
844615
844463
844029
843726
843460
843265
843068
843057
842972
842558
842531
842306
841907
841842
841794
841754
841214
841170
841125
840962
840791
840489
840065
839996
839919
839660
839658
839575
839452
839385
838534
838306
837949
837520
837376
836779
836646
836505
836036
835724
835676
835565
835062
834220
834034
833719
833111
833108
833077
832937
832894
832856
832744
832289
831935
831933
831897
831730
831641
831170
831130
830817
830803
830567
829552
829531
829435
828726
828678
828640
828621
828090
827893
827546
827446
827261
827094
826940
826848
826733
826689
826191
826168
826115
826112
825435
824746
824420
824228
824161
824158
824065
823940
823936
823763
823452
823380
823366
823188
822919
822880
822788
822637
822269
822238
821761
821650
821592
821555
820410
820370
820356
820179
819979
819616
819054
818970
818680
818678
818623
818564
818318
817428
817260
817225
816929
816903
816809
816203
816049
815906
815885
815884
815438
815016
814915
814807
814711
814578
814476
814399
814352
814262
814232
814039
813909
813495
813476
813441
813070
812815
812717
812329
812176
811961
811656
811630
811525
811503
811445
811067
811051
810572
810501
810014
809556
809515
809332
809330
809219
809172
809139
808815
808650
808178
808038
807843
807808
807770
807749
807735
807490
807260
807217
807102
807081
807047
806983
806671
806669
806578
806224
805153
805149
805065
804926
804713
804548
803918
803724
803658
803640
803567
803422
803375
803339
803272
803252
803067
802875
802653
802398
802386
802266
802020
801901
801594
800969
800552
800165
800070
799762
799698
799480
798959
798798
798760
798360
798128
798063
798005
797836
796817
796502
796483
796284
796249
795675
795272
795137
794923
794618
794408
794362
794299
794002
793884
793764
793703
793192
793186
793148
792739
792070
791997
791777
791628
791608
791598
791055
790876
790658
790434
790194
789947
789822
789733
789726
789554
789524
789509
789489
789276
788798
788756
788570
788258
788234
787197
787197
787001
786976
786527
786343
786277
786168
786164
785903
785820
785684
785214
785187
785159
785107
784539
784478
784336
783851
783814
783519
783498
783324
783014
782922
782787
782759
782315
782280
782243
782234
781783
781641
781332
781194
781103
780801
780708
780337
779940
779659
779564
779345
779280
778717
778574
778343
778305
777897
777663
777029
777019
776800
775361
775150
775044
774819
774392
774343
773723
773669
773660
773444
773362
773063
772927
772890
772864
772475
772271
771887
771695
771512
771008
770969
770743
770442
769638
769573
768733
768636
768461
768380
768168
768057
767839
767762
767759
767590
767221
767174
766145
765967
765956
765797
765785
765761
765530
765526
765486
765412
765276
765186
765096
765043
764948
764820
764766
764376
763985
763946
763507
763249
763167
763039
762830
762646
762636
762623
762301
761853
761620
761581
761568
760846
760731
760665
760368
760183
760076
759643
759497
759404
759316
759257
759197
758966
758809
758788
758605
758504
758380
758354
758021
757864
757406
757288
757154
757115
757068
757033
756730
756333
756271
755543
755452
755411
754786
754706
754675
754637
754525
754044
753813
753606
753312
753136
753126
752943
752733
752731
752591
752584
752510
752396
752218
751326
751256
751065
751051
750732
750504
750483
750470
750373
750278
750210
750103
750075
749863
749664
749569
749569
749508
749409
749289
749254
749079
748946
748396
747984
747883
747862
747703
747341
747207
746814
746779
746482
746310
746085
745677
745129
745035
744950
744556
744482
744325
744283
743917
743711
743615
743508
743392
743001
742809
742805
742694
742571
742244
742067
741958
741837
741713
741705
741206
741105
741072
741052
740745
739803
739623
739612
739472
739362
738493
738402
738384
738062
737626
737532
736871
736816
736621
735806
735618
735251
735243
735027
734827
734625
734091
733979
733842
733127
733116
733098
732779
732703
732535
732484
732439
732396
732264
732034
731939
731787
731743
731214
731206
730996
730596
730307
730297
730148
729647
729509
729433
729380
729303
729198
728931
728885
728621
728391
728180
728075
727664
727237
727127
726925
726796
726717
726634
726240
725645
725623
725518
725384
724965
724779
724708
724665
724660
724273
724177
723943
723737
723708
723564
723301
723294
723203
722848
722633
722129
721927
721803
721124
721103
720969
720783
720647
720310
719967
719947
719898
719894
719793
719764
719728
719694
719594
719484
719458
719394
719338
719204
719029
718977
718958
718885
718664
718246
717242
716973
716844
716666
716648
716626
716219
716112
715917
715477
715272
714699
714653
714325
714269
714006
713850
713269
713111
713061
713030
712971
712869
712805
711743
711238
711212
710994
710771
710673
710639
710493
710474
710453
710213
710080
710015
709547
709493
708977
708926
708698
708494
708490
708352
708128
708068
708049
707937
707765
707764
707598
707571
707114
707095
706455
706407
706365
706330
705980
705960
705757
705745
705628
705480
705476
705174
705073
704969
704775
704709
704534
704493
704251
704102
704055
703957
703878
703784
703769
703411
703363
703123
702921
702663
702036
702032
701592
701487
701427
701311
701023
700760
700704
700645
700570
700421
699609
699534
699521
699503
699099
698717
698496
698437
698158
698100
697995
697762
697732
697514
696897
696348
696293
696246
696240
695819
695666
695655
695277
695271
695262
695193
694957
694330
693641
693565
693431
693348
693256
693179
692925
692458
692449
692439
692289
692242
692238
692139
692072
691904
691764
691754
691720
691636
691585
691569
691484
691178
691150
691090
690643
690298
689848
689822
689590
689456
689065
688984
688911
688739
688652
688548
688222
687654
687257
687235
687192
687165
686426
686283
686209
686169
686096
685847
685348
685081
684880
684619
684538
684524
684382
684156
684008
683901
683829
683590
683184
683169
682687
682480
682436
682179
681814
681745
681495
681382
681333
681268
681221
680815
680620
680449
680222
680163
680090
680030
679724
679670
678993
678786
678746
678313
678278
678274
678089
677409
677385
677301
676864
676819
675902
675662
675218
674422
674219
674212
674104
674039
673823
673174
673002
672924
672821
672569
672457
672194
672105
672087
671936
671632
671238
671128
670943
670930
670909
670711
670593
670545
670035
670011
669763
669721
669498
669485
669470
669164
668802
668447
668384
668076
667382
666733
666629
666553
666371
666299
665708
665468
665430
665363
665356
665176
664938
664822
664812
664757
664731
664565
663862
663461
663200
662979
662879
662525
662224
662103
662094
661925
661769
661598
661515
660961
660672
660452
660099
659719
659446
659445
659388
659348
659050
658906
658787
658787
658772
658185
657916
657824
657634
657096
656992
656779
656655
656596
656447
656361
656302
655959
655668
655572
655525
655445
654996
654759
654649
654495
654292
654167
654144
653973
653902
653210
653202
653000
652899
652246
652242
651851
651759
651557
651486
651377
651096
651079
650929
650859
650857
650710
650580
650444
650310
649112
648960
648836
648604
648420
648258
648232
648008
647824
647794
647453
647302
647152
647083
647068
646833
646675
646293
645647
644970
644758
644700
644629
644581
644550
644278
644226
644160
644142
643907
643569
643392
643351
643249
643218
643010
642923
642760
642707
642616
642516
642346
642014
641502
641148
640786
640640
640617
640607
640598
640244
640088
640026
639876
639741
639720
639364
639243
639200
639031
638712
638448
638418
638368
638282
638268
638230
638196
638175
638089
637948
637875
637712
637294
637205
637088
636721
636705
636522
636332
636236
635514
635402
635339
635205
635193
634933
634896
634726
634190
633652
633635
633419
633384
633214
633171
633169
633129
632928
632751
632648
632555
632332
632180
632116
632044
631906
631901
631595
631466
631279
631043
630671
630446
630426
630373
630014
629675
629084
629082
628688
628623
627822
627793
627515
627353
626582
626495
626051
625536
625059
624824
624566
624381
624168
623020
622108
621942
621919
621763
621737
621669
621527
621458
621279
620512
620125
619324
619237
618589
618441
618282
618237
618079
618010
617549
617411
616780
616050
616025
615020
614967
614539
614485
614204
614183
614111
613936
613767
613562
613243
613211
613192
613137
612710
612260
611913
611750
611549
611526
611316
611234
611114
610807
610759
610690
610149
610135
609957
609781
609283
608957
608878
608534
608282
608238
608002
607979
607693
607387
607310
607192
606877
606849
606848
606820
606706
606636
606522
606057
605690
605635
605387
605298
605132
604798
603796
603745
603682
603305
603061
602846
602731
602144
601876
601571
601544
601440
601045
600879
600781
600285
600034
599993
599887
599561
599295
599269
599109
598962
598478
598085
597844
597754
597390
597369
596751
596626
596575
596555
595966
595806
595464
595368
595319
595210
595163
595021
595003
594751
594578
594543
594519
594150
593817
593736
593718
593509
593417
592706
592343
592273
592182
592037
592006
591914
591683
591230
591065
590970
590788
590623
590428
590297
590009
589700
589401
589364
589263
589248
589244
588675
588420
588411
588381
588379
588315
588309
588269
588173
587924
587850
587624
587424
587273
587247
587085
586990
586937
586742
586672
586562
586510
586457
586425
586395
586351
584833
584267
584185
584148
584117
584100
584015
583924
583892
583852
583758
583615
583342
583025
583008
582405
582287
581956
581787
581771
581719
581685
581357
581321
581054
580422
580251
580208
580119
580069
579723
579517
579477
579448
579302
579119
578800
578778
578618
578357
578248
578016
577976
577875
577583
577560
577453
576965
576875
576526
576436
576304
576079
576079
575976
575890
575826
575064
574710
574657
574534
574427
574283
574275
574158
573801
573800
572852
572440
572406
572391
572317
572272
572264
572093
571803
571362
571177
570161
569831
569818
569783
569396
569385
569309
569141
569114
569020
569018
569001
568859
568655
568604
568586
568530
568369
568312
568304
568225
567935
567812
567769
567390
567363
567356
567143
567054
566862
566849
566831
566390
565887
565883
565835
565634
565239
564674
564494
564493
564263
564168
563814
563574
563556
563503
563406
562669
562376
562324
562075
561909
561737
561422
561364
561193
560860
560675
560309
560258
560108
559946
559855
559699
559447
559420
559332
559119
559083
558750
558357
558219
558085
557713
557698
557569
557271
556827
556801
556575
556240
555927
555784
555740
555600
555230
555099
555082
554769
554767
554635
554587
554543
554264
554120
554114
554100
553716
553617
553535
553339
552998
552874
552838
552380
552345
551920
551850
551750
551720
551411
551307
551193
551167
550340
550104
550070
549391
548979
548724
548504
548130
548005
548001
547926
547828
547823
547700
547408
546721
546467
546463
546445
546077
546065
545719
545680
544802
544750
544331
544321
544312
544009
543718
543610
543386
542310
542208
542028
541999
541960
541852
541424
540843
540585
540529
539659
539622
539555
539439
539098
538655
538429
538178
537869
537660
537610
536869
536842
536230
535857
535831
535753
535608
535601
535488
535330
535317
535229
534909
534626
534084
533812
533800
533753
533074
533005
532842
532616
532340
532128
531872
531757
531635
531440
531386
531065
530769
530677
530496
530417
529679
529388
529337
528944
528791
528755
528508
528280
528235
528128
528089
527939
527809
527808
527764
527627
527577
527416
527395
527285
527276
526493
526405
526240
526190
525611
524894
524297
524221
524098
524087
524084
524046
523959
523953
523836
523473
523208
523094
522252
522077
522063
521873
521784
521665
521601
520904
520801
520780
520725
520295
519977
519791
519655
519490
519490
519373
519327
518910
518874
517975
517974
517914
517842
517604
517078
516946
516842
516822
516462
516322
516227
516214
516114
515097
515035
514732
514683
514446
514216
513911
513768
513704
513636
513506
513356
513273
513025
512956
512926
512832
512755
512751
512664
512617
512607
512399
512207
512011
511809
511653
511650
511332
511113
511097
510994
510905
510759
510288
510278
509842
509556
508892
508358
508085
507988
507922
507907
507888
507378
507290
506826
506764
506712
506707
506470
506340
505937
505769
505592
505329
505228
505194
505189
504326
504269
503983
503404
503262
502835
502803
502595
502577
501913
501832
501794
501659
501579
500986
500837
500698
500525
500422
500358
500279
500106
500088
500050
499852
499748
499544
498533
498488
498408
498281
498158
497935
497879
497752
497641
497424
497335
496865
496823
496822
496792
496297
495615
495559
495307
495146
494733
494677
494422
493980
493707
493609
493603
493350
493343
492593
492562
492555
492409
492350
492330
492263
491948
491791
491687
491544
491534
491499
491415
491072
490610
490350
490310
490096
489888
489825
489807
489612
489470
489119
489071
488781
488500
488482
488201
487968
487740
487609
487551
487227
487202
487151
487008
486844
486796
486752
486362
486276
486231
486188
485901
485854
485750
485608
485584
484950
484926
484862
484651
484338
484250
484150
484063
484039
483839
483675
482650
482510
482323
482263
482196
482136
481974
481926
481879
481879
481877
481390
480943
480889
480870
480867
480738
480446
480078
479674
479596
479504
479417
479087
478656
478350
478253
478037
477959
477786
477698
477548
477496
477419
477180
477160
477112
477074
477016
476968
476967
476742
476692
476578
476415
475650
475462
475039
474921
474683
474484
474049
473851
473797
473627
473475
473422
473044
472765
472381
472083
471526
471454
471204
471129
470765
470748
470605
470564
470464
470390
470190
469841
469732
469731
469516
469279
469104
469000
468942
468829
468334
468128
467889
467527
467065
466744
466600
466564
466554
466347
466168
466129
465990
465725
465634
465604
465582
465459
465433
465418
465297
465250
465245
465050
464855
464748
464363
464347
464265
463793
463741
463396
463374
463331
463101
463043
463001
462966
462725
462292
462120
462088
461970
461529
461418
461100
461098
460952
460838
460420
460104
459911
459792
459769
459611
459052
458313
458218
458046
457828
457744
457593
457413
457362
457261
456879
456800
456662
456542
456396
456385
456366
456344
456314
455760
455666
455576
455573
455014
454943
454837
454198
453958
453868
453845
453749
453672
453449
453371
453338
453231
453030
452632
452319
452046
451786
451273
451084
451025
451024
450903
450683
450521
450500
450449
450173
450155
450084
449523
449007
448763
448658
448526
448076
447812
447477
447386
447333
447077
446898
446875
446775
446741
446712
446684
446545
446454
446437
446428
445991
445699
445686
445628
445456
445111
444386
444009
443360
443264
443025
442997
442791
442673
442664
442637
442529
442333
442086
442050
441599
441080
440927
440778
440745
440267
439560
439557
439376
439301
439040
438897
438852
438807
438761
438222
438160
437771
437603
437542
437383
436863
436856
436770
436491
436403
436261
436009
435732
435406
435181
435102
435066
434782
434590
433814
433450
433310
433273
433272
433261
433109
432755
432583
432316
432256
431990
431641
431578
431381
431183
430821
430724
430469
430398
430236
429820
429499
429396
428801
428692
428655
428233
428054
427953
427619
427445
427098
426920
426858
426801
426574
426489
426478
426326
426211
426075
425575
425575
425425
425318
425161
425043
424933
424821
424538
424392
424314
424165
424034
424015
423093
423036
422958
422907
422537
422373
421996
421591
421436
421128
420719
420351
420256
420242
419946
419926
419894
419803
419247
418824
418712
418385
418357
418257
418244
417973
417910
417745
417425
417323
417041
416823
416537
415930
415689
415460
414194
414135
413856
413852
413710
413402
413393
413101
412910
412905
412572
412212
412152
412048
411901
411889
411553
411378
411183
411146
411097
410551
410533
410364
410323
410035
409796
409704
409554
409071
409051
409014
408964
408864
408824
408627
408214
408201
408098
407728
407719
407650
407587
407524
407091
406862
406467
406399
406096
406042
406041
405822
405745
405509
405163
405127
405081
405048
404795
404552
404131
404131
403858
403631
403599
403570
403006
402965
402904
402617
402565
402527
402389
402339
402072
401937
401747
401644
401562
401394
400929
400889
400822
400288
400130
400032
399256
399118
398793
398708
398695
398444
398098
398050
397919
397729
397728
397575
397516
397263
397124
396903
396754
396463
396178
396121
395754
395194
395169
395136
395046
394712
394553
394367
394299
394259
394094
394033
393951
393853
393724
393540
393517
393077
393063
393037
392790
392726
392512
392397
392390
391985
391876
391699
391605
391263
390731
390387
390336
390112
390058
390010
389535
389434
389085
388947
388717
388714
388053
388044
387999
387729
387669
387554
387454
387284
387259
387123
387065
386968
386951
386802
386517
386396
386157
386143
385939
385855
385609
385535
385508
385343
385295
384384
383458
383451
383371
383225
383204
383045
383026
381655
381580
380726
380686
380327
380231
378756
377954
377827
377593
377375
377364
377232
376933
376921
376821
376597
376479
376358
376303
376252
376199
376003
375974
375884
375631
375261
375185
375037
374663
374138
373821
373627
372825
372783
372351
372274
372237
372033
371422
371007
370864
370142
370080
370069
368902
368785
368687
368643
368607
368085
367956
367914
367798
367638
367425
367401
367206
366718
366363
366207
366204
366017
365896
365535
365504
364882
364857
364748
364682
364517
364444
364419
363875
363468
363014
362647
362285
362100
362083
361687
361374
360820
360805
360660
360426
360355
360320
360309
360284
360239
360009
359857
359841
359775
359773
359683
359182
359108
358970
358752
358375
358064
358038
357995
357826
357608
357534
357477
357390
357218
357124
356998
356902
356786
356781
356733
356539
356520
356513
356484
356319
356228
356084
356050
356015
355827
355666
355588
355302
354801
354737
354475
354393
354198
354043
353901
353833
353766
353375
353278
353240
353220
352687
352581
352468
352429
352382
352263
352215
351877
351116
350991
350755
350500
350454
350392
350343
349914
349357
349139
349017
348999
348966
348869
348552
348515
348387
348370
348309
347967
347505
347088
347072
347057
347034
346993
346855
346756
346249
346078
346076
345990
345942
345743
345607
345473
345354
345247
344760
344688
344433
343622
343383
343269
343191
343083
342463
342421
342275
342144
342116
341957
341700
340959
340932
340402
340335
340300
340091
339897
339857
339853
339736
339679
339647
339563
339484
339287
339142
338684
338597
338453
338442
338405
338251
338111
337868
337780
337676
337515
337496
337346
337226
337214
336944
336774
336617
336547
335217
335144
335110
334884
334645
334605
334329
334324
334253
334241
333997
333646
333315
332830
331677
331322
331313
331104
330929
330867
330265
329974
329969
329824
329658
329460
329416
328897
328777
328362
328123
328077
327791
327206
327031
326906
326222
325306
325183
324930
324842
324805
324537
324343
324207
323519
323119
322750
322719
322680
322606
322484
322255
322217
322115
322065
321807
321800
321653
321562
321422
321170
320911
320761
320733
320648
320605
320341
319912
319873
319870
319622
319011
318999
318666
318527
318392
317957
317947
317111
316614
316590
316567
316488
316293
316171
315930
315873
315724
315723
315608
315584
315560
315109
314942
314575
314541
314216
314059
313718
313624
313404
313358
313174
313168
313034
312737
312675
311658
311602
310987
310910
310843
310626
310360
309909
309844
309719
309374
309171
309058
308991
308924
308589
308384
307575
307149
306980
306763
306666
306396
306194
306066
305973
305619
305303
305272
304902
304604
304551
304401
304169
303956
303955
303735
303308
302991
302831
302623
302612
302571
302331
302304
301890
301574
301552
301421
301338
301235
301035
300971
300813
300507
300466
300258
299850
299225
298683
298444
298197
297958
297906
297846
297319
297240
297055
297012
296997
296943
296473
296412
296112
295893
295737
295728
295615
295597
295324
295227
295107
294890
294804
294696
294466
294393
294156
294114
293172
292770
292750
292576
292280
292162
292045
291963
291753
291128
291027
290788
290583
290576
290123
289739
289463
289451
289406
289348
288272
288247
288148
288145
287812
287767
287362
287058
286711
286682
286604
286588
286456
286408
286308
286300
286223
286030
285921
285848
285735
285707
285318
284821
284590
284449
284264
283885
283693
283551
283321
283268
283188
283138
282738
282668
282573
282427
282297
282250
282142
282063
282020
281843
281792
281786
281513
281483
281187
280605
280137
279975
279902
279453
278893
278862
278466
278460
277818
277767
277653
277539
277523
277485
277469
277458
277309
276780
275762
275740
275618
275505
275392
275366
274774
274509
273666
273375
273336
272967
272905
272433
272157
272100
271838
271633
271331
271280
271162
270941
270920
270464
269969
269931
269726
269489
269467
269435
269151
269140
268825
268813
268695
268549
268395
268299
268275
268258
268182
268131
267896
267859
267057
267020
266944
266830
266638
266587
266318
266073
265953
265923
265652
265351
265172
265138
265081
264894
263611
263051
263042
262153
262060
261854
261848
261431
261293
261236
261086
260204
259983
259666
259564
259439
259336
259252
259141
259031
259003
258835
258728
258295
258054
257390
257335
257276
257143
256663
256537
256457
256254
256219
256108
255935
255402
255023
254843
254623
254613
254595
254580
254376
254211
254088
253934
253729
253247
253243
253181
253159
253078
252545
252511
252325
252308
252227
251853
251598
251580
251561
251540
251247
251156
250928
250805
250565
250150
249919
249466
249104
248633
248437
248332
247765
247699
247648
247516
247427
247355
247300
247297
246756
246715
246561
246536
246341
246155
245882
245841
245729
245721
245643
245519
245206
244729
244548
244268
244200
244131
243656
243353
242997
242946
242913
242877
242809
242682
242664
242585
242401
242075
242014
241811
241542
241502
241288
241267
240872
240687
240660
240631
240263
240174
240138
240100
239959
239613
239545
239400
239152
239122
239117
238998
238887
238687
238662
238515
238328
238327
237825
237613
237593
237464
237308
237273
237075
237047
237035
236998
236769
236731
236675
236144
235947
235937
235810
235554
235490
235442
235414
234717
234558
234439
234039
232818
231821
231374
231034
230682
229944
229648
229576
229433
229360
229206
229166
229106
229023
228917
228895
228791
228538
228505
228268
227904
227472
227401
227120
226834
226806
225838
225738
225544
225306
225038
225035
224959
224381
224046
223890
223878
223645
223159
223091
222992
222502
222153
221881
221630
221625
221272
221236
221004
220932
220679
220637
220595
220508
220344
220316
220141
219518
219151
219118
219003
218777
218705
218183
218109
217642
217557
217164
216871
216462
216395
216294
216176
216073
215782
215728
215577
215328
215295
215233
215205
215022
214861
214623
214263
214158
213958
213825
213651
213556
213286
213260
213077
212910
212621
212490
212388
212232
212106
212072
211718
211266
211262
211233
211158
211087
210952
210905
210882
210837
210712
210359
210330
210276
210269
209987
209957
209587
209524
209488
208953
208864
208834
208581
208467
208451
208058
208027
207794
207736
207568
207364
206838
206517
206367
206254
206128
206053
205957
205913
205883
205530
205183
205111
205023
204589
204123
203677
203601
203421
203385
203183
202789
202648
202461
202256
202091
201763
201410
201381
201375
201244
200831
200695
200557
200440
200430
200429
200356
200213
199960
199843
199806
199631
199583
199496
199437
199112
198423
198227
197855
197658
197587
197573
197381
197240
196973
196917
196470
196373
196192
195661
194951
194856
194288
194042
193693
193601
192907
192448
192233
192220
192170
191939
191873
191862
191300
191196
191112
190887
190818
190704
190508
190464
190457
189818
189616
189560
188855
188687
188602
188464
188412
188209
188031
187899
187861
187836
187777
187597
187549
187097
187065
187016
186928
186772
186637
186554
186475
186153
185986
185890
185747
185732
185614
185536
185490
185482
185251
184971
184939
184936
184759
184030
183645
183318
183083
182921
182906
182904
182749
182735
182655
182560
181619
181605
181508
180979
180644
180419
180087
179872
179822
179641
179050
178851
178624
178224
178022
177876
177805
177803
177640
177571
177378
177213
177019
176826
176731
176379
175656
175436
175265
175182
174880
174692
174658
174589
174587
174468
174444
174332
174014
173939
173898
173757
173633
173399
173085
173034
172837
172750
172116
172001
171824
171784
171554
171328
171281
171091
170761
170712
170375
170246
170013
169986
169427
169150
169148
169041
168933
168880
168476
168434
168396
168285
168242
168143
168132
168001
167862
167756
167453
167170
167072
167067
166969
166895
166534
165912
165456
165412
165398
165325
165203
164737
164310
164029
163930
163604
163404
163392
162941
162654
162366
162336
162057
161936
161294
161266
161205
160619
160280
160223
160119
159774
159629
159498
159143
158377
158354
158301
158289
158021
157983
157890
156817
156799
156701
156632
156578
156534
156244
156177
156154
156079
155792
155780
155764
155698
155585
155309
155192
154896
154718
154620
154479
154419
154341
154285
153645
153459
153426
153219
153140
153041
152946
152841
152790
152584
152432
152304
151993
151850
151828
151693
151547
151361
151341
151306
151096
150990
150934
150823
150691
150630
150253
150124
150020
149840
149825
149747
149276
149057
148688
148637
148597
148346
148235
148122
147889
147818
147815
147462
147063
146950
146949
146915
146587
146471
146226
146048
145393
145096
145002
144822
144710
144587
144501
144370
143814
143563
143489
143385
143306
143291
143288
142638
142496
142427
142330
142133
141676
141571
141486
141457
140484
140396
140237
140179
140152
140072
139893
139374
139298
139224
139134
139004
138893
138796
138743
138401
137825
137255
137205
136987
136799
136551
136488
136157
136033
135698
135632
134679
134677
134533
134518
134514
134462
134040
133933
133921
133624
133535
133172
132774
132699
132378
132300
131782
131700
131623
131271
130758
130749
130301
130213
129992
129256
129206
129130
128837
128734
128637
128444
128207
128162
128149
127944
127846
127303
127167
126849
126605
126582
126423
126013
125770
125758
125641
125594
125448
125292
124770
124691
124236
124227
123888
123505
123404
122394
122028
121920
121755
121518
121389
121217
121027
120792
120772
120697
120299
120237
120202
119962
119787
119568
119484
119453
119328
119001
118839
118698
118506
117602
117586
117365
117062
116789
116563
116548
115587
115283
115244
115168
115043
114998
114796
114398
114242
114124
113657
113558
113379
113341
113292
113139
112919
112668
112665
112590
112437
112417
112386
112079
111720
111453
111203
111018
110687
110474
110037
110004
109998
109897
108909
108770
108501
108343
108203
107969
107774
106708
106373
106056
105857
105708
105511
105463
105423
105153
105084
104998
104964
104731
104664
104604
104161
103995
103738
103631
103566
103523
103282
103072
103057
102972
102962
102573
102521
102254
102131
102130
102038
101918
101783
101535
101154
100919
100459
100409
99010
98811
98776
98668
98361
98340
98325
98228
98157
97940
97488
97210
97116
96976
96849
96838
96589
96471
96149
96056
95903
95788
95788
95554
95469
95215
95129
94991
94826
94767
94677
94612
94597
94469
94175
93857
93403
93252
93221
92727
92325
92305
92259
91551
91128
91062
90941
90459
90365
90059
89926
89747
89502
89419
89317
89174
88852
88754
88684
88676
88228
87820
87725
87497
87232
87116
86764
86630
85785
85270
85255
85157
85130
84984
84803
84766
84512
84463
84230
84074
83967
83949
83724
83472
83305
82954
82829
82740
82032
82011
81881
81728
81675
81567
81120
80666
80565
80342
80202
80067
80040
79266
79212
78641
78026
77721
77450
77439
77321
77205
77093
76951
76719
76315
76312
76059
75997
75307
74942
74312
74057
73906
73766
73608
73467
73267
73053
72719
72153
72033
71149
70741
70647
70491
70427
70248
70200
70193
70112
69948
69685
69568
69314
69061
68807
68608
68226
68156
67994
67674
66269
66209
66158
66011
65446
65330
65210
63879
63332
63331
63299
62871
62796
62509
62407
62266
61851
61425
61314
61125
60295
59931
59005
58904
58566
58141
58060
58007
57666
57583
57414
57379
57247
56902
56768
56738
56685
56533
56201
55495
55217
54896
54879
54631
54475
54205
54196
54189
54151
53702
53574
53436
53362
53157
52755
52551
52516
52391
52261
51876
51749
51544
50706
50671
49932
49619
49429
49417
48972
48828
48610
48487
48423
48293
48264
48174
48126
48021
47743
47717
47340
47292
47098
46392
46258
46098
46089
45745
45655
45355
45288
45243
45043
44943
44912
44704
44568
44538
44410
44381
44362
43685
43523
43518
43326
43318
43291
42928
42925
42902
42863
42727
42603
42488
42333
42327
42000
41814
41386
41154
41101
41077
40962
40836
40834
40599
40317
40106
40030
39929
39882
39699
39646
38842
38779
38337
38239
37625
36963
36348
36335
36118
36018
35768
35748
34910
34840
34838
34813
34719
34225
34127
33979
33743
33585
33104
32819
32660
32633
32624
32528
32300
32295
32273
32163
31637
31464
31139
31113
30918
30776
30535
30532
30521
30493
30279
30086
30058
29321
29138
28932
28927
28678
28543
28459
28344
28059
27495
27482
27430
27315
27219
26978
26956
26562
26516
26439
26086
26047
25859
25560
25491
25490
25443
25429
25379
25044
24692
24573
24467
23972
23806
23791
23777
23538
23092
22949
22793
22666
22190
22027
21381
21083
20930
20916
20905
20704
20610
20570
19942
19886
19726
19714
19422
18459
18457
18368
18250
18177
18163
18116
18054
18039
17871
17565
17455
17404
16878
16757
16703
16679
16470
16325
15969
15484
15427
15282
15079
13339
12863
12814
12636
12611
12502
12431
12418
12209
12198
12055
11830
11726
11498
11090
10840
10755
10215
10074
9894
9301
9118
9015
8574
8387
8118
8047
7969
7849
7829
7732
7582
6843
6404
5806
5775
5569
5487
5362
5044
4853
4597
4510
4041
3685
3664
3378
3144
3075
2853
2649
2554
2076
1970
1899
1857
1644
816
788
702
591
450
157
4
