1008
1367
1598
1724
2749
3882
3934
5194
5451
6076
7668
8018
9283
10342
11873
12686
12788
12867
12901
13547
14860
15505
15558
17006
17343
18183
18565
18656
21139
21763
23177
23414
24177
24188
28404
28823
29112
29574
30954
31028
32193
32262
33486
33689
34893
35519
35889
36546
41252
42096
42418
43161
44078
48161
51181
53457
54234
54487
54811
55916
56524
59345
59431
59565
60295
61369
61848
62071
62167
63191
64237
64884
66577
66746
67305
68766
68884
70026
70351
71676
71806
72903
73698
74478
74568
75751
76565
77446
78528
79466
79519
79601
79920
83099
84574
84897
85567
86051
86690
86904
87723
87932
92374
92408
92615
92616
94364
96107
97626
97848
98939
99048
99679
102024
102419
104360
104979
105000
105995
106465
112346
112398
114492
116329
116356
117431
121391
122112
124162
124338
124411
125736
125981
126296
126450
126849
127067
128608
129201
129361
133409
136896
139014
143832
144131
144761
145361
146723
148238
148332
149591
150370
150608
151749
151978
152063
153442
153498
153829
154118
156459
156877
156949
157109
158388
158555
158862
159772
161821
164846
164993
166017
166079
166128
166216
166262
167907
169116
169577
170250
170421
171939
172043
173385
180570
183959
184426
186327
187993
189356
193900
194562
195959
196432
196828
198151
198463
198479
198712
200874
203326
203365
204797
206136
206693
207167
209724
210200
210865
211719
213787
214454
215346
215796
220626
221491
222962
223391
225010
225349
225891
229606
230014
230731
231396
235239
239616
240043
240620
244659
245100
247605
247700
248240
250335
250569
250838
250885
250988
252918
253880
254524
254978
255487
255661
255695
256780
258305
259197
260960
261504
262467
262953
263038
264720
266246
268642
269030
270144
270182
270559
270578
271700
273299
275814
275955
277385
277636
278252
278604
278697
279779
281272
282182
282936
283154
283801
284384
284640
286196
286735
286768
286886
287344
289402
289660
290796
290942
293219
295952
296562
298815
298880
299507
300787
300926
301059
301963
302186
303445
303949
305502
305579
305767
306691
307085
308489
308707
309579
309752
311366
311432
311804
312588
313898
314565
316444
316936
317105
318218
319027
319953
320352
320725
322568
323077
324385
325823
326810
327522
327580
327610
327699
328390
328970
331028
331796
332979
333550
334006
336350
338988
340866
342093
342163
344262
344583
345298
346487
347463
350186
350278
350535
351077
352369
353370
353917
354716
355041
355482
359079
359785
359968
360061
361319
362933
363325
363987
364825
367713
369005
369059
369176
371266
371740
375131
375592
376353
376889
377095
378041
380935
381720
382674
382752
384299
385400
386298
386462
387294
387632
387796
387805
387834
390741
392366
392485
398001
399311
401305
403526
405216
405478
406893
408223
409158
409739
410503
412267
412280
412383
412601
413299
415193
415309
416529
422146
423427
423599
424856
426805
427167
427777
428405
429789
430398
433867
434593
436211
436613
437591
437951
438329
439137
439713
439794
441045
441490
446830
447577
447672
447875
447945
448915
448927
449170
450292
451721
452445
453027
453665
453742
454076
455319
455371
455456
456056
456503
457807
458583
459096
459682
459693
459873
460212
460462
461854
461985
463660
464032
465213
467900
471586
473303
473864
473921
474056
474466
475661
477167
478306
479064
479314
479361
480195
480256
481291
481786
482779
484208
484544
485014
485163
488626
488990
489818
491599
492135
493012
495218
496240
496273
496594
497152
498601
503303
503885
504444
505286
505875
505945
506997
508246
509906
510156
510178
510577
510590
510652
510895
511439
512177
512560
513108
513665
513703
514564
514835
514915
516453
517222
519495
522076
522137
523102
524833
524880
527529
528686
528961
530008
530073
531046
532005
533611
536504
536899
537627
538650
541273
541790
542683
542880
544489
544963
545167
546303
546994
548127
550320
551875
553911
559998
560434
561356
562052
563079
564201
565315
566750
567016
567455
567984
568447
569356
572070
573254
573544
574872
576235
576310
576566
576699
576827
577398
578375
578654
578790
579054
579717
580520
580765
580944
580958
581084
583395
584398
584415
585793
587898
588767
591589
591825
592999
596044
597267
597362
598243
600895
603172
603770
603881
604971
605738
606417
608142
609055
610311
610646
611079
613081
613994
614407
614689
617302
618541
620032
620204
620652
621092
621191
621885
622039
623874
625118
625495
626507
626792
627365
628629
628661
629357
633248
633342
634945
635119
639097
640348
640621
641005
641597
643052
643719
644982
646611
646988
647140
648507
648974
649331
649364
649852
650230
651508
653689
654708
657262
658362
660660
662095
662501
663973
664004
664235
664431
665853
666225
667020
668206
668762
669365
669589
670031
670467
671469
672490
673074
673503
674908
676435
677925
678375
678894
681331
682431
682713
683200
683363
683639
686536
686854
687923
690291
690488
690556
691438
692158
694085
694939
695369
696481
697153
697547
697603
698198
699970
700093
700285
700338
701016
701055
701151
701334
702371
702561
704164
704838
706482
709266
709699
710262
710547
710596
710819
710830
711247
714521
716260
716392
716598
717001
720678
721378
721459
721560
721683
727838
728856
729311
729642
730338
731482
732641
733740
734114
734989
736658
737305
737935
738998
739465
739940
743035
744861
745541
746702
748514
749034
750082
751354
752767
752951
756368
756722
757167
757437
758551
758559
760112
760773
762404
764338
764510
764902
766428
767749
767893
767978
769253
769277
769433
770064
770117
771831
772447
773567
773707
773851
774884
775546
776410
776889
776899
777358
777932
781232
781680
782791
783156
783572
783895
784977
785577
785857
786125
787041
787287
787676
788047
788247
789704
791950
792790
793382
794524
795061
795533
798164
798442
798951
799567
801748
802396
804562
805532
806435
807376
808526
809344
810307
810623
810757
811346
811997
812161
816068
816646
816957
817278
818219
821840
822126
824471
826476
826769
826920
827368
829793
830661
830742
830824
831572
832637
833926
835794
835881
840146
841954
844385
844445
845443
846922
847399
847839
849837
850122
851081
851646
852603
853200
855211
856400
856852
857752
858930
860135
860708
862439
863820
865620
866329
866405
866747
872149
873447
875420
877161
877818
880047
880983
882270
883181
884733
886307
886641
886908
887160
887354
890672
897812
898169
900050
900071
903065
904248
905490
905536
906295
907039
909064
910216
911795
911870
913665
914664
915863
915996
918379
920132
921026
921359
922205
923329
924016
925075
925501
925687
926907
932254
933206
933965
935721
938113
938508
941274
942067
942539
943812
943973
944234
944618
948428
948465
948848
949015
949283
952142
956536
957478
961087
962301
963197
964000
966946
967241
969087
969480
969902
970503
971139
972079
974076
974136
974703
976413
977798
978646
979110
979704
981195
981469
981567
982129
982424
983040
984255
984455
984945
986348
986614
986660
987266
987895
991041
992489
993870
996197
997037
997762
998610
