1013
1665
2156
2659
3015
4208
5515
5968
6166
9152
10225
10488
11462
11887
13072
15245
16935
19489
20617
20714
21481
21718
21849
21936
23251
23397
23838
26720
27446
27798
30642
32240
32707
34018
34941
37533
37742
38424
38732
40802
41485
43093
43247
44247
44604
44805
45190
45404
45503
47291
50182
52802
54266
54476
54700
55551
58271
60667
61142
61715
63295
64445
65507
65840
65966
66121
66274
66645
68538
70774
70942
71440
71626
72686
73977
74876
76118
77191
77364
77656
79338
81245
81482
82374
83156
84097
84640
84744
84888
85626
87429
87955
88969
93300
95219
95293
95599
96747
98467
99934
100171
100363
101245
101669
104491
104890
104975
105416
105979
106546
107201
111448
111756
112095
114124
116547
117457
117476
117706
119316
119431
120038
121158
121686
122246
123424
124412
125529
126532
127939
129823
129878
130877
130955
132480
133761
135319
137876
138519
138914
141462
143629
144216
144490
145253
145310
146007
147298
149440
149978
150335
150664
152480
152877
152995
154057
155385
157454
158083
159180
159363
160752
161670
161879
162049
162751
163209
163454
164822
165531
166890
167801
167951
169570
170495
171045
172999
175736
177171
178171
179006
181063
181136
182766
187707
189695
189909
190417
191492
192822
193431
194062
195095
195576
196454
198506
199106
200765
204308
206553
207200
207211
207322
207833
207976
210378
211494
211506
211923
214748
214768
215189
216897
217115
217785
219146
219331
219644
219743
220670
220745
222932
223931
225788
225912
226112
227599
228419
229533
230238
231191
231623
231931
233814
238140
241251
241267
243260
246231
246462
247964
248431
248513
250609
251099
252501
253844
254591
255160
255258
255326
256752
257390
259405
259413
260086
260144
262811
262837
263153
263223
265191
266607
267486
268561
269040
270695
271080
271237
272062
272274
273372
275124
275174
275293
275332
276908
279694
279930
281175
281264
281814
282820
283010
283130
284943
285107
286950
287674
289645
289949
291676
292520
292897
293063
294027
296096
297826
298192
300418
301052
301922
305630
305686
307504
307854
308683
310466
311018
313788
313790
314488
314549
317216
318555
320159
320499
320503
320629
321051
322221
322254
322944
325581
325601
327531
328042
329075
329434
329955
331714
332270
332835
333205
333936
334527
334527
335213
338070
338105
338414
338613
340249
341207
341265
341334
341384
341416
342152
342557
342860
343659
344524
346216
348038
350581
352139
352949
353912
354058
356491
356766
357057
357211
359005
359145
359865
362150
363781
364699
365255
366292
367188
369850
370933
372448
372490
374501
374890
376109
377105
377938
379376
380053
380151
382669
383672
384048
384568
387891
388232
389244
389282
390025
390838
392180
394005
394880
395118
396709
397467
399177
400460
401673
401889
404848
405071
405442
405939
406271
407220
410413
410599
414474
415075
417053
417986
419651
421160
421850
422625
424051
424320
424508
424990
425887
426969
427060
427411
429187
429501
430319
431970
432104
432438
434852
435003
436020
436493
438029
438071
438236
438930
439100
439943
440855
441763
444044
444241
445145
446420
447136
447371
449587
449738
449746
449879
451319
451639
452522
452643
453047
453087
453488
454311
456325
456712
457003
457714
458567
458751
458819
459996
460330
460383
460863
461626
461763
466182
467957
470248
470406
470616
470771
471226
471295
471503
472499
473343
473823
475259
477266
478642
479659
482309
482535
483990
484181
484315
484815
485372
487506
488025
489736
490263
490510
490596
491357
491602
492347
492530
494994
495212
495382
495997
497239
498640
499418
499699
499909
500188
500531
500672
500728
500784
501076
501634
501899
502191
503599
503817
505218
505411
507782
508529
511096
512610
513195
513441
515556
515917
516797
517067
518407
518753
518844
519209
520255
520619
521509
522012
522392
524362
526381
527537
528643
529771
529927
530383
531686
533844
535812
538402
538523
539033
540252
540522
540760
545129
546203
548477
549211
549429
549729
550242
550898
551588
554512
554855
555363
556077
556510
557077
557934
560809
562218
563841
565628
566707
566719
567169
570256
571403
571448
572320
573029
575081
576758
578680
580623
581027
581533
581549
582369
585682
585687
585816
585850
586038
587626
588802
590747
590894
592975
593074
594068
594603
597930
599282
600799
601867
602550
602603
603882
606792
607891
610162
610585
611852
612106
612312
613054
613986
614665
615442
616002
616625
616936
617331
618109
618482
618565
620923
625549
626094
629423
629834
629894
629895
631145
631404
631668
631789
632653
633256
634981
636256
636401
637371
638032
638107
638554
639328
639862
640441
641340
641697
642637
643404
644092
644386
645144
645168
646544
647817
651055
656846
657135
659722
660927
665087
665193
666451
669165
669727
669752
671022
671566
673689
673990
674289
676322
678191
678943
679160
681000
681776
685232
686362
688410
689135
689562
689898
690261
695394
697108
697332
698081
699079
700154
701257
701639
702227
703091
704372
705076
706261
706931
707679
708153
708713
709256
709641
710073
712284
714586
714968
720171
722339
722441
727839
729037
729611
730527
730714
731725
732962
733538
733568
737019
737365
737945
738486
739152
741245
741402
741538
741943
746267
746932
747396
747675
749776
749995
750613
752860
752966
755688
758986
759043
760612
761733
764897
765436
766578
767883
768972
769531
771510
772742
772755
772894
773244
773274
775028
775066
779021
779918
781705
782158
783693
783907
785660
788177
790314
792186
792697
794166
794222
794298
796449
797933
799570
800688
801411
801422
802199
805463
805600
806415
806991
808329
808828
811593
811821
812141
812231
813002
814417
814450
814536
815995
817144
817946
819364
819718
820159
824257
825843
826046
826228
827287
829677
829963
832514
835545
835871
836576
836966
837775
837872
838128
838275
840631
840687
840976
841290
842536
842777
844076
844269
848907
849540
849596
850531
853372
853450
854363
854438
854443
857457
857734
858093
859084
859222
859465
859532
860019
860497
860680
860837
863329
864117
864991
865888
868023
868557
869208
869384
870728
872809
873708
874005
875906
877038
877154
878005
879203
882448
884621
885329
886323
886460
886903
887127
887657
888392
889156
889417
890071
890098
890776
891562
891641
892239
894437
897324
898413
898414
899455
899846
900066
900132
902372
902929
903315
903657
903911
904155
904524
905081
905428
905813
907595
909146
911720
912055
913662
914091
914302
918034
918485
918862
920382
920726
920748
922225
924301
926904
927117
927228
929560
929743
932035
933105
933177
934580
935459
935869
936060
936924
937114
938203
938858
942177
942666
946279
947440
948194
950049
950976
951319
951869
952578
952856
953498
954928
955742
956405
956682
958963
959212
959307
959703
959732
960784
961124
962367
963122
963285
964233
965316
965351
965510
965653
971914
974136
974566
975116
975673
975781
976010
976494
977062
977984
978452
979859
980579
983719
984499
986635
986896
987101
987379
987627
989979
996274
998447
998919
999501
