999201
996536
991540
989280
986018
985642
984797
984646
982300
975976
970403
968368
966857
965454
963054
961249
957900
957716
953691
952799
946826
945005
943738
942451
941731
940934
940587
938160
936774
934352
933688
932724
925203
924598
922754
918738
917912
916803
916752
909128
908055
906807
904847
902370
898733
894747
894182
893898
892251
892019
889067
888516
888212
883536
881688
880781
879522
876596
869753
869681
865082
864346
862650
860993
857822
857706
855360
855025
854395
853814
853558
852991
852861
852076
851630
850159
847357
844097
843253
842958
842741
842480
841443
840210
840054
835658
834311
834146
832914
832655
830415
825765
825747
824452
823151
822094
820191
815718
814498
814281
812820
811008
809356
806498
804756
804157
803599
796186
793523
793175
786849
785843
781081
780847
780014
779505
774731
771392
769389
769343
769333
768733
765576
763263
762678
762422
758133
758130
757964
754712
754509
752638
751541
750604
748962
747546
745963
745116
740993
733836
729718
729044
728042
727154
726139
725669
721809
720808
720388
717870
717265
717143
716219
713048
712119
708084
706031
704753
697324
695162
688029
682874
681156
680371
678254
677581
675481
669556
667298
666553
660878
660820
660252
659903
658637
658574
656249
654650
648876
646555
646332
644640
642617
642323
640208
640025
640017
639710
639405
634319
633117
631807
630757
628904
626391
625955
622317
622127
618065
615588
615552
615088
609389
606478
603894
603662
603356
600750
600598
598201
597801
596832
594418
585858
584454
583346
582011
581279
577806
575364
568721
563209
559951
558588
556685
555202
554818
553201
549584
545661
542950
542560
537018
534332
533983
533377
530731
530705
527246
523323
520825
519952
513739
512788
512400
512084
511573
507241
505688
505084
503868
500302
499707
499291
499016
497964
496942
495522
494369
494160
493411
493279
488223
487037
480997
480314
473125
470926
470457
470439
469851
469265
466937
465844
464260
463608
462817
461667
459494
458470
458350
455893
455379
455086
454264
453435
451837
448462
447871
447199
440800
440722
439999
439730
438923
435740
430180
429582
429282
428682
427332
425650
420491
419379
418933
417753
417540
416068
415986
412839
407254
405234
405083
398338
393641
391720
390975
389324
383240
382127
379949
375060
372302
372100
370191
369982
365312
365252
363607
362428
360705
360686
360334
355565
352383
352354
350437
348972
348147
347835
347257
346941
346302
346228
344874
340907
340718
340651
338884
337089
334409
333998
333372
331287
327840
323841
323838
323701
323261
320873
319064
316008
315748
314751
312252
303523
303228
302592
301588
299708
298718
297072
290238
287463
278976
274100
271057
268512
268038
267433
264911
263650
263608
263025
258704
255343
255311
251930
251798
247062
246438
244959
244169
242286
240686
238770
236413
232104
231220
229862
226921
224681
223584
220638
210089
209419
207274
204378
204013
203172
202083
199902
194115
193385
187244
180153
175676
174583
173949
172588
171621
169018
168346
165148
164959
164804
164368
161334
159116
155772
153693
148416
148096
147287
146669
144011
143670
142773
138061
137464
134990
133260
127453
126272
123245
121720
115130
113631
113471
112236
111909
109773
104711
102012
101026
100171
99490
95373
88869
87477
87251
83176
76647
71566
70036
69034
67876
65010
64308
60626
57143
54560
51661
51271
50124
49735
45308
42197
42137
41048
39523
35422
34016
31125
31048
28505
25982
20494
20076
17123
14335
11237
10181
9406
7849
6951
6668
3341
2155
144
