999234
995679
992670
990134
987123
984900
984465
982073
981416
977676
975171
973500
971660
970700
968881
965746
965174
963318
962712
954990
954151
951970
951113
951037
949194
948879
947401
944960
944723
944030
940918
939460
936052
933990
932926
929903
928875
928388
926270
921209
918764
918599
913463
912084
911904
909495
908121
905315
903107
901535
900705
900084
900081
898209
896645
896198
895309
893730
893206
893137
889767
889552
888249
884519
884514
884061
883075
882903
882724
882592
881918
880437
878192
877972
876968
875030
873939
873617
872625
869561
867471
866865
866288
864826
864152
863311
861938
858296
856315
855051
853663
850502
846808
843977
842179
841082
841002
840424
838549
838481
834450
828422
827804
825806
824203
823943
820618
815714
815158
812796
812292
809512
809332
808930
807908
807744
807539
806647
804328
803599
803341
803054
799479
798346
797239
795558
794741
794667
793781
791156
790053
785508
785022
782423
778729
778483
775346
767094
766128
764319
764024
762658
760562
757825
757643
757610
753802
751797
748185
746819
746288
746226
744374
739500
735047
731823
729297
729125
728639
728549
726012
722603
722028
716906
716292
714637
712439
712205
710428
710378
709273
703588
703423
694404
694010
691873
689736
689002
686199
683343
681167
679389
677656
677158
676427
676398
671322
668523
667659
667094
664838
663543
659511
659307
659187
656043
653280
652417
650995
648726
640354
639704
639576
635271
630904
626691
626161
620505
617044
616636
614742
605440
596734
593551
593544
589405
588477
586917
583232
582472
580826
571830
568375
567861
565835
560739
559800
556332
556041
552402
549775
546544
545082
544578
542918
541941
540543
534244
533249
530395
529728
529298
528204
527270
524050
523044
522632
520557
519353
519146
518937
513876
513782
513253
512670
510517
507120
506751
493338
493127
491560
486948
480807
480577
471486
468231
468087
467808
467689
465809
463688
463528
458145
454242
451250
450928
448768
448269
445125
444694
441383
441286
438618
434895
434284
432614
432434
427883
423624
422422
420981
418484
415994
415370
414524
411184
408699
408576
405727
402953
401534
388412
387233
386289
385694
385393
383937
382373
382114
380790
378023
377567
374258
373511
371630
370264
368246
364928
364652
363331
360014
356138
352269
347772
346013
345797
344760
342872
341040
338912
337831
337736
337686
333519
332809
331252
329220
325022
324149
311690
310216
304799
302590
301831
300831
300296
297894
294271
294107
293476
290219
289695
288463
285607
285486
284454
284343
283589
279924
279107
279012
277388
275194
271502
270271
268564
264122
263312
260488
256021
255785
255427
250851
249590
247862
244692
243612
241918
240888
235940
233563
229548
223840
223467
223012
222321
218395
213760
209894
209886
209324
209298
208401
205658
201797
197885
195343
194119
191803
191447
189350
189321
184259
183921
183253
181655
180521
177424
176245
174730
166383
165308
164406
163645
161573
159587
159043
158335
156692
156579
152577
148452
145885
140813
139551
137462
137205
136523
136059
131472
127864
127085
126533
125246
124872
123840
122472
122235
112491
110791
105420
105043
104188
103602
103064
103044
101089
100980
96383
95639
91651
91237
85445
83124
82096
79556
75973
74887
74823
73421
71261
66097
63728
62482
62326
60080
59975
57721
57181
54154
52706
52302
51204
50819
46712
42113
41889
41150
37468
35593
34202
31022
30801
30072
27478
26591
22536
17745
14630
14326
11865
10811
10300
9774
8109
6603
4318
2863
990
458
