996184
996157
996074
995614
993768
993529
992980
989825
988134
984353
982416
973654
973206
971757
971125
969791
968151
964704
960833
958829
958735
955708
951422
948699
944800
943909
939139
932825
932540
929925
929905
927470
925033
924459
924324
924174
923915
922466
917893
915668
914675
913865
912887
912509
906851
902570
901070
899617
898897
898498
898045
896403
889886
888117
887916
885023
881131
881085
880832
878302
876289
873486
871657
871124
869049
868161
866336
866056
866023
864973
863933
863787
862603
862256
858013
857907
855772
855604
855182
854382
854300
850150
844840
842204
839254
836914
835944
835769
834767
834634
832802
831635
830024
827481
823814
818156
817641
813239
808009
806981
804486
803583
802978
799888
797846
795633
795041
792963
790291
790243
790055
789934
787614
786389
784406
779675
778573
776271
774899
767914
764667
763282
762217
762123
759527
758045
754943
747036
746823
743007
740724
740329
739210
737523
735392
735294
734353
733664
733000
729716
726570
722363
722272
721418
720145
709721
704775
702380
701855
701074
694347
690909
690052
686258
670757
670511
669735
669033
667675
663886
662931
653085
652982
652333
652234
651645
651468
650316
649708
647052
644838
644385
643922
642777
641316
639897
638308
637321
636675
635763
635316
634437
632388
632323
630350
626674
625182
623165
623014
620734
613365
611895
610618
606514
606366
603852
601802
601624
599870
599283
599110
595904
595083
593903
592447
590619
589589
589291
587844
587447
584577
584228
583943
580516
576662
575858
572152
570680
570258
569716
567495
567483
565242
564713
564664
561293
557059
553858
552397
551633
550849
549806
549534
549144
547608
545281
541776
541390
541289
539633
537071
536225
536083
529410
527384
524196
523808
520865
518400
517068
516836
515149
514965
513576
508793
505924
505842
505337
503075
500248
494485
493676
492329
491345
486837
486014
481621
481362
479348
478338
475506
475095
470669
467827
465033
464036
462038
458684
456981
454758
452442
449772
448725
446496
445537
445106
445009
440394
438376
433746
430921
429819
429127
424454
421219
420611
415645
415007
412820
412192
412087
408253
407874
404731
403355
395000
392058
391743
391578
391155
390965
389169
384839
382268
381606
380781
380523
377990
376562
374839
373545
372308
371539
366684
364888
364638
363703
363081
358810
357008
356835
352118
351019
350030
349814
345306
344407
344254
343086
342653
342492
341777
340321
337463
335609
335076
329776
329292
324777
324230
324159
322303
322181
320831
318658
318634
316064
315883
314220
313047
312080
311315
309488
308453
308279
306727
303856
303807
303479
302296
301796
301746
300949
299746
297203
295757
288597
286983
286821
284788
283210
278765
277100
271085
266620
264953
263276
257646
257227
256641
253302
250331
246894
246455
244678
243829
242677
242523
241715
241686
241323
240233
236332
236093
230701
226699
225730
219952
219327
217188
216316
214503
213183
212395
210363
207630
201762
201099
201034
198731
198211
192377
191185
188351
186296
185341
182078
181785
176981
175498
174715
174137
172454
169013
162042
161385
159493
157357
156689
154763
152174
150941
150551
147801
142766
140883
137615
137453
134270
134260
122763
121064
116881
114797
113862
113700
113004
108800
108553
108143
107718
107678
89962
86593
85820
82122
81994
78247
77837
74980
70449
68686
67527
61675
57318
56216
55961
55814
50685
45720
43678
41000
40696
40530
39747
39655
39103
34380
34155
31676
28334
27905
24357
22283
15549
12047
11640
8214
6064
3409
