379873
257296
255645
697226
59710
359603
790280
670478
195117
378934
685567
264632
654231
616124
824910
542703
108418
346197
714666
346642
221434
394425
888043
110976
344014
764385
501014
947780
873650
262403
581912
190299
706754
345000
305872
2404
2918
115307
112963
817188
267856
348688
858419
496050
883426
562046
373513
905861
991533
582874
169455
592344
216789
73794
687738
3383
82192
546339
307461
27306
615373
412920
202009
976379
801713
164191
465864
490020
697980
495641
470809
145690
66890
527070
960157
97392
334198
57691
898144
826730
517401
628490
852475
704223
506736
791147
170055
139913
650332
741924
566508
212205
977602
801202
67927
390945
957138
322827
968778
276479
327077
651858
360205
854693
158464
606134
366530
315941
930678
433768
367062
298064
219049
500151
79443
322266
363696
97545
213203
163754
264213
333496
597839
777345
613301
574534
643926
701572
39946
14399
274201
833255
943878
334698
761315
267320
630421
264555
911397
939589
980421
169656
944687
622764
626818
14966
279227
614333
712634
819695
474852
128269
267039
490546
316404
628250
768331
617608
343194
738582
113085
416590
896890
279954
107841
5812
970847
705736
543214
373585
263244
228613
485257
308896
232944
153777
983048
863963
863479
909052
130928
163762
539901
291943
214943
990504
998365
148460
917414
565387
203816
353036
744270
715854
79794
312307
201468
627588
983942
801929
699823
424443
966969
921303
923365
442931
980828
276
31261
150138
491339
128908
107768
499301
743010
89580
86905
444460
648655
475308
513323
385955
838467
195545
678370
336209
471427
670462
132697
102127
676443
306606
116667
533438
187121
342705
80893
357765
644279
154505
588968
1638
307514
536415
272180
212316
407704
472527
582928
579092
359118
233357
303679
13540
687087
204914
295132
597740
680241
373031
105790
232008
85346
334253
715318
988655
534648
103558
158581
477803
283461
552195
711307
100021
182985
149675
109514
722092
309282
203141
481225
839858
784606
147203
244612
486115
928817
483019
332449
873651
996866
458722
424525
519523
522335
106295
747909
341664
111441
255178
444273
292728
892107
971895
56554
963513
739772
921955
835868
50792
587012
387458
763527
246619
446147
726402
916640
165876
696908
395863
460372
529850
797112
493732
749420
618517
589271
646787
992395
237030
154754
132657
456661
679681
31564
933273
391530
916424
280215
237819
859088
138597
265666
347641
152239
759843
348288
215294
119157
13354
534660
544523
87962
297685
727320
521311
452670
690098
288397
41603
648814
656021
350349
686703
458693
208473
445964
950684
880623
395316
467613
140583
110281
999030
291745
510623
932068
546398
358106
713067
934441
977113
605277
831451
955478
109080
86822
326153
878054
247436
870982
486635
423631
832705
876343
471097
925861
760340
367632
687605
834844
555795
976787
778204
85802
397807
728100
407591
150795
919456
316629
427902
35678
724502
626396
560186
671981
652247
829222
206357
731274
35257
747972
63025
478612
715070
468612
86081
129433
809607
934427
597144
342613
85239
732477
645900
505049
692005
365135
206023
268039
367293
10036
781226
850042
749620
74884
114077
325698
69669
473371
511159
375245
333005
786253
719623
920609
98528
216887
244669
863877
724549
748273
881656
425984
283445
444703
47213
744121
225451
490407
32432
19645
485129
840573
998883
416735
724231
83609
635704
7098
860312
567754
104484
772178
325403
117860
982498
770329
206330
29589
491104
969101
58211
963862
938442
947774
512737
404925
868146
