182472
467065
779391
667720
725883
595735
410134
840712
289283
558947
139601
665273
790230
260876
311082
291871
896125
721430
955625
842879
533179
829754
521062
791887
916248
41897
777435
142796
339465
366193
671077
411883
8445
68729
821847
366887
799686
572582
533563
483193
26594
315936
518246
848038
396326
750191
531255
182706
794054
167487
561836
839986
951619
828802
474976
814335
130737
830388
843045
575558
862244
124730
176058
433213
42103
109028
282281
619760
747960
532498
786368
523129
26611
298098
203433
779726
177625
893415
257064
796405
335501
868741
661425
753490
535948
635961
54052
133089
66934
910726
282918
494334
98813
597994
149597
103073
383081
81247
271815
372456
994053
245117
792248
705933
893482
902076
888814
672247
304741
150295
952466
254892
583112
954509
895438
71075
626058
405826
546053
871095
699739
128194
996084
92728
84873
190565
322595
7708
17224
583693
726087
396115
460897
350092
207031
194680
888826
327779
982537
756899
446014
228005
788937
705115
180520
254331
544853
965417
153009
809792
454296
232583
733652
55244
711009
562680
918843
933646
28319
69489
846600
122963
21755
639157
490369
203491
373458
973950
713432
822602
429070
470551
307094
212084
103904
544967
42788
672050
847324
710567
246774
78489
235184
277845
908052
20809
47234
307777
369350
869707
505190
845156
799388
232660
327353
535697
349399
519014
286044
816548
964344
545750
638864
517079
967266
476712
470443
876467
63022
517334
886453
834211
948812
513712
184034
419235
495952
859549
588459
870040
764832
113151
270411
791418
310521
747509
920851
44652
744537
218810
509738
358701
368909
121514
914853
644006
950551
43813
323199
855715
544315
92428
220597
642591
640486
80873
661953
92791
188988
57451
708912
508225
776253
303054
462882
978102
333139
360217
725214
292170
890554
784769
539471
803549
628812
329003
437727
457929
60840
270543
908143
204699
549758
752696
796784
285087
641722
667175
699937
863637
208587
133720
960229
169472
161807
699228
642496
572444
335261
366437
294318
977455
783726
146464
629856
765816
779432
964477
649940
922436
500873
83722
977871
783392
592236
156989
924282
936745
525499
322192
747799
576191
254322
771847
695262
367192
790284
604941
140472
548913
696460
208828
49559
767454
349289
455100
451312
228419
518935
3650
329302
247643
722542
797370
72372
160181
660537
155328
115047
455039
569886
66055
382070
421819
129381
899548
736047
197582
593702
14725
349727
522999
638803
143811
319661
69405
826271
230583
281747
640257
372810
642273
577658
142098
462923
255171
414513
307999
36185
121124
532875
23783
89429
876272
289554
567628
301335
354365
311403
98854
896723
105192
17224
777844
204968
772830
376451
694126
640965
656247
508318
609590
795448
865596
851988
907244
707861
876169
423707
782432
610111
600590
211321
434787
609750
144047
399168
768118
140029
47179
973288
265444
609926
401882
58119
29292
476285
696304
593967
864470
805198
115870
730148
705894
656211
379767
459640
279790
226814
509040
844293
90942
924639
439393
880327
258551
150419
792872
551059
988926
25354
776813
364536
968460
865267
691007
273777
802017
99590
483037
119875
343448
32173
845650
556665
471766
695248
457655
292218
829212
35260
353116
459396
445949
68143
546626
176071
685417
383746
899327
314016
464359
99443
379012
416304
753121
933646
868859
206041
27737
955896
311370
219285
162234
180888
926581
72306
445193
912867
179296
729262
906938
879298
589873
517611
258079
7585
234132
361423
321147
