171200
304547
682687
748381
576115
915082
558451
233345
351127
836575
738202
423448
993069
286532
735739
557609
893073
553732
80924
17432
572080
285508
294800
560553
415719
654041
263652
87266
906361
829363
780706
842063
602477
203446
813760
664735
833090
111657
216105
531372
174800
105863
859301
780952
145405
233331
893159
877330
485976
508233
774003
434360
926741
890384
386474
776471
897509
94411
214899
270349
511666
172526
728776
479632
796084
803438
670490
328903
280371
211633
796066
527638
433561
941093
418054
873463
464947
458221
883939
817987
491588
574453
788477
67729
731526
462502
424896
499573
528894
743349
855730
79658
401594
999382
594616
79562
662634
775631
923458
323257
967385
790887
288339
783074
631238
567613
66864
804505
914531
136180
707941
820256
20969
916556
295918
955653
483798
737100
749449
896809
231941
816923
308822
419739
614120
288431
68775
844834
221091
820637
805290
311385
205768
917774
483056
440949
261931
695378
791513
124643
803170
542542
785374
880844
648987
864593
950395
129594
560090
43077
955063
339796
650125
398977
501969
89221
548941
122363
800393
468923
767795
633051
549192
569228
210837
229866
60077
923891
598300
664169
60276
252151
769027
978495
980101
369900
719022
865674
516247
969747
277669
346198
38975
580572
611883
143595
689753
17997
910143
248704
144593
456890
108590
660302
965007
985716
924051
928128
224893
252735
458605
334982
706102
700538
538907
500425
895564
520163
999926
584057
987958
319091
655179
629698
833876
99941
476531
856284
357153
116757
623313
347905
700596
570883
203432
593914
378291
242038
725591
332243
410644
179965
857842
665645
800017
632721
951357
613170
668840
100758
142727
735395
427596
97920
836193
641549
927147
657683
653434
499482
854493
742338
76504
750723
218854
945657
677877
302307
445288
911350
811572
935143
428328
722962
88574
614370
773946
640286
723581
963325
815308
409896
907829
939083
261645
389597
597370
462779
546360
982664
487186
847847
636353
324473
106727
797641
364314
197697
459625
365196
43490
351577
559486
338816
748523
831970
38695
596712
600166
718599
900208
898350
538734
33982
839123
370167
164589
26798
199403
89616
669231
115755
799696
247751
75201
641052
604627
229335
881413
204350
216535
435067
554453
969601
525578
401891
296722
974224
167807
303172
703816
630510
176682
927626
379391
631292
224951
494761
983649
485463
289863
705873
845123
474398
347335
444800
133714
222097
184815
670129
935323
72788
886996
429170
993270
213139
365035
654035
733008
16320
655131
619258
317588
400505
773693
761876
105590
710980
375155
892454
348380
410044
501666
518209
44776
53637
353229
482836
644518
336826
539791
560732
567503
517353
44469
515894
726520
515764
482230
856724
892506
761112
558863
324430
732990
779210
186239
672784
714309
985725
217692
907506
706961
930112
816017
765285
319700
316101
52725
252744
612147
272957
310472
798426
196694
557534
838028
735435
69583
420550
571070
59755
546660
495417
761520
573380
346619
642119
163588
783811
322401
974409
309447
288912
498294
59209
457447
806144
38841
734785
281298
596384
409836
551932
156653
859250
783267
140697
283438
578356
825263
205935
754583
542491
488801
610506
57552
894559
733821
522194
400351
328368
617853
374668
584838
44806
881598
917754
586041
415190
320460
443038
10234
478560
129349
952733
442195
464101
555372
536382
646575
198454
734476
173841
876246
898024
842438
233388
281668
134564
968314
593041
393060
420955
652558
652779
518638
965590
85470
38199
