982990
130791
760230
256964
26423
537456
923760
517402
966885
725799
322676
724529
53295
71874
366193
930929
16868
505790
574737
232288
55507
864664
546875
434549
785271
874293
602006
783052
432189
534689
245020
179315
328436
691764
152150
628257
389840
702865
990585
73286
597339
53000
461725
299390
434233
501403
292758
719839
35094
846750
515249
413105
724782
391287
345805
657917
518200
651269
480851
301502
360688
399773
85203
173685
786496
387952
395900
770072
90250
548424
724728
687978
26324
573169
632802
812774
859793
295412
197861
201173
650248
443967
634994
458559
786915
473696
116701
968126
339606
610800
96341
373997
54890
81741
693822
244992
155685
874239
445869
187246
478488
326012
998143
211336
783109
845702
206166
552173
822762
632754
411633
443350
62255
642373
832807
751821
66023
570679
593088
793339
317446
45721
822704
434910
25376
231058
323249
733337
839002
749893
778044
299237
193903
795406
741155
336038
646305
437740
68430
449944
74810
741945
194256
643240
621373
873363
321893
278367
722542
128671
142154
126457
330235
728996
157753
675540
88966
751314
231232
150404
981200
300454
218301
475139
628483
103013
963384
12806
648795
146373
787613
592298
792371
527211
657556
681677
566952
918863
966847
910586
604972
258493
33231
846140
634729
330228
746948
471379
285391
986609
520447
923909
986300
13766
30853
585099
630919
946787
414354
792556
672873
757494
862807
33000
486793
883503
503571
975946
886499
147484
947977
818080
196116
660404
864035
868359
534980
239727
3235
886880
147504
370706
600514
309919
575379
840905
237607
352130
3120
474860
403589
124702
566719
141604
734865
6420
40817
566183
969055
371043
716770
752030
782168
556184
59163
480808
722970
510560
705280
149496
169516
646718
361180
181658
726876
600407
962951
296659
648632
736682
622194
306853
613221
386142
269327
886257
332639
510708
293087
233335
652365
648028
603545
148409
736448
985827
107188
999039
960136
719049
843410
427315
656755
668209
66185
307244
809315
916913
220814
723144
705291
736073
871232
485106
488326
546289
653007
396291
994707
773963
43335
886148
480881
71160
983293
990354
598099
937031
659924
213082
374273
541703
846956
960324
628491
478461
481320
50477
264618
397553
695067
876620
485428
569507
244623
966838
848699
13723
792561
301756
410308
57822
958428
89458
560799
68476
941760
378251
739368
867270
422063
706336
910296
849438
803588
660879
24520
774439
981232
44032
557124
937435
610594
291907
972168
925114
680402
497173
365786
602528
886635
497154
772227
409456
768275
270244
781931
467500
645400
618377
185872
583591
830584
413298
641955
401105
184269
376504
118399
351409
105043
106634
365190
773362
310488
322833
131930
945428
197951
572148
810101
647555
703856
4727
726886
620165
107871
345342
75945
413452
213240
274352
430561
508651
578340
313463
494004
542694
588795
658339
259395
108898
278278
692014
468229
138299
68463
58394
576191
340276
66504
782583
327330
337481
648436
887297
274752
844961
67446
296293
625836
744479
98068
121828
669614
75928
284647
795217
602336
962527
857794
286516
533801
974075
950269
992401
612499
309178
601629
947650
679626
852575
475233
247937
739635
615030
801515
501506
566054
232521
741577
138813
212490
49387
489824
493513
881996
570737
694964
595108
962684
917249
802454
621327
28932
968066
830379
307542
777349
757171
672596
685870
183887
138967
152383
431030
973757
811342
163722
284256
293995
797888
166287
872105
865302
345906
646544
592836
814606
616762
