970344
390241
742512
161540
593762
66512
348641
654291
14139
445302
461903
1106
837911
14946
196068
858875
43183
787568
83323
821563
396977
629855
500487
412439
650997
949312
987746
113896
297431
640523
278966
378183
97589
108172
262850
53187
741510
394618
218634
890255
223253
531496
96158
451833
926106
42581
739268
494421
403059
675934
523140
100920
958532
266899
321169
626400
628200
485478
894479
848177
759442
877759
74373
508826
43333
207213
311777
951446
388396
627512
36130
305167
875606
632914
846374
126045
107154
292204
585680
23083
793763
119332
980245
658234
31585
382555
935652
660287
823340
761765
31472
57640
969229
792986
424667
987069
742890
582409
977792
634849
654284
605661
646839
225939
42679
703579
90849
731669
936490
654780
404131
626196
678214
392160
150246
693661
210044
282036
263385
208726
738945
463544
635826
473948
471966
704618
158674
260027
965987
592212
639687
240201
499771
907887
767979
634591
10843
397299
582057
116917
566357
778940
850783
942105
691529
271322
551647
260364
468666
453877
699408
315961
257214
367835
514930
295699
581648
90088
458943
308169
550528
35537
184300
618857
77513
247117
352655
150095
536899
69792
76826
895431
132399
309381
744837
89479
664112
577207
163082
418050
569881
925084
280010
355690
196193
809935
363469
680005
760435
620872
159335
904427
190498
738154
245301
737689
996986
50985
175943
728885
849074
880406
149912
20511
539581
649673
454520
48816
685119
473834
838219
190674
461149
167068
236970
903868
486957
648070
552935
51976
140173
447550
790125
898226
342223
953684
952710
160495
232338
613177
154935
212584
253740
968651
855366
784914
211843
7678
993628
406827
906747
328936
786180
868178
973257
694312
485587
674371
783334
470708
422690
143983
101408
585919
373367
181812
196682
628547
653378
523326
649172
586416
96451
360633
580405
961841
891849
267506
342660
878807
649300
850185
152103
245668
494940
416213
158242
600310
210411
243668
854417
596815
846565
651149
323889
437181
495400
611844
485336
224042
678862
78169
523653
771330
105295
771326
702482
645244
907844
374867
729990
747720
967430
888480
517959
188819
230069
396462
679852
521914
113236
927234
316209
978697
548626
705527
906820
848430
444388
161911
478780
3838
945101
232598
886953
368163
721919
112907
620934
922082
492379
958027
100939
652165
575893
548164
8543
741673
687155
204787
227307
544998
777780
189794
117194
912790
786061
329026
366108
873476
383631
949664
691130
273971
191140
729095
796611
328136
302392
21043
368981
256149
756596
746157
249752
867138
914469
844744
360436
941018
252283
983478
497954
505839
565806
11079
101408
907755
813947
672320
185022
590325
8140
298644
162774
120956
49654
369410
564057
200355
447900
175562
316163
920649
182577
617037
469296
549300
998810
709632
767689
710105
769009
720524
621463
331914
80870
14342
554360
7676
553600
265222
274542
618996
720641
772838
128725
684174
691112
313177
261869
790954
872784
527205
744405
246003
612086
37310
344921
305485
313112
727937
314402
951515
560568
121097
283724
262058
228928
870514
342805
272573
689983
602088
438064
663285
839889
664170
134521
213789
914205
986977
834372
441680
773048
703639
470606
837383
339048
323158
972629
950403
285891
265502
307524
107155
474933
600641
579718
524291
362911
497823
873851
99553
972701
607866
745800
883693
263008
34485
570441
375516
711802
633070
357154
382345
953529
630900
643123
13241
21802
750631
376105
573961
90687
374187
382513
992630
537931
533832
