47
57
516
628
868
987
1114
1131
1594
1646
2065
2205
2602
2631
2759
2782
2913
3023
3087
3130
3314
3436
3545
3571
3627
3644
4067
4521
4564
4671
4700
4707
4846
5010
5775
5998
6020
6063
7388
7694
7891
8056
8330
8363
8384
8501
8660
8710
9205
9251
9287
9315
9465
10055
10175
10278
10333
10398
10436
10480
10620
10652
11040
11192
11411
11678
11747
11761
12335
12442
12606
12857
13012
13189
13580
13598
13712
14172
14380
14537
15426
15470
15843
16083
16159
16319
16540
16625
16664
16827
16935
17384
17487
17760
18098
18860
18883
19487
19585
19759
19834
19947
20034
20154
20235
20240
20707
21143
21321
21667
22140
22463
22486
22493
22857
23151
23632
23690
23875
24201
24619
24644
24863
25058
25097
25098
25211
25364
25819
25929
26578
26872
26930
27300
27310
28008
28039
28117
28133
28147
28315
28439
28471
28685
28775
29049
29125
29152
29264
29773
29799
30094
31139
31544
31586
31599
31603
31704
31777
31859
31905
32023
32136
32147
32256
32272
32539
32712
32730
32744
33174
33461
33775
34306
34533
34635
34811
35097
35339
36032
36246
36262
36289
36829
36940
37082
37142
37369
37400
37610
37679
38042
38203
38434
38494
39034
39395
39414
39505
39639
39820
40044
40082
40176
40217
40276
40648
40648
40800
41128
41316
41617
42054
42504
42512
42646
42667
42919
42953
43105
43328
43703
43966
44185
44299
44478
44682
45085
45119
45496
45689
45786
45799
45819
46296
46305
46489
46522
47075
47093
47159
47527
47873
48058
48216
48374
48500
48509
48540
48609
48613
48669
48683
49114
49364
49643
49681
49743
50182
50669
50894
50994
51738
52206
52369
52492
52957
52970
53016
53059
53237
53259
53468
53860
54087
54240
54569
55718
55943
56588
56618
56641
57010
57112
57343
57345
57695
57721
57845
58040
58091
58128
58679
58748
58774
58898
58957
58969
59190
59354
59486
59559
59612
59957
60287
60460
60598
60787
60866
61415
61423
61506
61612
61765
62160
62241
62752
62764
63191
63237
63347
64169
64248
64353
64536
64891
65153
65202
65274
65370
65452
65555
65760
66225
66592
66744
66789
66960
66969
67130
67131
67205
67252
67377
67578
67580
67664
67672
68093
68189
68258
68651
69062
69370
69469
69534
70240
70503
70713
70812
70950
70971
71188
71315
71349
71760
71807
71986
72354
72360
73114
73361
73517
73555
74107
74132
74240
74347
74779
74818
74863
75036
75196
75205
75281
75365
75688
76576
77132
77478
77595
77806
77864
78493
78545
78773
78970
79668
79699
80064
80152
80157
80200
80482
80503
80801
80936
81035
81136
81576
81622
82019
82367
82645
82705
82845
82927
83069
83083
83311
83422
83447
83816
83823
83913
84151
84443
84760
84947
85223
85395
85955
86254
86275
86463
86754
86934
87086
87088
87251
87316
87348
87364
87480
87504
87629
87983
88084
88225
88378
88609
88949
88953
88954
89465
89615
89649
89757
89846
90375
90659
90769
91119
91195
91203
91440
91451
91601
91617
91810
91842
91961
92065
92165
92302
92688
92964
93230
93279
93321
93589
93643
93645
93681
93695
94183
94262
94263
94408
94556
94565
94617
94672
94814
94953
95021
95175
95254
95353
95416
95658
95714
95927
96027
96471
96863
96863
97071
97169
97445
97628
97950
97998
98044
98567
98592
98765
98830
98872
98885
98968
99115
99131
99430
99769
99984
100344
100843
100973
101517
101760
101827
101851
101894
102673
102906
103013
103210
103317
103675
103749
104074
104193
104236
104288
104496
104557
104578
104638
104784
104848
105092
105136
105542
105989
106055
106420
106436
106590
107144
107356
107774
107785
107837
107849
108225
108682
108945
108988
109004
109120
109693
109914
110028
110555
110770
110866
110944
111225
111578
111806
112027
112454
112507
113195
113254
113346
113793
114053
114207
114251
114290
114364
114668
114987
115143
115574
116081
116134
116741
116963
116965
117122
117129
117193
117291
117520
117637
117675
118099
118155
118210
118233
118298
118375
118524
118724
118750
119200
119288
119315
120327
120344
120417
120641
120716
120867
120903
120939
121120
121560
121800
121838
122386
122883
122984
123769
123845
123933
124398
124410
124936
124986
125003
125039
125109
125412
125692
126107
126206
126260
126330
126393
126420
126917
127559
127656
127755
127875
127931
128881
129119
129289
130065
130121
130267
130419
131465
131573
131634
131920
132015
132141
132332
132687
132922
133124
133706
133736
133751
133773
133968
134267
134269
134419
135531
135555
135569
135670
135754
135778
135893
136699
136733
136937
137105
137219
137221
137271
137438
137559
138000
138188
138213
138246
138984
139024
139099
139221
139565
139668
140108
140418
140810
140874
141921
142065
142453
142763
142838
142863
143293
143312
143376
143383
143389
143506
143934
144265
144316
144510
144718
145121
145175
145567
145806
145880
145977
146082
146126
146252
146260
146344
146477
146674
146869
147051
147115
147570
147863
147896
148252
148427
148709
149187
149423
149550
150047
150178
150380
151109
151193
151263
151499
151732
152020
152028
152268
152328
152548
152710
152969
153061
153315
153387
153509
153701
153812
154179
154588
154680
154853
154904
155322
155344
155710
155771
156409
156420
156542
156545
156633
156669
156817
157423
157548
158230
158327
158503
158673
158933
158946
159238
159271
160086
160384
160569
160585
160977
161052
161326
161806
162181
162439
162452
162519
162724
163887
163989
164011
164433
164503
164608
165166
165235
165345
166172
166213
166413
166765
166930
167022
167112
167506
167741
168041
168255
168392
168682
168742
168759
168997
169220
169725
170068
170202
170366
170418
170435
170647
170656
170689
170883
171067
171071
171229
171237
171563
172080
172213
172245
172309
172418
172477
172526
172762
172810
172926
173185
173320
173425
173548
173790
174039
174078
174332
174606
174745
174813
174842
174877
175502
175956
176035
176423
176587
176634
176690
177119
177511
177546
177784
177821
178125
178427
178443
178538
178994
179163
179544
179596
180455
180566
180595
180891
181140
181480
181662
181712
181756
181808
182252
182348
182410
182462
182707
182969
184049
184060
184433
184753
184797
184908
185134
185140
185718
185747
185915
186264
186375
186491
186497
187002
187267
187385
187416
187661
187691
187693
187929
188055
188634
188653
188881
188906
189130
189230
189523
189635
189705
190071
190107
190254
190413
190526
190601
190722
190973
191099
191256
191467
191531
191703
191843
192211
192646
192746
192896
193088
193137
193542
193556
193970
194143
194160
194213
194380
194443
194506
194727
194765
194770
194969
195046
195089
195146
195438
195531
195537
195576
195630
195857
195965
196085
196154
196214
196427
196485
196595
196657
196731
196809
196851
196899
197004
197098
197369
198046
199404
199518
199581
199708
199811
200458
200699
200790
201028
201268
201313
202610
202772
202887
202891
202941
202969
203051
203086
203225
203350
203426
203854
204075
204087
204531
204863
204873
204977
204982
205046
205066
205086
205158
205234
205524
205934
205997
206542
206602
206994
207410
207768
208442
209058
209713
210049
210095
210399
210487
210489
210548
210835
211055
211143
211473
211477
211482
211516
211657
211971
212074
212076
212327
212674
212955
213064
213617
213827
214010
214148
214217
214413
214761
214782
215179
215940
216682
216710
216802
216826
216846
217240
217350
217398
217751
218166
218406
218697
218791
218948
219036
219208
219683
219758
219789
220812
221050
221081
221255
221500
221658
221736
221815
221972
222610
222868
223026
223207
223335
224031
224203
224477
224667
224778
225018
225705
225710
226744
226951
227065
227210
227235
227323
228328
228634
228890
228900
229096
229155
229210
229227
229234
229298
229802
229811
230101
230190
230367
230404
230406
230448
231003
231047
231272
231429
231466
232156
232160
232924
232970
233446
233603
233929
234057
234366
234620
234632
234767
235017
235272
235365
235570
235661
235893
235924
236281
236911
236963
237224
237300
237584
237791
237991
238066
238313
238401
238410
238439
238556
238832
239029
239129
239261
239408
239458
239804
239884
239997
240164
240264
240303
240572
240740
240969
241017
241560
241788
241902
242086
242392
242748
242977
243104
243424
244102
244425
244509
245236
245830
246046
246296
246434
246557
246642
246660
246860
247278
247574
247581
247859
248138
248285
248651
249119
249435
249773
250384
250395
250649
250709
250746
251144
251563
251802
251842
252330
252614
252766
253241
253314
253576
253590
253661
253850
254122
254657
254761
255361
255523
255834
256097
256150
256186
256210
256542
256705
256794
256808
256845
256946
256971
257269
257513
257837
258127
258509
258617
258832
258902
259066
259823
259893
260184
260350
260579
260688
261808
261949
262178
262300
262414
262450
262466
262625
262699
262765
262851
263122
263649
263696
263767
263803
264462
264897
265158
265173
265217
265256
265298
265300
265359
265787
265814
265908
266040
266300
266542
266615
266633
266789
266881
266959
267165
267218
267489
267533
267583
267604
267617
267628
267652
267660
267972
268134
268391
268591
268617
268704
268722
268940
269122
269312
269418
270336
270688
270861
271111
271137
271322
271722
272025
273468
273744
273868
273914
274071
274077
274342
274411
274581
274700
275082
275154
275289
275474
275631
275795
275953
276364
276870
276955
277153
277292
277645
277875
277984
278139
278294
278301
278421
278534
278577
278811
279015
279249
279439
279708
280026
280084
280111
280451
280453
280533
280724
281094
281274
281450
281687
282152
283186
283283
283303
283461
283635
283686
283886
284308
284413
284523
284536
284629
284683
284900
285847
286108
286412
286582
286584
286771
287066
287255
287273
287289
287454
287771
288102
288227
288379
288447
289053
289763
289835
290122
290138
290381
290474
290719
290742
291086
291116
291166
291593
291670
291857
291966
292020
292087
292683
293450
293633
293698
294050
294274
294375
294582
294891
295040
295057
295550
295702
295905
296023
296314
296524
296577
296603
296622
296706
296835
297129
297324
297616
297806
298056
298097
298274
298396
298626
298657
299023
299119
299353
299697
299884
299914
299940
300034
300059
300160
300173
300225
300600
300633
300683
300710
300718
301069
301349
301401
301415
301593
301678
301867
301900
302096
302193
302211
302899
303071
303130
303535
304041
304466
304523
304584
304730
304822
304906
304912
305149
305275
305614
305647
305815
305910
305973
306002
306232
306259
306581
306604
307225
307229
307295
307527
308286
308296
308300
308507
308572
308719
308720
309202
309334
309580
309882
310972
311104
311268
311460
311494
311791
311873
312309
312544
312710
312796
312799
312856
312892
313002
313070
313798
313907
314025
314242
314277
314445
314511
314614
315138
315365
315416
316139
316189
316208
316508
316747
316749
317243
317268
317342
317513
317935
318003
318082
318870
318961
319158
319242
319577
319658
319695
320372
320416
320593
320637
320929
320977
321042
321065
321108
321230
321387
322065
322356
322428
322573
322633
323119
323343
323475
323514
324038
324110
324209
324408
324551
324608
324694
324763
325148
325239
325308
325457
325510
325663
325889
326067
326099
326855
326884
327204
327214
327218
327332
327522
327528
327571
327572
328167
328475
328708
328931
328936
329065
329272
329347
329420
329554
329802
330467
330746
330814
330819
331772
331986
332321
332365
332851
332919
333037
333101
333102
333119
333289
333430
333438
333698
333977
334178
334392
334860
335066
335134
335173
335287
335493
335804
336039
336177
336319
336378
336637
336698
336756
336959
336991
337715
337725
337753
337774
338589
338602
338642
338758
339054
339068
339383
339444
339682
339691
340123
340142
340405
340542
340571
340630
340833
340940
341004
341593
341620
342446
342569
342577
343054
343243
343413
344045
344115
344343
344590
344814
345140
345384
345450
345529
345575
346414
346462
346634
346838
346880
346996
347020
347044
347276
347347
347452
347884
347894
348093
348795
348909
348922
349074
349424
349439
349483
349794
349990
350118
350424
350900
351393
351472
351803
352282
352317
352428
352461
352619
353542
353632
353953
354110
354191
354614
354725
354767
354966
355169
355257
355296
355417
356212
356323
356402
356437
356579
356622
356834
357378
357423
357464
357515
357593
358023
358108
358238
358531
358788
358843
358927
359024
359102
359203
359217
359235
359451
359698
360126
360618
360663
360936
361129
361522
361705
361781
361808
362069
362117
362461
363125
363797
364181
364464
365164
365425
365428
365575
365648
365851
366100
366102
366185
366186
366190
366606
366711
366823
366967
367166
367286
367666
367840
367931
367947
368485
368617
368777
369027
369082
369400
369552
369856
369939
370011
370172
370336
370340
370878
371319
371754
371796
372279
372494
372828
372848
373334
373517
373586
373721
373874
374132
374188
374387
374421
374728
375133
375650
375712
375724
375905
375973
376035
376176
376301
376306
376532
376845
376937
377175
377272
377459
378686
378801
379146
379443
379472
379496
379527
379686
379751
379776
380247
380310
380322
380445
381182
381192
381244
381383
381711
381942
382022
382152
382576
383055
383578
383911
383965
384053
384136
384156
384229
384612
384786
384827
385173
385272
385482
385724
386306
386363
386691
386812
386955
386996
387046
387047
387055
387061
387064
387142
387325
387521
387834
387956
388163
388338
388562
388730
389681
390055
390422
390628
390796
390804
390880
391298
391302
391309
391496
391522
391552
391609
392019
392072
392402
392714
392837
393161
393638
393819
393865
393956
394756
394785
395062
395197
395817
396223
396358
397011
397019
397119
397280
398077
398379
398505
398657
398873
398985
399236
399695
399896
400003
400600
400611
400857
400913
401101
401111
401132
401335
401520
401652
401663
401732
402335
402456
402541
402548
403363
403877
403882
404005
404029
404100
404130
404614
404709
404785
405249
405351
405552
406008
406013
406085
406244
406488
406667
406780
406844
406878
407313
407433
407933
408028
408123
408230
408269
408416
408574
408857
409391
409664
409776
410023
410082
410161
410296
410424
410495
410650
411172
411184
411303
411376
411928
412057
412267
412478
412743
412854
412855
413264
413772
413909
414237
414504
414512
414539
414738
414953
415169
415480
415543
415579
415587
415621
415884
416318
416362
416420
416451
416542
416700
417159
417247
417261
417430
417464
417616
418030
418086
418208
418436
418509
418669
418830
418878
418901
419462
419708
419825
419850
419956
420049
420190
420385
420713
420730
421056
421494
421658
422056
422112
422215
422307
422536
422593
423012
423195
423199
423966
424113
424387
424794
424995
425404
425430
425466
425631
425768
426314
426629
426962
427629
427657
428241
428251
428302
428383
428428
428566
428912
429174
429622
429907
430307
430359
430364
430829
430958
431556
431813
431911
432059
432106
432455
432846
432889
432910
433258
433266
433386
433668
433669
433704
433724
433867
434068
434172
434274
434473
434716
434793
434810
434811
435004
435034
435222
435307
435328
435555
435801
435958
435961
436175
436253
436257
436504
436535
436549
436651
436659
436835
436848
437260
437338
437506
437609
437928
438112
438405
439394
439458
440154
440318
440993
441188
441418
441733
442584
442764
442910
443056
443231
443268
443291
443501
444146
444190
444297
444312
444483
444814
445230
445645
446214
446253
446307
446704
446867
446940
447036
447318
447586
447752
447761
448717
448734
448779
448810
448839
448994
449155
449194
449247
449266
449414
449688
449937
450066
450142
450431
450585
450910
451467
451534
451553
451833
452234
452251
452618
452687
452722
452872
452995
453092
453103
453111
453433
453706
453900
454220
454232
454559
454891
454924
455042
455519
455524
455672
455711
455738
456007
456210
456447
456454
456673
456876
457026
457107
457184
457356
457402
457762
457796
457919
458442
458683
458867
459019
459233
459276
459409
459601
459826
460169
460339
460381
460398
460585
461217
461239
461328
461782
461803
461898
462285
462743
462825
462876
462914
463178
463523
463657
463706
463804
463840
464429
464699
465130
465206
465451
465849
465871
466025
466042
466599
466916
466962
467038
467042
467119
467476
467552
467667
467756
468051
468164
468190
468651
468852
468907
469009
469130
469134
469328
469557
469559
469627
469656
469676
469831
470137
470146
470171
470192
470284
470396
470716
470956
470983
471094
471179
471202
471336
471345
471591
471623
471706
471809
472099
472103
472243
472333
472583
473039
473141
473301
473645
473741
473938
474146
474797
474815
474932
475192
475258
475263
475341
475499
475727
475776
475781
476296
476614
476689
476689
476715
476835
476859
476888
477242
477352
477566
477660
477676
478727
479239
479335
479372
479403
479744
479771
480094
480175
480354
480969
481264
481858
482082
482262
482410
482558
482645
482783
482955
483049
483247
483416
483804
483967
484563
484656
484687
484733
484774
485147
485224
485229
485247
485358
485646
485863
485899
486061
486090
486320
486513
486527
486676
486871
486900
486919
486924
487005
487423
487528
487717
487809
487956
488741
488970
489016
489066
489638
490000
490033
490582
490627
491020
491443
491620
491756
491929
491998
492123
492163
492433
492847
493169
493310
493325
493461
493522
493745
493945
494018
494430
494711
494952
495082
495845
496406
496495
496889
496909
496949
497000
497421
497442
497705
497823
498105
498373
498888
499017
499511
499636
499763
499865
500161
500236
500672
500746
500865
501009
501085
501165
501435
501552
501655
501696
501845
501889
502040
502818
502948
503075
503162
503684
503783
503824
503978
504027
504173
504232
504242
504991
505211
505734
506132
506253
506285
506391
506823
506893
507491
507773
507891
508419
508541
508592
508937
509728
509749
509941
510036
510450
510512
510521
510560
510620
511120
511387
512025
512111
512545
512650
513045
513090
513119
513160
513388
513443
513940
514086
514556
514605
514608
515006
515009
515891
515900
516382
516755
516829
517456
517793
517913
518723
518818
518972
519033
519207
519261
519279
519885
519959
520147
520500
520793
520794
521118
521141
521150
521174
521916
521944
522161
522366
522497
522659
523039
523566
524183
524226
525236
525336
525476
525536
525791
525892
525949
526009
526078
526233
526278
526530
526915
527194
527762
527775
528012
528076
528086
528953
528999
529160
530033
530279
530283
530364
530759
530784
530893
530990
531422
531795
531805
532025
532032
532309
532390
532601
532612
532620
532863
532908
533178
533264
533326
533435
533549
533639
533877
533878
533942
534299
534437
534598
534611
534687
534689
534818
535045
535142
535171
535187
535501
535664
535925
536107
536147
536657
536746
536776
536858
537296
537443
537695
538250
538617
538826
539350
539488
539655
539699
539887
540386
540717
540720
540812
540818
541019
541392
541483
541505
541707
541811
541877
541946
542005
542528
542813
543445
543531
543550
543747
543771
543810
543885
543896
544086
544089
544234
545133
545512
545630
545679
545756
546037
546049
546197
546350
546441
546802
546873
546962
547066
547213
547302
547831
547916
548010
548296
548398
548643
548677
548710
548819
548865
548883
548944
549098
549108
549266
549270
549287
549412
549446
549523
549754
549952
550038
550501
550559
550619
550679
550940
550986
551116
551814
551846
551851
552487
552666
552940
553087
553344
553419
553451
553535
553541
553665
553727
553891
554024
554286
554385
554743
554757
554759
554900
554937
554963
555131
555169
555340
555659
555675
555932
556036
556243
556313
556403
556596
557186
557196
557229
557289
557600
557812
557896
558137
558160
558221
558914
559188
559387
559853
559921
560164
560530
560727
560750
560757
560812
560947
561097
561187
561680
561754
562180
562329
562410
562523
562702
562723
562780
562984
563042
563102
563245
563332
563631
563791
563946
564272
564443
564689
564969
565100
565143
565688
565872
565989
566001
566206
566240
566539
566555
566728
566827
567085
567241
567514
567602
567675
567731
567843
567975
568057
568093
568164
568854
568881
569000
569091
569168
569326
569403
569554
569723
569952
569972
570240
570326
570395
570434
570477
570662
570738
571038
571221
571251
571263
571874
572546
573047
573189
573263
573429
573772
573869
573890
574114
574283
574359
574363
574368
574389
574516
574963
575001
575113
575168
575332
575382
575867
576253
576361
576485
576758
576900
577339
577347
577399
577575
577577
577875
577960
578081
578089
578214
578613
579548
579707
579768
579905
580075
580278
580469
580590
580650
580670
580843
581049
581527
581797
581873
581961
582019
582057
582217
582314
582360
582439
582518
582739
582861
582997
583184
583251
583263
583602
584064
584182
584336
584547
584550
584805
584850
585211
585376
585377
585575
585867
585871
585992
586285
586330
587203
587253
587448
587519
587565
588359
589059
589283
589431
589524
589637
589744
589882
590022
590032
590717
591060
591124
591149
591252
591279
591366
591988
592240
592584
592890
593006
593013
593143
593632
593906
594102
594958
595038
595396
595722
595765
596026
596211
596610
596776
596882
596992
597278
597640
597798
597983
597984
598258
598436
598610
598663
599118
599137
599258
599959
600092
600447
600687
600735
600875
600956
601200
601525
601642
602026
602299
602479
602768
602943
602973
603919
604120
604137
604328
605033
605331
605563
605705
605788
606498
606650
606803
606878
606967
607122
607156
607209
607288
607318
607600
607946
608007
608034
608313
608472
608546
609186
609322
609360
609364
609397
609504
609519
609629
609813
610063
610086
610997
611727
611813
612241
612322
612592
612845
613924
614311
614873
615373
616204
616476
616829
616948
616982
617220
617437
617458
617541
617601
617689
617736
617825
617934
617995
618386
618781
618855
618859
618878
618881
619542
619782
619814
620115
620836
620916
621048
621218
621510
621609
622026
622306
622762
622912
623277
623442
623925
624154
624722
624898
625156
625361
625699
625908
625939
626080
626508
626619
626705
626709
627396
627630
627715
628141
628251
628330
628370
629191
630308
630457
630580
630631
630637
631096
631433
631667
631946
632098
633212
633727
633743
633769
633830
633945
634148
634603
634797
634848
634896
635099
635244
635578
635606
635639
635760
635842
635902
636119
636255
636884
636981
637379
637608
637900
638036
638329
638387
638388
638440
638498
638506
638619
638973
639327
639845
640180
640225
640281
640395
640542
640942
640949
641430
641892
641935
642116
642253
642414
642673
643127
643470
643509
643751
643870
643943
644261
644406
644466
644477
644607
644927
645180
645449
645464
645673
645897
645917
646011
646124
646136
646339
646393
646798
646804
646832
646921
646973
647216
647649
648056
648712
648724
649312
649364
649366
649945
649980
650140
650430
650600
650632
650796
651107
651166
651171
651273
651316
651588
652249
652560
652710
652894
652957
653018
653236
653327
653838
653851
653878
654042
654664
654880
654966
655193
655307
656000
656096
657055
657229
657423
657475
657844
657852
658181
658433
658438
658932
659194
659620
659676
659717
659821
660055
660320
661006
661051
661298
661500
661581
661878
661978
662626
662737
662801
662822
662867
662942
663218
663219
663244
663313
663836
664039
664205
664490
664612
664773
664778
664946
665375
665690
666101
666195
666257
666392
666411
666496
666647
667671
668016
668173
668451
668705
668796
668943
669083
669168
670179
670528
670772
671042
671121
671331
671352
671632
671760
671930
672126
672150
672363
672370
672743
673480
673529
673591
673884
673936
674263
674356
674429
674738
674823
674856
674912
675082
675124
675176
675238
675243
675384
675562
676564
677189
677524
677846
678547
678656
679033
679114
679295
679316
679537
679957
680046
680483
680866
680884
681059
681204
681218
681270
681472
681753
681927
681968
682130
682159
682554
683390
683621
683627
683969
684070
684176
684214
684258
684320
684486
685109
685558
686053
686345
686734
686767
686810
687258
687343
687939
688370
688423
688537
688565
688582
688771
689044
689052
689317
689451
689458
689659
689673
689800
690087
690227
690556
690669
690839
691061
691352
691352
691393
691474
691488
691932
692160
692381
692546
692616
693026
693102
693303
693373
693408
693698
693966
694251
694321
694428
694580
694786
695177
695194
695349
695435
695849
696146
696304
696564
696572
696948
697038
697547
697915
698613
698740
698770
698887
699153
699258
699334
699577
699608
699669
699800
699842
699851
699933
700293
700293
700452
700534
700834
700910
700947
701191
701223
701358
701541
701777
702139
703359
703606
704317
704802
705039
705250
706065
707054
707363
707690
708091
708142
708221
708236
708411
708421
708609
709089
709247
709441
709519
709711
710124
710286
710449
710770
710823
710855
711399
712093
712424
712732
712857
713072
713187
713458
713489
713939
714103
714258
714527
714560
715302
715561
715634
715732
716069
716130
716166
716180
716417
716490
716902
717312
717316
717971
718114
718422
718456
718902
718951
719080
719263
719725
720165
720523
720600
720886
721341
721985
722023
722029
722221
722289
722462
722498
722931
722969
723023
723095
723338
723376
723483
723812
723817
723834
724057
724257
724433
724761
724841
724972
725318
725354
725537
725587
725662
725780
726129
726293
726939
727485
728154
728958
729120
729491
729542
729544
729569
729597
729686
730079
730374
730905
730979
731798
731931
732059
732339
732365
732446
732559
732634
733841
734018
734102
734173
734667
734761
734855
734903
735472
735762
735880
736215
736319
736423
736556
736667
737003
737168
737173
737436
737446
737942
738150
738244
738248
738359
738394
738921
739505
740074
740442
740562
740753
741327
741364
741406
741453
741715
741741
741943
741995
742014
742041
742067
742110
742634
742638
742668
743106
743234
743363
743420
743446
743447
743977
744103
744206
744417
744466
744698
745040
745241
745320
745607
745720
745809
745923
746174
746603
746912
747300
747314
747448
747701
747905
748557
748620
748847
748978
749067
749101
749223
749289
749698
749768
749877
750022
750155
750179
750246
750358
750426
750551
750669
750839
751258
751695
751829
751894
752058
752245
752533
752616
752685
752710
752824
752871
753311
753421
753511
753560
753636
753838
754261
754356
754826
755018
755344
755368
755771
755800
755960
756365
756448
756786
756924
756983
757226
757450
757458
757591
757671
757709
757736
757914
757995
758321
758362
758408
758859
759138
759239
759279
759294
759798
759965
760053
760089
760106
760209
761243
761597
761871
761928
762071
762589
762976
763081
763689
763813
764289
764472
764481
764825
764832
764898
765010
765072
765181
765250
765315
765427
765533
765551
765613
766287
766348
766440
766612
766752
767035
767137
767352
767442
767673
767718
767736
767901
767974
768415
769088
769141
769477
769892
770506
770519
770600
770714
770979
771030
771055
771337
771716
772157
772268
773018
773074
773181
773262
773318
773376
773822
774023
774070
775365
775437
775599
775670
775819
776349
776743
776818
777332
777366
777434
777623
777729
777748
778377
778452
778592
778645
778720
778854
779110
779380
779628
779638
779821
779886
779920
780040
780173
780224
780486
780655
780765
780809
781334
781357
781525
781595
781928
781942
782419
782453
782493
782528
782932
783326
783692
783715
783830
783948
783999
784032
784476
784561
784707
784919
785596
785894
785965
786106
786312
786334
787410
787574
787648
787967
787969
788238
788303
788813
788858
788945
789071
789257
789558
789655
789840
789892
790023
790037
790087
790630
790738
790748
790931
791112
791154
791502
791508
791549
791765
792088
792109
792369
792542
792582
792613
793111
793178
793235
793418
793435
793598
793656
794158
794404
794631
794648
794678
794978
795104
795104
795466
795692
795707
796108
796109
796188
796221
796385
796401
796439
796548
796588
796610
796727
796822
796891
796995
797200
797229
797621
798029
798076
798176
798233
798402
798450
798634
799025
799093
799244
799314
799934
800101
800252
800630
801045
801093
801102
801323
801726
801745
801901
801988
802041
802360
802986
802986
803102
803197
803318
803673
803940
804117
804346
804407
804610
805152
805404
805539
805696
805953
806383
806756
806772
807028
807597
807604
807622
807654
807758
807814
807905
808925
809191
809198
809245
809423
809840
809885
810680
810797
811279
811320
811670
812031
812778
812951
813272
813742
814041
814377
814465
814481
814572
814712
814950
815014
815121
815317
815469
815504
815581
815655
815823
816058
816221
816283
816432
816856
816872
817015
817180
817209
817328
817476
817671
817808
818109
818225
818603
818643
818789
818827
818853
818867
819296
819462
819608
819685
819868
820112
820174
820189
820239
820313
820522
820638
821044
821067
821137
821182
821196
821229
821601
821643
822145
822535
822583
822967
823094
823160
823463
823612
824188
824407
824510
824823
824879
825062
825102
825122
825126
825213
825617
825680
825846
826263
826583
826762
827250
827378
827639
828242
828291
828305
828574
828702
828811
828879
829056
829078
829352
829489
829492
829603
830154
830269
830379
830422
830693
830775
830807
830882
830920
830961
830993
831136
831163
831208
831785
832075
832084
832362
832586
832762
833217
833316
833544
833775
833933
834121
834220
834338
834575
834607
835067
835369
835781
835854
836244
836348
836408
836415
836427
836702
836906
837050
837058
837080
837337
837584
837879
838443
838787
839152
839367
839581
839796
840156
840192
840421
840562
840569
840615
840831
841045
841113
841235
841251
841508
841511
841868
841989
842163
842302
842618
842684
842961
843367
843549
844817
845647
845916
846188
846190
846320
846501
846950
847062
847063
847129
847614
847857
848030
848186
848287
848306
849167
849375
849409
849461
849472
849700
849887
850014
850058
850130
850180
850216
850443
850485
850555
850707
850890
851191
851350
852021
852322
852491
852492
852523
852689
852840
852891
853412
853472
853682
854037
854120
854281
854543
854655
854782
854801
854818
855045
855057
855309
855310
855327
855561
855745
855799
856391
856726
856989
857179
857190
857599
857882
858082
858082
858327
858458
858773
858775
858916
859086
859276
859396
859499
859556
859670
859724
859801
859888
859894
860234
860295
860437
860741
860882
861136
861166
861974
862193
862387
862492
862570
862657
863057
863416
863482
863760
863857
864284
864465
864888
864941
865692
865942
866048
866049
866473
866824
867223
867270
867299
867555
867594
867657
867774
867797
867839
867888
867923
867986
868014
868200
868461
868660
868674
868944
869466
869603
869850
869930
869945
870060
870472
870824
871037
871108
871369
871370
871805
871854
871931
872047
872065
872078
872083
872389
872506
872592
872701
872703
872854
872875
873087
873122
873196
873235
873337
873518
873742
873951
874070
874112
874219
874397
874482
874526
875166
875240
875329
875436
875592
875789
875817
876372
876496
876580
876656
877333
877634
877734
877822
878039
878331
878355
878760
878767
878781
878956
879147
879448
879772
879848
879928
880119
880265
880675
880844
881046
881074
881075
881127
881389
881441
881672
882004
882356
882545
882741
882748
883230
883320
883391
883530
883847
884119
884296
884338
884755
885012
885092
885185
885757
885998
886025
886132
886622
886811
886935
886961
888280
888381
888565
889224
889468
889855
890179
890342
891102
891312
891549
891922
891927
892050
892087
892175
892754
892919
893082
893141
893729
894259
894291
894962
895157
895255
895332
896261
896301
896307
896349
896378
896405
896707
896834
897005
897458
897535
897547
897781
897896
897987
898254
898844
899087
899113
899520
899856
899917
899959
900014
900378
900610
900614
900692
900694
900885
900892
901148
901500
902053
902100
902416
902549
902556
902999
904062
904436
904630
904834
905172
905526
905530
905536
906018
906212
906326
906386
906722
906782
907005
907051
907136
907821
907930
908087
908720
908793
908857
909440
909527
910008
910219
910763
910767
910830
910968
911137
911446
911589
911670
912234
912295
912306
912443
912677
912950
913173
913556
913835
914243
914325
914389
914480
914519
914724
914772
915392
915707
916861
917129
917225
917506
917534
918036
918062
918242
918294
918495
918624
918745
918895
919073
919557
919570
919648
919828
920922
920943
921525
921740
921951
922024
922251
922637
922959
923044
923374
923419
923639
923763
923782
923883
924223
924400
924418
924496
924819
924830
924881
924967
925194
925258
925519
925814
926207
926494
926610
926671
926939
927213
927385
927453
927454
927508
928489
928852
929360
929630
929682
929911
930137
930433
930552
930750
931448
931464
931808
931914
931933
932686
932751
932874
933418
933428
933631
933651
933787
933911
933920
934083
934385
934623
934624
934646
935206
935743
935775
936083
936138
936835
937135
937412
937529
937654
938016
938111
938462
938596
938667
938683
938953
939004
939102
939160
939550
939627
939727
939836
939973
939974
940213
940530
940737
940754
941030
941216
941466
941844
942056
942131
942156
942159
942472
942731
943188
943678
943920
944010
944455
944495
944922
945059
945103
945202
945414
945502
945847
946432
946565
946763
946921
946964
947662
947737
947902
947940
948000
948242
948264
948423
948496
948661
948721
948775
948979
949678
949866
950029
950254
950302
950305
950357
950372
950574
950672
950739
951135
951282
951433
951581
951584
951638
951677
951914
952174
952253
952364
952743
952818
952850
953123
953396
953685
954295
954348
954350
954372
954835
955073
955096
955280
955566
955764
956023
956578
957318
957529
957795
958076
958211
958222
958306
958909
959285
959289
959935
960191
960622
960779
960840
960998
961033
961225
961252
961352
961508
961786
962031
962246
962316
962360
962544
962634
962701
962824
963466
963657
963664
963712
964107
964167
964375
964378
964385
964572
964890
964935
964947
965101
965300
965531
965548
965552
965593
965664
965831
966327
966348
966494
966569
966653
966654
966677
966731
966855
966901
966922
967094
967304
967361
967388
967629
967631
968091
968425
968906
969063
969157
969561
970006
970053
970960
971422
971548
971664
971675
971826
972014
972207
972485
972574
972694
972834
972991
973302
973378
973508
973547
973569
973652
974092
974109
974168
974585
974838
974894
975147
975269
975295
975675
975677
975686
975869
975872
975941
976112
976375
976428
976431
976821
976869
977345
977923
977965
978069
978734
978784
979042
979320
979535
980106
980763
980890
980974
981270
981345
981450
981634
981898
982181
982221
982919
983082
983118
983292
983461
983501
984252
984561
984588
984663
984853
984997
985081
985158
985186
985399
985949
986145
986173
986192
986270
986286
986353
986402
986771
987080
987188
987227
987531
987825
988061
988283
988481
988849
989053
989318
989340
989378
989405
989460
989512
989728
989969
990110
990267
990273
990376
990512
990738
990913
991088
992376
992395
992457
992649
992865
992995
993650
993830
994085
994208
994427
994454
994570
994606
994875
994951
995066
995397
995737
997274
997563
997714
997731
998330
998383
998660
998842
999246
999362
999493
999607
999668
999726
999835
999998
