25
329
342
382
977
1031
1098
1102
1668
1964
1985
1986
2057
2091
2352
2403
2456
2508
2531
3214
3415
3439
3452
3585
3928
4279
5413
5436
6016
6282
6572
6607
6636
6699
7728
8220
8556
8777
8835
8883
9174
9276
9386
9592
9614
9952
10327
10337
10386
10609
10789
10796
11129
11350
11415
11438
11488
11522
11666
11729
12228
12228
12525
12601
12638
12762
12828
13015
13172
13257
13437
13660
13970
14280
14434
14479
14916
15105
15113
15206
15221
15527
15540
15657
15660
15673
15865
16025
16082
16169
16297
17173
17237
17652
17931
18069
18422
18447
18472
18474
18659
18783
19120
20183
20321
20462
20824
21473
21573
22201
22322
22915
23217
23275
23408
23536
23692
23704
24299
24304
24478
24862
24872
24991
24995
25013
25211
25225
26022
26090
26265
26354
27023
27658
27729
27957
28372
28523
28537
28590
28831
28916
29039
29242
29371
29589
29680
29824
30365
30713
30762
31229
31358
31380
31525
31743
31904
31990
32166
32372
32883
33026
33087
33599
33668
34010
34126
34169
34524
34589
34746
35334
35368
35448
35801
36123
36277
36465
36518
36637
36687
36764
37371
37378
37563
38443
38481
38570
38610
38692
39787
40287
40304
40345
40765
40936
41567
41621
41762
42371
42507
42629
42774
43091
43307
44003
44020
44106
44128
44165
44375
45069
45221
45369
45730
46229
46395
46615
46653
46917
47114
47154
47172
47522
47541
47641
47910
48023
48282
48420
48554
48626
48664
48953
49177
49232
49352
49703
49950
50335
50370
50682
50706
50833
50860
50912
51066
51204
51562
51736
52030
52072
52242
52433
52514
52853
52996
53105
54042
54112
54359
54404
54422
54449
54571
54653
54714
54767
55365
55408
55756
56000
56005
56077
56205
56411
56965
56988
57076
57138
57172
57191
57487
57696
57895
57942
57963
58195
58473
58802
59064
59247
59377
59863
59893
60618
60661
60707
60915
60990
61399
61510
61521
61527
61540
62335
62706
62810
62903
63024
63341
63624
63659
63677
63721
64026
64334
64426
64499
64677
65000
65019
65024
65410
65509
65797
65917
65945
66005
66170
66413
67064
67227
67663
68000
68113
68885
69183
69709
69907
70408
70603
70635
71084
71811
71853
72053
72120
72431
72886
72920
73124
73263
73374
73388
73438
73559
73752
74034
74321
75115
75302
76017
76049
76100
76382
76664
76689
76693
76835
76941
76960
77418
77567
77942
78126
78551
78559
78782
79152
79512
79693
80245
80565
80693
80994
81095
81108
81227
81287
81390
81795
82034
82426
82783
82979
83316
83632
83776
83872
84206
84216
84655
84788
84899
84979
85205
85253
85301
85361
85711
85862
85979
86258
86643
86865
86956
86988
87166
87537
87565
88502
88516
88643
88839
88934
89286
89491
89672
89738
89746
89966
90111
90360
91345
91757
92235
92306
92349
92451
92478
92962
92964
93024
93561
93633
93874
94587
95370
95754
95791
95953
96099
96119
96241
96291
96317
96567
96881
96930
97852
98046
98338
98510
98986
99650
99675
99889
100340
100384
100643
100924
101074
101249
101331
101363
101634
101797
101831
102108
102236
102525
102571
102931
103396
103424
103602
103638
104053
104177
104419
104428
104567
104717
104799
104801
104823
105059
105376
105509
105518
106334
106449
106546
106772
106891
107277
107277
107308
107319
107667
108512
108560
108938
109105
109513
109821
109866
110202
110609
110881
111191
111396
111456
111467
111570
111588
111589
111605
111634
111707
111826
111904
111909
111984
112186
112651
113283
113350
113417
113567
113619
113935
113992
114091
114231
114266
114960
114990
115092
115231
115400
115620
115681
115742
116013
116024
116065
116142
116332
116424
116457
116528
117289
117306
117396
117533
117964
118020
118201
118444
118483
118864
118884
118912
118938
119223
119234
119431
119494
119692
119922
120123
120160
120191
120288
120412
120561
120697
120853
120855
120880
121048
121489
121503
121697
121762
122057
122246
122386
122647
122679
122739
123229
123263
123487
123578
123639
124440
124673
124932
124985
125008
125222
125346
125392
125399
125421
125792
125829
126521
126547
126859
127060
127198
127205
127659
127837
128531
128696
128831
129094
129547
130280
130466
130639
130717
130775
130784
130800
130938
131314
131842
131937
132088
132539
132702
132759
132775
133019
133202
133505
133698
133820
134479
135267
135340
135462
135476
135677
136532
136787
136848
136855
136981
137840
138077
138118
138434
138499
138568
138593
138739
139111
139531
139614
139828
139879
139979
140102
140246
140320
140340
140381
140387
140645
140684
140790
140848
140850
140917
140984
141037
141245
141514
141602
141857
141938
142558
142870
142938
142945
142964
142998
143288
143700
143872
143975
143994
144721
144787
144857
144996
145208
145487
145750
146078
146089
146275
146568
146601
146889
147356
147580
148043
148233
148533
148627
148666
148762
149016
149188
149626
149646
149918
150029
150064
150089
150323
150349
150445
150599
151268
151595
151636
152723
152779
152879
153261
153785
154346
154681
154705
154867
155033
155077
155400
155575
155740
155896
155901
155952
156047
156447
156570
156872
156961
156989
157101
157159
157165
157253
157296
157525
157530
157559
157563
157831
157914
158001
158052
158078
158223
158509
158896
159085
159279
160064
160079
160165
160214
160506
161048
161050
161107
161242
161586
162227
162241
162370
162500
162572
162578
162722
162900
162962
163078
163469
163574
163661
164061
164552
164571
165034
165445
165446
165450
165736
165875
165887
165941
166152
166255
166350
166585
166670
166816
166931
167253
167341
167660
167683
168214
168378
168505
168684
168866
169059
169240
169537
169544
169750
169929
169946
170909
171107
171789
171877
171888
171934
172177
172989
173224
173240
173475
173672
173893
174135
174244
174309
174431
174462
174576
174816
174867
174892
175048
175611
176043
176750
176909
177018
177042
177159
177217
177237
177286
177660
177809
177851
178237
178641
179058
179097
179844
179959
179974
180749
180897
180926
180953
181104
181497
181716
181864
182139
182945
183757
183795
183984
184218
184295
184418
184542
184667
185660
185688
185697
185774
185845
185856
186187
186240
186243
186280
186475
186511
186945
186987
187048
187082
187124
187831
187966
188410
188442
188683
189183
189406
189435
189886
189913
190268
190286
190289
190351
190540
190657
190737
190946
191135
191140
191260
191305
191550
191556
191598
191628
191667
191692
191716
191776
191891
191923
192003
192119
192164
192235
192244
192665
192688
192747
192807
192857
193140
193242
193243
193404
193811
193969
194058
194135
194382
194391
194433
194467
194967
195041
195174
195308
195762
195834
195839
195876
196521
196564
196707
197005
197178
197382
197449
197505
197617
197933
198431
198575
198766
198792
198922
198988
199186
199189
199296
199569
199845
199960
200143
200458
201089
201122
201128
201265
201512
201521
202105
202133
202375
202399
202560
202574
202679
203108
203195
203270
203526
203705
203800
204093
204308
204470
204610
204743
204781
204957
205016
205104
205126
205234
205497
205547
205928
205963
206063
206209
206636
206732
206987
207149
207269
207511
207860
207932
208064
208226
208407
208621
208690
208965
208992
209077
209200
209379
209501
209763
210169
210426
210777
210844
210862
210883
210936
211196
211535
212411
212775
213043
213197
213396
213566
214096
214227
214239
214573
214835
215020
215067
215209
215241
215516
215525
215718
215804
216037
216446
216623
216704
216978
217183
217238
217663
217675
217680
218172
218367
218742
219010
219408
219451
219472
219792
219803
220627
220694
220754
220909
221110
221251
221496
221538
221748
222093
222659
223137
223230
223297
223376
223415
223519
223755
224005
224057
224129
224328
224565
224583
225000
225133
225197
225307
225949
225951
226313
226693
226762
226848
227018
227262
227359
227436
227537
227981
228977
229041
229109
229385
229442
229448
229589
229862
229965
230061
230143
230281
230362
230460
230627
231014
231023
231305
231661
231895
232371
232718
233065
233192
233496
233504
233747
234076
234196
234379
234443
234636
234798
234802
234874
235205
235315
235353
235488
235600
235880
236199
236366
236406
236758
236839
238163
238349
238503
238780
238931
238999
239311
239465
239716
239730
240169
240463
240515
240665
240738
240988
241188
241683
241893
241893
242215
242289
242368
242458
242597
242758
242845
243011
243025
243135
243376
243462
243565
243909
243927
244113
244410
244465
245094
245108
245231
245764
246571
246776
247358
247812
247987
248052
248850
248986
249212
249753
250030
250252
250347
250637
250705
251067
251377
251491
251805
251943
252199
252277
252364
252379
252640
252666
252721
252820
252974
253364
253486
253664
253870
253906
254109
254873
254989
255043
255355
255454
255627
255683
255922
256085
256142
256503
256774
257053
257318
257325
258082
258282
258394
258508
258570
259289
259544
259897
259957
260104
260210
260387
260512
260716
260752
260975
261265
261336
261424
261583
261668
261979
262816
262853
263262
263495
264078
264150
264176
264376
264507
264595
264700
264765
265172
265507
265662
265699
265768
265890
265895
266081
266327
266360
266366
266382
266572
266736
266797
266939
267188
267410
267538
267540
267649
267736
267839
267878
267987
267996
268466
268588
268803
268878
269000
269003
269344
269735
269784
270151
270271
270330
270387
270928
270985
271119
271196
271229
271798
271819
271854
272201
272363
272414
272721
272996
273453
273462
273697
274381
274441
274922
274937
275227
275495
275519
275736
275824
275875
275889
276479
276479
276539
276760
276810
276850
277222
277573
277842
277877
277980
278073
278467
278750
279285
279338
279409
279437
279585
279597
279673
279842
279888
280293
280333
280701
281065
281200
281353
281436
281522
281828
281901
282306
282697
282940
282944
283461
283737
283822
284034
284072
284159
284299
284336
284383
285297
285317
285542
286285
286375
286807
286940
287035
287376
287502
287791
287922
288022
288024
288039
288451
288526
288588
289002
289182
289306
289316
289516
289578
289580
290143
290448
290865
291093
291362
291594
291767
292193
292720
292926
293288
293490
293521
293624
293660
293762
293770
294052
294235
294507
294542
294720
294884
295213
295301
295343
295378
295572
295681
295963
296045
296236
296325
296482
296528
296549
296771
296952
297019
297174
297396
297435
297590
297716
297908
298072
298182
298543
298602
298992
299030
299050
299074
299320
299379
299837
300127
300347
300614
300648
300847
301040
301064
301244
301329
301525
301542
301776
301805
302512
302665
302716
302820
302884
302931
303063
303531
303580
303676
303706
303947
304197
304339
304625
305122
305223
305224
305279
305296
305335
305881
305918
305919
306678
306718
306771
307515
307525
307614
307810
307840
308120
308121
308187
308394
308440
308826
308869
308876
309207
309336
309432
309515
309985
310015
310318
310664
310735
311269
311318
311380
311709
311885
311925
312020
312083
312321
312362
312385
312397
312595
312618
312768
313082
313100
313147
313342
313889
314402
314421
314485
314803
314955
315311
315734
316139
316142
316224
316546
316573
316951
317517
317674
317796
318181
318205
318662
319435
319512
319683
319761
319773
319827
320314
321075
321376
321481
321512
321859
322007
322475
322574
322662
322948
323700
323771
323801
323924
324042
324294
324701
324950
325165
325411
325538
325902
326091
326653
326755
326824
326907
327337
327471
327741
327925
327996
328401
328451
328530
328716
328839
329276
329354
329475
329528
329918
329949
330240
330530
330712
330829
330859
331094
331999
332066
332087
332197
332253
332329
332414
332507
332694
332996
333035
333369
333401
333587
333590
333612
334164
334275
334364
334810
335087
335412
335662
335812
336063
336175
336484
336679
337039
337146
337295
337442
337563
337614
337928
338050
338478
338490
338674
339053
339163
339536
339707
339921
339973
339977
340252
340496
340635
340747
341061
341156
341335
341469
341722
341883
342039
342079
342904
343386
343901
344293
344303
344488
344557
344602
344704
344728
344990
345014
345075
345402
345659
345689
345759
345886
346060
346610
346928
347106
347523
347849
347872
347976
348012
348162
348329
348456
348513
348980
349311
349313
349714
350219
350256
350271
350354
350359
350541
350643
350913
350934
351468
351608
351842
351952
351972
352454
352800
353224
353378
353636
354104
354111
354186
354317
354836
355539
355835
355945
356027
356046
356551
356661
356691
356760
356910
356953
357290
357412
358088
358208
358365
358428
358456
358600
358848
358950
358961
358978
359010
359137
359162
359390
359751
360284
360548
360702
360797
360882
360900
360923
361042
361491
361921
362156
362159
362466
362771
363004
363250
363429
363603
363665
363799
363891
364021
364101
364113
364146
364721
364875
365217
365829
366042
366476
366482
366667
366792
367212
367621
367720
367986
368012
368150
368183
368232
368354
368502
368509
368554
369040
369073
369263
369404
369835
370239
370504
370902
371358
371686
371760
371956
371984
372006
372136
372502
372700
372804
372891
372955
373039
374023
374296
374435
374948
375063
375240
375301
375337
375500
375618
376006
376222
376281
376843
376858
377129
377220
377653
377871
377879
378058
378268
378361
378536
378542
378771
378927
378971
379275
379563
379834
380076
380194
380327
381318
381512
381656
381710
381782
381896
382083
382121
382732
383241
383849
384237
384378
384401
384527
384610
384696
384720
384935
385051
385277
385369
385457
385684
386459
386585
387004
387146
387165
387316
387364
387822
388104
388158
388322
388402
388482
388958
389197
389332
389333
389729
389730
389760
389787
390087
390228
390694
390979
391104
391114
391160
391394
391485
391568
391629
391896
392146
392306
392397
392595
392749
393106
393221
393225
393425
393932
394690
394855
395003
395006
395141
395267
395568
395834
395975
396503
396819
396925
396940
398099
398131
398178
398538
398890
399205
399243
399513
399779
399869
400039
400163
400766
400780
400782
400848
401137
401240
401402
401556
401701
401905
401997
402128
402335
402867
402972
403227
403249
403265
403580
403708
403736
404124
404543
404723
404815
404843
404855
404880
405325
405349
405581
405589
405842
406069
406139
406193
406329
406341
406545
406649
406767
406798
406915
407128
407137
407580
407633
407858
407858
408469
408620
408815
408980
409094
409238
409257
409416
409973
410193
410312
410604
410807
411439
411472
411520
411641
411849
412108
412536
412563
412594
412973
413338
413427
413591
413969
414345
414712
414929
415428
416091
416141
416265
416447
416862
416864
416866
416878
417255
417496
417521
417614
417821
417943
418104
418134
418220
418286
418645
418916
419531
419536
419615
419617
419783
419838
419868
420316
420512
421196
421585
422048
422084
422162
422474
422496
422638
422816
422883
422917
423584
424036
424287
424359
424524
424661
424733
424804
424933
425151
425203
425256
425264
425314
425366
425393
425619
425688
425901
425999
426291
426300
426447
426537
426784
426965
427286
427587
427743
428029
428175
428551
428699
428793
428912
428967
429112
429288
429427
429534
429757
429787
430133
430168
430189
430413
430660
430845
431154
431200
431250
431919
432432
432455
432672
432728
432870
432983
433050
433209
433270
433631
433851
434055
434247
434535
434897
435199
435423
435466
435734
435765
436267
436289
436378
436416
436504
436605
436629
436670
436747
436863
436930
437095
437760
438194
438356
439025
439184
439239
439341
439560
439563
439746
439799
439828
439846
439945
439955
440008
440326
440450
440451
440529
440620
440907
440947
441252
441579
441724
442001
442092
442178
442513
442542
442600
442674
443086
443533
443607
443614
443690
444417
444436
445132
445564
445737
445924
446186
446283
446520
446664
446765
447330
447691
447800
447857
447928
448029
448047
448057
448133
448675
448848
449076
449373
449401
449846
451357
451445
452030
452181
452447
452574
452926
453126
453130
453281
453370
453613
453709
453828
453836
454086
454301
454516
454527
454546
455348
455482
455562
455678
455790
455841
455911
456225
456413
456532
456592
456877
457003
457091
457454
457708
457787
458049
458236
458249
459059
459504
459558
459568
459869
459898
460161
460275
460318
460365
460529
460568
460997
461001
461089
461232
461417
461440
462177
462265
462525
462750
463101
463173
463318
463570
463788
464013
464067
464124
464257
464401
464464
465071
465623
465635
465904
466376
466642
466705
466834
466881
466914
467237
467464
467992
468243
468253
468337
468620
469071
469493
469651
470061
470537
470800
470914
471236
471422
471461
471785
472000
472223
473207
473287
473378
473492
473758
474111
474120
474160
474403
474417
474734
475216
475408
475637
475672
475848
475970
476046
476113
476371
476419
476597
476715
476729
476805
477355
478497
478503
478556
478651
479025
479073
479326
479694
480073
480142
480280
480311
480340
480421
480712
480734
480887
480975
480997
481011
481202
481361
481421
481695
481722
481953
482227
482252
482930
483149
483426
483455
484072
484745
484907
485356
485407
485664
485917
487139
487196
487291
487547
487576
487662
487951
488775
489045
489134
489199
489295
489564
489933
490379
490715
490818
490897
491081
491461
491538
491678
491768
492009
492345
492404
492694
493163
493543
493554
493869
493937
493964
493992
494305
494530
494678
494741
495186
495244
495256
495267
495724
495911
495970
497325
497433
497450
497654
497845
498117
498836
498865
499510
499763
499970
500034
500130
500726
500750
500788
500835
500868
500903
501242
501347
502245
502348
502387
502528
502859
502883
503137
503160
503437
503543
503730
503883
503894
504052
504490
504674
504837
504844
504920
505272
505333
505726
505771
506033
506136
506231
506426
506841
506917
507112
507264
507769
507860
507903
508463
508665
508712
508985
509197
510049
510091
510204
510325
510404
511080
511131
511249
511276
512024
512165
512207
512222
512236
512462
512467
512828
513397
514046
514180
514196
514328
514408
514410
514601
514962
515038
515146
515287
515473
515489
516022
516460
516489
516562
516614
516822
516900
517171
517776
517866
517996
518303
518760
519449
519463
519499
519647
520284
520389
520787
521071
521259
521439
521461
521476
521544
521700
521713
521979
522074
522158
522487
522611
522714
523112
523337
523508
523572
523779
524281
524332
524490
524528
524538
524649
524910
525275
525370
525477
525516
525585
525869
525918
525977
526047
526132
526515
526609
526614
527544
527547
527706
527874
528001
528016
528681
529227
529581
529812
530170
530355
530440
530513
530637
530833
530928
531351
531501
531785
532241
532278
532326
532859
533098
533197
533275
533901
534031
534096
534183
534353
534493
534808
535060
535300
535309
535463
535474
535718
535835
535953
536125
536156
536847
536966
537005
537341
538655
538918
539256
539387
539588
539673
540442
540458
540521
541043
541309
541344
541850
542079
542148
542182
542374
542902
542970
543047
543308
543454
543660
543702
543967
544368
544597
545044
545191
545340
545647
545729
545730
545873
546172
546335
546927
546946
547572
547937
548017
548086
548120
548660
548928
549090
549154
549629
549634
549801
550069
550109
550235
550674
551042
551257
551490
551513
551537
551935
552030
552604
552743
552924
552957
553748
553755
553826
554540
554640
554725
554888
555267
555465
555483
555791
556015
556412
556420
556497
556535
556537
556797
556857
556932
557235
557382
557398
557553
557603
558044
558569
558596
558853
558861
558927
559001
559189
559316
559325
559469
559507
559657
559707
559720
559742
559914
560091
560276
560362
560664
560936
561928
561930
562233
562240
562271
562406
562461
562506
562583
562702
562920
563185
563343
563381
563593
564255
564366
564409
564441
564478
564648
564657
564710
564725
565107
565130
565275
565358
565466
565762
565784
565915
566463
566518
566789
566915
566920
567406
567542
567908
568027
568258
568566
568670
568954
569170
569198
569403
569462
569596
569824
570231
570378
570603
570619
571165
571666
571707
571730
571743
571797
571894
572018
572201
572239
572547
572753
572857
573021
573151
573205
573299
573542
573601
573623
573958
574124
574430
574452
574585
574693
574884
574943
574970
575254
575311
575699
576268
576891
576939
577936
577943
578179
578482
578490
578571
578598
578636
578675
578684
578773
578929
579442
579457
579768
579917
580099
580352
580506
581212
581415
581585
582174
583094
583154
583231
583281
583341
583392
583957
584143
584269
584331
584526
584569
584815
584996
585205
585285
585314
585469
585521
586469
586483
586943
586979
587358
587365
587440
587611
587871
588145
588250
588459
588706
588800
589029
589272
589370
589675
590054
590349
590383
590667
590682
590890
591152
591323
591395
591464
591626
591847
591887
591919
591977
592254
592696
592795
592808
592834
592898
593147
593417
593440
593742
593947
593976
594293
594331
594335
594639
595122
595788
596445
596484
596485
596616
597068
597120
597219
597232
597239
597905
598026
598095
598175
598410
598587
598628
599212
599543
599965
600325
600421
600531
601353
601363
601372
601428
601450
601453
601939
601965
602039
602060
602244
602248
603026
603197
603396
603457
603541
603803
603991
604229
604453
604561
604573
604871
605518
605803
606383
606688
607004
607424
607429
607642
607809
607870
608138
608318
608328
608403
608519
608921
608946
609106
609165
609502
609970
609992
610117
610737
610885
610950
611144
611460
611749
612024
612137
612460
612515
612816
613179
613546
613612
613732
613864
614073
614561
614713
614951
615132
615157
615769
615788
616144
616313
616389
616410
616478
617020
617332
617706
617746
617880
618052
618400
618598
618863
619106
619202
619570
619770
619903
620041
620343
620530
620686
620900
620996
621128
621243
621463
621466
621491
621588
621840
622007
622229
622402
622834
623231
623661
623786
623893
624137
624222
624224
624365
624421
624473
624637
624720
624862
624992
625360
625565
625889
626075
626164
626363
626966
627081
627310
627577
627618
627930
628177
628504
629174
629329
629398
630151
630301
630339
630526
630559
630696
630758
630823
631014
631364
631469
631612
631815
631817
632086
632343
632531
632616
633283
633619
633735
634096
634133
634259
634323
634691
634731
635146
635369
635402
635756
635841
635923
636756
637297
638119
638165
638329
638566
638621
638715
639139
639636
640072
640113
640817
641387
641527
641772
641805
641844
641918
641925
642017
642361
642854
643166
643277
643407
643455
643570
643903
644169
644432
644598
644728
644881
645370
646132
646167
647019
647366
647413
647881
647939
647972
647984
648017
648086
648163
648168
648182
648804
649043
649388
649556
649566
649742
649765
649819
649939
650349
650473
650499
650563
650992
651235
651375
651380
651564
651846
652203
652219
652355
652385
652619
652643
652824
652833
652840
653128
653190
653249
653615
653637
653809
653961
654092
654177
654298
654308
654342
654398
654405
654480
654544
654695
654757
654979
654992
655013
655183
655310
655337
655356
655424
655740
656066
656081
656112
656329
656388
656585
656946
657182
657393
657412
657420
657488
658179
658444
658491
658821
659371
659818
659838
660375
660531
660607
660611
660760
661022
662262
662308
662378
662482
662972
663198
663775
664054
664498
664859
664884
665100
665451
665801
665859
666271
666412
666593
666652
667209
667365
667613
668101
668218
668395
668526
669247
669258
669418
669434
669468
669743
669985
670465
670514
670596
670683
670710
671089
671325
671753
671806
671936
672193
672443
672536
672618
672620
672788
672893
672933
673425
673747
673989
673999
674112
674258
674267
674325
674770
675118
675192
675216
675268
675755
675791
676176
676489
676704
676968
676998
677350
677577
677760
678071
678328
678379
678479
678886
678999
679041
679244
679372
679491
679693
679713
679933
680010
680516
680659
680874
680890
681039
681293
681365
682163
682273
682688
682890
683574
684268
684489
684598
684822
685232
685332
685625
685847
685849
685966
686122
686326
686428
686638
686676
686698
686997
687372
687445
687497
687545
688245
688388
688593
688778
688809
688814
688901
689329
689429
689504
689675
689853
690033
690065
690299
690837
690921
690995
691023
691209
691507
691620
691788
691856
691991
692112
692297
692488
693013
693179
693277
693344
693405
693494
693570
693664
693687
693785
693791
694623
694773
694815
694872
695258
695476
695606
695652
695999
696277
696398
696423
696595
696758
697113
697173
697175
697184
697397
697807
698086
698305
698496
698711
699077
699182
699320
699501
699619
699943
700135
700386
700640
700797
700896
701351
701529
701699
701752
701876
702047
702699
702825
703151
703345
703554
703633
703793
703967
704257
704342
704449
704631
704793
704890
704904
705223
705430
705733
705997
706643
707107
707203
707215
707263
707974
708172
708265
708392
708399
708705
708734
709209
709271
709411
709859
710237
710238
710786
710847
710861
710967
711056
711094
711157
711983
712118
712138
712159
712215
712612
713404
713557
713585
714144
714389
714721
715181
715810
716105
716272
717018
717138
717220
717351
717701
718449
718636
718751
719125
719720
719863
719990
720017
720100
720266
721693
722034
722210
722375
722543
722635
723223
723968
723998
724401
724409
724665
725183
725186
725220
725237
725672
725722
725787
725935
725958
726266
726276
726310
726325
726340
726400
726784
726952
726984
727721
728071
728250
728325
728490
729303
729340
729359
729434
729493
729598
729668
729991
730205
730523
730583
730848
730923
731311
731487
731592
731682
732383
732582
733068
733113
733218
733229
733599
733629
733758
733973
734004
734041
734421
734432
734888
734961
734989
735025
735271
735482
735638
735669
735832
736345
736348
736461
736750
737429
737936
738136
738242
738279
738437
738456
739026
739140
739162
739247
739299
739634
739905
739970
740472
740865
740902
740942
740964
741177
741387
741682
742191
742237
742478
742620
742787
742887
742973
743409
743467
743745
743801
744249
744398
744438
744513
744682
744689
744727
744882
745041
745150
745308
745747
745764
745773
745785
746339
746410
746582
746748
746960
747179
747313
747589
747943
747994
748029
748133
748216
748471
748472
748524
748760
748987
749363
749379
749517
749582
749626
750054
750111
750259
750442
750606
750897
750954
751038
751061
751651
751875
752022
752042
752174
752275
752371
752524
752645
752802
752943
753521
753946
754080
754168
754263
755037
755777
755835
755881
755892
755994
756305
756335
756477
756528
756998
757037
757161
757333
757430
757494
757544
758084
758255
758289
758302
758564
758587
758593
758624
759011
759026
759231
759374
759627
759881
760506
760628
760863
761002
761260
761820
761883
762439
763011
763254
763318
763360
763574
763627
763853
764501
764852
764928
764953
765329
765386
765714
765996
766298
767149
767564
767656
767777
768031
768397
768876
769035
769224
769400
769423
769452
770031
770473
770529
770918
770954
771109
771268
771692
771856
772097
772191
772191
772200
772478
772705
772817
773083
773453
774081
774173
774464
774474
774506
774544
774863
774884
774986
775269
775663
775722
775899
775924
776048
776214
776235
777523
777657
777776
777870
777927
778039
778052
778120
778291
778542
778698
778962
779410
779541
779891
780286
780380
781031
781731
781798
781828
781925
782241
782441
782532
782863
782926
782936
783349
783566
783635
783711
783951
784426
785123
785194
785263
785433
785757
785770
785842
785947
786098
786225
786225
786307
786392
786568
786766
786770
786804
786862
787101
787152
787439
787548
787579
788211
788215
788539
788991
789177
790508
790774
790919
791036
791113
791132
791202
791437
791489
791599
792089
792138
792151
792317
792432
792474
792547
792572
792842
793089
793120
793542
793660
793837
793926
794167
794217
794275
794442
794503
794666
795033
795240
795589
795696
795968
796075
796242
796248
796250
796360
796676
796964
797129
797210
797244
797313
797412
797522
797655
797825
798296
798515
798793
798891
798899
799019
799310
799353
800299
800372
800386
800525
800612
800997
801073
801697
802045
802276
802489
802577
802781
802851
803440
803446
803474
803600
803770
803771
803812
804025
804196
804832
805074
805215
805301
805654
805664
806125
806413
806686
806956
806974
807080
807087
807430
807464
807875
807892
807922
807944
808154
808744
808791
808829
808892
808906
809141
809159
809730
809770
810207
810693
810698
810798
811340
811447
811461
811485
811740
811790
811813
811958
812102
812574
812715
813353
813382
813692
814060
814967
815068
815341
815808
815950
816317
816426
816688
816853
816963
817158
817224
817286
817311
817381
817900
818022
818441
818544
818729
818816
819068
819292
819370
819607
819659
819730
819871
820046
820991
821104
821126
822074
822393
822521
822664
822750
822813
822894
822941
822984
823180
823287
823416
823507
823655
823779
824232
824307
824637
824992
825116
825231
825268
825366
825494
825536
825795
825830
825936
825936
826036
826244
826330
826369
826735
826981
827027
828097
828470
828590
828609
828681
829148
829295
829806
830193
830387
830625
830668
830692
830987
831134
831289
831351
831642
831655
831944
832174
832290
832317
832359
832396
832621
832812
832855
833242
833355
833434
833525
833525
833609
833623
833732
833871
833928
834022
834234
834764
834862
834893
834896
835356
835749
835803
836052
836162
836231
836570
836725
836979
837259
837317
837423
837435
837490
837720
837780
837828
838184
838259
838360
838383
838548
838804
838818
838841
839432
839616
839643
840018
840198
840208
840868
841036
841343
841408
841603
841618
841703
842140
842482
842794
842846
842860
842881
843028
843139
843202
843209
843603
843645
843773
843923
844014
844193
844985
845010
845210
845403
845416
845458
845525
845869
846084
846176
846567
846930
848043
848167
848249
848269
848276
848730
849106
849139
849151
849260
849370
849392
849473
849580
850256
850380
850677
850838
850856
851108
851131
851471
851507
851571
851642
851934
852078
852324
852340
852500
852512
852697
852748
852869
853104
853166
853521
854584
854601
854897
855307
855590
855685
855720
855824
855983
856033
856181
856372
856635
856742
856869
856921
857156
857223
857413
857442
857509
857521
857678
857889
858304
858623
858855
859037
859045
859259
859364
859599
859663
859889
860303
860447
860668
860820
860894
860906
860995
860996
861030
861149
861243
861701
861764
861854
862383
862730
863118
863138
863680
863770
864361
864633
864665
864893
865108
865713
866151
866201
866357
866579
866648
866790
866985
867000
867084
867569
867636
867780
868007
868026
868391
868555
868562
868659
868721
868775
868800
868884
869148
869400
869454
869918
870175
870312
870364
870476
870545
870635
871023
871485
871572
871572
871624
871736
871762
871824
871869
871937
872458
872686
872758
873514
873592
874304
874324
874396
874480
874942
875045
875168
875330
875458
876065
876089
876677
876700
876796
877050
877165
877165
877216
877858
878068
878516
878562
878565
878566
878581
878637
878849
878873
879076
879193
879560
879589
879673
879731
880022
880236
880639
881804
881999
882156
882487
882838
883335
883461
883671
883979
884009
884500
884667
884748
884944
885039
885063
885078
885092
885270
885281
885354
885508
885929
885975
885986
886318
886417
886883
887102
887450
887664
887802
887919
888151
888729
889398
889400
889940
890057
890165
890618
890648
891057
891180
891228
891309
891438
891529
891548
891552
891581
891688
891963
892058
892387
892688
892929
892929
892942
893005
893199
894199
894502
894586
894726
895008
895069
895195
895233
895413
895677
895912
896072
896095
896792
896806
897038
897053
897505
898211
898364
899203
899305
899343
899961
900336
900355
900373
900875
900940
901089
901109
901377
901387
901393
901538
901668
901793
901932
901978
902310
902554
902560
902625
902774
902777
903232
903388
903687
903846
903859
904195
904417
904514
904701
905064
905215
905286
905329
905618
906023
906035
906245
906465
906767
907257
907360
907385
907448
907592
907714
907776
907846
908026
908239
908465
908516
908663
909057
909151
909490
909651
910111
910182
910530
910585
910747
910750
910768
910776
910808
910861
910893
911845
912047
912153
912423
912591
913047
913120
913234
913342
913569
913635
913636
914112
914453
914629
914892
914975
915049
915074
915805
916093
916277
916817
916924
917066
917144
917276
917460
917590
918091
918098
918362
918816
918873
918878
918998
919009
919331
919545
919689
919695
919723
920099
920415
920441
920670
920888
921105
921164
921207
921239
921261
921602
922351
922542
922713
922857
923205
923317
923341
923511
923514
923534
923712
923781
923949
924245
924316
924546
924964
925165
925199
925528
925597
925909
925920
925950
926021
926397
926546
926716
926969
927011
927305
927492
927808
928156
928543
928713
929036
929058
929218
929607
929628
929700
930132
930154
930636
930860
931142
931240
931357
931547
931551
931678
931686
931858
932007
932231
932236
932264
932378
932472
932592
933046
933331
933513
933558
934250
934490
934511
934769
934897
935040
935076
935276
935282
935342
935664
935706
935714
935822
936053
936179
936257
936550
936633
936872
937114
937145
937169
937715
937858
938144
938265
938385
938470
938974
939383
939461
939918
940007
940134
940217
940268
940342
940555
940723
940733
940784
940813
941166
941572
942029
942449
942717
942837
943637
943674
943676
943841
944075
944385
944683
944700
944751
944767
944820
945567
945853
945904
946381
946382
946548
946796
946863
946918
947364
947389
947747
947872
948044
948223
948259
948548
948976
949038
949061
949158
949630
950502
950713
950906
950930
951374
951616
951715
951865
951934
951994
952394
952537
952943
952970
952987
953065
953647
953904
954053
955083
955243
955327
955782
955913
956115
956609
956653
957195
957437
957795
957949
958054
958182
958401
958499
958644
958666
958834
959393
959529
959942
960401
960428
960608
960911
960958
961038
961116
961141
961408
961613
961672
962024
962545
962614
963045
963133
963140
963314
963397
963567
963667
963672
963777
963808
964481
964588
964924
965167
965807
966210
966892
967092
967129
967223
967231
967309
967417
967531
967581
967779
968327
968467
968777
968845
969016
969309
969449
969489
969502
969573
969587
969637
969773
969780
970105
970144
970369
970477
971584
971675
972145
972247
972453
972534
972612
972693
972782
973132
973549
974076
974129
974163
974801
974974
975219
975394
975799
975957
975964
975964
976139
976141
976243
976491
976505
976837
976849
977195
977228
977771
978189
978219
978308
978643
979245
979451
979460
980038
980301
980376
980518
980631
981229
981670
981672
981913
981938
982059
982355
982389
982390
982459
982482
982519
982569
982663
983209
983282
983618
983970
984102
984585
984639
985068
985086
985257
985402
985447
985488
985611
985652
985752
985972
986101
986200
986308
986331
986335
986456
986716
987068
987673
987761
988039
988329
988414
988553
988817
988868
989046
989067
989232
989297
989518
989712
989856
990234
990831
991497
991894
992136
992163
992171
992211
992427
992964
993235
993246
993282
993356
993478
993556
993658
993883
993975
994353
994505
994602
995669
996512
996577
996979
997683
997810
997828
997847
998018
998698
998736
999024
999216
999385
999467
999524
