16
61
98
415
446
476
608
671
1182
1689
2203
2386
2394
2399
2400
2798
2916
3001
3395
3573
3669
3795
3941
4008
4203
4369
4659
4840
4915
5437
5582
5756
5775
5791
5835
6835
7052
7461
7503
7667
8293
8624
8670
8807
9127
9316
9329
9460
9475
9475
9494
9737
9770
9988
10504
10524
10678
11017
11022
11053
11104
11172
11384
12097
12246
12410
12537
12558
12929
13045
13047
13358
13468
13682
13726
14136
14177
14310
14695
14800
15006
15039
15267
16153
16798
16919
17277
17355
17382
17466
17493
17639
17810
17952
18114
18205
18663
19478
19793
19911
20203
20220
20362
20570
20910
21128
21270
21333
21350
21401
21592
21643
21675
21710
21748
21962
22165
22232
22409
22822
23163
23524
23533
23990
24198
24302
24336
25377
25399
25401
25435
25523
25667
25749
25767
26016
26050
26237
26321
26527
26715
26727
26825
26892
27261
27357
27475
27598
27732
27736
28146
28226
28265
28295
28596
28828
28873
28993
29037
29050
29096
29100
29743
29859
30137
30217
30312
30965
31110
31316
31356
31365
31757
32751
32785
32998
33231
33249
33281
33819
33989
34069
34175
34194
34476
34767
34871
35240
35290
35713
35930
35993
36081
36320
36547
36687
36745
36753
36872
36888
36945
37551
37583
37667
37689
37844
37913
37927
38666
38711
39032
39375
39402
39600
39786
40069
40183
40568
40592
41450
41999
42187
42224
42734
42915
43665
43732
43843
44198
44290
44482
44544
44638
44725
45273
45278
45636
45697
45881
45948
46153
46658
47155
47210
47411
47449
47622
47641
47749
47868
47884
47950
48208
48423
48441
48688
48806
49045
49211
49442
49449
49652
49841
49976
50490
51055
51980
52013
52172
52245
53127
53134
53164
53866
54391
54470
55478
55588
55802
56065
56212
56251
56455
56538
56822
57052
57267
57869
58239
58532
58818
58849
58969
59275
59370
59467
60416
61460
61494
61778
62156
62243
62263
62423
62798
63195
63612
63651
63654
63799
63821
64056
64060
64173
64241
64602
64664
64691
64732
64849
64927
65546
66152
66318
66385
66817
66999
67164
67281
67282
67548
67583
67726
67872
67875
68947
69200
69772
69980
70586
70845
70860
71279
71320
71518
71590
71772
71823
71856
71902
71932
72128
72159
72203
72499
72514
72656
73459
73651
73775
74462
75049
75056
75510
75529
75726
76539
76603
77143
77165
77378
77468
77831
78124
78130
78445
78679
78950
78969
79035
79223
79377
79389
79791
79919
80124
80392
80611
80615
81008
81269
81580
81672
82145
82152
82218
82243
82256
82281
82644
83076
83118
83201
83324
83351
83463
83557
83933
84234
84475
84689
84993
85101
85154
85268
85688
85788
85864
85871
86151
86172
86571
87399
87567
87694
87730
87843
87919
88116
88476
88814
89055
89168
89351
89485
89811
89874
90214
90243
90315
90424
90659
90674
90782
90959
91089
91097
91240
91326
91512
91620
91743
91851
91887
91990
92082
92551
92640
92860
92886
93176
93555
93677
93943
94155
94809
94843
94863
94980
95214
95281
95343
95838
95932
96013
96207
96432
96499
97478
97917
98756
98911
99172
99179
99199
99221
99331
99456
99468
99484
99716
99727
100235
100372
100736
101690
101951
102289
102588
102761
103728
103729
103855
103892
103981
104252
104434
104437
104971
105456
105472
105698
105752
105878
106125
106497
106573
107109
107433
107569
107659
107877
108394
108689
109390
109805
110431
110682
110881
110996
110996
111365
111378
111470
111514
111532
112011
112449
112576
112684
112685
112745
112749
112768
113013
113015
113036
113071
113665
113677
113756
114055
114205
114218
114505
114668
114829
114898
115561
115706
115876
116037
116214
116552
116857
117193
118012
118090
118241
118464
118482
118488
118493
118725
118892
119069
119136
119154
119572
119844
119952
120517
121084
121406
121826
121930
122080
122351
122468
122473
122585
122586
123088
123237
123367
123431
123568
123750
123836
123858
123896
124058
124258
124259
124325
124373
124388
124729
124845
125133
125481
125560
125612
125718
125915
126032
126172
126381
126698
126701
127026
127081
127145
127409
127447
127625
127702
127748
127866
128101
128228
128319
128387
128879
129293
129323
129356
129447
129499
129620
129796
130044
130157
130190
130273
130894
131064
131216
131299
131330
131584
131804
132004
132039
132187
132317
132546
133330
133473
133660
133966
134111
134340
135235
135736
135820
136221
136589
137017
137092
137165
137751
137776
137810
138167
138776
138846
138871
139024
139671
139921
140065
140139
140238
140267
140504
140848
140926
141126
141500
141771
141801
142067
142241
142646
142872
144052
144152
144389
144801
144889
145088
145222
145545
146372
146490
146797
146971
147045
147052
147216
147273
147457
148063
148267
148594
148670
148740
148829
148866
149132
149157
149437
149763
149776
149972
149994
150048
150057
150073
150166
150350
150585
150794
150932
150995
151165
151202
151375
151566
152027
152065
152559
152644
153377
153381
153543
153709
153796
154008
154085
154094
154381
154722
154960
155012
155035
155180
155203
155405
155406
155437
155503
155539
155949
155978
156186
156255
156511
156563
156629
156750
156883
156983
157061
157691
157765
157781
157788
158260
158358
158360
158531
158556
158570
158923
159030
159132
159179
159268
159361
159739
159751
159925
160208
160705
160894
160984
160990
161118
161278
161314
161525
162055
162120
162501
162709
163016
163182
163421
163807
163956
164130
164250
164270
164290
164566
164746
164807
165106
165147
165224
165593
165723
165997
166524
167215
168223
168696
168892
168934
169112
169164
169256
169391
169570
169644
169783
169868
170040
170768
171130
171157
171176
171572
171797
172022
172745
172825
172974
173021
173066
173707
173756
174223
174371
174566
174912
174957
174975
175523
175675
175759
175777
175816
175891
176276
176315
176400
176617
177659
177683
178427
178580
178618
179090
179175
179249
179350
179625
179980
180222
180931
181070
181287
181534
181699
181762
182102
182102
182239
182501
182774
182839
182941
182973
183027
183027
183101
183162
183268
183399
183428
184030
184355
184899
185037
185075
185084
185299
185355
185505
185855
185994
186074
186096
186122
186192
186556
187009
187035
187168
187358
187435
187460
187838
187918
187923
188014
188168
188706
188766
188769
188773
188831
189049
189464
189478
189545
189574
189631
190034
190286
190625
190671
190685
191034
191321
191976
192283
192461
192493
192954
193115
193348
193362
193546
193813
194248
194334
194416
194515
194532
195292
195475
195774
196461
196479
196531
196911
197067
197169
197441
197569
197652
197889
197915
197986
198812
198857
199207
199224
199314
199414
199415
199629
199670
199810
200240
200576
201046
201344
201417
201907
201962
202454
202710
202823
202850
202929
203129
203175
203893
203975
204158
204273
204340
204550
204589
204659
204672
204927
205103
205117
205470
205703
206028
206031
206060
206072
206382
206440
206572
207150
207821
207889
207957
208012
208332
208436
208892
209425
210115
210173
210737
210766
211165
211350
211434
211511
211557
211586
211683
211738
212111
212172
212188
213083
213095
213181
213335
213514
213724
213767
213787
214330
214573
214881
214923
215262
215272
215306
215406
215444
215497
215955
216147
216189
216485
216665
216879
217572
217715
218333
218389
219029
219069
219348
219687
219749
219869
220029
220060
220337
220442
220469
220533
220653
221248
221480
221766
221974
222043
222138
222407
222538
222862
223230
223277
223433
223706
223796
224066
224122
225101
225411
225765
225955
226073
226113
226599
226664
226677
226714
226789
226869
227308
227313
227499
227620
228004
228017
228459
228710
228854
229125
229400
229725
229849
229850
230073
230172
230191
230305
230632
230715
230759
231362
232059
232209
232825
233044
233475
233500
233500
233545
233586
233950
234066
234257
234470
234515
234812
234845
234869
235045
235477
236036
236310
236349
236436
236644
236676
236975
237426
237513
237522
237598
237684
238144
238273
238508
238549
238799
238841
238847
238895
238936
239029
239443
239557
239633
239794
239987
240296
240441
240510
240887
241276
241484
241584
241615
241703
241735
242082
242233
242605
242770
243006
243986
244017
244019
244250
244364
244577
244611
244687
245030
245042
245888
246093
246259
246462
246798
247149
247198
247605
247706
247733
247844
248178
248432
248460
248678
249180
249925
250017
250704
250870
251057
251069
251170
251219
251292
251995
252013
252020
252216
252276
252286
252393
252406
252534
252818
252854
252996
253550
253859
254332
254365
254475
254741
255336
255435
255458
255475
255612
256290
256428
256673
256733
257129
257409
257578
257639
257650
257730
257734
257806
257814
257939
258220
258251
258286
258814
259005
259343
259757
259872
259911
260494
260617
260752
261428
261624
261645
261706
261860
261968
262022
262174
262658
262697
263447
263636
263831
263844
263943
264186
264333
264460
264585
264663
264851
264974
265191
265267
265275
265361
265394
265423
265444
265914
266064
266072
266150
266412
266850
267087
267132
267372
267373
267705
267932
268074
268266
268374
269066
269239
269271
269502
269921
270055
270139
270191
270192
270443
270454
271220
271236
271330
271370
271380
271736
271755
272324
272588
272657
272854
273184
273419
273423
273964
274266
274348
274712
274885
274888
275083
275141
275605
275687
276031
276309
276708
276800
277108
277302
277461
277506
277537
277575
278133
278288
278733
278832
278849
279245
279398
280066
280177
280725
281164
282502
282611
283112
283549
283673
283930
284377
284488
284664
284780
284812
284858
284867
285119
285180
285201
285397
285505
285652
285675
285715
285723
285739
285915
286336
286447
286589
286813
286847
287077
287530
287589
288075
288319
288421
288421
288724
288734
288795
288943
289012
289023
289215
289225
289388
289654
289674
290002
290511
290515
290671
290690
290774
290829
290862
291140
291176
291199
291402
291657
291685
292001
292822
292832
293752
293967
294065
294545
294556
294860
295139
295335
295855
296086
296166
296238
296496
296659
296885
296975
297080
297352
297550
297966
297973
298379
298603
298814
298966
299004
299128
299171
299405
299524
299581
299869
300112
300117
300555
300601
301010
301162
301199
301309
301434
301757
301846
301923
301924
302137
302236
302403
302868
303242
303623
303649
303804
303881
304028
304160
304175
304472
304508
304509
304823
304932
304996
305021
305063
305156
305347
305404
305416
306290
306744
306968
307199
307251
307677
308061
308763
309015
309059
309199
309285
309707
309928
309953
310069
310182
310690
311171
311171
311195
311458
311509
311625
311717
311829
311857
311955
311980
312043
312260
312265
312332
312341
312679
313233
313401
313508
313621
313718
313887
313977
314010
314035
314550
315060
315522
315911
316110
316552
316929
317024
317215
317419
317708
317928
318059
318269
318370
318452
318477
318565
318967
319486
319564
319612
319975
320223
320410
320598
320659
320703
321143
321170
321298
321777
322100
322589
322596
322831
323140
323142
323330
323634
323680
323706
323742
323754
324171
324259
324539
324586
324759
324912
324973
325549
325560
325738
325932
326021
326279
326401
326575
327142
327450
327621
328358
328453
328466
328578
328673
328829
329563
329632
329721
329826
330093
330160
330540
330776
331285
331301
331657
331791
332145
332376
332407
332482
332503
332667
333300
333422
333693
333885
333949
334186
334503
334667
334747
334807
335154
335185
335242
335382
335384
335914
336170
336241
336276
336334
336411
336492
336722
336832
336913
336985
337168
337308
337324
337333
337718
337796
338110
338319
338375
338558
338711
338860
338877
339226
339459
339627
339836
339844
339930
340026
340096
340884
341105
341366
341441
341601
341615
341733
341747
341773
341778
341972
342043
342265
342902
342962
343822
344245
344319
344376
344432
344654
345192
345408
345820
345848
346032
346269
346443
346572
346896
347384
347524
347561
347918
347969
348001
348070
348138
349341
349360
350051
350244
350342
350547
350688
351044
351062
351327
351861
351925
352189
352288
352461
352570
352626
352812
353729
353971
354057
354162
354531
355067
355438
355493
355896
356081
356181
356777
356973
357020
357036
357106
357336
357348
357566
357656
357949
358136
358237
358478
359474
359477
359594
359939
360273
360283
360734
360781
360839
360990
361085
361296
361410
361560
361990
361993
362036
362246
362323
363158
363242
363475
363617
363840
364060
364535
364788
364923
364969
365128
365252
365344
365605
365842
366100
366341
366370
366467
366709
366868
367277
367544
368119
368492
368703
368746
368811
369036
369750
370975
371411
371436
371464
371590
371860
371880
372290
372538
372575
372655
373133
373426
373536
373691
374037
374511
374711
374839
375058
375171
375498
375723
376143
376274
376516
376580
376607
376675
376846
377320
377981
378240
378487
378649
378676
378736
379378
379382
379624
380042
380085
380304
380513
380544
380596
380644
380697
380899
381305
381598
381845
381859
381914
382095
382155
382473
382550
382575
382654
383021
383483
383559
383875
384147
384170
384205
384358
384405
384476
384627
384682
384697
384920
385067
385201
385250
385567
385618
385730
385816
386094
386714
387283
387359
387434
387563
388128
388235
388427
388452
388457
388587
388640
388912
389131
389201
389275
389417
389592
389599
390025
390333
390696
391155
391243
391453
391663
392726
393609
393717
393908
394225
394361
394385
394407
394598
395382
395527
395534
395559
395660
395715
396247
396291
396395
396744
396943
397256
397296
397672
397988
398146
398328
398387
398475
398598
398605
398805
398852
398922
398926
399450
399580
399597
399634
400107
400307
400612
400639
400810
401003
401003
401126
401321
401416
402012
402141
402196
402202
402350
402444
402558
403532
403725
404022
404154
404202
404441
404591
404663
405036
405267
405488
405533
405753
405819
405952
406252
406263
406372
406574
406753
406754
406896
407191
407367
407545
407612
407684
408270
408332
408455
408537
408958
408981
409021
409202
409264
409413
409637
409738
409880
410174
410499
410529
411152
411305
411387
411430
411720
411754
411990
412270
412424
412623
412728
412790
413094
413458
413618
413666
413791
413990
414057
414059
414179
414270
414886
414941
415351
415834
416279
416713
416756
416796
416838
417003
417411
417774
417809
417854
417917
418238
418477
418687
419067
419243
419530
419599
419847
419848
419966
420256
420417
420971
421012
421149
421428
421580
421594
421941
421998
422124
422162
422319
422670
422991
423139
423339
423702
423897
424514
424581
424606
425808
426040
426500
427027
427218
427326
427501
427791
427797
427937
428052
428062
428127
428320
428430
428481
428511
428632
428660
429124
429185
429220
429292
429580
429947
431040
431312
431432
431984
432390
432512
432937
432958
433043
433280
433342
433526
434124
434180
434182
434296
434467
434771
434866
435769
435811
435866
435952
435967
436227
436251
436315
436465
436471
437055
437098
437194
437209
437268
437316
437383
437388
437517
437796
438173
438743
438814
438846
438866
438902
439106
439129
439613
439788
439925
440671
440954
440973
441001
441032
441133
441221
441299
441314
441671
441959
442016
442113
442241
442348
442521
442525
442643
442787
442807
442895
442998
443305
443598
443626
443941
444056
444516
444644
444658
445208
445381
445432
446372
446922
446934
447749
447816
448020
448027
448528
448685
449021
449436
449495
449520
449746
450374
450576
450650
450851
451194
451266
451738
451769
451863
451877
451932
451938
452541
452606
452839
452889
453095
453181
453246
453265
453330
453599
453607
454247
454294
454664
454782
454798
454908
455224
455331
455396
455500
455571
455735
455784
455883
456232
456566
456860
456868
456931
456932
457005
457370
457400
457634
457829
458483
458574
458641
458719
458795
458873
459585
459612
459697
460425
460433
460540
461040
461283
461475
461507
461664
461701
461734
461808
462063
462220
462268
462300
462519
462775
462850
463184
463200
463436
463587
463657
463720
463745
463816
464069
464185
464193
464217
464709
464891
464952
465472
465796
465866
465991
466605
467070
467389
467678
467731
467916
467979
468111
468249
468304
468373
468595
468679
468715
468820
469124
469230
469731
469732
469774
469930
470167
470186
470189
470230
470498
470531
470565
470733
470792
471035
471107
471552
471747
471779
471864
472099
472352
472508
472601
472956
473227
473484
474043
474128
474580
474839
474914
475099
475198
475371
475393
475522
476137
476257
476617
476776
476823
476971
477307
477560
477774
478223
478341
478772
479160
479907
480258
480365
480405
480778
480787
481149
481371
481424
481464
481820
482065
482103
482195
482467
482489
482801
483014
483192
483312
483346
483637
483816
483921
484002
484148
484172
484642
484666
485098
485134
485217
485228
485242
485251
485288
485373
485381
485509
485608
485659
485672
485707
486126
486187
486187
486339
486437
486533
486884
486983
487371
487553
487868
488026
488088
488549
488592
488772
489316
489336
489407
489523
489760
489993
490179
490543
490640
490793
490865
490870
490988
491028
491135
491274
491580
491761
492306
492450
492589
492673
492740
492993
493068
493200
493598
493768
494193
494262
494493
494520
494589
494802
495048
495170
495313
495474
496194
496523
496616
497113
497450
497565
497764
498055
498290
498481
498607
498940
499151
499406
499409
499531
499886
499920
499985
500216
500273
500356
500490
500982
501017
501101
501132
502185
502214
502328
502358
502404
502571
502822
502854
502873
502936
502951
503027
503358
503386
503504
503764
504025
504112
504127
504777
504841
504874
504940
505110
505396
505614
505830
505885
506590
506829
507251
507358
507392
507663
507735
507746
508411
508429
508595
508679
508682
508729
508784
509634
509762
509856
509889
510572
510901
511073
511104
511326
511682
511877
511887
511949
512168
512635
513040
513070
513118
513248
513847
514110
514189
514487
514656
514861
514963
515367
515456
516000
516034
516063
516364
516528
517176
517220
517294
517296
517632
517701
517834
517931
518359
518417
518499
518511
518633
518987
519424
519495
519681
519803
519818
519930
519941
520209
520282
520447
520693
520902
520989
521107
521133
521196
521638
521668
521680
521720
521852
521914
522085
522223
522278
522281
522288
522618
522621
522751
523080
523156
523264
523686
523752
523816
523820
523998
524009
524171
524267
524408
524576
524941
525051
525111
525965
526027
526126
526456
526505
526585
526615
526642
526647
526777
526914
527421
527430
527499
527643
528161
528245
528403
528408
528884
528918
528977
528985
529317
529493
529865
529972
530416
530655
530765
530785
530838
531248
531785
531896
532073
532361
532852
533024
533053
533223
533332
533495
533787
534146
534342
534600
534606
534810
534913
535194
535465
536267
536799
537093
537209
537374
537900
538031
538461
538982
539021
539254
539284
539489
540346
540440
540748
541133
541212
541575
541583
542065
542174
542209
542274
542507
542597
542679
542742
543548
543589
543686
543838
543910
543944
543995
544682
544733
544906
544946
545021
545395
545401
545528
545646
545788
545828
545859
545892
545902
545914
546094
546135
546165
546233
546959
547601
548151
548155
548324
548566
548817
548883
549155
549245
549583
550174
550179
550183
550302
550340
550388
550466
550620
550723
550987
551191
551337
551388
551670
551672
552042
552145
552321
552470
552589
552721
553120
553287
553651
553829
553876
553999
554053
554061
554811
554994
555332
555350
555772
556508
556524
556697
556755
556769
556803
556973
557052
557131
557204
557420
557585
557808
557866
557867
557935
558390
558441
558612
558864
558899
559145
559258
559329
559598
559687
559764
560024
560048
560368
560545
561130
561428
561512
561546
561585
561614
561705
561861
561932
562060
562131
562168
562352
562631
562754
562766
562808
562832
563000
563066
563088
563281
563464
563506
563517
563639
563668
564151
564253
564695
565290
565336
566179
566375
566520
566824
567126
567202
567367
567545
567673
567730
567828
568034
568036
568115
568534
568590
568593
568618
568744
569005
569365
569369
569760
570198
570562
570571
570697
571137
571140
571158
571423
571559
571579
571616
571619
571682
571902
572050
572077
572432
572708
572713
572753
573339
573380
573625
573629
573751
573910
574782
575017
575535
575902
576017
576041
576526
576707
576822
576904
577136
577147
577772
577820
577835
578049
578164
578379
578530
578789
578982
579084
579218
579668
579866
579887
579961
580039
580304
580307
580656
581255
581378
581532
581575
581581
581655
581705
581714
581801
581915
582100
582450
582630
582642
582938
583012
583737
583755
583975
584196
584210
584223
584235
584464
584480
584581
584839
585087
585120
585634
585779
585814
585842
586033
586185
586885
586980
587038
587467
587538
587645
587876
588057
588078
588090
588332
588570
588592
588601
588711
588720
588785
588947
589078
589129
589372
589525
589531
589635
589988
590042
590092
590302
590452
590525
590716
590819
590886
590915
591293
591630
591687
591864
592042
592272
592439
592553
592678
592912
592913
593303
593394
593776
594169
594260
594319
594936
595830
596253
596270
596404
596641
596975
596988
597075
597101
597577
597887
597991
598298
598413
598499
598748
598880
598916
598946
599038
599542
600058
600136
600555
600863
601398
601461
601757
602093
602325
602565
603488
603578
603713
603778
604038
604273
604676
604731
605321
605938
606479
606567
607024
607179
607211
607428
607441
607596
607623
607771
607815
608225
608258
608874
608916
609367
609407
609470
609518
609822
610290
610487
610790
610995
611024
611345
611380
611663
611783
611821
611976
612089
612187
612872
612902
613192
613430
613498
613581
613687
614128
614268
614324
614468
614520
614597
614648
614725
614747
615170
615328
615504
615587
616060
616113
617058
617240
617423
617948
618186
618302
618336
618717
619055
619125
619362
619422
619531
620359
620738
620853
621053
621079
621125
621573
621864
621958
622139
622223
622466
622877
623015
623476
623482
623552
623737
624133
624381
624634
624963
625080
625123
625498
625556
625568
625578
626025
626124
626131
626233
626443
627042
627469
627714
627719
627730
628693
628723
628810
629113
629189
629304
629413
629476
629565
629686
629820
630178
630469
630591
630686
630949
631517
631720
631824
632430
632834
632988
633148
633189
633199
633338
633424
633478
633638
633828
633965
634463
634470
634477
634559
635023
635051
635210
635522
635555
635647
635780
636120
636139
636559
636743
636978
636986
637384
637666
637686
637719
637803
638600
638645
638679
639182
639214
639737
639818
639829
639843
639845
639864
639944
640076
640193
640750
640895
641144
641551
642087
642126
642343
642487
642548
643045
643456
643612
643702
643917
643918
644026
644107
644152
645015
645342
645554
645932
646144
646204
646329
647127
647162
647493
647556
647767
648111
648177
648253
648634
648655
649067
649097
649124
649165
649311
649851
649862
650045
650211
650385
650419
650608
650619
650632
650849
651368
651596
651918
651986
652303
652316
652335
653193
653269
653276
653374
653390
653414
653485
653910
654082
654366
654498
655158
655802
655837
656012
656560
656617
656649
656973
657344
657682
657720
657838
658015
658095
658115
658235
658496
658508
659421
659448
659471
659608
659727
659995
660000
660012
660047
660059
660311
660467
660752
660874
660985
660995
661261
661978
662175
662407
662434
662440
662559
662604
662990
663165
663205
663206
663230
663482
663521
663663
663757
663841
664075
664322
664414
664798
664921
665001
665243
665302
665591
665746
665984
666553
666654
666697
666832
667282
667320
667469
667675
668027
668102
668303
668638
669012
669069
669418
669652
669739
669855
670073
670213
670948
671020
671500
672001
672144
672178
672673
672975
673024
673044
673131
673282
673437
673489
673698
673933
674052
674105
674480
675089
675155
675169
675335
675462
675518
675550
675858
675865
675960
676099
676107
676280
676319
676401
676552
677330
677357
677716
677763
677894
678237
678594
679274
679799
680021
680450
680964
680998
681003
681299
681411
681972
682146
682185
682314
682670
682685
682741
682893
682904
683031
683195
683453
683528
683742
684091
684309
685329
685340
685380
685404
685730
685863
686526
686760
687450
687541
688121
688650
688660
688688
689025
689304
689532
689642
689808
689998
690267
690665
690680
690695
690760
691099
691777
691791
692012
692287
692335
692396
692509
692765
692827
693031
693213
693416
693516
693542
693830
694843
695267
695476
695741
695864
695899
696082
696630
696945
697261
697712
697712
697717
697719
697944
697959
698052
698136
698169
698483
698865
699506
699654
699795
699807
700128
700140
700411
700435
700469
700660
700781
700939
701102
701792
701834
702401
702414
702420
702669
702777
703031
703060
703080
703940
703993
704395
704564
704708
704753
704986
705097
705630
705645
705797
706068
706471
706478
706577
706848
706967
706993
707008
707386
707916
707930
708120
708199
708389
708569
708697
709081
709129
709184
709328
709389
709462
709615
709639
709718
709822
710004
710182
710368
710600
710662
711070
711561
711620
711640
711782
711835
712035
712079
712311
712459
712565
712630
712727
713109
713326
713593
713635
713972
713979
714250
714348
714766
715284
715323
715332
716021
716236
716332
716764
716971
717030
717198
717620
717892
718007
718032
718576
718810
718990
719010
719124
719148
719202
719589
719634
719734
719802
719829
719925
719969
720119
720127
720647
720650
720760
720781
721220
721618
721827
721830
721921
722191
722257
722261
722739
722785
722788
722951
723442
723857
724028
724549
725195
725324
725422
725498
725556
725943
726239
726252
726944
726971
726975
726997
727028
727293
727527
727534
727671
728113
728242
728323
728431
728493
729079
729368
729680
729826
729831
729904
729988
730029
730165
730227
730698
730718
730777
730973
731079
731406
731794
731812
731923
733241
733305
733558
733581
734151
734503
734697
734792
734828
734923
734949
735639
735889
735915
735939
736030
736310
736436
736603
736903
737076
737400
737508
737701
737815
737910
738215
738310
738333
738801
739076
739165
739197
739278
739642
739761
739928
740165
740206
740277
740498
740698
740758
740841
741047
741058
741401
741828
742659
742746
743294
743348
743456
743529
743736
743829
743984
744156
744312
744367
744856
745191
745595
745722
746004
746134
746222
746267
746459
746610
746767
746788
746983
747005
747006
747114
747463
747641
748000
748024
748053
748058
748296
748355
748432
748543
748583
748712
748926
748996
749308
749436
749524
749709
749825
749843
749873
749985
750780
751322
751570
751596
751656
751926
752133
752216
752270
752361
752477
752528
752628
752884
752960
753477
753512
753535
753547
753613
753768
753771
754221
754291
754442
755382
755498
755553
755702
755747
755812
756554
756697
757199
757265
757370
757507
757562
758062
758160
758179
758188
758327
758444
758598
758628
758629
758752
758774
758906
759545
759598
759937
760119
760352
760496
761359
761905
762027
762488
763043
763772
764125
764125
764207
764210
764734
765089
765137
765225
765246
765303
765371
765509
765653
765824
766271
766272
766362
766624
766680
766731
766813
766898
766979
767313
767326
767436
767791
767798
768161
768424
768841
768860
768991
769022
769121
769143
769798
769926
770319
770456
770525
770647
770841
771114
771149
771205
771259
771263
771595
771609
771647
771991
772015
772121
772457
772762
772793
773535
773667
774047
774371
774648
774845
775012
775342
775456
775676
775815
776415
776877
777092
777147
777455
777527
777570
777688
777896
778120
778276
778310
778321
778345
778496
778538
778838
779051
779289
779344
779402
779452
779471
779860
779874
780953
781449
781757
781888
782118
782163
782179
782914
783173
783264
783464
783688
783761
783957
784271
784792
785128
785591
785673
785925
786187
786199
786328
786918
787037
787274
787457
787680
787826
787877
788079
788104
788174
788472
788910
789091
789418
789715
789805
789901
790090
790275
790385
790404
790460
790587
790860
791496
792146
792827
792863
793547
793793
793941
794046
794182
794190
794408
794705
794885
794996
796356
796589
796651
796764
796846
796945
797138
797216
797384
797631
797987
798175
798459
799273
799281
799395
799489
799579
800343
800769
800919
801223
801442
801646
801776
801849
801858
801935
802191
802424
802436
802855
802978
803306
803358
803575
803638
804002
804211
804265
804807
804856
804913
805071
805108
805121
805735
805907
806526
806617
806741
807006
807653
808239
808272
808305
808548
808611
808935
808940
808967
809106
809222
809223
809390
809456
809786
809804
809815
809988
810048
810132
810170
810203
810496
810550
810628
811017
811072
811090
811649
812046
812094
812262
812696
812971
813393
813394
813459
813521
813647
813797
813905
814321
814636
814703
815087
815126
815130
815244
815401
815602
815761
815971
816058
816400
816529
816805
816812
817120
817222
817282
817425
817584
818241
818551
818846
819295
819900
820137
820224
820694
820887
821014
821195
821370
821683
821749
821887
822535
822621
822713
822729
822758
822774
822903
822969
823237
823427
823497
823567
823983
824022
824073
824567
824622
824708
824750
824912
826022
826079
826144
826390
826395
826761
826862
826875
827168
827431
827629
827742
827899
828069
828358
828648
829080
829284
829400
829607
829723
830212
830345
830550
830690
830823
831002
831053
831129
831624
831796
831834
832423
832732
834163
834257
835169
835629
836458
836473
836512
836578
836593
836824
837574
837581
837601
837625
837809
837880
837948
838174
838428
838533
838806
838889
839067
839118
839125
839325
839657
840020
840046
840248
840309
840636
840883
841189
841267
841812
841974
842078
842231
842341
842616
842775
842819
843288
843816
843984
844015
844200
844227
844423
844581
844697
844782
844996
845024
845078
845116
845411
845646
845685
846240
846273
847194
847221
847619
847823
848140
848416
849068
849108
849137
849227
849398
849484
849528
849774
850025
850285
850550
850726
850800
850909
851202
851285
851503
852038
852079
852110
852111
852127
852367
852461
852529
852831
852899
853116
853921
854528
855084
855166
855609
855727
855778
855844
855963
856473
856665
856715
856720
856786
856812
857102
857272
857302
858470
858614
858738
858797
858874
859022
859103
859165
859685
859703
859761
859834
859997
860250
860540
860580
861295
861296
861673
861875
862204
863207
863299
863669
864186
864383
864413
864530
865218
865255
865331
866174
866182
866185
866276
866552
866703
866933
866962
867057
867081
867651
867906
867938
868069
868330
868577
868621
868960
869069
869412
869604
869984
870120
870518
871089
871175
871337
871429
871477
871505
872215
872555
872662
872743
873429
873492
873729
873859
874008
874239
874337
874851
875115
875294
875617
875642
875822
876251
876374
876947
877529
878011
878101
878139
878237
878779
878861
879534
879686
879738
879910
880164
880246
880602
880638
880653
880754
881047
881055
881354
881795
881890
882011
882207
882424
882465
882484
882709
882873
882914
883005
883346
883528
883689
883906
883926
884178
884406
884415
884415
884493
884574
885008
885054
885114
885277
885300
885600
885640
885657
886062
886198
887762
887837
887965
887972
887976
888129
888519
888779
889351
889688
889777
889858
890604
890830
891017
891283
891737
891834
892164
892609
892821
892976
893099
893164
893173
893384
893410
893450
893590
893936
894017
894109
894182
894408
894420
894708
895247
895287
895326
895356
895563
895712
895986
896366
896867
897057
897311
897699
898049
898070
898153
898868
899786
900006
900429
900441
900615
900687
900719
900912
901085
901244
901525
901788
901853
901854
901881
901962
902084
902421
902425
902532
902632
903102
903189
903587
903799
903902
903951
904018
904298
904650
904725
905206
905232
905418
905659
905723
906006
906210
906923
906975
907182
907238
907573
907723
907821
908208
908254
908408
908494
909729
909737
910090
910122
910167
910218
910541
910566
910649
910658
910968
910998
911065
911196
911279
911698
911724
912211
912353
912502
912596
913203
913254
913310
913736
913955
914405
914641
914800
915260
915308
915367
915387
915410
915427
915446
915480
915529
915850
915861
916026
916080
916683
916746
916770
916949
916985
917019
917142
917271
917737
917941
918340
918760
919108
919327
920046
920078
920111
920195
920342
920653
920869
921431
921496
921498
921561
921659
921728
921793
921800
921867
922105
922828
922911
923036
923289
923362
923779
923796
924020
924098
924144
924333
924357
924420
924653
924678
925635
925761
925799
926040
926052
926217
926302
926664
927164
927525
927629
927870
928252
928258
928318
928391
928426
928638
928658
928945
929841
929966
930045
930392
930547
930695
930723
930726
930880
931117
931310
932740
932761
932776
932909
932925
933219
933324
933336
933429
933610
933796
933973
934264
934293
934344
934352
934546
934771
934794
935050
935172
935335
935812
935918
936177
936357
936597
936866
936999
937221
937518
937648
937793
937823
938320
938393
938657
938917
939259
939771
939807
940228
940359
940823
940920
941133
941355
941457
942152
942465
942617
942801
942885
943279
943931
943965
944079
944535
944617
944632
944956
944981
945314
945586
945694
946530
946802
947103
947154
947221
947345
947489
947615
947703
947768
947899
948034
948140
948275
948533
948849
948994
949037
949086
949246
949263
949357
949452
949587
949770
949864
950109
950320
950759
950855
950891
950918
951085
951201
951700
951706
951913
951951
952280
952404
952435
952752
952906
953118
953143
953187
953460
953531
953794
954144
954182
954472
954709
954811
954861
955358
955933
956228
956631
956683
957175
957258
957373
957727
957939
958113
958173
958478
958800
959194
959506
959517
959654
959685
959858
959952
960095
960360
960712
960955
960958
960964
961458
961523
961539
961764
961912
962000
962007
962438
962904
962996
963084
963389
963989
964066
964122
964160
964234
964249
964473
964733
964761
964825
965089
965106
965298
965572
965859
965959
966028
966162
966315
966783
966784
966815
966938
966966
966984
967591
967757
967789
967828
967911
967911
968004
968063
968143
968302
968411
968781
969238
969241
969410
969447
969916
969940
969951
970058
970123
970215
970345
970577
970594
970782
970895
970900
970947
971171
971351
971560
971965
972075
972270
972580
972782
972917
973129
973145
973181
973282
973576
973934
974123
974246
974444
974468
974469
974720
975173
975339
975746
975937
976511
976564
976892
977355
977482
977582
977881
977932
978218
978310
978671
979334
979737
980128
980245
980415
980749
980817
980846
981335
981357
981534
981757
982668
983799
984545
985052
985162
985258
985400
985775
986058
986208
986873
987109
987253
987633
987863
988047
988231
988293
988692
988842
989053
989090
989130
989216
989352
989641
989773
989885
990559
991029
991245
991256
991411
991452
991621
991628
991985
992046
992241
993415
993448
993491
993495
993703
993705
994081
994307
994343
994405
994457
994739
994789
994832
995099
995208
996042
996130
996389
996520
996633
996731
996913
997189
997193
997205
997243
997397
997424
997462
997557
997807
997869
998011
998379
998567
998589
998792
998976
999028
999117
999365
999608
999736
