132
250
373
600
933
1017
1488
1556
1633
1661
1789
2045
2109
2242
2301
2336
2992
3008
3097
3173
3179
3201
3238
3245
3655
3718
3731
3785
4075
4106
4136
4550
4608
4667
4838
5048
5102
5231
5236
5553
5579
5742
5924
6001
6202
6238
6337
6387
6477
6506
6531
6880
6927
7170
7173
7243
7490
7824
7986
8143
8411
8441
8466
8490
8666
8902
9396
9738
9776
9945
10178
10213
10424
10766
11334
11742
11962
12607
12918
13107
13660
13662
13748
13974
14072
14095
14286
14644
14725
14775
15348
15583
15623
15924
16006
16426
16590
16676
16748
16816
16923
17236
17460
17540
17573
17755
17914
18039
18044
18191
18318
18960
18979
19094
19329
19356
19443
19903
19954
20064
20302
21237
21335
21400
21467
21663
21972
22362
22606
22683
22859
22866
23088
23990
24214
24539
24587
24616
24859
25549
25793
26234
26280
26776
27221
27778
28107
28200
28212
28471
28673
28962
29374
29414
29612
30172
30173
30260
30346
30525
30570
30815
31251
31448
31470
31946
32069
32154
32264
32302
32410
32453
32474
32890
33033
33106
33196
33260
33831
33855
33933
34527
34767
35009
35136
35160
35248
35371
35573
35702
35979
35988
36238
36256
36511
36739
36912
36949
36978
37872
38266
38977
39277
39402
39681
40000
40082
40396
40531
40531
40864
40989
41069
41270
42009
42074
42223
42239
42454
42843
43214
43237
43451
43606
44147
44699
44809
44873
45338
45480
45580
45723
45837
46353
46514
46719
47349
48025
48107
48167
48530
48639
48816
48942
49000
49216
49375
49508
49542
49667
49841
49850
50234
50396
50487
51157
51232
51369
51556
51612
51660
51741
51868
52083
52478
52890
53232
53528
53638
53900
54017
54225
54424
54605
54621
54885
54948
55098
55520
55702
55894
56078
56714
56786
56948
57328
57372
57453
57547
57560
57754
57787
57933
57969
58440
58719
58790
59012
59127
59795
60943
61203
61292
61323
61420
61591
61716
61729
61931
62131
62505
62510
62654
62937
62957
63259
63293
63607
63884
64170
64676
64991
65800
65928
66045
66284
66313
66409
66447
66679
66732
66890
67086
67093
67292
67331
67465
67920
68750
68905
68923
69024
69247
69296
69510
69660
69770
69827
69931
69952
70009
70186
70568
70784
70873
70946
71268
71663
71988
72037
72100
72360
72416
72446
72834
72961
73106
73146
73264
73517
73939
73981
74247
74295
74364
74401
74499
74642
74676
75038
75794
75841
75990
77031
77322
77336
77373
77457
77551
77700
77732
78022
78087
78107
78161
78255
78508
78514
78653
79111
79142
79295
79326
79371
79412
79487
79714
79727
80101
80112
80255
80558
80758
80907
81069
81154
81491
81499
81633
82646
83052
83197
83345
83809
83870
84630
84903
84960
85661
85730
85773
85930
86438
86569
86740
86823
86890
86925
87302
87422
87838
87858
87876
88064
88160
88246
88326
88405
88713
88747
88804
88948
89028
89044
89385
89387
89576
90055
90090
90156
90464
90468
90782
90883
91403
91528
91697
91742
91877
92042
92752
92861
92879
93231
93718
93977
94104
94716
94814
94950
95405
95537
95679
96019
96162
96453
96753
96904
97002
97008
97077
97765
98030
98091
98703
98748
98938
99188
99360
99475
100448
100475
100581
100625
100714
100755
101180
101562
101839
101874
101901
101994
102009
102071
102299
102311
102367
102864
102916
103004
103181
103717
103855
103942
104039
104197
104302
104476
104593
104606
104862
104951
104974
105052
105550
105571
105586
105662
105793
106249
106428
106442
106974
107063
107660
107865
107881
108037
108092
108104
108207
108510
108548
108627
109268
109298
109298
110000
110001
110094
110679
110709
111066
111393
111451
111559
111571
111645
111858
111906
112106
112484
113507
113674
114233
114325
114435
114468
114480
114665
114832
115179
115321
115328
115784
115870
116186
116799
117029
117110
117273
117288
117288
117342
117414
117651
118028
118121
118180
118205
118515
119195
119828
119901
120083
120717
120734
121238
121347
121443
121952
122018
122021
122152
122289
123256
123512
123543
123557
125314
125317
125368
125758
126173
126541
126840
127171
127398
127403
127427
127430
127667
127668
127713
127966
128499
129447
129624
130486
130770
130960
131012
131095
131139
131159
131376
131466
131663
132193
132307
132480
132754
132800
133048
133075
133371
133512
134066
135024
135067
135272
135415
135685
136055
136281
136289
136615
136625
136640
137286
137403
137452
137562
137564
137693
137718
138214
138480
139192
139326
139389
139533
140417
140439
140666
141180
141617
141700
141925
141935
142441
142602
142630
142636
142990
142992
143027
143051
143208
143966
144033
144168
145014
145364
145482
145839
145955
146215
146436
146551
146823
146983
147262
147333
147925
148020
148533
148542
148663
148842
148919
149127
149171
149198
149201
149318
149931
150026
150262
150664
150751
151159
151197
151220
151643
151860
152001
152437
152517
152696
152927
153060
153208
153674
153730
154082
154392
154492
154828
155064
155107
155168
155317
155363
155522
155731
156601
156652
156780
157187
157252
157289
157406
158075
158077
158147
158325
158328
158395
158407
158480
158601
159255
159373
159668
159819
159850
160465
160903
160994
161280
161286
161360
161569
161595
161615
161705
161705
161842
162301
162410
162461
162484
162964
163296
163972
164137
164238
164269
164491
164542
164716
165235
165280
165319
165532
165684
165770
166221
166460
166574
166957
167427
168140
168307
168434
168658
168730
168845
169156
169686
169779
169779
169895
169994
169997
170727
170873
170962
171069
171080
171348
171750
171762
171851
172099
172312
172580
172850
173040
173126
173664
173934
173975
175085
175221
175363
175875
176040
176206
176274
176278
176461
176782
176960
177169
177705
177936
178031
178203
178221
178296
178739
178762
179032
179136
179356
179383
179969
180054
180119
180301
180661
181008
181108
181306
181984
182125
182143
182223
182532
182611
182969
183009
183083
183086
183251
183407
183839
183918
183922
184076
184089
184171
184258
184552
185076
185152
185246
185340
185381
185417
185424
185456
185467
185527
185821
185824
185880
186056
186069
186273
186413
186433
186641
186669
186755
187009
187240
187373
187378
187527
187879
187947
188515
188793
189121
189455
189551
189641
189774
189876
189975
190013
190326
190526
190640
190924
190965
191036
191174
191243
191900
191925
192120
192128
192166
192184
192273
192414
192709
192866
193104
193504
194066
194140
194432
194778
194857
194872
194946
195641
196106
196570
196577
196701
197411
197467
197500
197535
197777
198159
198499
198750
198889
198944
199183
199472
199771
199816
200024
200351
200795
200883
201983
202072
202399
202450
202793
203004
203082
203103
203235
203261
203335
203846
203878
203954
204169
204275
204393
204461
204604
204611
204704
204748
204914
205394
205647
205658
206093
206319
206334
206890
206906
207184
207235
207370
207500
207952
208053
208257
208340
208440
208627
208866
209105
209209
209451
209454
209610
210065
210438
210566
210771
210820
211001
211052
211095
211193
212008
212258
212275
212516
212854
213022
213608
213669
214431
214446
214821
214970
215763
215851
216407
217258
217363
217394
217588
217837
217878
217943
217960
218207
218233
218235
218244
218307
218342
218403
218723
218926
218978
219080
219134
219833
219855
219964
220017
220107
220499
220689
221048
221211
221491
221592
221670
221833
222245
222337
222408
222581
222600
222764
222894
223218
223471
223676
223692
223744
223749
223925
223927
224471
224579
224919
224978
224989
225168
225272
225467
225505
226037
226275
226467
226489
226595
226984
227085
227355
227524
227838
228447
228937
229012
229200
229438
229609
229618
229770
229869
230393
230493
230558
230717
231098
231251
231271
231277
231498
231512
231512
232600
232816
232878
232937
233033
233375
233448
233498
233940
233958
234004
234764
234839
234869
234976
235146
235403
235690
235993
236086
236410
236561
236712
237096
237196
237317
237535
237601
237681
237766
237833
238115
238155
238332
238334
238387
238457
239065
239079
239400
239750
239841
240029
240041
240147
240334
240413
240456
240480
240570
240635
240789
241467
241479
241942
242094
242159
242360
242756
242864
243071
243507
243523
243691
243749
243877
243977
244232
244863
244910
245072
245082
245851
246208
246520
246885
247050
247682
247771
247960
248962
249039
249184
249291
249343
250364
250536
251018
251258
251397
251430
251731
252027
252150
252662
252726
252808
252924
252990
253183
253227
253276
253438
253503
253511
253563
254496
254666
254667
254783
254924
255330
255770
255832
255860
255971
256232
256747
256787
257021
257145
257375
257591
257681
258151
258601
258921
259226
259442
259579
259585
259921
260090
260109
260463
260855
260959
261133
261527
261796
261910
262425
262536
262584
262690
262694
262777
262875
263226
263551
263625
263794
263817
264007
264038
264161
264613
264665
264697
264963
265045
265221
265428
265437
265477
265518
265688
266295
266413
266718
266866
267156
267241
267494
267619
267644
268011
268116
268426
268482
268528
268975
269134
269410
269511
269874
269963
270456
270666
270759
270941
270949
271371
271490
271534
271563
271936
272327
272350
272466
272678
272706
272903
273235
273269
273349
273501
273794
274019
274433
274562
274610
274678
274720
274777
274859
274919
274938
275044
275318
275474
275503
276016
276093
276260
276341
276446
277004
277195
277215
277391
277498
278026
278195
278345
278700
279324
279768
279826
279898
280028
280311
280513
280836
280881
281137
281293
281431
281612
281751
281862
281880
282496
282860
282903
283637
283817
283865
283966
284154
284356
284395
284512
285058
285394
285403
285412
285854
286098
286678
287671
287844
288289
288451
289193
289243
289284
289490
289652
289918
290007
290094
290318
290604
291005
291138
291269
291368
291635
291702
291947
291964
292021
292145
292163
292268
292460
292463
292592
292682
292829
292869
293038
293443
293480
293519
293589
293745
293891
293915
293960
294146
294166
294375
294459
294689
294811
295432
295545
295800
295901
295963
296356
296822
296825
297025
297373
297686
297764
297968
298286
298417
298475
298640
298666
298692
299245
299676
300140
300315
300338
300362
300518
301343
301456
301542
301814
301821
302313
302326
303432
303487
303588
303600
303718
303770
303806
303851
304050
304162
304284
304855
305249
305393
305424
305478
305588
305813
305926
306184
306636
306785
307121
307411
307634
307675
308348
308505
308776
308883
309527
309541
309660
309878
309927
310019
310031
310175
310856
310906
311080
311132
311339
312111
312840
312851
312871
313156
313174
313232
313338
313709
313741
314317
314647
315123
315192
315200
315740
315802
315867
316117
316465
316591
316922
317056
317173
317413
317706
317894
318066
318541
318585
318719
319512
319605
319745
320387
320616
321008
321235
321304
322001
322333
322392
322645
322695
323204
323214
323295
323759
323846
323896
324326
324479
324631
324914
324917
325115
325115
325589
326147
326252
327632
327675
327819
327884
327933
328160
328510
328519
329771
329812
329977
329986
330662
331275
331510
331913
331978
332066
332208
332319
332913
332992
333112
333175
333408
333835
333889
333936
334098
334182
334626
334661
334854
334950
335007
335117
335183
335194
335213
335377
335377
335552
335967
336658
336996
337143
337168
337208
337243
337267
337299
337919
337971
338356
338399
338432
338676
338753
339228
339252
339329
339429
339445
339630
339813
340161
340321
341131
341413
341578
341750
342032
342043
342065
342146
342292
342394
342838
342994
343051
343363
343524
343749
343864
343868
343990
344040
344084
344280
344309
344473
344589
344692
344877
345044
345155
345469
345618
345696
345802
345903
346136
346383
346547
346555
346733
346771
346816
347123
347307
347329
347365
347438
348413
348556
348614
348832
349275
349305
349322
349437
349486
349508
349648
349832
350131
350345
350365
350412
350872
351001
351035
351103
351221
351410
351561
352006
352080
352463
352469
352605
352666
353366
353376
353605
353771
354005
354063
354067
354303
354758
355110
355135
355189
355298
355639
355670
355844
356026
356215
356415
356611
357103
357179
357206
357335
357415
357430
357445
357576
357837
358072
358184
358344
358752
358764
358821
358846
358898
359177
359446
359857
360056
360203
360222
360322
360444
360465
360796
361359
361785
362312
362391
362514
362793
362799
362832
363199
363322
363352
363866
364035
364635
364930
364936
365110
365240
365277
365304
365391
365597
365879
366425
366547
366606
367266
367506
367565
367670
367988
368178
368388
368833
369004
369084
369102
369196
369636
369705
369778
369788
370451
370548
370793
371067
371291
371595
371643
371879
372121
372430
372502
372722
373131
373243
373398
373658
374081
374122
374189
374362
374610
375236
376222
376279
376313
376314
376387
376669
376678
377161
377366
377371
377429
377605
378088
378096
378280
378554
378660
379111
379158
379281
379462
379462
379591
379662
379695
380075
380093
380190
380252
380267
380274
380440
380610
380861
380949
381194
381316
381316
381366
381520
381724
381843
382015
382245
382529
382596
383220
383402
383622
383690
383695
383769
383785
383886
383997
384044
384153
384306
384454
384682
384885
385141
385682
385715
385862
386981
386982
387181
387553
387728
388144
388807
388915
389026
389213
389555
389774
389867
390023
390389
390888
391213
391384
391700
391831
391927
392523
392559
392815
393015
393039
393287
393367
393708
393930
394017
394496
394748
394892
395172
395174
395188
395265
395582
395719
396010
396186
396189
396320
396410
396699
396783
396996
397166
397223
397386
397427
397661
397690
397696
397764
397820
398013
398562
398733
399202
399642
399666
399779
399880
399988
400707
400768
400995
400998
401353
401655
402099
402122
402139
402180
402318
402517
402528
402650
402810
402840
402895
403150
403215
403301
403450
403832
404484
405185
405239
405249
405325
405644
405688
406103
406575
406695
406718
406783
406942
406972
407022
407252
407550
407575
407721
407989
408260
408746
408883
408983
409218
409260
409433
409605
409870
410124
410159
410206
410518
410581
410725
410753
410909
410948
410995
411341
411356
411564
411591
412049
412198
412526
412923
414483
414525
415012
415151
415523
415993
416444
416470
416488
416901
417528
417810
417875
418143
418230
418519
418563
418730
419527
419852
419938
420010
420184
420234
420405
420494
420563
420588
421393
421561
421730
421971
422073
422215
422369
422411
422427
422893
423131
423135
423341
423417
423615
423667
423786
423953
424218
424259
424298
424449
424606
424731
424824
425235
425272
425463
425747
426063
426089
426132
426187
426514
426944
427117
427396
428174
428287
428551
428628
428826
428940
428951
428954
428964
430359
430382
430537
430581
430881
430883
431192
431709
431750
431885
431983
431983
432310
432446
432514
432645
433303
433344
433383
433581
434038
435294
435726
435809
435810
435837
436023
436542
436658
436674
437303
438419
438557
438627
438840
438942
439194
439436
439667
439949
440340
440557
440602
440696
440875
441037
441567
441659
442172
442280
442390
442405
442542
442803
443037
443503
443957
443959
444045
444171
444353
444592
444754
444773
444881
444883
445259
445332
445753
445828
446098
446161
446281
446441
446599
447028
447179
447728
447957
448022
448024
448075
448151
448444
448657
449575
449709
449920
450331
450803
451084
451119
451597
451666
452058
452062
452376
453178
453247
453499
453572
453758
454204
454254
454629
454791
455200
455281
455301
455367
455454
455520
455536
455748
455940
456024
456119
456414
456572
457336
457340
458076
458162
458312
458315
459091
459604
459748
459771
459877
460020
460039
460308
460612
461326
461625
462201
462501
462655
462861
463112
463259
463484
463549
463587
463590
463637
464122
464253
464320
464429
464455
464555
464847
465201
465229
465259
465262
465394
465688
465871
466194
466284
466489
466807
466949
467066
467453
467531
467824
467979
468272
468373
468392
468646
468656
468656
468897
469251
469267
469624
470056
470179
470654
470984
470995
471169
471429
471917
472057
472197
472341
472735
472888
473152
473297
473380
473405
473574
473679
473924
473970
473974
474094
474857
475015
475044
475408
475415
475868
475877
475890
476227
476353
476358
476378
476639
476726
476744
476745
476969
477138
477363
477506
477877
477888
478184
478391
478470
478560
478993
479475
479669
479719
479919
480241
481167
481365
481616
481862
481878
481911
481915
482067
482373
482387
482485
482635
482717
483086
483101
483228
483627
483657
484026
484210
484535
484733
484894
484899
485182
485485
485490
486145
486399
487318
487324
487822
488328
488417
488511
489050
489064
489207
489290
489339
489626
489701
489810
489887
490110
490129
490385
490614
491170
491211
491781
491853
492127
492317
492468
492543
492629
493572
493618
493825
493836
493862
494540
494576
494616
494703
494776
494841
494968
495335
495413
495745
495747
495758
496006
496094
496134
496621
496834
497167
497547
497599
497850
498299
498588
498619
498740
498922
499001
499159
499193
499238
499640
499673
499977
500213
500240
500303
500644
500742
500766
500792
500825
500901
501085
501128
501170
501171
501267
501773
501812
502191
502512
502600
502624
502758
502775
502894
503045
503073
503247
503307
504109
505449
505776
505862
506423
506772
506839
506976
507007
507231
507265
507626
507645
507757
507964
508745
509331
509412
509494
509926
509991
510288
510300
510346
510401
510511
510605
510637
510858
510919
511135
511157
511197
511270
511472
511966
512297
512343
512724
513292
513388
513541
513599
513813
514215
514520
514738
514967
515438
515449
516040
516119
516441
516552
516716
516780
516905
516971
517093
517371
517371
517650
517694
517776
517791
517938
518131
518160
518237
518495
518604
518661
518856
519064
519186
519237
519248
519291
519401
519498
519897
520238
520453
521161
521170
521236
521280
521365
521673
521718
521849
521883
522361
522613
522777
522838
523005
523139
523141
523294
523344
523569
523588
523928
523944
524069
524158
524418
524539
524961
525909
525929
525996
526060
526229
526230
526372
526883
527149
527173
527209
527356
527449
527559
527585
527720
528004
528086
528169
528402
528492
528711
528712
529200
529320
529380
529391
529518
529778
530488
530873
531334
531531
531545
531922
532114
532544
533018
533668
533874
534090
534222
534530
534797
534930
535593
535701
535927
536203
536255
536636
536670
537913
538058
538159
538227
538285
538353
538607
539090
539259
539520
539959
540023
540335
540464
540574
540578
540582
540611
540998
541526
542578
542579
542771
542949
543017
543162
543245
543246
543534
543613
543909
544097
544430
544510
544910
544978
545025
545273
545310
545329
546150
546774
546904
547154
547536
547918
547944
548136
548795
548966
549012
549052
549510
549544
549556
549585
549641
549755
549828
549977
550979
551162
551259
552156
552222
552266
552397
552450
552688
553025
553213
553549
553604
553737
554001
554028
554100
554219
554278
554516
554522
555116
555124
555405
555523
555708
555782
555879
556193
556356
556677
556717
556784
556863
557500
557607
557938
557940
558031
558245
558252
558493
558763
558938
559143
559240
559552
560010
560025
560329
560526
560657
560705
560923
561094
561171
561255
561412
561562
561671
562000
562029
562127
562334
562823
563222
563363
563589
563740
563753
564186
564287
564322
564551
564703
564860
565218
565265
565435
565497
565722
565934
566229
566265
566297
566482
566680
566688
566691
566715
567056
567153
567166
567433
567902
568164
568239
568356
568415
568736
568820
568960
569023
569064
569341
569649
569746
570257
570309
570347
570519
570576
570621
570718
571055
571324
571463
571553
571611
571707
571927
571930
571975
572015
572039
572266
572407
572919
573101
573242
573306
573427
573745
573791
574113
574192
574468
574499
574598
574825
574937
575191
575626
576275
576545
576660
576829
577343
577438
577645
577787
578180
578347
578489
578516
578952
578972
579374
579861
580335
580517
580783
580920
580924
581073
581185
581231
581387
581830
581914
581950
581973
582447
582678
582707
582805
583114
583230
583368
583484
583810
584041
584527
584567
584570
584596
584766
585789
585920
586090
586364
586403
586507
586546
586658
587195
587701
587844
588028
588094
588333
588471
588595
588937
589765
589782
589925
590146
590198
590262
590495
590961
590972
591007
591104
591151
591212
591512
591588
591616
591678
591740
592459
592545
593011
593289
593319
593542
593693
594012
594123
594556
595380
595530
595592
596471
596581
596646
596657
596997
597055
597186
597328
597505
597543
597825
597899
597944
597972
598152
598424
599191
599326
599338
600086
600131
600291
600360
600370
600470
600504
600696
600767
601296
602780
603181
603219
603309
603322
603672
603870
604056
604148
604600
604915
605048
605617
605844
605993
606033
606079
606138
606199
606299
606434
606509
606522
606819
607092
607258
607889
607978
608147
608474
608656
608682
608731
609547
609670
609962
610031
610093
610282
610404
610592
610874
611135
611165
611238
611474
611528
611917
611960
612021
612255
612383
612421
612541
612784
612844
613530
613541
613850
613882
613885
614125
614186
614324
614634
614937
614971
615063
615071
615373
615599
615874
616536
616958
617003
617236
617822
618538
618606
618779
619141
619196
619349
619386
619403
619442
619790
620044
620626
620720
621236
621328
621616
621646
621744
621776
622099
622314
622473
622478
622776
622970
622977
623000
623689
623875
624191
624226
624312
624482
624527
624585
624594
624738
625149
625645
625738
626245
626742
626944
627003
627456
627661
627749
627950
627991
628068
628118
628140
628594
628685
628774
629269
629313
629391
629458
629515
629611
629972
630039
630177
630418
630589
630677
630708
630865
631148
631166
631373
631851
631934
632036
632421
632469
632542
632756
632784
633244
633587
633917
633917
634117
634139
634173
634325
634370
634648
635019
635067
635556
635783
635985
636004
636119
636187
636293
636441
636504
636662
637456
637696
637757
638222
638297
638441
638842
639034
639130
639280
639365
639877
639895
640237
640297
640831
641018
641123
641454
641461
641740
641772
641930
641993
642329
642329
642617
642632
642878
642887
642941
643184
643295
643633
643733
644072
644267
644270
644347
645048
645072
645391
645658
645847
645868
646110
646145
646276
646351
646373
646401
646628
646776
646808
646845
647800
647863
647952
648035
648182
648559
648851
648860
648907
648937
648986
649212
649418
649505
649606
650086
650107
650137
650397
650781
650891
651076
651118
651153
651347
651489
651739
651868
652195
652299
652402
652637
653033
653101
653149
653503
653734
653762
653852
654388
654406
654601
654610
654768
654819
655411
655435
655960
656043
656337
656380
656389
656797
656864
656903
657156
657255
657261
657261
657294
657375
657749
658032
658111
658127
658188
658332
658736
658736
658842
658880
658907
658937
658953
658967
659221
659365
659458
659569
659832
660123
660173
660629
660632
660718
660731
660778
661046
661108
661338
661368
662558
662577
662733
663137
663208
663908
664180
664705
664719
664850
664877
665254
665481
665745
665862
665972
666009
666105
666228
666529
666595
666597
666658
666683
666713
666923
667110
667585
667702
667734
668188
668349
668427
668445
668469
668545
669070
669460
669474
669633
669962
670377
670694
670985
671098
671105
671245
671335
671458
671663
671693
671701
671800
672039
672331
672340
672434
672605
672808
672832
673032
673211
673223
673250
673467
674258
674350
674449
674711
675161
675172
675365
675921
675957
675981
676056
676095
676223
676228
676330
677165
677920
678311
678313
678400
678962
679188
679338
679380
679444
679503
679558
679960
680281
680359
680406
680625
680670
680822
681161
681199
681475
681528
681976
682085
682184
682378
682477
682749
682859
682888
682900
682939
683049
683317
683513
683791
683794
683851
683856
684025
684112
684270
684436
684481
684503
684572
684576
684634
684661
684745
685042
685338
685460
685545
685576
685868
685969
686106
686504
686536
687045
687160
687214
687590
687669
687779
687885
688047
688192
688588
688704
688831
688883
688981
689179
689180
689190
689214
689280
689427
689453
689577
689954
690147
690653
690654
690675
690685
691412
692232
692399
692609
692777
693041
693076
693396
693416
693520
693726
693751
694127
694419
694849
694915
695269
695291
695345
695559
695651
695997
696022
696203
696244
696329
696410
696489
697062
697128
697284
697382
697603
697762
697790
697928
698210
698291
698309
698502
698542
698731
699165
699321
699604
700059
700081
700105
700144
700272
700346
700502
700730
700989
701088
701506
701649
701674
701953
702004
702251
702767
703382
703563
703756
704169
704246
704406
705014
705060
705220
705235
705687
705726
705790
705894
706183
706424
706435
706447
706989
707170
707383
707424
707582
708202
708482
708553
709002
709073
709247
709773
709781
709788
709837
709880
709978
710063
710117
710344
710707
711715
711794
712252
712365
712381
712428
712785
712877
712878
713007
713209
713566
713999
714062
714105
714383
714636
714760
714936
714950
715157
715239
715866
716209
716275
716461
716476
716555
716656
716818
717674
717674
717938
717967
718054
718117
718356
718600
718974
719110
719136
719200
719639
720099
720311
720321
720627
720649
721505
721628
721674
722353
722646
722871
722898
722942
723034
723332
723420
723458
723572
723847
724001
724134
724280
724545
724552
724590
724870
725206
725462
725613
725757
725800
725818
726028
726341
726356
726490
726531
727107
727178
727191
727225
727250
727329
727447
728079
728114
728632
729461
729518
729582
729992
730076
730261
730418
730472
730889
730953
730982
730994
731049
731215
731470
731497
731660
731830
731835
731980
732494
732906
732913
733197
733591
733658
733716
733892
733896
734053
734068
734169
734282
734531
734583
734859
735240
735310
736441
736478
736539
736648
736889
736890
736964
737058
737200
737333
737376
737438
737774
737842
737895
738023
738029
738216
738357
738432
738910
738984
739065
739069
739145
739998
740391
740468
740540
740602
740626
740743
741226
741855
742151
742598
743263
743816
744060
744300
744592
745317
745437
745700
746098
746593
747587
747638
747676
747694
747928
748081
748126
748404
748618
748862
749093
749148
749356
749611
749822
750010
750353
750580
750627
750838
750967
750985
751122
751178
751479
751996
752252
752559
752778
752935
752966
753253
753645
753756
753992
753995
754268
754272
754386
754845
754935
755121
755575
755619
756031
756036
756040
756331
756342
756519
756536
756699
757027
757030
757205
757235
757278
757283
758380
758464
758557
758653
758860
758881
758900
759586
759591
759687
759955
760831
761049
761054
761084
761181
761237
761389
761661
761673
762731
763311
763384
763645
764195
764310
764355
764510
765096
765520
765531
765639
765756
765910
766161
766518
766608
766770
766839
767105
767272
767387
767572
767695
767847
768023
768149
768188
768323
768347
768955
769188
769457
769658
769822
769848
770010
770188
770577
770805
770824
770873
770936
771027
771109
771304
771495
771752
771877
772229
772247
772282
772443
772508
772847
773013
773095
773138
773191
773779
774083
774247
774526
774814
774855
775185
775219
775228
775237
775361
775367
775475
775485
775640
775733
776227
776454
776729
777913
778008
778950
779147
779308
779821
780218
780252
780273
780405
780568
780906
781098
781191
781339
781452
781471
781653
781961
782168
782519
782973
783606
783916
784101
784197
784698
785211
785342
785518
785638
785950
786274
786286
786729
786974
787280
787326
787609
787858
788064
788091
788094
788611
788626
788825
788878
789078
789357
789567
789713
789807
789855
790262
790441
790464
790560
790668
790866
790882
790990
791248
791632
791921
791949
791976
791988
791995
792641
792660
792817
794476
794724
794903
794928
794943
795017
795258
795273
795353
795761
795777
795833
795989
796056
796668
796910
797817
798359
798420
798758
798977
799114
799566
799899
800130
800240
800443
800503
800553
800557
800833
801003
801816
801934
801973
802015
802379
802416
802509
802546
802963
804058
804081
804113
804209
804243
804453
804582
804651
805042
805115
805424
805686
805853
805872
805958
806562
806577
806614
806672
806848
806856
806857
806898
807163
807202
807743
807853
807956
807958
808178
808365
808397
808923
809041
809130
809288
809728
809772
809930
810256
810403
810706
810778
810882
810992
811014
811346
811347
811506
811549
811572
811823
812002
812042
812639
812889
812916
813248
813586
813663
813862
813895
813915
813949
814133
814524
814570
814601
815301
815390
815554
815909
816185
816351
816909
817239
817501
817539
818251
818312
818328
818438
818687
818776
819118
819205
819575
819772
819928
820032
820356
820565
820967
821011
821148
821579
821706
822102
822193
822641
822818
822971
823005
823149
823548
823587
823628
823724
823764
823935
823942
823988
824164
824392
824855
824936
825042
825156
825250
825389
825435
825638
825769
827073
827651
827950
828140
828489
828999
829150
829252
829255
829622
829840
829848
830025
830317
830461
830880
831043
831295
831302
831651
831669
832155
832172
832180
832221
832266
832318
832652
832806
833004
833198
833209
833457
833525
833556
833597
833669
833781
833937
834019
834255
834280
834376
834419
834437
834527
834772
834870
834874
835276
835396
835680
835803
835894
836357
836399
837052
837215
837374
837382
837417
837417
837856
838258
838466
838542
838694
839023
839396
839437
839644
840158
840434
840542
840889
841066
841426
841472
841586
841652
841740
841948
842130
843025
843377
843412
843581
844119
844550
844767
844799
844966
845782
845919
846057
846231
846333
846368
846457
846490
846873
846940
846941
847142
847440
847544
847630
847987
848023
848386
848687
848692
849021
849031
849181
849341
849347
849425
849504
849645
849698
849885
850132
850830
851255
851860
851866
852206
852311
852366
852626
852694
852721
852781
852851
852934
852978
853123
853175
853180
853199
853418
853529
853562
853571
853582
853729
853970
853978
854046
854174
854624
854860
855244
855262
855672
855801
855994
856158
856225
856324
856462
857207
857567
858687
858695
858720
859023
859455
859476
859974
860506
860565
860569
860604
861248
861334
861654
861793
862165
862289
862301
862332
862357
862373
862643
862672
862731
863309
863361
863520
863910
863970
864686
865156
865163
865174
865191
865195
865307
865566
865791
866048
866427
866728
867028
867195
867341
867465
867496
867524
867571
867646
867708
867962
868016
868123
868248
868420
868548
868867
869165
869230
869282
869388
869460
869470
869577
869672
869748
869918
870418
870532
870696
871043
871137
871584
871680
871748
871757
871778
872160
872254
872443
872557
872630
872691
872952
873158
873283
873292
873361
873590
873766
874322
874467
874510
874599
874745
875012
875494
876266
876296
876361
876480
876573
877069
877225
877367
877446
877682
877699
877763
878022
878049
878210
878229
878307
878839
878840
879048
879147
879235
879442
879472
879549
879583
879621
879627
879854
880135
880284
880356
880369
880534
880889
881041
881261
881449
881624
881680
881969
882587
882653
883118
883150
883372
883401
883593
883606
884085
884517
884701
884812
884894
884915
884952
884977
885163
885245
885254
885396
885407
886024
886086
886926
886992
887069
887216
887966
887993
888061
888082
888201
889294
889997
890156
890376
890435
890930
891091
891098
891773
892069
892357
892535
892850
892855
892881
892992
893505
893533
893724
893774
893914
893981
893984
894356
894478
895046
895153
895183
895267
895307
895414
895480
895574
895725
895928
896026
896205
896262
896490
897214
897261
897304
897708
897920
898390
898587
898853
899144
899165
899178
899215
899583
900071
900348
900378
900410
900912
901234
901875
901989
902323
902377
902528
902559
902592
903551
903933
903937
904003
904030
904056
904160
904271
904577
904805
904830
905134
905585
905667
905710
905742
906278
906304
906449
906667
907080
907428
907637
908457
908875
909037
909498
909842
909843
910009
910321
910651
910759
910806
911262
911533
911641
911849
911932
912483
912578
912678
912707
912842
913118
913807
914481
914523
914573
914600
914983
915023
915188
915519
915624
915797
916052
916114
916416
916566
916647
916746
917224
918016
918396
918787
918792
918844
918978
919039
919435
919589
919635
919901
919943
920276
920365
920437
920592
920600
920836
920862
921041
921045
921250
921435
921540
921762
921811
922129
922322
922390
922955
923014
923164
923345
923745
923796
924196
924271
924717
925016
925163
925532
925553
926823
926905
927236
927360
927422
928461
928599
928625
929106
929523
929551
929685
930213
930229
930273
930279
930352
930905
930992
931115
931321
931411
931421
931620
931967
931984
932184
932270
932437
933277
933440
933596
933637
934211
934492
934526
934681
934705
934850
934903
935016
935250
935428
935906
936098
936231
936258
936303
936857
936861
936897
937144
937324
937435
937875
938027
938398
938717
938823
938995
939019
939166
939441
940113
940750
941009
941077
941298
941580
941741
941913
942126
942643
942790
943278
943289
943360
943398
943483
943640
943817
944000
944297
944398
944466
944479
944627
944798
944799
944882
945089
945278
945290
945537
945569
946546
946547
946560
946833
947112
947237
947825
947899
948230
948433
948542
948649
948803
949267
949306
949423
949466
949514
949661
949894
950129
950302
950952
951289
951328
951656
952239
952756
952935
953207
953322
953510
953823
954582
955159
955351
955606
955855
956157
956518
956971
957045
957150
957203
957253
957621
957786
957981
958161
958329
958425
958619
958696
959409
959778
960295
960408
960496
960631
960866
960928
961120
961321
961509
961698
961808
962251
962423
962548
962651
962881
963294
963346
963376
963712
964193
964327
964341
964402
964484
964585
964912
965114
965262
965349
965555
965671
965877
966002
966014
966170
966323
966436
966561
966595
967101
967136
967145
967151
967195
967223
967281
967458
967579
967733
968000
968254
968632
968827
969070
969433
969567
969588
969895
969924
970151
970218
970318
970364
970833
970928
970971
971320
971395
971403
971476
971500
971622
972026
972182
972317
972377
972440
972569
973154
973207
973211
973229
973306
973570
973578
973598
973725
974128
974152
974931
975481
975748
975795
976273
976687
976817
976984
977137
977275
977310
977495
978383
978708
978885
978997
979120
979136
979583
979727
979848
979940
980285
980631
980821
981030
981089
981304
982061
982170
982188
982573
982926
982928
983025
983091
983238
983276
983647
983743
983967
984195
984662
984782
984861
985127
985317
985365
985699
985891
985990
986042
986461
986565
986597
986946
987474
987695
987819
987953
988209
988215
988342
989201
989319
990153
990164
990537
990981
991025
991270
991491
991578
991802
991806
991858
992035
992148
992173
992308
992412
992592
993471
993768
993885
993910
993959
993975
993980
994165
994238
994365
994444
994773
994778
994857
994878
995011
995126
995380
995818
995916
995964
996053
996192
996506
996566
996653
996721
996845
996978
997010
997187
997336
997346
997540
997796
997830
997891
998060
998119
998126
998131
998235
998261
998264
998404
999172
999623
999993
