1200
1314
1551
2186
3322
7118
8566
10265
13742
19572
21466
21910
23644
25015
27504
31813
34954
37253
41669
41833
42794
42916
46481
46561
49572
52172
53634
54359
58123
61068
62148
63020
63460
65326
71470
73197
79678
80370
80794
82857
85313
93218
94479
98177
100226
106832
108290
110127
111644
115525
117076
118038
121453
121492
123420
123861
124594
124612
127661
130186
131115
131805
132855
136114
136991
138718
139654
139710
140381
141588
145074
146181
147343
147688
151014
151243
152624
159417
162727
163396
167984
168784
170053
171555
173636
176737
177481
179154
181029
187774
189304
196320
197734
197833
204347
209137
211535
212671
213995
214577
221177
223374
223639
230159
231666
231938
234400
236050
243832
246843
258926
259673
261203
264366
264766
269458
269483
270510
270995
271066
273354
274428
275499
276359
277446
280466
284847
285989
289111
295122
296104
296584
298137
300733
301066
301558
301575
302127
305065
305368
306883
308163
308635
311723
312479
315842
317805
320467
320771
320929
323797
323871
325078
325318
327151
329367
331674
336582
336681
342200
342228
342648
342972
344433
345614
355638
358230
358389
362183
367077
367402
367507
368732
369289
370639
371120
371425
371868
373868
374047
376498
380311
380577
391780
395468
396557
399557
402190
402879
408115
408683
410944
411681
412834
413829
415846
417565
419219
422320
423646
425510
427404
428070
430597
430920
431402
432689
434531
438713
439667
442326
449955
451435
451584
453175
455129
458358
460330
460377
461273
465618
465810
469599
471337
479132
480464
480652
482419
482574
482582
482833
484406
488516
491533
492753
493908
499328
499776
503182
503585
507351
509011
512330
513909
514131
514198
515654
516372
516955
517607
518355
522971
526377
526983
527486
528554
529320
534826
535908
536680
538142
538201
538722
539224
539301
540790
544780
545548
545747
548323
551100
551394
553455
554874
557868
558286
559428
560381
561427
565073
565577
565749
566227
568497
568700
571415
572679
573626
577038
577044
578284
578901
582914
587012
590000
592077
595453
596648
597022
597238
597363
598487
599455
600093
603513
606196
609615
611992
613365
613528
614408
615785
619386
621639
632309
632968
633918
634143
634561
634750
635471
636259
636954
638868
640465
641654
643309
645483
645925
647268
647527
647761
654006
654537
654957
655736
661268
661559
661561
661660
664787
666351
668497
668764
672884
675213
676857
677396
679178
681389
687490
689632
690020
690165
690347
692438
692667
693348
695450
696905
697081
697402
698224
701362
703587
707163
708116
708713
712975
714223
718360
719151
719962
722859
723004
725612
726782
729826
729882
732602
736123
736185
737347
739668
743803
744185
750675
755160
756050
759586
759975
764964
768362
769558
770981
772708
772973
774209
775403
775558
775886
777880
780634
780667
782454
783990
785317
792014
792125
795826
795910
797503
799899
803220
811082
817994
819287
820750
822788
824373
824767
825819
827921
833753
837362
840659
841205
843931
846507
847850
850354
850367
850859
852093
852893
857469
857849
862088
862569
863852
867052
867448
869138
874076
874795
875473
882917
884607
884978
889810
891970
893388
895565
896299
896587
897613
907793
908595
912552
912631
914906
916125
916191
916227
916693
920209
924506
926080
926340
931621
933907
935926
937606
939010
943597
946152
947812
949623
949816
954205
954619
955783
958182
958491
958768
959292
959474
960789
963666
965486
967480
968740
969994
972539
976480
978663
982551
988425
995087
997105
