742
2319
3267
4580
4907
5452
9037
11953
14086
16118
17359
17705
18128
18213
24951
31053
31508
32335
32482
33089
33116
33918
35958
38051
38102
38861
39110
39690
40228
40654
42072
47626
50758
51628
51887
52076
52628
58986
59501
64207
66890
69414
71777
74459
78903
79769
80335
81720
82115
84267
86060
87900
88277
90195
92723
93516
94587
95323
100544
100971
104155
106554
106947
108976
111512
112896
114193
120542
124385
124720
125932
126788
127996
131229
133311
135211
137515
139847
145970
146322
150599
151102
152802
156004
158037
159535
163389
163886
166436
167205
167494
167567
169662
172510
173577
173892
174678
183573
185163
186435
190098
191610
192984
198183
199237
200707
201064
202002
203541
217915
218595
218904
219544
222233
225281
225987
229953
231995
234561
239606
242023
246200
249194
249852
250496
257499
257790
259857
260250
260706
267648
267732
268512
270435
271460
273516
273963
276536
276539
276745
277761
279840
280966
283183
283509
284692
284893
289750
294007
296275
298463
299605
300298
302013
302881
305247
305596
317341
318784
320791
321284
321414
322666
323607
324174
328025
330351
340337
340539
345990
347883
348525
350004
350400
351884
357553
358282
359461
361802
361821
362422
364719
366675
376991
380477
380990
381242
381365
381930
382275
386062
389416
396835
398670
402305
403457
407101
407554
407652
407825
410003
411601
412500
412754
413114
415292
415652
416493
420382
421418
421733
422589
423217
425326
430037
431286
432057
432446
434447
437458
440025
443701
444162
448384
449128
450426
452845
455221
456985
459638
461123
470172
470384
473063
473805
475639
476334
476597
476904
479024
480577
487004
487260
487319
489874
492303
494684
495673
496714
498767
500527
501066
503148
504185
504299
504342
506540
508568
511128
512658
515749
519201
519697
520966
526897
532884
534558
535206
536412
539578
542112
543246
543504
544766
546817
546922
549324
550132
550401
551889
552952
553383
558740
559357
562023
564668
564957
565469
566299
568259
569137
569781
573351
576611
576799
581895
582024
590750
593311
595394
596904
597610
597967
598328
600899
601743
603380
603878
604468
607979
612916
612969
615199
619518
623992
626851
627167
628583
632194
633030
633375
634129
634512
634662
637319
637386
637997
638553
640964
644058
647781
648013
649986
653741
654526
654747
658615
659651
666982
668720
671553
672119
674624
679130
679584
679855
681666
683593
683615
683742
685136
686066
686179
688915
689633
690005
690743
699091
703217
706955
707534
709227
711843
715442
718065
718379
722436
722723
723434
723953
726050
727324
728719
728764
739338
741263
741265
745170
747108
747723
752915
753173
759000
762488
765401
766204
767972
768073
770766
771145
771714
774186
774773
776304
778642
780021
780065
780409
783655
783916
783951
788521
789853
795265
795966
799083
801927
802002
803261
811295
811518
811704
815197
816798
820175
821075
821190
821948
827913
828636
830251
832020
837108
838107
842970
846263
853104
853859
857246
858010
859290
859550
859714
860150
860854
864791
865732
866138
868749
870137
870654
878116
878620
880707
882520
882817
888336
889404
890642
893436
896631
900853
901461
905076
908464
911649
912967
913795
915265
916280
918188
918491
919627
919968
921041
926889
929333
929670
929868
930176
930666
937023
939350
939481
940003
940927
942027
945778
948571
949316
956331
958014
961078
961366
962246
963797
968772
969566
971016
971806
974461
975043
975781
979569
980288
984129
986204
989437
994069
998573
