995
4417
9084
9405
9456
15057
18305
19613
20446
24430
25208
28410
29015
30960
33671
35625
36241
37696
39461
40348
42982
45306
45659
45673
46625
50034
52855
53710
54190
55345
55880
56334
59315
59444
63705
64397
69459
70889
74948
75717
76453
82558
85612
87309
87872
89463
91590
93118
93484
96666
101993
102413
105307
105710
107007
109220
113557
115397
115525
116201
123548
125991
127395
131190
131398
139907
140631
142583
143341
144002
146701
147819
148453
150274
156059
156110
158926
159567
160045
161531
164692
165058
167990
169201
169606
173172
174327
180158
181981
185264
188454
188508
190381
190804
194128
194527
195655
196928
197232
198531
201073
210564
212939
213192
215902
219860
221119
225272
225363
225605
229655
233614
235312
237078
238722
242616
242840
243481
244286
251541
254102
258536
263692
264449
265482
267103
268101
268963
272334
274725
275210
277631
278094
284560
285228
287456
288939
291055
292458
297035
302653
304030
304079
305314
308380
312427
316542
322018
323799
324579
324897
325197
328909
332515
333273
333273
337182
338010
342041
343290
343763
344654
347841
348102
348157
348297
353596
354805
355493
364997
365450
369000
372457
373007
376425
379676
380557
382692
383198
384851
389546
391492
392084
395133
396153
398560
401539
403916
406367
406506
410478
412663
415846
417997
418581
420143
420556
423885
424379
425146
426971
427217
428957
429195
430817
433042
435477
438852
439418
440128
440299
447364
447419
447942
448023
450399
455229
456336
458357
458611
460896
466764
468604
472370
475173
477913
478515
481926
482633
484107
487759
488379
489242
490689
494680
494977
495217
495511
496185
498396
499115
501355
504076
505520
509000
509315
510016
514874
515061
515319
517252
519243
519318
521500
521518
523999
524589
525433
531404
531916
533810
534516
535314
536635
538917
539309
545029
545931
546435
548959
552809
553714
555472
558301
559004
559465
559812
563470
563574
564828
565046
565301
571111
572052
573949
574238
575450
576138
578889
579618
580281
583076
587515
589955
590481
590597
591475
592956
596094
597841
608092
609104
609970
610196
611792
614057
615622
615866
618447
618507
621366
624568
630427
631797
632380
633129
633888
636576
641548
642653
642706
643450
650828
651959
653082
654500
658709
660756
663143
663909
664944
665142
665270
666587
667001
667186
669856
678720
681231
683832
690357
690411
690955
692411
693612
694588
698450
698752
702319
703482
706154
711876
712162
715138
716704
723096
724778
725558
726377
726803
732901
733024
735816
736686
741149
742160
744408
748051
748960
749191
753904
754985
755524
756616
757232
760140
767646
769029
771616
777356
784639
792431
794148
799369
799771
801259
801270
801514
805684
807028
807673
807800
808278
808729
809114
809139
812981
818036
820503
824492
826405
830568
831305
832150
834271
835171
835291
835655
838415
840848
841362
843513
843659
845125
845403
846687
851867
852643
853147
856588
858642
860169
861752
862172
863405
864142
867673
868802
871725
872968
875860
878912
879750
883322
889292
891194
893528
897717
899572
900241
904298
905226
905662
905835
909266
912491
914205
917176
918069
918708
920305
920631
921503
922596
923790
929438
929576
930988
934764
936729
937722
940201
941199
943344
944640
944868
945336
950873
951753
955562
956374
956530
956686
957211
957456
958473
958625
958800
959247
964792
965376
965902
966276
966573
973072
974800
975900
977884
980570
982685
985008
986244
986307
988909
992836
995067
996703
997185
997376
999593
