2919
2970
3259
3717
5499
8442
8923
13641
15295
15937
16719
16853
21053
21966
23341
29509
32151
32971
34677
34712
36975
37698
40240
42251
45672
48842
50794
51166
56759
61137
64769
66304
76293
78313
80598
84121
87526
90848
92204
95558
97079
98266
99130
99333
100161
103565
106021
108253
109580
110419
116123
120638
122325
123209
126530
128872
129083
130744
131517
137237
137994
142220
143747
143874
145347
147640
149464
151271
151304
152066
152418
155173
157812
159668
162059
163637
167190
169163
171091
171856
172233
173264
173846
175804
176807
181562
185327
187479
189422
189619
190806
191783
196956
197143
198158
200494
200809
201773
202396
207329
207366
208628
216655
218224
219052
219866
231036
234231
236627
236697
240766
240873
241208
247851
253296
255191
255396
255684
256177
261222
264390
265529
266668
268210
268881
270309
273005
273208
273928
274342
276008
277457
278356
285503
285602
286310
288578
294295
294324
297087
299610
300291
303651
309365
312039
312405
315314
316274
316513
317244
320692
320867
322111
322115
324986
325382
330063
330611
331744
332328
333466
335405
336198
337567
341016
342853
343224
344415
345368
348004
349303
353148
354593
358526
359069
359598
362244
364402
371639
371803
372387
373871
375434
379546
382817
386735
387340
388239
393248
399494
399861
399873
401838
402192
402923
407866
408867
412703
412964
415458
418230
420657
426690
428964
432766
433537
434416
437017
437550
439481
440255
440895
441220
442778
444052
444872
445050
447598
450933
452250
453364
455001
455352
460159
460909
461197
463564
469124
472831
476890
477991
478030
478312
478946
479297
481082
484028
488235
499268
503806
504014
504379
508647
511088
513193
514599
515436
515558
517219
519836
522201
522735
523999
524090
529175
529193
529958
530958
533943
537607
538717
541234
542414
542861
543767
543828
543949
544303
546943
546953
547480
547922
547977
548892
548898
551404
552060
552278
553186
553588
554404
558840
563339
565269
566542
570206
571320
571542
572550
572959
575394
578694
579463
580787
581397
582673
585449
585708
588328
588615
591752
593087
600300
600865
608068
611141
612654
623423
629219
629596
629909
635797
636960
637539
637990
640546
642738
643188
645967
652735
654371
656618
656798
658205
660903
661201
667367
668461
668527
675125
676568
676974
680284
682854
687592
691540
693447
706426
714327
714429
715823
720868
721490
722696
723222
727502
728439
729835
730592
733819
734287
735010
735143
737552
740610
741604
742277
744587
745127
745877
746992
750818
751217
753411
754817
756196
760047
761995
762022
763051
765037
765534
765641
766325
769247
773187
773694
774086
779410
781976
785653
786645
787234
787454
787793
788468
789745
791163
792262
794043
795381
796328
798872
801235
805347
805751
807476
813097
813455
813867
818273
821884
822152
825920
828427
830136
830446
833775
834207
837026
837600
838855
839192
845278
846561
847674
850586
851031
852385
852549
856237
856796
857431
860165
864016
864246
864734
867179
867979
868799
872460
874045
874512
874935
875761
876978
878245
879695
880151
882068
883092
884870
885012
886095
887756
888583
893857
894203
894287
894328
895109
898398
898982
900469
912131
912803
914589
916962
917318
920224
921983
922256
926186
926792
930562
930799
934647
936148
939647
940808
940966
946053
947352
950560
952743
955222
955273
956261
959016
959853
962214
962273
967640
969392
972312
976000
979899
980357
980459
981772
982765
987630
989762
995024
995955
996156
996537
996737
998949
999729
