912667
681481
217652
435474
954669
749627
707333
672514
914754
740232
959334
349221
89621
508361
391598
160887
603688
655254
101783
185563
975773
162521
217765
150325
83060
760254
262960
641333
889442
416710
604112
458036
542538
741755
678757
472758
892123
784318
45568
804623
141381
63356
608434
436515
373272
3711
111407
99974
88060
954081
404701
534146
872455
768859
985407
888566
272702
128571
918969
683803
32748
177332
609663
863586
361944
848975
976350
596793
189285
675584
615143
790893
305995
565139
242804
894506
188078
891141
380632
478365
489496
618223
112615
885434
392216
878173
102750
431833
148214
519741
15537
828988
718161
758643
265072
929323
396887
503754
718805
26880
217441
434820
389804
275967
437929
803986
924703
893469
478184
311071
520221
346338
325648
289094
666983
728168
450147
521317
436855
987907
791343
930249
369101
108347
864102
951625
613207
621108
96094
941678
820091
345519
56353
555663
14597
150825
849650
336892
703336
216929
468765
621265
873203
443703
22265
606122
20433
642800
960958
628277
173628
560790
174909
412642
132736
956156
318336
454519
475944
805215
866366
124545
535879
516649
366843
886309
625444
415375
76026
924757
256323
996249
440992
116830
614540
138690
313575
927773
720539
179701
446203
64466
614947
363895
23028
908237
315775
181860
161905
7236
784599
599250
129741
953670
157803
771858
811841
650762
95423
479573
734678
107809
210019
388906
873029
563531
779422
979173
453613
54373
71734
894492
184815
654143
985951
830091
979690
288140
434942
920535
478926
726323
934296
239024
833567
126978
81948
615823
630024
8002
835081
965023
278169
631333
37117
752952
270623
155420
670044
539590
882207
171269
509657
569736
616046
161730
216356
705716
56432
762661
548272
754232
876203
702471
904096
79324
933319
250872
986445
699715
627108
890896
797430
396049
765400
659748
665797
117990
880068
285781
833658
298439
636497
983106
53622
364830
998284
70941
503014
741464
937436
368219
969610
746028
566812
249541
335649
463484
910105
530476
768819
748436
999593
481145
389819
456655
975782
102626
280622
119640
574406
160633
66284
66190
184408
493598
258946
766721
156765
962069
42714
401817
14657
822642
947648
63191
719861
899761
508433
145074
228202
780066
239618
904867
510763
251393
106826
6141
444503
983780
220525
459443
523898
676493
824166
803518
199880
165727
829169
952470
68917
399662
997170
269469
829428
137839
411077
160219
792457
115855
626339
840036
925389
11871
477677
160662
433726
257836
102745
758719
36800
471341
101238
115675
203253
304213
726301
859130
531124
276489
440694
501696
669416
901996
79204
304775
178696
888277
194638
34655
676910
716642
484491
134709
881687
279654
458025
589585
879414
98109
870618
721785
828853
114433
67516
79603
634057
622613
562820
401704
725104
782878
449350
939108
616778
806482
952867
963706
693137
785896
363983
879237
830135
535919
127293
458889
966170
100667
374122
863607
924327
858042
89795
298191
913224
60964
655348
457120
316811
890897
747278
16683
228689
284324
842068
143270
188462
929445
607587
654492
498148
557997
119547
584817
283703
311162
723182
611011
894893
263202
749091
826285
155940
952613
834759
565413
837967
998363
980178
95813
594383
270860
372913
497191
629674
463646
815766
618153
941290
827497
742488
921935
928468
902631
53959
345288
956227
641991
528720
799305
639842
565344
143177
512406
436099
439427
599643
316831
610526
657193
855241
446599
156008
55179
98337
87231
156239
689873
790653
663633
434960
631266
26614
584889
809334
943194
701031
309486
493552
472793
938585
104254
974157
488376
748304
224919
49366
579223
651313
763554
498824
554066
784974
565257
390956
610898
317072
82521
85461
615935
214272
277955
949814
382611
238514
601405
791261
113354
856526
818758
894928
416182
304764
587846
241346
317743
62507
25427
265586
934311
198143
932944
495265
617563
986645
799472
431790
263589
993011
432664
926607
356462
349009
606307
6062
780674
608766
854335
153246
155644
674161
11636
117944
633312
194477
275077
391574
198663
386063
216559
542123
361205
305591
309454
898046
249670
156241
648479
563649
929415
361471
537440
677010
209506
654117
55956
73485
242097
714832
631906
306763
550387
664195
308509
83900
653148
450016
782239
340061
122950
979248
270606
271125
344966
790991
74048
620786
237529
811639
824571
839483
171518
812519
142549
172849
991069
863791
892090
951783
108452
226011
61452
251835
829363
238330
550821
949360
650477
818122
882872
781865
817775
525441
397205
231876
744093
283386
749451
168529
486232
347322
323687
28590
69708
992735
429467
545216
880869
594340
147386
955856
815009
233427
787168
54016
195904
804360
503919
425320
728281
119645
106036
721233
663751
674103
877415
424652
73344
615404
280465
793008
183685
829904
992200
673007
900021
801819
655702
385556
815485
248
914168
673628
624938
815660
601026
535086
284447
956193
177952
460663
109794
734031
788599
195686
416848
987206
69545
707777
419121
190874
552824
281570
819238
759915
324802
738834
209343
993167
87274
336513
974505
639199
466647
77855
357573
320219
121494
272089
677459
82810
897947
260659
334925
75027
290661
714686
541392
998241
214079
299831
89013
939190
928866
539836
85311
672511
373048
630123
183532
152944
834427
72025
363118
869644
216700
726828
714804
298898
170688
457238
307105
654343
675589
218798
915422
217693
599586
605613
248779
994813
910348
117761
861200
310838
156340
677201
149138
351617
499470
830414
894274
832176
110381
55666
873231
424627
597834
770009
19771
609927
650276
419000
352651
410748
428289
314494
445336
680161
933650
845381
663619
560973
457716
398389
418950
859661
810387
500534
258469
137701
464361
103055
355779
540997
844260
269984
924688
420042
266342
558904
135456
304813
501350
167572
186135
678540
401844
326005
202945
873043
930521
864797
859134
392199
188636
221221
868634
382639
43233
379902
750075
528863
619757
24834
976563
830498
717061
240438
781238
637251
648883
579231
762853
681976
744810
19773
264712
171884
956737
960168
240667
56423
900763
420294
856447
673885
797032
347367
57297
711824
514244
653309
6680
777442
821629
823675
272024
883899
35442
481288
184963
821906
356310
504672
886351
412508
56660
150216
71267
921743
656141
960876
319275
95314
888189
856662
427723
863299
691259
828941
359279
416612
529567
370760
136833
296291
965630
935181
972084
97220
28560
654315
345341
609965
492979
990160
664098
545294
70984
450824
550763
558570
586747
938131
460916
722695
958753
469857
575780
616814
760634
32684
262392
674527
329429
930162
603193
707733
208339
346894
4108
136561
564483
894770
246760
18950
734189
233923
949218
551552
537962
120401
398628
886577
497648
757618
411836
470202
394412
228090
170384
924370
682888
983128
586672
732214
134092
863248
802692
407853
361120
275856
740068
50295
158832
653938
663494
566418
397224
599181
157906
216040
725919
595256
139218
713432
851920
298012
527685
688159
468354
76661
810067
454627
645194
989157
208346
887772
886503
