991387
205374
728222
598281
780174
591996
477692
985642
382956
147842
353544
695569
561405
813149
714553
862062
927073
531486
346858
582779
446129
839383
20875
713679
4229
933618
439224
754943
768207
220973
426406
277169
769509
361717
70778
588030
853788
475422
281716
612099
257423
310973
567880
73669
659135
454179
682317
643390
242645
687222
605518
809480
639106
412461
622975
224933
507655
796071
675978
946473
929233
309353
885190
806853
352444
332275
643209
941424
196408
394813
410260
900339
379593
50899
15725
484306
993960
23114
503434
606226
182727
813086
153897
875436
8626
126442
959804
499660
280017
483714
613762
453830
92682
485360
726001
654614
920067
375178
964175
864274
420357
333292
53217
579438
133116
517208
996730
75179
154714
616870
263412
116894
129308
443241
927357
265113
482021
402976
907849
121528
556614
746262
988837
304970
164639
829335
252204
741849
335710
686415
867282
690264
553638
24192
799453
306408
264524
554847
362484
54022
863419
905868
196176
429013
448183
314989
956303
35524
103742
948774
509735
761116
986571
475894
45495
667113
172660
543665
29241
167874
370483
233174
804180
308982
780929
334924
289487
584148
235678
187262
55007
444695
593326
155024
687649
312684
821949
85628
889187
603042
124707
470926
212124
189741
282435
489592
381372
530455
257133
910226
821982
314500
96739
884338
121051
390688
447545
719973
317432
146535
311637
195335
276095
588368
369046
843972
262187
909847
819282
446315
6972
648806
62007
397676
652715
213087
796243
885742
170616
982088
68462
783375
902175
564052
486869
201337
82984
280458
544946
739549
444190
552468
256598
108815
487191
171238
647193
726462
64754
394121
311513
505550
143840
146179
372702
248340
345752
586597
541854
429421
245102
132081
599324
458428
853374
176421
181226
787774
773634
787176
491920
843595
805188
698000
601733
548267
301741
324366
699226
103442
875003
307767
92790
863994
33937
572207
483516
132571
269480
432436
856329
610058
167971
917189
488153
944875
66113
263213
297865
456020
357228
511087
913655
156032
429358
700943
4741
724781
913731
857595
74813
469907
649801
899349
412942
697281
891412
143006
467317
676757
450206
572800
827703
629655
648859
687543
274058
745906
312299
633502
222100
181521
183145
680658
618379
844498
458336
572741
828475
675754
98590
761825
730918
891797
401440
524054
681221
46519
24044
363970
689965
79764
899262
430204
394509
259625
853338
187325
90260
493605
911744
507756
110831
357703
638398
560709
317168
751957
269343
262821
131402
240182
684865
492532
175992
789357
800516
12015
82750
894770
327327
924049
973128
366895
62924
844125
760750
882900
668516
220299
858009
541399
657797
136076
540223
224139
6191
173628
246986
966620
302062
621028
975255
639205
630962
645544
116377
868782
598138
681043
882206
575109
975663
101053
727466
583863
174285
291095
966271
19115
313788
323795
304574
961244
687933
964466
482599
209777
523327
304427
151357
653755
174738
85365
693573
377930
56307
224754
863084
9388
674693
735608
607496
193604
699681
380220
699895
443714
52676
250077
321636
133188
940455
996746
645224
47113
597100
992850
99660
867662
345588
720775
811437
923911
733197
320525
346616
268859
844873
302084
109973
397180
940650
924687
502433
351170
522297
583809
76755
462820
288693
938596
834880
247090
27433
616037
958457
608753
175895
230175
159250
306484
326416
676866
705790
832211
807333
163488
718934
227531
752183
975060
955960
385010
863915
455055
244940
363988
401018
828416
815522
196975
7589
448863
182647
933128
798533
227031
225239
837161
129856
472078
719388
631863
703576
148626
769620
479475
802397
938145
503297
804237
568323
527317
396729
279008
496398
196138
966958
266447
910762
378861
783368
803066
305687
32644
575086
45020
370433
55124
741348
960324
201581
561170
272334
917165
17360
352746
995283
277116
612218
44293
510941
259031
849839
788603
446012
917021
349142
303829
637994
763589
349259
846141
26153
700822
945039
753412
681481
993984
569375
571344
415750
503382
528674
904481
352142
700393
936763
997054
837919
797506
883583
530112
68175
85371
511424
632314
791781
395322
479240
325187
135909
613259
333922
798307
524138
723673
204753
91030
547755
599113
864100
500991
638303
757300
535329
637036
987773
10622
480734
265666
76829
173655
439024
939013
922938
978958
182714
254278
82009
783565
392615
16426
714050
343285
337650
297170
980013
206167
408802
593580
862137
450059
934804
131606
33493
368305
125168
977194
619713
920514
467518
182634
645487
247890
246993
460105
370435
804260
908513
523668
712634
53417
27767
994619
639270
463767
683393
684416
511895
76835
577797
965371
376214
491162
489138
367751
169035
717601
178770
129997
476606
562951
326364
30507
139322
269828
485031
516544
405070
522577
450616
180566
826861
315555
267964
69997
840757
367237
124817
908000
607564
985745
437118
653047
190503
634250
67076
215944
183204
356441
97740
545802
735511
255523
398975
212791
422946
114435
52213
657501
26046
470633
645637
72962
653142
821819
608178
533522
403795
656807
97959
238385
855733
418194
318803
613647
363951
707276
532748
497862
231469
973601
628820
822065
56424
374378
236740
464204
311010
272703
306261
569271
247872
266314
207691
250713
104639
344886
762303
983521
644116
75591
617095
848936
501029
434372
491588
369779
567901
85967
523143
253972
965424
966741
284576
363439
460907
148128
558277
751322
10486
564937
328284
807390
470634
840715
389861
430299
32393
217076
29447
280135
137566
703284
910133
88087
636850
427928
876477
444918
392168
935568
247341
963634
928118
630316
982690
281206
463744
625638
96302
838770
181906
301912
37157
461655
36922
654798
192581
696830
883968
142838
546111
635816
988996
960180
860454
735904
989106
364626
5555
830589
125347
33941
681651
400964
395475
91370
658573
216874
794939
171839
543732
25270
878027
473583
471461
481925
741702
614741
482461
850983
273849
570690
675291
242151
963353
421577
781773
470120
795064
195639
30618
226603
755044
924320
885899
996909
531548
144212
32343
352045
554160
103089
962377
258636
599284
252946
495056
352972
533600
808997
177315
481915
279879
641179
430734
685801
294514
853176
146334
828436
371417
816074
275621
771877
69373
173174
208555
316307
778725
37485
348401
208422
469363
341758
76451
525590
792289
331526
880857
5394
56733
413762
755850
798684
368895
150405
61966
371793
603683
763717
366285
75782
138728
761935
963657
283471
332740
940507
49350
293593
267137
500538
597650
326071
586839
47659
333556
50170
479399
962318
54517
367288
284882
814512
417797
738415
467188
9285
90956
572100
538368
256307
148047
103908
98809
583562
769082
909195
55691
539026
274064
518051
566852
201854
996844
339780
552754
542972
246066
9818
506457
66478
403352
487845
473489
70962
930634
543961
506298
718365
509567
932517
455518
625927
612438
301329
415649
473856
478764
772096
404455
338465
539645
990293
426562
446781
48691
613554
875158
985077
983632
412892
339852
302186
212469
367098
