666616
738346
882596
583904
481482
976386
663229
746586
889046
117058
454632
53513
504406
941009
100201
791105
429331
874501
354171
805453
342392
800655
278636
423585
587907
36740
577508
175284
676180
813704
242566
920962
119272
552601
212782
841628
909663
224629
293915
117290
692985
440361
662566
409535
442911
67896
529520
730199
346398
306212
445211
766512
505070
337372
454575
30337
292272
799873
987676
158043
111927
493590
441183
681819
74174
43013
16573
765577
2103
463432
903724
532561
758083
791546
160913
969308
876157
942715
171236
251529
539568
132025
559408
395981
416937
7266
837943
677092
91816
649955
205683
314162
257584
120027
768182
52475
339390
40993
34483
389947
788182
862382
659733
602148
408184
260713
252685
373874
826802
957390
129897
917868
628367
728121
243744
861689
926765
321813
335722
924187
848556
562780
23820
682189
444418
45001
94257
780405
114476
346978
710964
557958
200831
493595
246395
531062
299101
552361
549565
856982
330307
718821
797987
509267
702270
955864
134092
492871
31677
324841
847531
106301
363458
586592
752396
946304
399219
954198
608436
572830
695181
499579
411941
996094
105528
456644
948928
763931
805557
602607
628677
490204
975987
341364
869302
338514
953153
365898
60251
34829
620894
245778
90654
186907
457901
724708
566934
212126
70661
616373
147105
259977
920036
657314
696169
540919
481667
204699
818954
874024
716292
2607
276746
215768
970504
797679
288262
603006
142557
803970
664366
319518
432084
741381
992679
342795
390833
109724
313679
826685
299964
947546
199069
931082
257269
687561
938213
783557
720164
297366
984315
922416
808718
453660
390512
179998
851140
808139
524152
416746
423573
323828
300396
930381
740131
820597
99242
922336
902483
400444
325914
984367
77662
1017
851724
686838
568197
15268
587005
62971
138849
387432
819129
807111
280792
995819
177114
789058
139756
206843
748590
395114
932141
599958
767094
799472
520143
488725
131147
682863
626454
535799
378460
860682
579245
755846
315154
619296
641751
260648
743316
778798
614077
568901
192614
918786
644197
784527
298156
548952
810051
878898
919693
887059
151210
451162
936499
282457
81243
140124
621998
787339
644734
227842
620280
15648
401390
929270
256531
637149
791023
924041
921871
987571
815675
573409
414632
851893
278521
157117
960907
242292
662799
527142
769465
858168
724174
929397
797701
649566
789068
539387
508983
694601
862032
295376
612563
710534
28005
489467
39475
420352
253649
506939
66961
416604
721632
164400
5281
4146
224729
214633
887771
242153
416274
173643
599766
355758
394015
101210
199888
636177
873510
583783
451338
776188
621134
703958
795856
723152
496854
224971
544791
154717
654210
680177
719998
244926
154351
477798
30391
2448
345288
726215
232895
228109
286417
457939
628681
494024
391713
845374
625145
762183
63533
203221
683723
728632
39486
446536
677140
978386
361413
563481
314401
43017
270469
822880
571388
236461
596654
658552
195661
729760
919818
65162
442460
104754
700432
153715
498292
282843
564822
761365
209571
423572
19812
525111
851999
875858
70436
777626
413251
546464
140725
832857
989238
14296
394334
124923
647980
287421
62047
247449
121158
113016
607396
885798
447637
191597
147283
482208
914620
845818
857220
224850
630643
40204
561744
45955
63784
652573
416514
542847
467072
103630
358827
902335
521275
660636
13010
641911
688629
129730
630279
961917
890824
28331
713560
897425
932047
229907
96221
578637
416262
383865
561710
521322
439117
41219
594165
845804
921419
10478
69278
992812
372655
760559
392299
651456
97746
953899
421347
750152
384248
514064
684330
710744
167862
869134
405740
862717
768365
144566
921395
853486
856948
658861
956505
512273
610004
37452
926551
96870
638892
587224
184827
790484
991349
320473
841976
917326
323168
222617
834264
201314
707868
228794
329036
551838
166899
329716
233380
725919
692948
492075
541657
506807
402347
255529
100104
993978
119852
635261
275578
516901
304688
52911
102238
823020
327798
355934
7128
269599
211658
745337
414002
577080
76483
853270
831280
334851
675685
884402
112834
932778
633255
343430
99155
904668
240784
716226
140863
170586
644987
568168
611105
509150
130489
513672
795785
272488
902357
264404
7693
100262
986098
251295
199351
212671
250065
412407
339932
770492
417199
416731
584268
331219
626123
271387
222309
494162
455365
552075
752258
558181
416866
404515
718225
821955
845804
478326
822914
523771
617975
175181
754268
704663
491390
553888
998762
102122
866155
929136
725458
733755
977653
478851
533317
845518
970596
256253
360274
809483
962864
643352
17430
199374
165703
605632
619086
123850
78446
234958
320461
815002
732543
736990
115208
193702
479952
960655
701775
854190
293364
583830
535766
961142
74907
799039
701106
731214
618773
212418
283551
369405
679411
901758
21181
890634
574030
676373
178076
98278
979041
568547
398508
725177
358417
887771
120791
782791
191182
365120
136106
950143
185873
516861
686190
465440
909125
1187
109973
538120
539586
466109
590672
633115
203892
34512
342206
425804
80154
117108
599486
323019
700587
659593
615205
404299
518355
923352
691531
461039
606938
245960
81408
699344
775078
721786
167580
409901
272087
343489
408372
686768
967760
788481
381033
560025
760854
308707
220058
597642
413584
951730
75833
832749
671086
421909
496379
91653
663206
515625
789097
586256
968282
602746
573972
980374
443990
385439
619366
634578
869557
316271
967955
302009
723811
412643
966509
900907
242876
548298
753175
666485
160211
187939
845009
819137
721232
21402
874483
442011
393201
611362
960565
762080
680817
544299
884458
32773
875269
31233
306253
707457
336899
291713
514292
561945
641246
704120
683809
321926
348940
778521
157176
521540
608520
206363
430794
628537
554227
801325
919503
139968
26518
182423
50547
706322
834114
199150
8583
263249
161880
978547
959896
46000
853285
450954
928029
336705
810085
69970
843722
809052
371305
775909
537857
825641
880275
631021
226792
315467
5245
453921
538261
773161
436857
20123
143142
434138
593395
664152
190574
422637
425971
219787
671370
563474
678079
279454
645073
440679
345821
782982
166633
192803
241910
527361
822583
950745
54806
677679
231022
526378
126672
500426
367561
575370
705599
217476
671763
367021
754343
536828
181603
895437
367673
515420
419686
32859
154997
790673
259924
43775
458346
397352
969413
84174
998361
13058
140956
282440
28728
918132
320161
455562
128402
17469
135725
264982
526603
760996
791486
691197
170178
805998
145451
811047
871183
390329
363697
328383
573035
997881
564523
761533
79023
628492
773152
930897
607541
865723
880247
315177
336539
6031
994565
680415
627558
868046
683399
949570
941954
777681
984683
387136
374567
293443
848200
267565
959000
962616
155567
351922
142342
467111
986457
871572
722321
758918
662271
968544
241518
935488
157385
730993
255715
433110
146590
839901
753263
917263
869082
60418
379400
506013
831070
763176
978684
133710
364352
893651
450617
608299
984931
33256
728744
536497
