548809
39773
514396
219637
481757
15164
831804
87059
778446
668655
532423
886291
957212
922389
775225
131583
488909
113102
221264
520785
248077
962341
96836
6504
871871
462346
361188
916504
61796
581176
870223
805596
944166
374197
307723
8359
723778
398776
972549
526104
729681
409444
523941
129483
970353
724851
620877
198091
203476
152750
989103
372454
589925
799832
728136
222490
355986
142571
884285
896107
183994
716538
994832
244694
670069
935029
53375
717855
999354
241547
773817
446727
271857
938090
681086
299482
485142
509282
302482
391204
585542
986663
521693
452163
934762
562293
655650
128024
931517
376974
495066
672919
7419
25503
483564
259006
488744
862912
676172
238179
231865
19418
414189
680038
56803
915556
243044
772997
416127
62854
896923
955021
839191
585310
730094
399150
920272
884960
775845
962024
503795
580504
332175
509858
473241
96587
37559
427737
687411
232571
751430
461557
300532
400458
255093
164535
296091
585846
435308
766223
589600
23235
142076
840523
145466
15542
307638
311785
700875
22077
443622
418765
729514
828204
23279
936398
994506
859426
528324
203690
863627
874954
282560
171162
655709
601533
920867
734145
989965
54597
791658
785598
449006
796925
626890
592800
557349
282772
173320
189305
27664
946928
411384
968651
349267
695150
826896
224735
260417
722376
488295
289333
368804
707600
183760
340438
106154
830681
274125
858117
220652
929589
456626
277396
331611
155352
145240
945746
881673
101339
654714
7842
174994
277661
658223
289191
200677
361924
723716
517467
228082
127969
734197
369215
60530
27633
111496
904941
29518
582784
406855
263945
382701
457449
14040
87190
189085
865016
766074
898724
864669
112880
308830
688935
357444
90856
498208
515300
163346
440016
257760
832260
651090
144145
766914
482699
262120
829330
164606
395682
205757
439192
363300
283216
699715
604037
845104
830727
879335
93505
903813
918939
135507
320310
482506
669646
58845
11829
513374
665222
169935
357110
425145
70880
926355
571452
369568
975069
900155
51607
384132
914170
269995
302403
591160
727646
743524
336686
979853
140077
353197
235095
6925
593082
715103
453458
125200
495961
818958
159976
184061
467537
279887
135259
894433
421552
830635
635079
531173
285177
398303
850083
89071
165177
108428
69287
961048
618872
403265
693512
478149
624970
510499
675743
442980
470085
86711
713831
210501
436045
932236
887205
507474
232970
172104
408802
78381
863803
58957
545684
52133
795108
847239
799067
593620
765795
520852
804775
96023
186785
595281
407414
885803
840227
401918
912251
420128
353152
929869
803866
24509
84077
702348
371408
280881
676340
929195
286128
249841
1220
365292
710472
893554
33
283688
634466
211269
932348
211768
288678
236682
852445
135494
735389
122130
386620
551152
29072
588693
233840
899797
884367
964812
114751
961600
486669
176813
783316
560815
483881
861889
996686
759871
878471
208419
674676
794613
959325
58647
254279
48107
62986
449028
61296
221781
489696
508047
599577
204655
143746
679190
224472
521093
332777
689990
864837
178846
593921
711834
627308
753158
239600
912112
253790
439543
805238
829129
941730
312291
424879
826077
198729
776353
434038
786137
872031
693297
110820
611127
822269
636269
111862
369527
616252
741327
945996
459583
228932
446745
91982
458252
747522
102821
529513
576532
396920
258441
531639
175290
336878
103718
390589
700717
54918
842766
975181
923422
173741
318031
687564
911068
299246
477536
782414
123213
968416
919079
362269
661067
251456
475749
758233
83992
444441
413311
679225
469440
866719
898986
502191
166922
677660
532657
59690
772762
805442
771110
788085
133222
462494
791907
757309
700371
654446
939388
996336
773099
675913
635395
960320
494589
516476
369334
496838
184466
701878
926857
501572
943943
781529
615884
813827
270476
92464
65082
126427
241399
470080
676189
460753
798406
762551
478688
151514
158256
826241
157619
586366
625190
247994
906965
75672
491883
462718
602177
425658
393549
895643
749687
89005
149247
995944
680485
467733
255956
206191
351026
382451
358554
180293
171368
267845
199889
721467
665212
268552
437766
881197
76922
152798
242577
581687
190033
563402
94823
169352
132409
109079
835613
775950
696252
584088
226746
392657
365416
653515
250359
2396
262416
318551
852245
824341
575417
584053
424923
268078
622824
130155
729899
637684
131654
905970
331200
717253
720621
259833
100871
328607
814929
391170
856662
138323
261518
506411
66637
404120
662281
421959
83976
489275
974598
685547
87742
37556
996998
343557
549305
378964
733211
512357
373618
553755
177738
604768
723976
784743
776282
692553
168157
74694
334335
825696
129229
833644
946782
57607
850508
218432
506941
586351
671387
813201
323977
599570
577511
50662
587650
908761
293182
538610
289607
376413
975598
588390
770362
758090
434044
399841
725135
820192
638398
417795
537014
59283
872854
917663
942499
146323
539979
182350
803254
397926
365189
372320
405580
24752
843429
14062
352289
534165
630655
824395
493216
857845
575861
777945
45642
856918
486257
250807
447358
471456
1214
279640
315562
7681
611844
106927
484751
744112
765790
19334
889002
417167
442522
795950
414020
800298
144140
212881
481048
494237
807567
972707
641372
973713
339481
302327
497134
738534
105210
69294
158428
199469
127217
937930
663440
788940
81323
570401
52374
993989
597529
630252
283916
839120
335404
858623
658981
724836
423856
143507
304025
35349
764034
749759
347373
18839
647024
684614
389018
242976
328683
341321
408605
97004
142507
555997
608986
129562
507040
216823
884910
100852
713808
709124
978000
301964
542929
939797
791394
439873
740773
997240
767386
860897
546925
368930
631943
65768
489036
611208
64131
805415
944921
918476
196724
216320
71936
219412
123454
462157
98870
546679
694025
138081
518486
621393
903850
698662
516189
254710
916720
17701
916926
619907
48718
505893
578019
983888
882848
670058
481282
270977
339611
308063
240855
336572
162134
629774
123779
90549
842991
914315
983489
967204
277531
988849
977473
737496
981966
668100
381667
630886
624579
799350
569553
845881
661033
277445
912121
359053
300586
326465
347558
347639
830104
998827
237690
99932
858230
160441
292234
422914
960865
119799
318038
606595
810522
654535
663203
388701
899120
278601
866295
219303
618062
420629
462001
628191
630623
921189
350850
230302
794009
417872
23244
596524
358573
218545
737429
509616
202250
40934
52264
758848
835528
306484
777544
140311
490040
410440
356178
631076
845253
619865
93678
71359
193990
669993
268849
255606
843428
500777
579091
65030
584035
496892
513864
427429
294670
482388
176892
686204
359491
405753
855920
85107
736216
304744
837804
567524
987689
648728
756064
82673
630592
38231
320347
715889
290143
436371
980711
300421
818092
585077
640767
257737
2554
158312
250477
300774
497072
467960
874436
972997
967320
679125
204663
73694
304390
767158
301205
581422
608610
601370
560546
666951
630485
149545
288467
634689
481548
37882
854053
169550
680236
354094
371866
175916
