13465
511592
648236
71947
171887
655337
592463
190355
464538
472100
295348
386059
879358
154895
744782
528694
45154
396756
888307
272744
665345
471806
348360
830922
740030
472701
842108
130282
905333
223894
352171
371772
277869
767913
558178
632626
205993
129952
725314
33075
815133
837362
308413
711354
32894
116817
871102
529038
258354
51958
99109
875738
516775
959942
229488
932904
192512
501217
841909
863678
909865
872200
645259
262165
4619
1192
718089
625010
193435
321543
139750
508900
427405
824842
832896
759577
803367
90272
319928
763228
789296
348559
971642
655663
909959
291929
482394
933632
731791
593802
890138
45580
345736
35745
927368
754445
911097
664281
279300
684961
249609
452883
75295
617081
279022
14945
797152
480698
109373
792369
585120
749363
165727
315220
300565
634364
116452
443754
135531
973287
577777
879212
778638
722150
924117
436822
154949
962425
617402
70255
220984
184913
36791
686646
822290
812934
148162
389547
81409
537202
511619
44599
735130
5288
84547
667768
41242
369236
556675
397677
434568
971825
381674
49147
941302
852321
863190
302682
271845
393004
271315
924703
656712
697432
662825
876006
893665
179424
690511
497627
518728
954453
488126
865253
962698
805646
373281
412400
177646
785677
691304
409942
618963
388464
20732
170538
975925
932048
988237
936352
970510
994234
347143
340636
51993
341128
615138
239318
423537
148059
707353
575142
726041
830710
925490
343089
215061
443514
610812
96752
921205
697402
145943
982298
959793
244794
324205
61358
867056
483721
565887
586783
306531
193336
425690
757723
388942
299830
315304
93178
83495
805257
379298
484864
703319
783211
18979
99470
391773
156671
567448
411052
80530
469038
549268
984811
473607
891683
184896
69882
913290
283359
221871
163912
686280
855801
762576
696976
209228
707766
807037
156742
807461
944257
109360
832476
73510
617415
806933
982705
106695
362225
787898
51607
925609
366591
989986
286271
995639
458046
183673
901123
486376
34725
494819
253072
551264
685394
870382
615982
669558
158940
933925
718190
903441
22612
429766
262383
247211
314077
630347
998028
566648
784805
91684
418022
608415
952063
899846
183049
994471
657887
501469
297661
396653
297585
604381
941612
206673
61590
791030
436074
410033
713340
748710
437862
104653
512408
903656
282604
875274
945155
194058
888021
981522
311342
634716
958284
176088
747716
908292
786493
98873
664731
56815
800348
573950
797461
855394
428494
895678
219801
414703
653688
853281
912873
379586
562595
40255
90657
188635
622217
356966
136459
69462
366911
542010
641313
339238
543806
977015
977184
90464
692431
947859
958789
701939
461523
936574
22247
641910
93292
599691
999856
521690
352588
578088
326841
579006
227672
900169
124289
644258
895864
890788
8202
413299
652478
608661
827089
15748
361520
339361
412712
866718
158259
269271
627057
644398
539990
92114
233017
185372
217337
371804
904558
870781
989593
829485
107135
278558
686329
781137
707919
807041
120941
711655
367957
964452
619142
174213
478930
304252
319573
93433
979120
131969
529438
765227
185204
188899
599451
62814
696288
421722
66153
174165
112040
912475
244691
750482
622030
924454
143226
645113
799964
318204
509150
387092
708542
773166
117835
831600
409145
242065
35490
235684
463884
101966
173571
677041
950497
959382
170452
489925
846832
426418
918385
601370
961713
646840
259120
815676
485243
557465
933711
377127
9662
940952
790588
750734
294810
371797
113281
368056
6298
232711
337931
632773
755024
