229836
209917
956076
321303
786980
126276
688351
508565
490664
408603
202703
134852
756595
255047
37076
640838
110999
829371
394728
493560
690309
977565
9202
832396
828005
892275
815008
69060
582598
391786
869805
147213
231599
508355
375746
513526
440532
293850
173625
308491
497700
500372
599100
922066
162047
905445
731340
121185
365701
152572
73822
870042
168522
163083
138335
728965
281510
278390
238232
988104
611816
144599
28461
88901
420970
714604
809408
625360
927999
787294
850291
875084
981897
888943
274954
110945
495144
716031
516206
611547
183757
320506
390989
840098
348140
645025
261663
529426
429072
619060
842628
452471
269896
729657
851785
732390
414591
330412
135178
887418
416745
295363
55473
462762
860186
87133
113116
165892
278513
186054
942685
438472
846193
632937
440795
452323
248112
45011
623253
429895
592871
315872
477895
554339
844714
36100
26149
897540
343539
42808
101124
228808
32343
348734
216472
446266
688090
126803
49560
584719
128030
796849
164286
821180
774646
712510
227050
911090
23704
415892
907750
670455
70065
551918
569860
13986
3411
602539
193572
750899
240586
750978
681298
527821
565068
798723
803404
808081
285390
123334
602081
354007
333043
480178
809524
836683
922527
767340
664096
457314
140330
405849
238006
38648
881969
282194
672225
255752
959558
84900
730667
940935
838023
307264
837592
267357
964748
647813
454448
802561
527930
189352
109466
535535
496884
681086
298980
608073
284146
282022
920223
139336
75817
161558
699879
642589
76650
19008
861313
296680
636935
189664
137373
500307
256239
204645
749370
114893
849435
849913
172137
80735
694561
981679
37417
340076
659366
985993
94001
326985
845361
649954
132493
313847
489178
588350
423456
695545
941217
95724
872264
248150
669851
174102
352158
453229
37446
43749
30684
38000
122558
593235
241306
828287
365769
146574
478577
77537
94028
443398
128320
721249
135841
234068
398285
69635
950528
865798
576963
635553
251161
725515
463769
179239
465476
197432
480788
65959
299088
782836
833507
631834
832824
774918
381608
978676
491892
881849
268374
398243
71019
900778
687669
3875
222853
983342
72834
217856
104799
124066
662388
158378
880344
989392
73306
142126
553672
238970
647776
606167
454417
316359
873137
662048
528141
670855
458166
824980
529383
848229
196860
894212
294725
34088
217587
783589
823011
797861
925266
434052
814843
702725
625688
134566
997088
684655
217262
10176
547883
965330
196009
680015
150860
418256
117611
237909
270530
797258
492201
354034
583141
844740
934471
704155
757984
778997
866654
5753
404605
482350
182368
286816
934553
341412
588819
407146
588214
586268
214265
445360
360815
550130
976337
176228
906374
948421
621301
684494
890329
803906
131684
397537
296756
120780
570138
314937
754688
683653
957916
207668
309784
128124
750992
483626
446908
952947
174344
87882
634590
503243
104351
711058
965786
959118
567100
336938
800067
423897
571572
561438
90713
657252
585484
407351
683414
99376
248859
334068
923431
466955
744782
287914
932728
887299
426310
617781
617576
8165
804700
119706
549212
813360
858628
712315
125423
318619
420111
853749
409863
853248
577738
413466
536771
469668
403076
793030
672016
253475
3373
40416
900507
596477
676890
884399
401313
208119
278694
354518
193314
306991
77682
723246
266803
891008
301132
685246
888051
69517
616429
508825
320789
935662
656732
216533
180445
389621
783153
654627
659366
262620
685300
938640
905823
588236
819620
906711
765718
560652
510099
830816
