357488
318469
968494
125311
130620
583573
588907
980691
998420
813992
230746
167534
576223
477944
373341
152564
953791
229437
298797
884322
722259
65675
177581
851064
539478
440585
218459
477122
191012
887177
229091
768066
849885
738569
607694
790076
114850
658949
199767
228958
423484
851447
155294
359689
189149
754541
690358
799488
724542
251140
664729
746988
437351
23494
204155
808329
245581
581406
598395
205873
816277
841460
252662
888451
725431
592681
172854
616944
910654
940912
527688
57506
269163
380871
368236
524808
670521
746705
271845
488450
151996
784210
756975
836774
3555
234630
383888
205677
798108
200990
809415
949822
469654
326040
831969
429204
766178
484474
34987
113678
855667
613546
439234
988883
882116
271725
993478
269727
188505
485626
131629
828847
842909
3514
646131
659269
587818
843295
257583
257304
771752
994718
828097
927452
688012
741450
538024
502249
328770
499279
701872
169931
311525
17799
73544
187685
57835
87100
221106
887298
82974
585915
681939
172090
831749
388945
537578
370429
3681
306149
696478
944511
39123
865073
365295
381440
351963
926494
223183
281590
3259
812156
161354
808666
479738
35227
68000
824652
478404
969161
485235
982564
341806
248616
172507
973718
489752
148586
863511
754689
726188
944428
630943
954580
581826
841644
559509
483997
673574
771113
246425
901488
626097
488982
477691
502832
600147
305914
258123
833021
652467
418151
75661
579834
986413
177556
908553
568441
240826
836633
949886
90182
545838
586695
91639
529997
994778
183842
778741
51881
160465
711613
348427
507657
199816
745648
128073
217345
946775
636855
946384
544235
615580
830698
245253
393976
533502
314388
669345
158423
22351
300339
941604
963007
537995
272972
206825
35229
236285
728296
83349
773269
428929
366446
885545
654263
748644
145566
370167
336448
755303
113704
645234
428490
936547
898983
783838
451793
595014
68733
905638
861666
971067
854411
949772
99426
704040
565837
28475
48312
5969
320849
313720
727960
575194
570706
426167
468397
949993
960949
120906
963554
947946
337567
905396
583822
98604
703793
669596
459386
907113
850657
555933
555407
984675
522806
744634
179809
895273
406560
929007
39186
303033
493233
257186
484836
715839
67516
804088
513183
316348
635912
931717
524699
757250
626801
651099
911787
121179
217500
121539
35942
46409
614613
674314
1619
410409
351367
317746
572400
859505
192663
696010
540127
357656
257053
21528
361838
766229
49087
207218
902017
571263
929708
56748
711774
179987
16818
567851
459925
654612
115389
245848
13642
411725
640301
709809
643617
92978
140690
473465
146948
250277
655239
681232
1044
30164
240552
873245
943081
355391
452785
533991
209544
608471
998260
454019
409248
264578
388407
899048
385409
250043
735272
83294
447386
187415
357693
15573
939501
163938
119020
707922
360977
46184
219332
294724
71459
99663
648359
962293
627659
880801
525092
170652
150118
194152
384757
75791
248085
392114
557586
7701
379809
487797
508975
283225
847241
376011
507097
75003
817643
543262
682537
182721
138507
514591
546
389739
632770
151279
407405
348068
435589
281377
107886
938132
987601
637847
752322
411987
724912
645640
617879
699831
388011
91620
189289
596878
316941
747022
212565
539431
414287
829512
173787
502475
341541
199917
801077
607241
708132
672983
939598
911855
427214
917664
807073
623317
614524
304646
140207
937299
497446
918312
473052
312978
435410
58029
705383
62656
366039
116676
390340
753821
187917
255045
498584
70707
66708
