823862
319622
116483
561798
705309
978485
474958
196301
572205
805020
145205
242222
57698
945729
531675
879775
280370
413294
529649
417995
668550
199297
376129
99827
109445
629968
430855
739102
84747
229558
156921
171646
944952
512702
837608
119713
817573
321963
741566
307280
612466
841570
468583
763144
476987
636213
349581
500370
85289
836621
220091
965889
833444
38323
923747
529352
775974
333499
797115
378229
383723
555917
744257
283598
861893
524049
789344
48071
239691
802551
407851
52061
641585
411616
143814
640785
794291
662572
906660
956228
275308
537121
961770
619692
660995
55988
216562
4016
658244
921592
608173
385062
974413
124256
958752
512358
592671
982514
679183
104779
759188
921867
940407
232838
834992
473737
288308
187358
72783
599576
566147
769480
79422
232028
753378
903390
693862
188600
339476
298303
109603
414201
830720
484036
664308
663011
145785
39770
791371
374422
896921
676097
891203
787611
162886
346272
6769
997201
516118
768322
383634
813550
284495
666161
223652
343028
514183
843117
324626
228083
808234
858057
967495
698292
521626
942307
484260
804425
33713
431614
477132
672943
15202
140478
283612
223837
790973
68543
903608
185324
583185
712978
506113
33442
845483
171924
637218
228828
141181
939565
190602
658072
224282
920354
591412
472284
152862
530392
210465
146503
720363
276902
414632
56818
453198
816149
602404
699459
348223
605559
324107
285582
16711
567841
706910
597287
747132
152070
230204
50952
731112
817073
116050
211867
821640
787678
760621
295334
562544
147446
738480
443025
510284
485798
175329
878484
561601
201563
802653
856449
590129
264603
746732
957227
84957
271107
660655
795762
614054
364761
935478
439724
382124
781773
532910
737458
301719
907025
238903
319748
862580
402066
502036
728858
435767
693649
981052
74376
707231
479459
879757
503436
890807
54657
332192
709304
365624
349773
867895
440182
73292
605730
109523
440637
193005
383446
30691
660495
625580
168719
264470
709996
70542
857726
456466
573335
694032
839997
195645
373698
975180
764737
973560
947352
686964
926396
754603
477927
138298
907026
894139
11241
992082
768053
197528
711853
874767
75743
548404
427303
61418
748523
125134
392016
181794
266449
394348
817979
800893
951804
631655
563830
288812
1482
83552
535769
720972
8159
537873
110446
310089
148646
622718
581245
113693
558822
404553
903986
945334
559996
368613
643949
705846
398395
240419
260198
998548
819933
956584
860539
562464
905444
956032
390680
16483
283665
457099
406466
570148
965248
220885
603328
747079
314142
67076
800742
186001
65480
49194
389119
249158
161986
47866
809814
194995
731473
779864
812769
268360
36086
41097
972427
861469
40071
878154
581085
290453
661483
203196
447688
327968
2353
995196
763281
73562
467022
974865
625945
422737
495409
825215
721160
831012
924997
985720
100054
471174
890306
788274
277558
710370
663024
612628
195167
679833
782458
116746
598263
518182
953131
579256
47390
989731
374855
687882
523989
909797
820616
893354
77834
6529
895988
909195
281921
683762
703127
930146
807968
739347
242019
428917
649815
769222
571296
302603
172138
517623
410641
887491
257692
769339
42213
438017
504122
219090
961494
184195
300545
126603
373986
928530
389229
342855
851684
910739
305695
79253
454543
768701
836265
930109
522118
602853
671353
871192
892506
115765
141089
499228
607008
882107
919423
355190
729646
896541
677838
204560
574835
711723
417735
924018
116080
710797
536373
421188
194327
152347
56852
446129
600382
