999931
999778
999639
999574
999265
999218
998998
998378
998312
998118
997794
997769
997386
997104
996995
996563
996554
996519
996515
996103
996084
996047
995690
995476
995390
995253
994786
994781
994663
994657
994501
993607
993562
993441
992120
991239
990966
990847
990833
990548
990428
990303
990295
989386
988895
988847
988729
988582
988398
988009
987886
987835
987453
987216
987147
986822
986160
986149
986045
985961
985889
985639
985632
985606
985439
985342
985227
984808
984773
984635
984406
984169
984012
983625
983580
983472
983240
983234
983206
983129
983098
982818
982779
982702
982656
982512
982375
982225
981846
981331
981152
981103
981095
980991
980840
980395
979815
979252
979080
978937
978894
978881
978641
978408
978108
978021
977836
977541
977262
976932
976302
976134
975923
975921
975698
975527
975447
974501
974345
974087
974071
973929
973715
973588
973204
973036
972816
972649
972614
972017
971523
971510
971441
971198
971166
971062
970993
970843
970474
970348
970279
970168
970153
969927
969786
969181
968708
968571
968548
968204
967711
967185
967045
966939
966760
966681
966417
966033
965778
965620
965324
965223
964861
964734
964518
964352
963394
963256
963237
963108
962784
962731
962598
962428
962395
962391
962375
962186
962140
961744
960672
960537
959949
959496
959028
958955
958896
958662
958263
958145
958033
958031
957697
957681
957604
956951
956950
956901
956865
956472
956356
956310
955955
955824
955745
955689
955528
954913
954653
954328
954311
954017
954008
953116
952743
952232
951762
951347
951293
951147
950987
950925
950527
950108
949900
949867
949824
949774
949724
949561
949357
948823
948796
948778
948772
948381
948355
948001
947942
947871
947863
947646
947549
947267
947045
947007
946987
946696
946444
946201
945242
945126
945018
945004
944785
944189
943881
943855
943617
943177
943112
942538
941971
941611
941035
940942
940879
940862
940456
940108
939767
938911
938869
938830
938773
938699
938687
938385
938191
938028
937939
937895
937773
937453
937435
937161
936793
936613
936581
936472
936313
936260
936121
936062
935878
935637
935546
935520
935164
935013
934856
934820
934496
934396
934367
934298
934222
934215
933328
932895
932696
932622
932601
932436
932436
932408
932168
931578
931407
931406
931219
931118
930970
930895
930833
930824
929805
929627
929572
929525
929284
929280
929056
929054
928954
928729
928584
928506
928232
928056
927945
927882
927878
927832
927495
927392
927279
927048
926877
926858
926853
926835
926118
925715
925611
925371
925301
925187
925017
924820
924736
924496
924487
923931
923905
923812
923384
923149
923040
922633
922323
922295
922064
921899
921865
921638
921351
921229
920978
920963
920833
920773
920592
920588
920475
920388
920356
920296
920290
919832
919498
919466
919271
919173
919077
919044
918799
918060
917949
917462
917169
917165
917070
916811
916566
916500
916402
916187
915921
915582
915567
914964
914886
914723
914231
914002
913490
913476
913281
913199
912759
912721
912562
912355
912228
911977
911933
911282
911245
910848
910741
910722
910540
910170
910127
909527
909150
908889
908709
908461
908386
908338
908191
908120
907761
907720
907610
907530
907215
907211
907200
907171
906665
906090
906031
905486
905430
905154
905046
904850
904553
904511
904283
903781
903503
903310
903292
903010
903004
902955
902807
902786
902752
902532
902076
901792
901619
901039
900897
900858
900746
900613
900610
900523
900520
900404
900146
900094
900036
899971
899784
899700
899014
898825
898753
898539
898491
898489
898449
898231
898210
898039
897635
897543
897543
897444
897275
897153
897118
897025
896937
896740
896325
896116
895985
895845
895551
895425
895414
894443
894250
894228
893505
893369
893107
892854
892839
892801
892752
891793
891559
891500
891461
891325
891311
890991
890632
890597
889941
889758
889618
889550
889491
889402
889055
888683
888669
888630
887895
887779
887769
887262
887204
886619
886555
886517
886396
886017
885692
885643
885590
885429
885023
884968
884939
884370
884280
884078
884051
883825
883728
883705
883604
883394
882951
882870
882833
882724
882674
882138
882024
881733
881661
881489
881333
881197
881132
881125
880837
880723
880583
880302
880253
880140
880000
879507
879261
879108
878867
878583
878046
878023
877981
877773
877354
877186
877147
876972
876801
876532
876511
876422
876408
876374
876158
876043
875985
875619
875118
874705
874658
873921
873204
873034
872472
872292
872255
872061
871903
871771
871748
871716
871531
871341
870990
870940
869886
868410
868211
868131
868120
868035
867948
867592
867592
867455
867410
866961
866809
866683
866191
866039
866017
865782
865700
865381
865349
865341
864756
864646
864639
864578
864204
863760
863709
863700
863631
863431
863193
862766
862706
862399
862069
862055
861688
861647
861498
861428
861352
860756
860711
860625
860420
860409
860309
860029
859654
859193
859186
859080
858855
858694
858577
858238
857966
857855
857821
857572
857477
857311
857028
856637
856623
856407
856148
856026
855761
855683
855540
855388
855335
855206
855180
854015
853939
853782
853680
853674
853491
853467
853382
853324
852964
852854
852394
852176
851905
851612
851585
851515
851238
851077
850781
850466
850405
850352
850323
850271
849894
849893
849828
849620
849469
848657
848493
848433
848282
848036
847576
847478
847379
847007
846995
846847
846789
846717
846672
846011
845577
845523
845370
845268
845173
845063
845001
844821
844766
844592
844490
844268
844154
844054
844051
843715
843484
843438
843131
842890
842427
842396
842395
841854
841383
841212
840915
840780
840591
840542
840364
840317
840182
839907
839900
839415
838816
838357
837975
837900
837757
837579
837566
837394
837139
837039
836902
836788
836748
836060
835510
835430
835162
835035
834924
834644
834639
834583
834280
834052
834015
833989
833945
833663
833268
832967
832290
832022
831806
831484
831167
830875
830866
830417
830085
829987
829805
829730
829708
829689
829674
829472
829432
829393
829362
828933
828911
828823
828633
828363
828180
827829
827407
827230
826205
826190
826108
825723
825630
825441
825181
825149
825098
824944
824718
824397
824359
824305
824296
824202
824001
823772
823611
823590
823449
823300
823037
822805
822704
822134
821651
821394
821379
821343
821332
820937
820909
820873
820420
820397
820096
820073
820032
819983
819900
819338
819248
818980
818757
818665
818596
818518
818473
818371
818358
818295
817803
817339
817182
816603
816461
816289
816129
815417
815225
815172
814882
814826
814786
814756
814648
813797
813683
813450
813421
813266
813253
813175
812986
812699
812141
811444
811279
811176
811039
810889
810697
810527
810508
810026
809885
809435
809264
808971
808779
808667
808172
807953
807512
807186
806883
806829
806804
806321
806100
805830
805132
804884
804850
804741
804451
804368
804311
804292
804284
804161
804057
803698
803574
803562
803298
803105
802999
802717
802674
802138
801737
801284
801165
800811
800475
800435
800072
799942
799902
799784
799069
798830
798791
798478
798418
798278
798100
797795
797676
797576
797570
797191
797086
797004
797001
796980
796980
796658
796645
796383
796280
796110
796053
796025
795524
795019
794662
794545
794534
794328
794279
794195
794182
793785
793477
793378
793194
793192
793093
792988
792981
792657
792057
791792
791717
791415
791295
791258
790989
790909
790897
790773
790022
789891
789773
789649
789360
789308
787189
787188
787076
787031
786749
786477
786264
785959
785954
785904
785819
785616
785495
784839
784752
784745
784569
784269
784226
784205
783951
783945
783875
783693
783691
783656
783205
783189
782652
782424
782319
781662
781461
781430
781134
781006
780889
780478
780316
780119
779748
779630
779391
779322
779148
778757
778695
778598
778584
778578
778112
777577
777517
777250
777159
777046
776800
776618
776481
776391
776064
775969
775812
775811
775622
775586
775511
775405
775399
775256
775030
774743
774626
774602
774454
774367
774314
774262
773977
773162
772963
772412
772217
772120
772073
772015
771802
771164
771037
770733
770688
769550
769517
769317
768861
768747
768746
768641
768358
768089
767895
767677
767559
767246
767238
767030
766760
766755
766548
766171
765811
765522
765495
765494
765167
764645
764642
764376
764375
763918
763631
763070
762893
762314
761603
761319
761035
760901
760784
760530
760509
760466
760298
760221
760218
759514
759425
759283
758773
758769
758658
758619
758195
758071
758026
757747
757436
756951
756844
756481
756438
756426
755928
755471
755246
755077
754801
754574
754449
754262
754151
753853
753598
753543
753497
753089
752626
752613
751880
751797
751291
750407
750379
749862
749578
749355
749338
749336
749149
748877
748792
748470
748124
748094
747496
746966
746564
746235
746081
746049
745775
745769
745506
744948
744785
744555
744308
744265
744227
743814
743577
742719
742524
742464
742315
742264
742024
741791
741670
741041
741033
740910
740763
740744
740548
740369
740275
739912
739851
739579
739332
738957
738909
738873
738576
738526
738481
737528
736927
736403
736337
736058
735457
735202
734996
734994
734917
734685
734536
733553
733256
732877
732516
732422
732246
732183
731986
731934
731880
731569
731523
731515
731092
730677
730353
730288
729896
729630
729312
729016
729005
729003
728833
728518
728199
727782
727601
727598
727176
727108
726719
726515
726371
726359
726287
726120
725950
725693
725532
725491
725335
725269
725024
724895
724761
724532
723850
723721
723668
723502
723320
722767
722717
722487
721974
721739
721646
721602
721567
721480
721187
720944
720502
720286
720130
719905
719786
718435
718327
717589
717434
717245
717187
716952
716844
716821
716667
716323
716219
716131
715633
715477
715447
714969
714193
714140
714042
713888
713776
713680
713648
713625
713587
713517
713454
713185
712873
712440
712251
711680
711567
711414
710607
710473
709535
709416
709342
709116
708616
708536
708418
708156
708151
708022
707515
707492
707467
707371
706986
706600
706343
706196
706168
705956
705925
705796
705492
705411
705339
705270
705032
704997
704838
704615
704602
704297
703504
703173
702943
702427
702315
702253
702036
701829
701531
701201
700893
700879
700657
700458
700267
699479
699347
699171
698897
698872
698746
698666
698559
698331
697890
697638
697472
696986
696748
696611
696598
696570
696500
696136
695877
695752
695610
695601
695360
695216
694646
694643
694424
694353
694308
693860
693850
693376
692928
692310
692210
691779
691727
691410
691336
691194
690947
690155
689899
689390
689328
688788
688557
688285
687167
687141
686657
686354
686037
685604
685497
685481
685203
685198
684970
684954
684929
684896
684852
684848
684742
684561
684199
684157
683900
683797
683503
683390
683338
683212
683073
682910
682869
682796
682789
682721
682710
682672
682630
682510
682362
682251
681966
681869
681816
681265
680942
680444
680315
680231
680186
680184
680019
679991
679721
679384
679330
679264
679023
678753
678710
678652
678485
678188
678162
677941
677911
677300
677289
677184
677166
677056
677014
676738
676701
676688
676594
676250
675631
675475
675364
675278
674837
674616
674556
674202
674158
673952
673863
673280
672967
672756
672701
672656
672567
672009
671944
671519
671474
671450
670901
670734
670471
670397
670391
670195
670121
669921
669915
669885
669507
669375
669100
668652
668201
667783
667754
667705
667562
667213
667182
666958
666957
666950
666622
666533
666454
666402
666335
666297
666183
666021
665942
665135
665050
665022
664802
664801
664755
664634
664398
664391
664074
664050
663105
663059
662643
662615
662456
662406
662376
662218
662072
661993
661981
661555
661403
661163
661126
660899
660757
660655
660638
660364
660347
660342
660143
659983
659857
659125
659063
659057
658867
658734
658671
658454
658339
657499
657485
657109
657011
656987
656161
655858
655589
655470
655363
655262
655147
655094
654765
654557
654339
654308
654216
654148
653720
653456
652989
652865
652531
652494
652448
652040
651858
651719
651337
651322
651288
650899
650735
650661
650585
650474
650391
650076
649860
649834
649493
649245
649203
649186
648794
648784
648550
648247
648239
647909
647739
647554
647394
646827
646798
646712
646630
646623
646513
646480
645949
645799
645042
645030
644550
644294
644276
643917
643907
643883
643644
643525
643238
643230
643069
642816
642656
642304
641900
641734
641732
641703
640954
640771
640544
640484
640144
639917
639692
639657
639647
639619
639353
639222
639067
639067
638643
638621
637901
637820
637543
637528
637452
637449
637131
636917
636889
636698
636665
636213
635855
635824
635818
635576
635214
635057
634933
634426
634375
634333
633926
633731
633586
633467
632641
632581
632096
631882
631862
631719
631687
631645
631272
631246
631198
631183
630820
630816
630575
630106
630068
630038
629922
629640
629637
629238
629067
628979
628782
628728
628645
628459
628407
628286
627974
627933
627915
627833
627767
627634
627257
627202
627145
627018
626952
626598
626485
626284
626215
625838
625320
625302
625246
625224
625147
625085
624908
624853
624739
624555
624373
624360
623475
623398
623041
622974
622901
622534
622249
622066
621791
621661
621594
621357
621307
621154
621039
621034
620799
620765
620540
620293
620064
619984
619607
618137
617806
617465
617423
617128
616912
616867
616706
616702
616232
616067
615725
615039
614461
614205
613659
613644
613444
613439
613410
613253
613184
613162
613122
613017
612893
612780
612117
611998
611811
611795
611692
611637
611617
611578
611473
611461
611119
610995
610760
610711
610316
610293
610161
610115
609891
609807
609529
608730
608667
608449
608107
607983
607837
607428
607403
607263
607241
606284
606219
606132
605502
605462
605429
605392
605292
605213
605203
604371
604150
603869
603582
603474
602981
602862
602828
602697
602532
602438
602342
601645
601559
601028
600117
600042
600023
599699
599688
599599
599465
599389
599136
599105
599025
598725
598683
598509
598448
598286
598155
598114
597624
597166
596834
596625
596412
596278
596029
595930
595810
595598
595318
595316
595262
594844
594623
594237
594217
594163
594051
593982
593506
593499
593335
593180
592803
592796
592673
592440
592437
592433
592426
592346
592131
592037
591661
591504
591378
591134
591046
590867
590827
590693
590337
590215
590156
590106
589802
589583
589206
589082
588514
588226
588195
587602
587240
586954
586864
586630
586283
586092
585863
585175
584407
584405
584262
584237
584213
584096
583638
583128
582953
582780
582683
582511
582468
582166
582100
581917
581381
581125
580747
580729
580712
580655
580542
580450
580420
580411
580088
579737
579552
579544
579279
579249
579226
578965
578537
578530
578088
577929
577868
577673
577317
577243
577090
577027
576967
576930
576741
576217
576211
575767
575586
574948
574942
574550
573731
573495
573370
572716
571690
571402
571286
571267
570707
570704
570687
570557
570419
570386
570203
569974
569199
568393
568360
568328
568254
568028
567859
567746
567669
567634
567427
567357
567180
567132
567120
566743
566687
566657
566547
566501
566397
566330
566077
565988
565987
565931
565699
565658
565517
565087
565060
564989
564939
564514
564413
563983
563958
563940
563876
563706
563586
563286
563193
562869
562590
562324
562185
562174
562125
561906
561902
561620
561305
561200
561018
560982
560746
560683
560628
560281
560112
559412
559259
558872
558310
558137
558046
557850
557709
557337
557171
557036
556949
556941
556562
555763
555593
555576
555164
555125
554988
554504
554466
554051
553868
553561
553268
553058
552802
552655
552509
552432
552250
552139
552135
552057
551947
551831
551661
551644
551471
551204
550979
550961
550786
550409
550033
550026
549879
549695
549690
549587
549433
549406
549374
549215
549196
548736
548714
548439
548418
548332
547996
547861
547290
547216
547182
547127
546784
546550
546482
546436
546365
546306
546296
546113
545856
545620
545586
545423
545361
545323
545323
545248
544980
544472
544415
544263
544170
544037
543736
543729
543689
543634
543457
543425
543409
543346
543264
543183
543112
542971
542929
542816
542719
541945
541810
541771
541625
541416
541354
541274
541213
540904
540757
540666
540647
540573
540549
540514
540503
539602
539480
539403
539393
539265
539031
538972
538842
538577
538543
538536
538322
538234
538085
537668
537349
537327
537247
537212
537155
537112
536925
536899
536881
536790
536736
536574
536434
536109
536025
535774
535439
535425
534770
534761
534644
534620
534336
534109
534056
533873
533732
533675
532796
532678
532661
532449
532412
532373
531850
531842
531507
530755
530746
530677
530660
530208
530185
529939
529899
529704
529572
529216
529183
528798
528776
528622
528575
528488
528449
528116
528071
528049
527871
527715
527541
527076
527040
527032
526910
526643
526584
526058
525922
525702
525499
525430
525374
525111
524985
524583
524335
524072
523947
523859
523495
523411
523237
523118
522835
522640
522271
522053
521674
521544
521295
521277
520959
520808
520740
520709
520661
520575
520546
520423
520357
519888
519846
518980
518873
518809
518696
518212
517976
517828
517604
517491
517463
517407
517399
517332
517138
516858
516856
516803
516594
516420
516351
516257
515727
515373
515305
515213
514991
514767
514639
513710
513499
513442
513291
512981
512901
512763
512590
512547
512129
512090
512007
511921
511774
511770
511315
511208
510804
510284
510104
510059
510040
510000
509920
509800
509742
509717
509553
509396
509041
509029
508943
508914
508913
508895
508734
508667
508476
508270
507387
507249
506874
506567
506396
506248
506164
506113
505887
505007
504811
504649
504640
504460
504103
503955
503237
502568
502347
502273
502262
502068
501860
501850
501701
501570
501482
501462
501399
501258
501179
501078
500534
500115
500065
499888
499774
499719
499320
499224
499199
499109
498740
498420
498373
497608
497516
497184
496869
496765
496298
496252
495865
495449
494972
494953
494869
494823
494703
494441
494318
494271
494075
494017
493749
493729
493574
493545
493523
493434
493352
492915
492863
492831
492513
492418
492351
492074
492068
491971
491784
491388
491188
490958
490871
490674
490635
490633
490624
490275
489952
489844
489810
489390
488966
488635
488601
488404
488334
488191
487954
487573
487551
487452
486867
486706
486589
486500
486480
486425
486385
486091
485962
485957
485619
485333
485243
485143
484388
484383
483981
483643
483562
483113
482957
482804
482523
482499
482044
482021
481821
481737
481614
481548
481512
481048
480818
480610
480422
480271
479945
479667
479334
479293
479281
479122
479039
479025
478690
478570
478458
478330
478306
478254
478199
478152
477975
477858
477786
477482
477168
476908
476773
476658
476591
476514
476386
476375
476205
475748
475726
475211
475160
475065
475007
474975
474792
474182
474087
473989
473799
473774
473636
472932
472896
472432
472371
471992
471975
471747
471688
471412
471210
471201
471135
470570
470409
470346
470192
470069
469917
469694
469598
469522
469475
469394
469340
469314
469296
469143
469138
469079
469077
468934
468859
468790
468518
468123
468026
467912
467816
467808
467477
467339
467282
467189
466775
466717
466630
466583
466403
466399
466069
466069
466015
465801
465738
465154
465099
465081
464918
464685
464635
464223
464206
464059
463975
463691
463670
463590
463139
462808
462684
462521
462516
462477
461709
461306
461033
460856
460854
460805
460695
460313
460260
460236
460139
459835
459695
459615
459225
459214
458912
458781
458632
458500
458154
457866
457863
457830
457704
457569
457416
457160
457040
456675
456547
456354
456327
456317
456278
456207
455346
454973
454763
454718
454717
454560
454209
454002
453705
453584
453462
453376
453310
453135
452926
452762
452698
452665
452557
452087
451098
451084
450967
450759
450353
450199
449923
449580
449307
448889
448842
448681
448464
448443
448248
447904
447851
447431
446655
446371
445345
445271
445190
445163
444790
444207
443597
443031
442910
442579
442482
441736
441434
441400
441379
441317
441218
441105
441045
440999
440964
440919
440800
440707
440617
440488
439870
439755
439732
439526
439370
439182
439104
439010
438887
438881
438851
438680
437556
437524
437389
437380
437269
437197
436773
436576
436482
435479
435394
435165
434723
434631
434125
434048
433885
433619
433568
433465
433342
432803
432712
432631
432584
432541
432514
432119
432039
431930
431667
431430
431318
431301
430762
430738
430427
430341
430262
430077
429968
429814
429718
428989
428391
428284
428111
428019
427920
427776
427754
427538
427170
426969
426835
426629
426481
426465
426342
425882
425639
425365
425227
424799
424677
424523
424249
424113
424083
423757
423483
423083
422871
422340
422164
421957
421828
421126
421045
420991
420620
420229
420071
420059
419541
419454
419297
418965
418954
418515
418344
418263
418172
417925
417897
417880
417798
417635
417559
417274
416897
416864
416781
416485
416386
416276
416231
415732
415572
415323
415317
415208
415158
414711
414617
414587
414271
413801
413583
413563
413505
413453
413416
413241
413210
413198
412762
412610
412528
412465
412130
411930
411860
411818
411039
410759
410576
410455
410257
410215
410200
409922
409839
409722
409617
409533
409427
409305
409182
408674
408651
408585
408457
408413
407965
407921
407760
407745
407621
407598
407417
407366
407185
407092
406924
406793
406689
406676
406590
406349
406243
406136
405134
404916
404632
404567
404457
404283
404173
403891
403871
403739
403519
403221
403199
403154
403142
402911
402583
402245
401947
401905
401572
401523
401237
401168
400821
400684
400447
400213
400149
400134
400086
398869
398858
398818
398769
397869
396937
396429
396110
396100
395879
395869
395741
394783
394589
394570
394536
394274
393973
393894
393789
393731
392716
392555
392554
392336
392205
392173
392160
391943
391836
391777
391766
391732
391540
391327
391296
391220
391154
390892
390228
390170
389992
389584
389295
388841
388776
388764
388683
388375
388335
388108
387981
387976
387873
387869
387249
387112
387078
386978
386830
386754
386306
385952
385846
385538
385256
385214
385157
385070
385067
384704
384487
383356
383306
382769
382747
382651
382315
382284
382168
382148
381918
381772
381635
381569
381277
381271
381192
381158
381021
380964
380878
380789
380630
379492
379463
379335
379015
378993
378353
378232
378065
378038
378011
377695
377406
377142
377112
376831
376710
376620
376466
376388
376349
375336
375331
375243
375069
374884
374741
374729
374709
374701
374461
374190
374046
374026
374004
373906
373631
373521
373468
373354
373212
373136
372993
372985
372873
372765
372347
372270
371899
371595
370800
369828
369509
369034
368779
368777
368673
368396
368303
368206
368130
368042
367936
367798
367712
367500
367423
367053
367018
366680
366677
366596
366495
366433
366040
365910
365512
365496
365428
365107
364516
363964
363570
363184
363179
363157
362905
362757
362601
361519
360955
360378
360315
359906
359896
359892
359578
359374
359318
359286
359242
358983
358835
358462
358136
357890
357737
357404
357243
357202
357073
356843
356533
356469
355812
355690
355640
355513
355336
355045
355028
354809
354764
354625
353929
353880
353055
353004
352857
352819
352814
352640
352403
352400
352294
352200
351954
351415
351343
351191
351148
350863
350688
350588
350539
350356
349958
349806
349775
349699
349655
349557
349158
348615
348607
348269
348125
348083
348007
347948
347936
347555
347448
346763
346744
346494
346444
345905
345844
345561
345306
345190
344775
344452
344359
344135
344078
343740
343510
343399
343217
343211
342407
341999
341943
341921
341491
340835
340462
339726
339573
339554
339493
339360
339163
339055
338973
338726
338341
338303
337804
337266
337086
336784
336750
336565
335984
335920
335771
335734
335638
335508
335253
335230
334875
334588
334392
333995
333327
333299
333156
332951
332376
332373
332353
331902
331459
331269
331169
331030
331028
330965
330698
330584
330573
330539
330485
330464
330263
329920
329874
329728
329416
329262
329207
328665
328486
328443
327828
327697
327440
327297
327102
326972
326957
326564
326454
326250
326206
326127
325746
325729
325675
325623
325123
324382
324196
323881
323781
323672
323268
323175
322867
322512
322450
322426
321989
321582
321285
320888
320818
320784
320278
320257
320158
319873
318819
318719
318584
318433
318232
318109
318030
317940
317869
317696
317632
317314
317096
316855
316672
316581
316432
316245
316180
315619
315374
315342
315338
315155
315022
314915
314782
314765
314696
313992
313958
313895
313547
313421
313333
313184
313136
312873
312784
312757
312304
312070
311934
311315
311238
311044
310746
310566
310473
310264
310204
310149
309937
309887
309870
309780
309505
309266
309227
308916
308805
308748
308100
307936
307876
307740
307496
307482
307417
307216
306941
306892
306741
306424
306061
306025
305519
305504
305380
305321
305313
305030
304974
304948
304792
304488
304076
304064
304056
304007
303791
303328
302988
302646
302566
302450
302385
302198
301883
301494
301460
301298
301138
300683
300485
300288
300169
300093
298969
298915
298844
298711
298671
298667
298633
298566
298317
298058
297920
297901
297865
297456
297431
297004
296686
296503
295694
295683
295624
295440
295387
295289
295179
294792
294204
294112
293686
293587
293325
292809
292777
292691
292671
292580
291850
291824
291761
291003
290706
290627
290499
290287
290035
289955
289954
289741
289736
289650
289610
289529
289493
288806
288361
288173
287918
287898
287677
287670
287646
287531
285729
285714
285710
285267
285104
285056
284840
284780
284664
284464
284263
283658
283636
283227
283059
282710
282642
282592
281496
281369
281292
281075
281025
280720
280681
280533
280418
280230
280208
280124
279894
279680
279570
279398
279327
278141
278131
278017
277859
277437
277401
277349
277289
277024
276980
276287
275688
275041
274927
274866
274505
274402
273614
272882
272868
272621
272549
272487
272390
271923
271572
271402
270988
270917
270907
270522
270505
270397
269867
269759
269699
269500
269478
269142
269129
269059
268730
268165
268054
267964
267940
267556
267237
267223
267011
266880
266630
266623
266542
266288
266216
266002
265846
265829
265791
265772
265091
264911
264511
263955
263953
263856
263777
263640
263518
263282
263269
262769
262644
262314
262269
261631
261598
261546
260977
260695
260434
260161
259789
259670
259657
259119
258978
258797
258464
258454
258439
258184
258093
258015
257931
257814
257639
257541
257368
257356
256887
256739
256706
256666
256606
256503
256226
256206
256090
256044
255717
255426
255320
255022
254952
254330
254110
254053
253860
253857
253461
253429
253122
252922
252902
252894
252069
252006
251881
251367
251100
251094
251084
250951
250944
250652
250464
250349
250066
250024
249870
249519
249425
249302
248724
248682
248249
248044
247021
247016
246949
246839
246634
246536
246363
246322
246058
246027
245945
245934
245874
245721
245686
245212
244929
244788
244749
244684
244231
244095
243987
243976
243485
243431
243429
243411
243100
242951
242942
242879
242767
242622
242448
242406
242387
242368
242271
242181
241940
241528
241289
241070
240790
240749
240538
240469
240455
240173
239864
239727
239104
239077
239058
238367
238216
238056
237645
237542
237539
237176
237038
236715
236547
236199
236029
235727
235571
235330
234853
234394
234332
234283
234219
234164
234156
233680
233505
233351
233314
233260
232812
232542
232403
232401
232266
232156
231901
231879
231424
231384
231070
231064
230858
230832
230730
230531
230121
229832
229759
229709
229671
229644
229491
228677
228403
228354
228324
228039
227893
227625
227621
227548
227509
227443
227349
227337
227324
227304
227254
227218
227068
227041
226990
226900
226492
226453
226233
226223
226126
226061
226025
225994
225745
225634
225499
225367
224954
224906
224656
224545
224469
224069
224003
223871
223228
223068
222991
222984
222634
221776
221549
221487
221270
221119
220225
220209
219993
219449
219386
219175
219099
218735
218564
218343
218209
217936
217879
217798
217758
217560
217401
217297
217034
217034
216701
216432
216310
215396
215306
214479
214479
213941
213910
213836
213734
213696
213223
213122
212910
212600
212517
212294
212260
211869
211618
211482
211292
211271
211246
211179
210946
210597
210482
210154
209995
209948
209715
209177
209097
209007
208944
208860
208693
208684
208401
207844
207315
207103
206858
206692
206553
206455
206191
206134
205906
205723
205637
205626
205544
205291
205156
205130
205084
204534
203495
203298
203188
203027
202935
202777
202659
202551
202523
202200
201945
201423
201372
201171
201132
200962
200876
200352
200017
199916
199527
199447
199230
199088
198785
198115
198024
197877
197799
197680
197479
196940
196768
196670
196517
196235
196095
196082
195941
195680
195248
194724
194704
194520
194437
194284
194184
193972
193824
193421
193154
193134
193112
193108
192970
192922
192838
192705
192400
192306
191881
191764
191224
191206
191121
191035
190501
190499
190265
190092
190000
189349
189310
189199
189116
188873
188681
188658
188563
188143
187937
187486
187326
187243
187089
186967
186863
186778
186649
186555
186352
186198
185962
185747
185612
185431
185245
185014
185003
184813
184437
184344
184207
183974
183439
183399
183311
183296
183120
182903
182724
182502
182441
181845
181453
181370
181331
180969
180830
180829
180777
180743
180533
180307
180215
179622
179245
178737
178316
178137
178041
177938
177647
177419
176934
176867
176781
176654
176253
176229
176117
175348
175311
175133
174922
174887
174781
174613
174445
174415
174336
174180
173683
173594
173046
172986
172824
172815
172656
172619
172532
172210
171784
171600
170896
170791
170265
170073
169935
169311
168920
168526
168459
168239
168199
167891
167887
167348
167289
167099
166363
166011
165876
165793
165319
165061
164565
164186
163824
163771
163690
163577
163510
163197
162516
162341
162262
161802
161458
161154
161028
161002
160949
160780
160504
160254
160237
160038
159990
159890
159661
159575
159306
159113
158923
158805
158799
158623
158614
158242
158066
157779
157556
157531
157524
157489
157370
157272
157049
156977
156960
156561
156440
155908
155719
155236
154365
154040
153832
153772
153570
153272
153199
153158
153099
153011
152866
152387
152120
151638
151599
150810
150201
150107
149897
149706
149543
149308
149293
149284
149279
149140
148910
148792
148381
148229
148185
147655
147581
147209
147080
147012
146720
146611
146565
146411
146085
145948
145834
145755
145671
145262
144507
144184
144077
143870
143833
143701
143155
142608
142606
142526
142302
142293
142137
141838
141835
141671
141602
141597
141157
140745
140676
140469
140206
140093
140079
139879
139876
139785
139608
139602
139536
139506
139249
138995
138978
138548
138509
138093
137788
137202
136818
136489
136396
136394
136052
135999
135804
135784
135569
135361
135314
135005
134913
134909
134477
134417
134390
134328
133692
133384
133354
133288
133251
133241
133070
132568
132404
132250
131852
131850
131670
131657
131622
131167
131072
130959
130855
130462
130403
129968
129817
129790
129625
129555
129342
129232
128997
128614
128095
127973
127783
127544
127336
127216
127063
126983
126886
126371
126347
126180
126136
126034
125979
125633
124959
124906
123932
123917
123792
123654
123386
123126
122922
122888
122643
122507
121858
121594
121523
120525
120525
120516
120510
120346
120132
119893
119745
119538
119494
119460
118855
118798
117892
117753
117681
117651
117587
117489
117386
117246
117192
117185
117094
116896
116823
116483
116113
116036
115992
115686
115674
114884
114683
114335
114314
114037
113916
113852
113830
113219
112951
112923
112508
112253
112230
112163
112134
111847
111497
111461
111394
111319
111266
111247
110757
110502
110500
110397
109931
109629
109273
109258
109012
108913
108718
108642
108054
108042
108011
107988
107899
107561
107199
107122
107023
106277
106013
105954
105834
105754
105696
105172
105028
104944
104886
104838
104389
104343
103932
103913
103613
103578
103534
103520
103320
103242
103221
103177
103133
103069
102988
102016
101760
101759
101660
101594
101479
101150
101032
100956
100891
100748
100699
100614
100303
100223
100094
99977
99873
99789
99769
99603
98684
98555
98482
98052
97633
97552
97546
97535
97503
97471
97407
97364
97279
97190
97066
97037
97009
96993
96797
96649
96139
96117
95916
95456
95289
95264
95068
94930
94869
94867
94799
94516
94263
94202
93841
93585
93484
93277
93017
92553
92201
92016
91632
91511
91484
91308
91179
91176
91110
91036
90888
90878
90511
90500
90426
89858
89837
89726
89574
89428
89150
89119
88405
88362
88231
88022
87955
87837
87733
87721
87655
87534
87333
87217
86944
86868
86820
86679
86621
86325
86139
85965
85726
85713
84978
84946
84839
84540
84533
84291
84258
83931
83820
83637
83052
82864
82811
82728
82359
82311
82170
81833
81785
81649
81334
81278
80480
80444
80304
80060
79915
79789
79419
79384
78805
78713
78113
77799
77589
77448
76385
76274
75808
75448
75279
75173
75106
75033
74963
74933
74883
74600
74391
74273
74052
73247
72996
72961
72918
72694
71860
71486
71474
71166
71113
71016
70837
70356
70251
70222
69719
69672
69648
69587
68428
67673
67312
67236
67151
66137
65731
65300
64979
64866
64625
64406
63965
63551
63016
62500
62399
62339
62145
61957
61909
61901
61886
61534
61508
61127
60971
60929
60659
60439
60430
60158
59819
59482
59418
59358
59210
58855
58641
57945
57702
57582
57327
57295
57071
56849
56764
56681
56490
56205
56007
55942
55840
55478
55430
55301
53903
53641
53592
52478
52456
52313
52308
52045
52010
52003
51997
51922
51875
51869
51794
51602
51574
50749
50532
50279
50036
50026
49968
49814
48998
48905
48307
47769
47535
47505
47309
47223
47124
46854
46774
46663
46539
46033
46012
45854
45534
45306
45243
44902
44785
44749
44622
44561
43870
43766
43648
43622
43342
43102
43028
42618
42529
42479
42357
42254
42160
42043
41891
41797
41632
41508
41414
41264
41188
41146
40669
40287
40120
40082
39837
39570
39366
39264
39242
39138
39012
38675
38407
38278
38078
37417
37393
37238
37225
36532
36357
36147
35944
35755
35700
34893
34658
34394
34157
34132
33954
33892
33644
33567
33255
32838
32570
31829
31700
31402
31365
30765
30691
30184
29804
29586
29513
29300
29241
29179
28462
28351
28166
27986
27684
27651
27611
27431
27429
27024
26930
26871
26845
26109
25960
25847
25828
25682
25493
24987
24919
24634
24620
24138
24020
23791
23670
23486
23440
23237
23228
22860
22833
22812
22649
22361
22147
21564
21385
21123
21114
21002
20845
20743
20734
20460
20375
19958
19944
19885
19826
19722
19078
19011
18929
18835
18757
18703
18355
18103
18037
17939
17886
17850
17672
17632
17559
17306
17131
17081
17015
16684
16536
16431
16045
16038
16033
15307
15275
14916
14648
14496
14120
13913
13612
13509
13498
13286
13109
12968
12726
12379
11989
10973
10824
10588
10584
10008
9599
9529
9436
9099
8656
8648
8530
8266
7821
7729
7643
7624
7499
7432
7214
7102
7019
6983
6809
6711
6688
5545
5530
5379
5358
5176
5121
5078
4905
4504
4328
4034
3843
3826
3264
2881
2296
1942
1709
1507
1192
672
396
324
244
43
