999871
999803
999621
999230
999210
999172
998639
997878
997636
997414
997051
997042
996921
996792
996763
996605
996373
996171
996132
995910
995553
995276
995142
994909
994833
994292
994169
993925
993687
993652
993577
993467
992799
992513
992301
992238
992077
991825
991183
991177
991033
991024
990995
990835
990702
990638
990451
990376
990208
990151
990112
990049
989623
989353
989271
989090
989057
988552
988469
988450
988354
987996
987975
987624
987594
987336
987269
986916
986869
986720
986681
986600
986251
986164
986152
986033
986028
985823
985455
985424
985329
985190
984777
984775
984619
984617
984571
984023
983994
983894
983871
983740
983568
983428
983276
983091
982785
982593
982513
982371
982311
982274
982108
982058
981797
981622
981385
981355
981094
980930
980593
980497
980430
980413
980244
980162
979965
979600
979111
979044
978864
978787
978524
978450
978135
978103
978079
977972
977806
977745
977364
977073
976170
975673
975552
975511
975346
974980
974711
974670
974326
973918
973589
973363
973283
973041
972796
972543
971780
971537
971414
971302
971062
971004
970648
970646
970566
970540
970379
970029
969804
969719
969605
969542
969376
969245
969241
969143
969139
968820
968591
968554
968226
968158
967780
967630
967196
967123
967111
966992
966900
966486
965903
965818
965813
965369
965160
965011
964777
964398
964351
964178
964128
963996
963977
963873
963329
963306
963197
963003
962703
962643
962492
961996
961259
961147
960497
960277
960244
960120
960076
960043
959921
959879
959806
959794
959215
958858
958767
958358
958242
958210
958003
957869
957866
957799
957718
957202
957138
956860
956434
956159
955920
955416
955193
954897
954859
954653
954571
954532
954469
954141
953403
953232
953159
953143
953139
952940
952042
952034
951383
951362
950965
950835
950706
950598
950378
950037
950003
949366
949161
947388
947380
947375
947280
947268
947236
947206
947140
947003
946997
946837
946211
946154
945834
945301
944961
944816
944582
944477
944317
944081
944020
944006
943648
943187
942367
942221
941933
941763
941229
941207
941127
940947
940841
940379
940357
940306
940089
940060
939973
939748
939088
939030
938993
938696
938457
938401
938341
938211
937696
937616
937438
937310
937121
937088
936250
936179
935481
935470
935357
934938
934719
934290
934243
934238
934134
934076
933952
933825
933825
933815
933575
933321
933292
933003
932521
932471
932303
932222
932135
931105
930733
930686
930648
930498
930421
929900
929481
929429
929082
929003
928833
928595
928223
928163
927915
927912
927796
927724
927673
927148
927032
927007
926540
926207
926129
926111
926028
925979
925814
924500
924469
924431
923912
923790
923785
923700
923341
923268
923029
922750
922664
922591
922531
922489
922403
922061
921782
921128
921002
920715
920273
920097
919886
919803
919643
919148
919087
918899
918454
918427
918202
918126
918078
917612
917570
917488
917483
917351
916974
916892
916735
916406
916266
916244
916159
916081
916065
915869
915595
915552
915468
915451
915426
915397
914997
914993
914784
914418
914007
913920
913840
913665
913649
913503
913385
913258
912894
912758
912749
911890
911882
911868
911520
911433
911158
911046
911011
910531
909945
909542
909173
908973
908949
908711
908644
908497
908375
908022
907383
907343
907229
907165
906898
906857
906464
906335
905933
905798
905614
905465
905304
905269
905226
905100
904718
904457
904394
904204
903762
903513
903479
903031
902920
902557
902536
902195
902181
902064
901880
901674
901355
900756
900620
900291
900187
899859
899456
899245
899219
899208
899061
898911
898778
898573
898249
898118
897808
897582
897355
896774
896611
895860
895690
895623
895482
895272
894947
894771
894364
894287
893993
893336
893206
892727
892491
892150
892044
891246
891051
890709
890491
890308
890259
890247
889432
889269
889162
888806
888738
888600
888544
887522
887462
887360
887064
887050
886879
886809
886539
886330
886090
885964
885655
884767
884113
884106
883968
883913
883857
883748
883661
883540
882886
882644
882554
881995
881760
881720
881632
881531
881511
881259
881250
881103
880665
880589
880250
879889
879781
879580
878999
878795
878408
878363
878047
877935
877888
877827
877823
877643
877613
877569
877453
877342
877253
877114
877056
877046
876846
876722
876659
876547
876406
875305
875280
875196
875020
874135
873921
873621
873395
873302
873284
873166
873115
873105
872812
872438
872398
872204
871858
871836
871573
871290
870980
870804
870526
870518
870312
870157
869942
869933
869858
869791
869163
869021
868302
867738
867635
867341
867318
867282
866714
866537
866468
866449
866372
866341
866309
866256
866000
865804
865410
865099
864971
864435
862662
862604
862306
862243
862088
862035
861859
861647
861359
861189
860861
860773
860657
860610
860335
860174
859894
859689
859682
859616
859529
859489
859185
859158
859039
858498
858121
857767
857555
857376
857317
857285
857167
857082
857052
857011
857011
857001
856959
856947
856625
856301
856287
856071
856032
855676
854896
854507
853967
853853
853585
853109
852913
852600
852238
852218
851973
851926
851801
851690
851403
851326
851172
850703
850573
849813
849618
849517
849487
848717
848462
848426
847968
847561
847184
846569
846120
845950
845719
845594
844980
844897
844539
843831
843705
843514
843224
842987
842957
842941
842771
842532
842229
842080
841766
841578
841298
841185
841018
840957
840755
840706
840497
840213
840198
840162
839856
839797
839741
839289
839018
838894
838184
838003
837816
837718
837711
837517
837377
836940
836403
836381
836358
836156
835876
835777
835761
835313
835165
835019
834970
834699
834672
834402
834373
834288
833475
833339
833277
833081
832835
832091
832031
831947
831942
831927
831538
831488
831265
831024
830908
830717
830663
830099
829931
829863
829724
829476
829390
829180
828676
828577
828278
828072
828045
827761
827614
827543
827534
827397
827293
826868
826669
826402
826329
826042
825699
825624
825227
825218
825014
824990
824941
824646
824640
824519
824298
824235
823950
823926
823681
823424
823402
823389
822428
822264
822250
822106
821935
821888
821880
821851
821517
821348
821333
821140
820515
820491
820455
820436
820238
820052
820045
820018
819593
819472
819471
819342
819251
819239
819162
818813
818691
818684
818482
818463
818392
818114
817870
817611
817537
817528
817423
816217
816130
815416
815374
815262
815151
815134
814991
814788
814610
814441
814426
814168
814035
813915
813707
813700
813632
813485
813411
813392
813386
813171
812939
812900
812853
812120
811984
811931
811914
811759
811572
811193
810995
810994
810919
810851
810826
810337
810129
809906
809643
809575
809377
809050
808809
808586
808380
808240
808106
807577
807182
806637
806337
806051
805479
805476
805230
805141
804702
804666
804584
804478
804285
804054
804052
804039
803651
803474
803147
802932
802576
802234
801534
801470
801257
801255
801253
800937
800912
800360
800142
799998
799987
799979
799838
799558
799122
798570
798511
798039
797864
797362
797332
797309
797221
797130
797109
796599
796057
795962
795811
795665
795380
794751
794734
794531
794266
793954
793902
793770
793604
793575
793408
793337
793205
793188
793118
793007
792829
792534
792448
791282
791220
791182
791144
791021
790900
790846
790766
790667
790627
790550
790465
790452
790249
790217
789960
789609
789201
789130
789121
788964
788895
788824
788725
787887
787768
787623
787617
787498
787426
787295
787012
786568
786557
786203
786176
786017
785844
785731
785580
785388
785163
785128
784838
784593
784467
784410
784184
784127
784006
783887
783573
783356
783065
782908
782452
782403
782313
781867
781612
781564
781338
781299
781154
780732
780406
779604
779566
779425
779051
778798
778774
778679
778608
778520
778259
778253
778217
778126
777876
777855
777821
777560
777475
777005
776862
776774
776708
776673
776587
776338
776215
776181
776034
775521
775478
775475
775394
775387
775334
774573
774477
774339
774156
774109
773992
773984
773903
773073
773032
772713
772634
772469
772085
772080
772046
771682
771561
771027
771005
770885
770833
770782
770771
770594
770375
770022
769961
769895
769637
769615
769608
769579
769480
769180
769107
769013
768992
768816
768611
768392
768362
768242
768215
768141
767913
767717
767366
767354
766922
766780
766722
766320
766056
766042
765918
765657
765343
764843
764619
764612
764464
764403
764081
763825
763632
763497
763350
763327
763273
763188
763069
762327
762259
762154
761628
761365
761359
761197
760856
760800
760647
760559
760494
760445
760363
759628
759421
759382
759194
759192
757883
757626
757355
757267
757224
757217
757139
757132
756776
756733
756422
756341
756311
756232
756107
755930
755326
754878
754365
754111
754057
753788
753530
753436
753401
753354
753312
753266
752861
752600
752318
752258
752088
751845
751829
751804
751582
751401
751203
751114
750874
750804
750072
749532
749511
749501
749499
749273
749068
748975
748919
748520
748495
748468
747974
747855
747835
747787
746978
746461
746422
746085
745968
745865
745817
745719
745687
745564
745520
745500
745363
745311
744824
744481
744414
743720
743650
743525
743400
743102
742897
742797
742697
742600
742523
742400
742006
741959
741936
741614
741578
741304
741101
741078
740913
740538
740527
740430
739754
739687
739318
739230
739125
739059
738621
738459
738416
738349
738182
738138
738045
737785
737693
737159
737113
736685
736474
736426
736372
736335
736157
735983
735967
734908
734906
734899
734829
734725
734157
734138
734001
733801
733466
733464
733121
733040
732716
732416
732374
731364
731125
730997
730705
730562
730483
729633
729616
729525
729323
729152
729127
728479
728246
728054
727889
727819
727795
727636
727550
727479
726965
726508
726369
726082
725820
725127
724950
724922
724867
724858
724821
724818
724399
724377
724317
724176
724125
723680
723470
723328
723175
722969
722802
722746
722628
722348
722307
721898
721617
721570
721485
721250
721104
721035
720596
720566
720429
720266
720259
720047
719968
719961
719862
719654
719644
719619
719372
719363
719066
718871
718424
718397
718228
718020
717874
717528
717356
717191
716970
716885
716641
716114
715642
714818
714542
714455
714451
714360
714246
714190
713941
713872
713846
713803
713445
713102
713017
712596
712378
712028
711797
711793
710946
710892
710725
710268
710157
709998
709764
709510
709403
709257
709240
709146
708935
708662
708328
708237
708211
708141
708041
707646
707491
707236
706962
706863
706528
706403
706295
706287
706269
706259
706101
705791
705573
705567
705469
705035
704924
704553
704386
704303
703695
703652
703171
703159
703153
702696
702540
702372
702370
702324
701586
701362
701161
701016
700960
700206
699951
699891
699310
698694
698623
698513
698476
698332
697806
697576
697223
696848
696779
696449
696278
696058
695852
695611
695578
695443
695312
695288
694750
694387
693472
692812
692536
692460
692409
691985
691311
691246
691199
691196
690950
690789
690755
690661
690493
690436
690369
689262
689133
689119
689056
688875
688812
688517
688302
688233
687893
687287
687193
687152
686987
686369
685921
685844
685557
685410
684973
684558
684172
683860
683774
683581
683098
683012
683005
682279
681489
680939
680800
680679
680432
680396
680059
680000
679960
679538
679459
679290
679279
679251
679250
678652
678647
678544
678356
678090
678071
677885
677739
677604
677164
676926
676792
676502
676190
675839
675315
675269
674898
674873
674780
674014
673621
673489
673332
672975
672605
672527
672451
672182
671951
671838
671246
671244
671214
671149
670676
670285
669994
669927
669835
669015
668990
668816
668110
668038
668004
667555
667385
667225
666942
666708
666700
666484
666436
666234
666178
666038
665888
665702
665575
665496
665456
665343
665224
664922
664840
664700
664410
664228
664207
663981
663799
663752
663442
663436
663425
662319
662291
662143
662001
661816
661375
661276
660469
660392
660286
660263
660169
660167
660132
660011
659962
659812
659688
659425
659231
659034
659007
658896
658891
658303
657086
656968
656320
656254
656154
655985
655807
655623
655110
654885
654821
654769
654691
654509
654365
654320
654163
653970
653965
653881
653752
653036
652804
652715
652448
652256
651156
650975
650920
650872
650639
650415
650036
649496
649301
649038
648950
648906
648809
648683
648654
648237
648188
647995
647730
647660
647302
647229
647192
647142
647032
646388
645689
645445
645160
644660
644492
644328
644232
644134
643560
643072
642903
642628
642203
641753
641679
641505
641493
641370
641294
641241
640907
640628
640475
640241
640225
639965
639951
639586
639196
639154
639020
638752
638612
638232
638072
638053
637987
637923
637704
637511
637495
637339
637300
637273
636982
636887
635830
635661
635504
635047
634753
634448
634345
634021
633890
633740
633572
633533
632889
632838
632787
632533
632461
632187
631851
631232
631135
630980
630873
630847
630839
630761
630458
630416
630363
630278
630062
628950
628925
628890
628547
628546
628216
628175
627880
627844
627838
627827
626958
626885
626759
626588
626283
626273
625860
625828
625741
625025
624919
624715
624320
624185
624033
623976
623826
623584
623416
623273
623180
623050
622867
622855
622843
622634
621460
621216
621148
621125
621071
620576
620492
620406
620304
619506
619407
618662
618523
618484
618441
618330
618022
618010
617879
617609
617573
617503
617275
617136
617055
616818
616484
616476
615851
615716
615698
615535
615258
615256
615250
615245
615226
615182
614779
614599
613819
613715
613510
613234
613032
612947
612911
612882
612478
612444
612114
612061
611905
611846
611724
611719
611650
611240
611048
611045
610771
610680
610577
610461
610457
610224
610199
610021
609780
609701
609666
609286
608862
608840
608220
608067
607901
607803
607464
607002
606994
606543
606105
605802
605551
605483
605381
605319
604909
604900
604542
604337
604280
604152
604025
603958
603250
603055
602877
602247
602242
602110
602030
601831
601661
601559
601502
601330
600856
600812
600713
600699
600479
600232
600232
599777
599652
598689
598664
598664
598495
598274
597947
597839
597838
597641
597610
597591
597566
597323
597166
596907
596887
596811
596677
596598
596493
596273
596032
595923
595748
595510
595355
595341
595143
595063
594938
594760
594569
594454
594375
594169
594038
593949
593785
593772
593653
593342
593102
592816
592673
592546
592401
592027
591711
590975
590946
590921
590520
590503
589926
589610
589586
589492
589161
588895
588384
588308
587847
587611
587502
587429
587235
587044
586965
586706
586481
586384
585944
585906
585872
585823
585755
585427
585119
585118
585066
584998
584937
584929
584451
584375
584305
584287
584266
584219
584198
584115
583886
583613
583299
582803
582610
582431
582352
582342
582296
582032
581453
581136
581048
581025
580875
580620
580566
580398
580367
580281
580243
580127
579937
579480
579057
579022
578892
578863
578607
578572
578496
578246
577474
577374
577245
576960
576918
576459
576096
575828
575823
575621
575290
575131
574439
574309
574262
573750
573635
573425
573120
572836
572607
572364
572153
572135
572036
571388
571325
571299
571241
570681
570489
569931
569865
569864
569744
569727
569617
569445
569392
569280
569184
569149
568855
568711
568497
568420
567995
567769
567340
567275
567264
566884
566588
566515
566352
566230
566222
566219
565650
565533
565164
564631
564561
564388
564215
564169
563978
563651
563587
563509
563441
563440
563300
562938
562422
562327
561981
561980
561833
561570
561529
561302
561279
561117
560941
560940
560932
560559
560348
560181
560064
560020
559915
559807
559685
559385
559361
558157
558040
557999
557748
557625
557578
557478
557301
557070
556989
556949
556276
556149
555707
555303
555226
555137
555078
554713
554582
554401
553995
553902
553791
553669
553529
553456
552829
552567
552241
552239
552172
551971
551868
550905
550578
550410
550363
550062
549946
549754
549577
549364
549119
548995
548606
548555
547829
547617
547493
547361
547293
545872
545070
544842
544258
544101
543718
543643
543445
542430
542153
542092
542017
541767
541472
541046
540818
540652
540189
540029
539498
539442
539410
538872
538270
538264
538213
538192
537982
537946
537723
537674
537598
537563
537225
536655
536472
536450
536036
535990
535561
535526
535511
534942
534885
534737
534311
534205
534052
533355
533109
532952
532679
532099
532082
531906
531724
531551
531258
531097
530584
530360
530353
530123
529974
529928
529921
529816
529249
529143
528847
528705
528600
528591
528447
528378
527960
527766
527737
527663
527611
527137
526555
526334
526320
526242
525770
525507
525090
524834
524758
524578
524560
524537
524460
524221
523973
523942
523612
523524
523230
523053
523001
522922
522707
522687
522624
522619
522270
522056
521947
521790
521283
521225
521035
520548
520384
520306
520288
520176
520173
519992
519478
519411
519178
518613
518320
518194
518173
517493
517391
517303
517132
517128
516875
516762
516722
516621
516516
516416
516327
516295
516197
515526
514993
514671
514636
513986
513965
513921
513681
513466
513288
513260
512995
512907
512822
512739
512507
512411
512203
511431
511375
511134
510874
510597
510573
510514
510378
510221
510214
509798
509620
509004
508731
508503
508486
508398
508073
507722
507358
507029
506935
506843
506626
506564
506397
506224
505562
505476
505316
505292
504967
504689
504224
504119
503347
503254
503232
503021
502801
502799
502417
502213
501789
501515
501375
501271
501080
500959
500955
500840
500472
500243
500238
500196
500060
499568
499394
498938
498787
498024
497996
497882
497840
497706
497354
497307
497142
497023
496951
496870
496807
496503
496378
496350
496036
495806
495358
495283
494990
494782
494533
494271
493954
493155
492975
492939
492933
492562
492431
492316
492236
492148
492140
491914
491846
491479
491381
491375
490951
490783
490554
490390
490260
490195
490115
489879
489196
488568
488555
488528
488346
488103
488025
487914
487727
487587
487567
487539
487030
486873
486662
486633
486161
485734
485728
485376
485299
485291
485198
485171
485124
485000
484960
484859
484703
484685
484642
484640
484602
484452
484433
484389
484151
484009
483764
483693
483053
482821
482819
482732
482640
482311
481862
481812
481736
481265
481000
480944
480833
480576
480388
480334
479946
479702
479614
478614
478415
478339
478126
478075
477927
477884
477411
477290
477244
477172
477057
476654
476552
476495
476343
476114
476097
475782
475054
475000
474629
474597
474397
474312
473630
473554
473445
473424
473380
472983
472976
472841
472736
472709
472101
471730
471547
471412
471343
471316
471183
471103
471009
470320
469857
469841
469509
469249
468927
468911
468851
468615
468343
467695
467670
467652
467423
467005
466696
466669
466570
466471
466269
465606
465456
465406
464833
464823
464515
464252
464124
464122
464073
463731
463699
463642
463575
463572
463452
463428
462762
462697
462192
461854
461375
460955
460922
460897
460894
460608
460603
460555
460231
460145
459631
459555
459498
459306
459288
459120
458819
458787
458717
458474
458231
457781
457521
457295
457239
457226
457113
456776
456749
456590
456256
456213
456129
456107
455769
455574
455429
455402
455028
454929
454213
454050
453794
453538
453471
453223
453056
452867
452693
452682
452518
452336
452226
451905
451727
451551
451328
451012
450908
450887
450528
450135
450113
450038
449674
449511
449209
449069
448767
448753
448525
448368
448351
448013
447827
447770
447720
447665
447441
447430
447428
447277
447007
446975
446724
446704
446473
446382
446317
446211
445959
445585
445382
445246
445065
444993
444699
444554
444149
443917
443482
443398
443286
442945
442819
442804
442299
442153
441800
441718
441632
441579
441557
441503
441465
441277
441047
440993
440674
440568
440507
440486
440316
440106
440064
439888
439607
438993
438820
438508
438310
438243
438141
437991
437833
437509
437326
437294
437112
436924
436623
436482
436186
435929
435743
435543
435526
435508
435466
435440
435434
435072
434810
434793
434114
433568
433471
433398
433366
432494
432374
432354
432080
431571
431200
431132
430392
429990
429978
429699
429551
429147
429027
429013
428978
428584
428438
428234
428075
428034
427569
427438
427436
427394
427365
427268
427040
427035
426894
426854
426832
426784
426779
426496
426372
426303
426136
425858
425846
425813
425697
424833
424696
424402
424163
423886
423416
423383
423084
423071
422636
422624
422440
422321
422126
421198
421108
420650
420644
420548
420413
420407
420177
419967
419718
419412
419195
419139
418809
418709
417972
417929
417857
417183
417096
417093
417004
416533
416355
416169
416027
415677
415254
415232
415186
415138
414577
414517
414269
414108
414010
413947
413800
413039
412960
412831
412664
412554
411749
411663
411494
411438
411199
411053
410983
410330
409556
409082
408682
408521
408494
408406
408369
407978
407842
407641
407631
407388
407346
406922
406583
406461
406414
406394
406220
406106
406026
405472
405351
405048
404308
404275
404270
404173
403959
403650
403546
403342
403316
402742
402548
402387
402187
401982
401898
401532
401383
401370
401269
401070
400955
400561
400094
399971
399381
399212
399099
398839
398757
398567
398507
398380
397943
397443
397298
397225
397057
397011
396865
396775
396641
396063
396027
395942
395660
395383
395179
395141
394898
394818
394577
394241
394239
394155
394040
393700
393611
393456
393344
393308
393234
392438
392130
392093
391967
391524
391400
391331
391192
391098
390692
390577
390271
390215
390146
390057
389985
389874
389786
389315
389305
389263
389263
389202
388891
388654
388371
388334
388184
388029
387627
386999
386577
386278
386226
386072
384866
384762
384695
384682
384120
384047
383828
383667
383273
383106
383076
382956
382774
382575
382044
382013
381887
381681
381476
381368
381348
381303
381203
380947
380936
380453
380397
380281
380258
380149
380023
380016
379902
379690
379562
379443
379053
378937
378764
378662
378491
378299
378237
378042
377795
377744
377445
377389
377229
377209
377095
377010
376730
376408
376390
376336
375787
375779
375751
375058
374806
374738
374397
374259
374240
374038
373936
373725
373650
373173
373015
372898
372822
372716
372479
372477
371709
371437
371223
370639
370478
370119
370063
369071
368859
368518
368449
368432
368374
368291
367968
367590
367207
367153
367079
366823
366589
366579
366538
366281
366278
366258
366124
365811
365489
365215
365163
365069
365034
365009
364323
363928
363338
363336
363204
363134
363103
363073
362948
362897
362758
362273
362134
362024
361990
361818
361362
360977
360875
360685
360426
360079
360015
359828
359139
359069
358807
358475
358257
358160
358125
358120
358083
358020
357970
357888
357869
357828
357386
357173
357149
357100
356824
356767
356325
356163
356023
355816
355307
354869
354584
354511
354479
354470
353817
353597
353441
353070
352822
352663
352473
352465
351967
351920
351881
351776
351292
351187
351089
351056
350516
350303
350157
350145
350069
350062
349956
349914
349678
349588
349547
349100
349053
348546
348363
348107
348102
348058
347791
347367
346768
346186
345880
345662
345571
345154
344944
344909
344794
344480
344250
343850
343739
343440
343355
342950
342902
342880
342838
342750
342669
342526
342521
342503
342232
342096
342055
342028
341787
341560
341457
341298
341175
341139
341086
340414
340323
340179
340046
339716
339457
339391
339252
338866
338863
338822
338775
338666
338611
338134
337976
337943
337942
337765
337436
337272
337110
336763
336602
335899
335655
335469
335363
335258
335155
334905
334772
334728
334605
334494
334414
334358
333737
333653
333587
333441
333385
333315
333161
333133
332750
332679
332628
332504
332210
332063
331862
331653
331304
331205
330996
330723
330056
330023
329776
329680
329625
329523
329480
329286
328827
328640
327760
326539
326041
325886
325578
325422
325383
325103
325004
324984
324737
324688
324564
324399
324357
324328
323771
323381
323275
323256
322961
322903
322815
322815
322736
321604
321446
321333
321239
321070
321000
320984
320794
320462
320306
320295
320268
320171
320071
319949
319384
318824
318593
318494
318189
317849
317424
317417
317382
317163
317067
316711
316553
316230
316225
315974
315973
315927
315857
315688
315264
315178
315023
314897
314673
314551
314399
314191
314053
313991
313989
313968
313958
313887
313645
313569
312993
312879
312748
312715
312711
312630
312254
311973
311845
311578
311160
310679
310410
309907
309850
309843
309799
309400
309238
309175
309105
308980
308807
308800
308733
308701
308686
308576
308545
308530
308505
308329
308251
308208
307576
307481
307436
307220
307069
307030
306827
306826
306791
306570
306366
306029
306016
305641
305339
304941
304895
304666
304476
304438
304286
304258
304212
304198
304111
304088
303646
303180
302956
302936
302618
302546
302454
302402
302339
301696
301687
301384
301359
301146
300955
300751
300708
300459
300408
300010
299968
299753
299624
298933
298614
298439
298352
297997
297995
297899
297701
297472
296239
295962
295788
295762
295742
295540
295539
295359
295269
295266
295245
294986
294850
294614
294127
293411
292976
292809
292736
292648
292442
292340
292113
291824
291708
291621
291111
291090
290896
290862
290694
290552
290217
290185
289950
289877
289780
289433
288957
288832
288745
288630
288467
288344
287576
287327
287148
287021
286319
286268
285880
285730
285634
285505
284430
284281
284180
284056
283977
283572
283551
283112
283081
282801
282647
282544
282496
282460
282344
282333
282004
281995
281442
281390
281201
280476
280442
280371
280348
280106
280099
279957
279906
279525
278955
278899
278821
278793
278674
278254
278045
277878
277755
277369
277123
276875
276554
276305
276291
276226
276157
275888
275417
275335
275193
275191
274982
274786
274694
274557
274253
273873
273840
273691
273644
273271
273110
273059
273015
272671
272531
272049
272019
271948
271941
271348
270975
270928
270910
270825
270824
270813
270613
270601
270560
270202
270151
269696
269490
269050
268905
268755
268667
268249
268188
267943
267676
267413
267294
267243
267199
267053
266986
266804
266585
266551
266550
266164
266077
266042
265965
265908
265699
265611
265449
265389
265270
265064
264740
264688
264664
264555
264084
263550
263490
263217
263145
263116
262876
262763
262611
262441
262434
262208
261930
261785
261780
261518
260927
260565
260396
260345
260118
260011
259594
259592
259248
259114
258983
258842
258568
258452
258177
258084
257577
257332
257308
257283
257272
257205
256824
256808
256713
255785
255773
255589
255455
255348
255143
255134
255127
255042
255042
254922
254907
254890
254842
254518
254307
254120
254100
254074
253954
253751
253678
253209
253127
252986
252727
252392
252369
252214
252085
251574
251388
251033
250975
250728
250437
249922
249846
249334
249252
248995
248994
248717
248594
248308
248166
248124
247910
247759
247757
247585
247533
247219
247202
247184
246870
246467
246422
246309
246188
246137
246060
245697
245502
245448
245368
245361
245119
244988
244732
244637
244570
243893
243775
243581
243512
242465
242188
242001
240941
240854
240727
240508
240471
240323
240214
240091
239973
239829
239582
239581
239312
238880
238477
238074
238052
237637
237572
236779
236766
236661
236435
236325
236122
235798
235677
234894
234222
233593
232645
232249
232090
232059
231922
231784
231546
231473
231209
231036
230981
230759
230692
230595
230510
230417
230395
230275
230196
229825
229694
229305
228767
228697
228650
228607
228542
228228
228187
228186
228016
227898
227873
227318
227246
227065
226711
226670
226577
225361
225304
225195
225071
225065
225049
224945
224824
224712
224608
224578
224389
224341
224226
224066
224001
223572
223543
223276
223269
223185
222999
222983
222979
222909
222831
222626
222622
222539
222508
222477
222275
221248
221147
220630
220278
220242
219942
219444
219314
219054
218916
218845
218796
218635
218562
218557
218075
218025
218020
217717
217615
217552
217354
217292
216824
216780
216501
216499
216444
216237
215466
215267
215254
215000
214869
213673
213657
213208
213167
213067
212847
212587
211701
211551
211505
211398
211333
210825
210737
210651
210597
210460
210303
210186
209846
209409
209285
209256
209022
208729
208697
208635
208389
208034
208032
207843
207700
207506
207294
207173
206991
206926
206798
206520
206314
206155
205463
205346
204919
204876
204551
204339
204149
204010
203891
203637
203635
203472
203421
203135
203063
202900
202781
202338
202268
201617
201562
201390
201338
200957
200761
200539
200466
200429
200388
200284
199913
199689
199673
199491
199138
199137
199076
199015
198941
198912
198905
198864
198499
198304
198199
198163
198116
197924
197816
197699
197668
197434
197145
197061
196929
196759
196732
196699
196458
196232
196148
195283
195029
194971
194573
194512
194348
193620
193540
193513
192985
192666
192411
192332
191505
191271
191182
191111
190939
190870
190530
190455
190124
190052
189835
189684
189465
189450
189406
189175
189114
189016
188965
188811
188811
188598
188413
188411
188016
187834
187770
187751
187703
187555
187465
186885
186494
186434
185923
185785
185655
185589
184793
184604
184604
184431
184129
183991
183916
183891
183742
183731
183307
182965
181993
181511
181489
180605
180321
180279
179976
179750
179590
179579
179549
179523
179314
179081
178909
178329
178201
178182
177558
177427
177414
177215
177213
177026
176906
176868
176697
176196
176005
175667
175665
175491
175046
174028
173334
173293
173280
172817
172545
172355
172298
172085
171997
171127
170789
170752
170751
170216
169754
169569
169484
169333
168869
168586
168304
168207
167979
167879
167545
167457
167124
167071
166900
166651
166505
166417
166364
166282
166249
166157
166006
165888
165754
165744
165537
165285
165259
165179
164607
164027
163725
163517
163173
162994
162935
162857
162770
162628
162612
162551
162533
162489
162486
162152
162127
161808
161719
161462
161407
161240
161145
160772
160738
160329
160265
159879
159505
159266
159243
159054
159024
158966
158869
158825
158680
158666
158642
158323
158173
158171
158093
158076
157780
157239
156955
156885
156813
156810
156747
156591
156302
156108
155846
155824
155692
155634
155529
155429
155407
154925
154815
154448
154386
153946
153873
153736
153660
153478
153443
153167
152873
152868
152830
152809
152367
152181
152110
150909
150733
150485
150476
149905
149311
148850
148779
148623
148587
148248
148148
148131
148043
148016
148012
147945
147856
147856
147600
147123
147027
147016
146709
146673
146442
146298
146115
146107
144894
144767
144113
143750
142976
142904
142882
142791
142739
142579
142519
142303
142279
142088
142061
141903
141732
141262
140812
140728
140442
140237
140054
139929
139661
139381
139360
138734
138499
138425
138354
138164
137931
137715
137678
136896
136852
136630
136313
136246
136181
136003
135234
135023
134914
134822
134721
134649
134622
133985
133916
133753
133666
133313
132964
132864
132853
132476
132318
132225
132164
131836
131799
131728
131482
131346
130565
130490
130463
130446
130196
130012
129740
128984
128786
128701
128647
128627
128608
128490
128417
128079
128040
127417
126958
126914
126825
126692
126069
126029
125999
125780
125473
125245
124872
124807
124698
124509
124391
124307
124054
123472
123180
123170
122986
122826
121606
120993
120973
120459
120140
119913
119566
119273
119030
118939
118522
118455
118224
118120
117710
117628
117462
117223
117216
116927
116921
116840
116506
116275
116255
115969
115725
115450
115351
115310
114621
114569
114320
114313
114285
114190
113834
113537
113415
113303
113180
112893
112871
112397
112133
111992
111809
111744
111672
111594
111587
111317
111249
111174
110822
110690
110547
110328
110152
110074
109857
109728
109623
109591
109231
109162
109147
109115
109103
109008
108992
108954
108611
108607
108323
108311
107465
107369
107358
107327
106964
106930
106882
106763
106728
106570
105583
105528
105522
105366
105171
105100
104922
104894
104893
104661
104325
103996
103806
103653
103628
103483
103364
102851
102667
102638
102500
102407
102324
101689
101545
101419
101401
101395
101338
100406
100289
100236
99954
99881
99586
99521
99429
99400
98891
98683
98417
98268
98249
98162
97701
97100
97031
96476
96469
96450
96301
96283
96260
96030
95700
95418
95142
95064
95056
94875
94787
94365
94192
94122
93837
93634
93383
93351
93151
93134
93117
92942
92918
92884
92765
92407
92016
91940
91839
91794
91433
91265
91004
90836
90836
90767
90459
89822
89490
89306
89193
89087
88948
88897
88808
88755
88705
88670
88575
88502
88267
87938
87871
87553
87455
87448
87352
87225
87158
87100
86715
86509
86504
86244
86217
86161
86078
86041
85885
85712
85418
85102
85083
84960
84846
83929
83884
83778
83132
82560
82524
82519
82370
81992
81981
81948
81914
81483
81252
81175
80890
80777
80774
80660
80461
80363
80105
80094
79943
79888
79605
79209
78832
78530
78377
78343
78310
78265
78244
77931
77449
76614
76439
76398
76295
76169
75938
75590
75266
75247
75122
74945
74539
74490
74396
73944
73783
73730
73630
73448
73308
73291
72163
71745
71741
71642
71503
71499
71465
71231
70902
70437
70217
70096
70042
69898
69346
69326
69158
68949
68927
68788
68345
68142
67748
67614
67501
67451
67256
67171
67119
67088
66997
66919
66535
66170
65711
65683
65446
65170
65089
64873
64609
64034
63963
63859
63655
63530
63498
63229
62980
62456
62141
61917
61773
61702
61679
61628
61534
61339
61131
61102
60842
60021
59741
59449
59111
58618
58191
57903
57855
57794
57595
57552
57217
57175
57093
56898
56522
56444
56111
56032
56021
55551
55460
54875
54793
54760
54626
54439
54270
54136
54079
54030
53381
53378
53098
52860
52729
52433
52337
52014
51166
50802
50587
50468
49988
49862
49749
49585
49252
49219
48908
48701
48432
48308
48200
48122
48049
47724
47671
46885
46853
46681
45918
45496
45280
45136
44837
44780
44492
43778
43549
43457
43357
43342
43016
42986
42689
42008
41697
41668
41335
41053
40893
40587
40486
39968
39948
39890
39876
39611
39481
39298
39156
38754
38187
38039
37970
37877
37813
37411
37154
36953
36425
36328
36167
36050
36040
35929
35825
35439
35263
35146
34998
34974
34886
34663
34571
34480
34453
34298
33582
33298
32988
32958
32703
32632
32548
32540
32168
32108
32056
31673
31580
31468
31328
31275
30740
30695
30623
30487
30457
30318
30259
30195
30134
29925
29845
29761
29530
29062
28993
28922
28827
28398
28350
27978
27876
27374
27358
27355
27114
27093
27091
26882
26775
26767
26630
26609
26547
26328
25812
25751
25723
25481
25127
25011
25008
24992
24827
24491
24396
22785
22524
22490
21796
21732
21178
20924
20845
20806
20690
20186
19580
19118
18758
18472
18341
16926
16909
16764
16338
16251
16035
15742
15394
15218
14893
14320
14206
14071
13895
13847
13493
13372
12835
12295
11738
11631
11585
11449
11376
11373
11270
11238
10992
10710
10656
10630
10623
10373
10165
9853
9597
9481
9473
9444
9252
9115
9110
8577
8261
7757
7502
7368
7236
7197
7002
6978
6965
6829
6692
6686
6648
6592
6146
5917
5313
3777
3769
3746
3531
3188
3132
2847
2836
2559
2506
2444
2409
2134
1747
1623
1264
1055
1029
889
719
140
