999842
999837
999825
999771
999639
999589
998780
998518
998128
997795
997578
996935
996879
996743
996651
996499
996438
996344
996254
996165
996100
995660
995612
995578
994966
994817
994685
994662
994323
994314
994247
994111
994085
993929
993821
993444
993436
993090
992792
992655
992357
992220
992219
992184
992175
991911
991826
991756
991730
991653
991617
991339
991282
991247
991199
990797
990516
990191
989832
989389
989255
989245
988877
988781
988487
988353
988338
988237
988147
988121
987842
987746
987555
987385
987141
986985
986728
986588
985835
985803
985784
985761
985709
985589
985522
985451
985451
985097
984923
984917
984841
984739
984573
984470
984320
984164
984012
983939
983406
983113
982995
982954
982837
982334
982304
981896
981788
981664
981522
981344
981186
980961
979693
978999
978712
978324
978132
978082
977993
977610
977548
977299
977202
977154
977063
977023
976869
976810
976632
976568
976468
976312
975922
975895
975855
975614
975479
975413
974882
974762
974673
974667
973843
973610
972811
972630
972628
972581
972217
972150
971852
971847
971820
971116
970704
970478
970475
969934
969664
969240
969216
969204
969180
969046
968868
968120
967705
967647
967591
967194
966648
966274
966190
965567
965554
965042
964854
964823
964699
964451
964438
964134
963904
963844
963827
963143
963060
963028
963000
962424
962342
962272
962186
962097
961861
961656
961568
961482
961072
960980
960944
960721
960534
960472
960177
959833
959678
959540
959537
959509
959197
958944
958515
958413
958325
957998
957970
957928
957893
957228
957085
956912
956897
956734
956509
955948
955787
955777
955411
955405
954520
954431
954318
954093
953723
953139
952672
952629
952553
952521
952411
952121
951589
951510
951509
951257
950939
950875
950721
950342
950246
950166
949976
949765
949745
949693
949465
948761
948665
948515
948476
948327
948313
948185
948121
948109
948059
948041
947654
947422
946967
946964
946350
945885
945869
945684
945578
945535
945499
945431
944905
944860
944826
944810
944753
944750
944662
944248
943962
943822
943619
943420
943114
943030
942908
942668
942606
942266
941640
941488
941377
941087
940729
940629
940466
939475
939028
938932
938812
938266
938035
937931
937926
937732
937671
937488
937112
937068
936825
936677
936643
936436
936414
936408
935731
935690
935577
935364
935154
935019
933830
933563
933557
933516
933455
933450
932862
932826
932768
932519
932483
932472
931866
931744
931618
931495
931427
931326
931185
931115
930416
930185
929756
929354
929181
929170
929096
928907
928609
928466
928271
927754
927381
927321
927232
926748
926715
926555
926502
926361
926299
926155
925822
925733
925192
925029
924975
924751
924278
923721
923665
922721
922555
922426
921424
920895
920869
920800
920794
920578
920558
920304
920177
919854
919822
919767
919738
919451
919440
919411
918555
918318
918205
918187
918048
917850
917642
917506
917481
917397
917376
917264
916936
916684
916563
916406
916008
915860
915799
915578
914597
914413
914165
914161
914161
914111
913837
913542
913206
912411
912068
912038
911601
910505
910263
910152
909975
909950
909338
909188
909148
908974
908964
908854
908602
908159
908006
907772
907737
907711
907394
907104
907054
906797
906734
906291
906145
905942
905638
905474
905445
904917
904380
904322
904220
904210
904154
903852
903345
903141
903085
902869
902850
902733
902655
902463
902450
902064
902031
901801
901424
901344
901276
901155
901134
900859
900691
900637
900575
899857
899741
899475
899473
899405
898540
898472
898454
898281
898164
898072
897953
897800
897618
897193
896558
896225
896144
895853
895847
895279
894852
894630
894159
893950
893723
893439
893387
893242
893085
892889
892848
892264
891945
891549
891216
891031
890819
890773
890662
890638
890587
890421
890186
890050
889960
889957
889639
889383
889303
889228
889018
888911
888840
888584
888294
888262
887841
887260
887242
887116
886968
886647
886201
886126
885720
885622
885613
884974
884960
884956
884857
884767
884642
884491
884483
884344
884224
883804
883640
883582
883552
883413
883307
882752
882590
882485
882258
882012
880569
880287
880073
879822
879505
879419
879106
878866
878752
877965
877860
877796
877751
877742
877549
877308
877171
877149
876866
876865
876793
876519
876435
876382
876319
876253
875940
875741
875434
875014
874874
874711
874344
873697
873322
873207
873164
872784
872753
872275
872172
871919
871896
871715
871669
871640
871534
870963
870899
870838
870729
870096
869891
869840
869360
869328
869230
869076
868359
868187
867930
867818
867815
867805
867607
867388
867023
866604
866411
866379
866243
866003
865818
865655
865551
865461
865304
864804
864772
864769
864619
863972
863555
863399
863324
863268
863013
862289
862244
862200
862177
861946
861924
861914
861873
861796
861682
861641
861602
861587
861534
861326
861307
861163
860946
860827
859961
859660
859424
859406
858931
858730
858403
858186
857705
857672
857614
856708
856667
856544
856015
855994
855850
855608
855594
855477
855145
854883
854848
854768
854534
854094
853835
853691
853681
853535
853299
853151
852975
852612
852502
852243
852206
852066
851969
851953
851679
851618
851362
851343
850829
850765
850761
850711
850607
850310
850032
849661
849450
849418
849387
849257
848831
848782
848556
848135
848048
847891
847826
847498
847360
847316
846811
846749
846513
846491
846478
845594
845113
845093
845083
844763
844718
844515
844388
844167
843801
843748
843711
843668
843596
843433
843255
842555
841820
841785
841669
841603
841568
841118
841023
840747
840573
840542
840436
840187
840142
840139
839867
839792
839627
839464
839364
839032
838900
838755
838493
837767
837720
837497
837480
837450
837380
837250
836907
836811
836732
836590
836530
836483
836194
836085
835844
835821
835360
835205
835194
835089
835012
834858
834773
834534
834450
833929
833878
833750
833038
832841
832174
832105
831918
831436
831371
831225
830941
830847
830725
830467
829650
829637
828824
828814
828735
828537
828525
828171
828070
827962
827930
827654
827631
827457
827388
827328
827218
827185
827143
826758
826187
826029
826029
825956
825830
825603
825560
825258
824847
824800
824762
824665
824590
824563
824238
823921
823912
823880
823607
823556
823086
823015
822970
822847
822471
822408
822128
822128
821449
821082
820713
820233
820130
819777
819603
819594
819457
819278
819121
819068
819007
818967
818508
818469
818435
818245
818065
817790
817644
817156
817155
817095
816885
816354
816256
816122
816041
815899
815641
815533
815447
815047
814745
814110
813657
813595
813362
813307
813123
813054
812980
812509
812411
812291
811987
811787
811731
811685
811573
811123
810587
810452
810150
809977
809045
808079
807956
807705
807432
807037
806707
806481
806447
805883
805789
805549
805508
805458
805445
805394
805203
805149
804544
804477
804077
803821
803803
803776
803625
803138
803007
802958
802927
802682
802495
801916
801782
801763
801530
801372
801322
800600
800272
799815
799554
799458
799280
799199
799036
798794
798545
798507
798097
797911
797739
797511
797386
797333
797245
797184
797112
797009
796824
796784
796662
796446
796398
795863
795679
795455
795432
795340
794544
794511
794436
794354
794321
793833
793797
793742
793618
793315
793133
792976
792972
792912
792865
791838
791353
791343
791292
790915
790545
790120
790117
789880
789671
789538
788863
788772
788549
788493
788185
788091
787832
787815
787623
787525
787476
787394
787097
786747
786563
786481
786453
786214
785846
785311
784990
784768
784341
784267
784255
784060
784008
783661
782755
782317
782292
782191
782147
781928
781772
781615
781558
781503
781247
781032
780453
780436
780434
780306
780232
780119
780065
779936
779791
779097
778838
778833
778540
778073
776972
776708
776664
776594
776446
776168
776115
775268
775217
775060
774824
774514
774420
774257
773714
773560
773447
773322
773238
773055
772961
772741
772665
772440
772420
771583
771549
771332
771312
771227
770478
770441
770249
770063
769845
769493
769460
769341
769185
769000
768803
768508
768166
767679
767590
767294
766906
766846
766640
766473
766397
766060
766033
765341
765033
764888
764850
764617
764503
764396
764395
764389
764207
763871
763665
763556
763191
763012
762898
762714
762463
762359
761335
761304
761069
760963
760778
760738
760150
760131
759707
759301
759233
758812
758558
758403
758289
758045
758003
757935
757578
757541
757328
757314
757147
756971
756953
756613
756324
756190
756097
755933
755776
755685
755675
755531
755453
754880
754759
754713
754567
754279
754115
754094
753874
753723
753108
753056
753053
752920
752608
752603
752470
752257
752132
751841
751566
751446
750959
750959
750948
750794
750116
750065
749980
749243
749226
749161
749142
748893
748737
748246
748192
747893
747804
747749
747693
747692
747653
747640
746947
746478
745575
745545
745476
745457
745447
745350
745307
745299
744771
744733
744612
744540
744197
744140
743708
743680
743522
743503
743479
743190
743181
742940
742832
742591
742422
741616
741580
741156
740598
740507
740288
739524
739496
739147
738692
738453
738371
738339
738198
737942
737739
737704
737573
737546
737451
737142
736914
736669
736411
736281
736184
735983
735808
735541
735279
735184
735158
734172
734140
732954
732829
732806
732763
732584
732482
732315
732260
732152
731748
731593
730968
730434
730029
729654
729396
729171
728778
728180
728123
728075
728056
727937
727729
727520
727172
727162
727156
727124
726929
726203
726132
725865
725760
725753
725591
725496
725116
724556
724425
724176
724056
724020
723425
723385
723383
723121
722778
722500
722377
722331
721914
721879
721849
721522
721401
721243
721085
721007
720947
720737
720684
720523
720291
720058
719544
719426
718759
718437
718385
718334
718191
718063
717391
717188
717135
717131
716600
716453
716175
716010
715704
715420
715318
715205
715019
714733
714675
713958
713825
713737
713703
712773
712443
711930
711740
711672
711520
711477
711420
710997
710799
710755
710195
709847
709523
709407
708967
708760
708654
708226
707980
707960
707899
707880
707797
707732
707574
706324
706223
706205
706181
705949
705620
705577
705033
704931
704880
704675
704487
704475
704412
704279
704012
703935
703421
703368
703301
703287
702937
702794
702710
702181
702034
701846
701750
701586
701391
701185
701102
700999
700893
700055
700047
699889
699707
699617
699299
699068
698999
698909
698820
698150
697900
697581
697428
697423
697202
697068
696883
696854
696837
696599
696525
696441
696431
696302
696172
695892
695283
694797
694775
694630
694440
694423
694232
694223
694054
693840
693819
693664
693509
693380
693380
693283
693194
692923
692623
692344
692163
692139
691944
691645
691436
691296
691288
690881
690826
690790
690768
690723
690608
690523
690508
690303
690141
689885
689864
689610
689444
689374
689126
688937
688860
688794
688787
688182
688165
688132
688127
688011
687987
687880
687583
686949
686891
686435
686105
685995
685783
685727
685549
685498
685450
685261
685243
685224
685175
685067
685056
685028
684899
684681
684498
684035
684015
683620
683524
683477
683348
682946
682900
682823
682731
682597
682561
682533
682375
682326
682209
682114
681830
681547
681302
681169
681166
680999
680577
680512
680467
680450
680240
679858
679844
679812
679760
679720
679556
679381
679305
679164
678618
678510
678426
678316
678021
678011
677939
677773
677475
677424
677009
676930
676904
676862
676533
676151
675909
675561
675465
675425
674919
674424
673917
673857
673486
673471
673387
672888
672750
672449
672172
672099
671852
671667
671211
671114
671078
671061
670972
670734
670440
670290
670255
670135
669488
669487
668807
668017
667612
667584
667400
667309
667111
666555
666545
666449
666364
666348
665989
665866
665598
665266
665262
664847
664648
664557
664311
663906
663894
663499
663436
663226
663222
663172
663125
662926
662834
662522
662518
662488
662395
662174
661952
661046
660821
660786
660655
660524
660519
660501
660330
660106
660100
659490
659456
659430
659396
659316
658607
658547
658469
658232
658049
657770
657543
657493
657465
657267
657204
657203
656825
656816
656633
656449
655943
655803
655482
655435
655061
655055
654786
654584
654307
654032
653978
653575
653478
653304
652878
652663
652187
651856
651847
651711
651572
651411
651308
650932
650826
650793
650740
650695
650203
649947
649887
649585
648945
648711
648702
647365
647280
647252
647193
647110
646960
646782
646630
646508
646358
646143
646023
645969
645956
645911
645897
645867
645220
644962
644792
644119
643842
643823
643734
643549
643416
643279
643203
642793
642733
642639
642623
642407
642365
642198
642162
642119
641936
641386
641216
640927
640925
640842
640586
640399
640275
640165
639631
639326
638990
638865
638763
638708
638564
638424
638197
638053
637828
637821
637805
637758
637361
637361
637207
637173
636894
636741
636387
636305
636000
635869
635739
635520
634605
634564
634263
634225
634221
633887
633469
633357
633317
632723
632716
632013
631924
631620
631286
631184
630833
630606
630329
629926
629917
629690
629258
628989
628929
628927
628905
628852
628819
628778
628637
628500
628475
628245
628111
627910
627403
627214
627201
627081
627025
626710
626654
625831
625702
625445
625380
624998
624982
624808
624719
623916
623563
623562
623460
622903
622815
622206
621933
621607
621341
621260
620807
620648
619862
619581
619511
619436
619384
619154
618884
618704
618412
618370
618241
618206
618096
617922
617786
617757
617728
617624
617587
617138
617130
616945
616850
616603
615928
615751
615526
615048
615005
614859
614792
614490
614226
614173
613732
613419
613302
613291
613222
613173
613164
613153
613004
612888
612763
612629
612623
612619
612552
612412
612298
612258
612227
612183
612057
611667
611363
611220
610899
610814
610695
610567
610394
610384
610382
610323
610147
609691
609680
609575
609564
609529
609471
609443
609389
609227
608972
608942
608801
608703
608536
608483
608403
608333
608180
607914
607815
607725
607430
607287
607156
607063
606942
606880
606800
606511
606385
605989
605961
605866
605671
605217
605125
605116
605077
604914
604490
604284
604264
603638
603382
603239
602646
602443
602337
602137
601801
601500
601382
600807
600598
600532
600445
600427
600275
600251
599838
599313
599117
598722
598457
598427
598309
598225
598167
597953
597392
597388
596883
596808
596803
596790
596786
596772
596656
596424
596344
595699
595516
595459
595386
595333
595123
595112
594816
594661
594183
593611
592938
592861
592801
592781
592660
592595
592554
592156
591975
591743
591383
591195
590627
590484
590398
590208
590165
590123
590036
589744
589517
589414
589206
589178
588946
588571
588379
588371
588256
588212
587622
586922
586883
586708
586607
586119
586059
585997
585924
585751
585663
585360
585321
585276
584850
584752
584720
584694
584474
584406
584306
584294
584072
583932
583440
583176
583151
583138
583099
582171
582115
581968
581871
581744
581466
581292
581178
581164
580868
580574
580442
580331
579910
579882
579670
579128
578999
578848
578769
578642
578621
578340
578294
578279
578236
578201
577813
577042
576702
576652
576425
576247
576207
575988
575788
575731
575360
575136
574824
574663
574572
574437
574276
574041
573651
572921
572644
572330
571983
571922
571839
571647
571484
571301
570450
569830
569548
568881
568818
568548
568496
568467
568275
567937
567381
566986
566810
566314
566215
566057
565775
565589
565496
565069
564579
564503
564460
564397
563608
562537
562331
562199
561854
561853
561805
561794
561748
561389
561107
561094
560999
560585
560533
560386
559986
559985
559890
559084
558958
558810
558713
558537
558297
558286
558257
558155
557930
557647
557216
556946
556858
556760
556464
556078
556075
556073
556005
555954
555744
555499
555078
554999
554947
554799
554606
554475
554255
554149
553951
553944
553791
553657
553464
553314
553195
553124
553078
553048
552090
551555
551327
551291
551224
551119
550610
550558
550517
550410
550324
550163
550070
550029
549801
549467
549042
548885
548770
548298
548077
547953
547909
547853
547757
547420
547343
547224
546998
546948
546741
546727
546643
546279
545709
545566
545543
545356
545246
545227
545037
544999
544469
544409
544200
543969
543870
543869
543636
543522
543437
542815
542607
542353
542282
541880
541242
541045
540910
540884
540776
540660
540445
540417
540218
540116
540073
540015
539828
539756
539434
539299
539242
538639
538264
537862
537677
537460
537259
537148
536722
536465
536384
536069
535962
535826
535763
535583
535509
535482
535449
534620
534161
534128
534041
533596
533559
533264
532888
532882
532825
532207
531912
531857
531384
530737
530335
530311
530237
530227
530139
530016
529534
529419
529169
529148
528937
528761
528264
528236
528081
527158
526727
526326
526037
525681
525674
525230
525051
525051
524861
524344
523770
523690
523683
523547
523169
521958
521894
521737
521671
521654
521497
521169
520453
520140
519984
519978
519771
519583
519365
519201
519120
519016
518877
518805
518773
518689
518627
518518
518498
518460
518336
517587
516812
516422
516153
516076
515781
515622
515621
515555
515412
515374
515322
515220
515100
515092
514967
514939
514402
514294
513933
513685
513609
513519
513512
513415
513352
513323
512292
512216
511906
511614
511512
511488
511438
511219
511216
510891
510876
510790
510738
510685
510618
509974
509705
509649
509585
509578
508755
508224
507995
507692
507503
507323
507067
506941
506882
506261
505889
505572
505435
505313
504965
504920
504437
504210
503870
503633
503544
503493
503483
503404
503382
503318
503266
503156
503131
503126
502623
502399
502370
502362
502194
502081
501975
501766
501763
501732
501676
501576
501483
501146
501076
500225
500055
500053
499902
499124
499017
498670
498253
498087
497646
497512
497446
497020
496925
496747
496710
496683
496620
496035
495558
495313
495285
495239
495164
495113
495079
494809
494620
494591
494506
494494
494299
494210
494033
493537
493453
492587
492046
491574
491384
491266
491188
491102
490440
489839
489798
489452
489105
488485
488011
487976
487801
487742
486597
486560
486539
486187
485712
485089
485017
484018
483898
483879
483867
483851
483706
483695
483172
482990
482740
482691
482673
482151
481951
481809
481791
481627
481409
481390
481313
481208
480748
480658
480551
480551
480499
479937
479919
479788
479745
479735
479665
479578
479400
479221
479101
478703
478600
478437
478381
478148
478044
477750
477749
477703
477616
477497
477483
477255
477074
477063
476922
476912
476815
476739
476629
476412
476362
475854
475411
475236
475075
474322
473987
473966
473914
473828
473686
473655
473444
473307
473049
472873
472654
472088
471896
471639
471174
471126
470951
470795
470648
470585
470450
470421
470142
469965
469958
469707
469254
469091
468917
468726
468447
468228
468195
468101
467900
467808
467599
467382
466950
466683
466652
466412
465659
465524
465505
465475
464834
464773
464658
464638
464285
464198
463836
463623
463594
463377
463305
463122
463087
462483
462207
462166
462047
461986
461858
461843
461807
461371
460937
460519
460327
460078
460050
459964
459744
459639
459385
459194
459091
459010
458649
458490
458282
458269
458265
457710
457645
457435
457296
457129
456647
456123
456122
456018
455999
455506
455428
455410
455219
455172
455056
454919
454817
454786
454524
454438
454306
454256
454158
453767
453671
453405
453208
453082
453001
452788
452359
452228
451985
451870
451523
451368
451020
450896
450349
450165
449919
449911
449817
449781
449578
449498
449377
448950
448590
448490
448106
447956
447843
447726
447713
446876
446703
446671
446648
446352
446338
445800
445647
445270
444798
444615
444495
444306
444252
444071
443867
443642
443500
443497
443478
443377
443139
442904
442673
442469
442309
441929
441887
441573
441420
441195
441175
441162
441145
440736
440700
440424
439667
439489
439418
438660
438210
438026
437781
437576
437436
437354
437319
436602
436554
436241
436209
435918
435789
435627
435489
435196
434994
434992
434776
434776
434575
434544
434156
434146
433609
433600
433542
433392
433237
432429
432282
432043
431976
431953
431950
431720
431639
431553
431506
431339
431176
431136
430382
430359
430056
430002
429850
429452
429432
429190
428916
428772
428649
428146
428065
428003
427842
427788
427711
427269
427234
426483
426462
426437
426234
426161
426123
425960
425905
425846
425163
425136
425113
425023
424989
424924
424888
424487
424235
424225
423931
423776
423767
423398
423293
423072
422956
422838
422114
422072
422052
422019
421687
421674
421511
421221
420847
420840
420713
420290
419525
419299
418853
418842
418765
418700
418571
418544
418230
417917
417723
417162
417125
417072
416995
416883
416856
416642
416266
416226
416109
416055
415871
415769
415765
415748
415588
415255
415191
415114
415082
415016
414836
414496
414482
414476
414279
414257
414126
413996
413952
413730
413558
413326
413245
413128
412904
412762
412378
412226
412107
411894
411851
411813
411663
411375
411297
411159
410910
410884
410848
410840
410727
410514
410325
410116
409987
409683
409549
409271
408808
408607
408570
408543
407968
407923
407839
407808
407612
407526
407507
407340
407055
406838
406800
406738
406711
406694
406651
406387
406081
405898
405887
405776
405764
405700
405678
405070
404881
404794
404612
404582
404488
404442
404416
404267
404072
404055
404022
403952
403831
403753
403664
403063
402903
402838
402773
402522
402509
402477
402404
402359
402312
402168
402080
401956
401943
401745
401584
401548
401417
401018
400862
400854
400745
400636
400522
400498
400147
399957
399457
399379
399264
397926
397789
397557
397489
397179
397151
397122
397051
396832
396796
396517
396452
396236
396125
395706
395699
395304
395125
395067
394719
394588
394417
393742
393290
392940
392754
392422
392281
392058
392039
391866
391855
391417
391291
391244
390792
390740
390690
390313
390209
390127
390015
389779
389634
389432
389420
389391
389292
389283
389236
389143
389109
389088
388830
388635
388527
388368
388307
388174
387584
387519
387408
386854
386813
386776
386667
386396
386274
385999
385456
385424
385314
385116
385001
384740
384681
384106
383999
383960
383478
383431
383318
383017
382549
382435
382184
382110
382106
382028
381275
381255
381207
381108
381105
380972
380337
380141
379603
379222
379031
378774
378503
378375
378364
378210
377539
377154
376934
376259
376235
376155
376113
376093
376093
375715
375162
375112
375028
374776
374550
374357
374157
374037
373840
373839
373513
373409
373270
372513
372512
372429
372306
372166
371657
371351
370817
370813
370675
370540
369952
369615
369332
369124
369003
368645
367940
367615
367404
367193
366308
366301
366107
365736
365726
365225
365216
365122
364957
364625
364527
364249
363856
363853
363852
363850
363571
363517
363464
363407
363207
363163
363147
362844
362830
362692
362679
362467
362321
362095
361941
361927
361445
361419
361320
360867
360357
359946
359084
358975
358966
358795
358790
358650
358594
358514
358327
358046
357812
357677
357609
357361
356928
356875
356633
356087
355998
355962
355749
355190
354953
354878
354787
354603
354222
354181
354029
353872
353392
353392
353334
353149
353092
352814
352395
352172
351905
351657
351593
351406
351397
351001
350892
350464
349726
349484
349289
349205
348983
348964
348820
348764
348671
348555
348212
348071
347920
347845
347489
347346
346749
346723
346471
346344
345945
345878
345813
345373
345243
344829
344735
344671
344634
344587
344355
343993
343501
343210
342966
342649
342572
342543
342509
342371
342368
341865
341698
341176
340968
340817
340778
340446
340252
340184
340039
339999
339953
339903
339459
339390
339123
338932
338928
338626
338152
337782
337743
337658
337434
337424
337244
337053
336955
336842
336413
336045
335194
335171
334627
334518
334255
334189
334184
334069
333835
333714
333660
333630
333393
333308
333278
333149
332494
332457
332436
331414
331229
331009
330724
330547
330520
330328
329073
328354
328311
327660
327299
327295
326729
326567
326558
326444
326049
325958
325677
325487
324829
324638
324567
324539
324498
324199
323481
323320
323161
323069
322957
322371
322304
322056
321930
321905
321684
321214
321114
320922
320893
320797
320445
320368
319929
319853
319726
319681
319633
319468
319343
318841
318648
318306
317730
317520
317071
316958
316881
316746
316594
316475
316076
315903
315389
315035
314731
313673
312821
312764
312417
312384
312303
312184
312037
311924
311884
311854
311448
311298
310816
310595
310430
310129
309998
309888
309586
309458
309156
308921
308800
308750
308559
308448
308059
308014
307451
307376
307373
307207
306830
306721
306699
306616
306503
306220
306025
306022
305709
305343
305248
305212
304992
304983
304700
304669
304555
304232
304193
303610
303446
303262
303255
303126
303006
302886
302680
302665
302439
302433
302149
301754
301750
301686
301513
301102
300716
300561
300243
299849
299839
299550
299479
299409
298960
298770
298327
298173
297924
297869
297834
297701
297476
297444
297168
297134
297018
296960
296758
296488
296378
296357
296177
296144
296111
296077
295913
295905
295053
294955
294626
294447
294083
293593
293510
293328
293121
292461
292172
292140
292109
291726
291508
291453
291139
290826
290617
290477
290461
290385
289631
289456
289430
289194
288841
288823
288395
288368
287840
287584
287279
287019
286833
286727
286432
286339
286102
285820
285779
285749
285466
285334
285307
285182
285142
284947
284510
284358
284094
284070
283986
283955
283895
283670
283642
283560
283413
283094
282953
282598
282212
282115
281981
281951
281785
281420
281403
281318
281118
280868
280634
280557
280546
280440
279204
279196
278848
278565
277116
276813
276794
276621
276619
276405
276056
275944
275595
275254
274733
274311
274297
274222
273952
273932
273629
273282
273142
273124
272782
272776
272650
272552
272101
272005
271895
271855
271460
271240
271155
271107
270933
270859
270440
270334
270264
269642
269173
269052
268879
268858
268183
268041
267781
267707
267349
267201
267099
266864
266631
266569
266532
266000
265755
265613
265442
265408
265273
264693
264648
264626
264498
264452
264295
264225
264094
264059
263853
263568
263511
263506
263285
262458
261539
261522
261366
261335
261275
261160
261110
261101
261094
260646
260575
260507
260340
260289
260279
260053
259047
258890
258781
258633
258458
258429
258387
258034
257998
257955
257822
257790
257709
257701
257554
257551
257525
257457
257250
257063
256616
256610
256514
256381
256106
255925
255798
255412
255311
254912
254613
254416
254098
253934
253865
253674
253417
253362
253045
252884
252569
252525
252034
251916
251783
251766
251529
251393
251189
251172
250997
250767
250766
250763
250685
250566
250529
250424
250256
250246
249554
249460
249351
249316
249308
249243
249204
248519
247918
247899
247730
247685
247643
247583
247504
247142
247133
246874
246780
246735
246628
246374
246223
245622
245590
245543
245538
245523
245336
245308
245302
245204
245100
244947
244409
244013
243974
243868
243847
243595
243474
243378
243008
242937
242839
242807
242762
242039
241454
241027
240658
240217
239835
239541
239439
239180
239093
238564
237940
237940
237871
237797
237230
236917
236911
236759
236719
236662
236460
236323
235983
235940
235639
235473
235247
235032
234731
234459
234223
233862
233524
233485
233270
232989
232636
232445
232405
232331
232108
232062
232035
231905
231780
231653
231449
231110
230980
230891
230594
230525
230338
230269
230229
230213
229392
229196
228995
228733
228583
228460
228371
228300
227887
227774
227207
227083
226704
226657
226519
226504
226315
226014
225261
225144
224683
224592
224392
223943
223833
223770
223391
223018
222967
222809
222794
222767
222732
222219
222078
221998
221221
221159
221149
221121
221094
220946
220801
220669
220025
220002
219976
219908
219708
219634
219494
219303
219252
218910
218793
218739
218634
218566
218563
218554
218082
217873
217843
217724
217660
217642
217221
217147
217096
216997
216975
216695
216694
215799
215204
215194
215063
214909
214685
214558
214386
214386
214017
213499
213492
213128
212856
212838
212449
212207
211664
210839
210384
210205
210192
209582
209476
209181
209108
208985
208771
208580
208508
208369
207989
207466
207416
207349
207343
207316
207223
207137
207127
207098
207017
206940
206751
206537
206373
205817
205815
205743
205728
205683
205680
205615
205457
205449
205159
205057
204898
204828
204617
204612
203776
203535
203311
202994
202888
202641
202335
202146
202132
201730
201667
201417
201249
201068
201051
200593
200570
200564
200439
200273
200046
199878
199857
199537
199400
199262
198887
198774
198756
198267
198078
197881
197489
197207
196874
196575
196569
196089
195681
195622
195549
195474
195414
195282
194397
194359
194236
194202
194065
193851
193698
193263
193241
193235
192550
192446
192428
192226
191947
191922
191704
191638
191161
190794
190664
190657
190650
190644
190316
190295
190250
189856
189429
189204
189040
189020
188928
188602
188274
187375
187031
186670
186367
185915
185888
185706
185535
185386
184806
184574
184351
184026
183826
183715
183430
182755
182684
182683
182603
182447
182310
182309
182166
181973
181886
181768
181727
181397
181297
180808
180753
180737
180646
180255
180139
179928
179435
178866
178782
178624
178154
177681
176998
176931
176871
176760
175889
175827
175823
175797
175552
175260
175125
175032
174865
174861
174858
174447
174361
174287
174263
174232
174010
173775
173757
173670
173662
173542
173476
173256
173175
172678
172646
172642
172530
172367
171867
171801
171756
171752
171556
171365
171262
171117
170760
170505
170499
170391
170038
169897
169719
169495
169327
168795
168363
168156
167928
167809
167608
167157
167011
166838
166836
166775
166664
166493
166152
165837
165757
165398
165311
165224
165157
164885
164509
164330
164249
163711
163483
163393
163280
163085
162747
162581
162318
162187
161973
161763
161265
161171
160646
160386
160313
160239
160040
159900
159853
159687
159354
158516
158482
157730
157690
157463
157432
157267
157258
156966
156954
156572
156409
156274
156274
155947
154966
154761
154302
154290
154197
154174
153990
153970
153763
153626
153103
152815
152646
152606
152231
152208
152049
151851
151747
151561
151363
151355
151210
151126
151114
150998
150826
150738
150578
150409
149922
149544
149450
149303
149058
148833
148085
148062
147520
147491
147328
147089
147070
146971
146845
145871
145674
145581
144710
144452
144354
144229
144033
143727
143528
143191
142981
142800
142633
142107
142009
141893
141708
141633
141560
141392
141130
141073
140871
140376
140218
140121
140073
139918
139854
139525
139464
139316
139309
138961
138866
138531
137184
137012
136965
136961
136736
136580
136455
136430
136301
136226
136188
136153
136116
135822
135811
135498
135480
135437
135387
135369
134789
134727
134164
134153
133915
133715
133446
133330
133092
132907
132620
132558
132390
132335
131992
131881
131770
131480
131467
131362
131319
130907
130585
130477
130465
130432
130142
129780
129632
129508
129339
129263
129120
129095
129055
128097
127144
127071
126868
126712
126700
126503
126440
126302
126183
126006
125525
125249
124721
124453
124230
123894
123848
123842
122961
122661
122371
122186
121939
121759
121452
121095
120966
120954
120741
119538
119061
118772
118598
118512
118311
118299
118250
118150
117740
117494
116985
116882
116834
116772
116769
116593
116544
116517
116512
116355
116288
116172
115963
115926
115629
115325
114542
114391
114271
114263
114122
113848
113778
113286
112985
112677
112458
111663
111477
111377
111321
111286
111041
110866
110653
110638
110582
109925
109853
109501
109499
109492
109439
108972
108760
108712
108532
108441
107389
107240
106644
106507
106367
106147
106130
105961
105845
105700
105677
105617
105076
104883
104578
104536
104509
103982
103925
103912
103697
103630
103543
103449
103318
102966
102489
102200
101909
101544
101044
100997
100735
100675
100355
100257
100113
99903
99786
99082
98845
98768
98642
98640
98387
98054
97752
97645
97249
96753
96443
95869
95721
95596
95438
95398
95384
95358
95201
95070
94762
94404
94360
94007
93868
93231
92932
92744
92632
91947
91940
91926
91902
91714
91551
91541
91470
91151
91055
90912
90773
90594
90177
89732
89660
89648
89300
89131
88988
88898
88825
88578
88274
87983
87785
87673
87264
87263
87237
87032
86734
85933
85594
85583
85540
85427
85316
85264
85062
85044
84843
84532
84352
84291
84010
83631
82649
82542
81823
81710
81608
81280
80914
80849
80566
80428
80317
80313
80209
80191
79518
79276
79244
79099
78657
78621
78510
78088
77085
76885
76785
76736
76669
76631
76360
76306
76279
76050
75943
75770
75430
75218
74787
74560
74374
74270
73934
73642
73408
73075
73047
72914
72706
72632
72463
72235
72130
72081
71701
71475
71452
71411
71338
71104
71025
70618
70041
69900
69507
69490
68447
68267
68172
68005
67700
67683
67649
67604
67250
67046
66719
66707
66478
66296
66288
66128
66027
65842
65827
65736
65680
65669
65413
65373
65225
65021
64655
64616
64504
64490
64194
64164
64098
63906
63756
63705
63682
63406
63273
63043
62761
62640
62634
62595
62475
62363
62283
62238
62222
62184
62113
61892
61475
61435
61140
61115
60696
60622
60416
60301
59457
59242
59163
59058
58918
58855
58553
57796
57662
57653
57432
57305
56478
56310
55978
55975
55911
55813
54720
54597
54044
53444
53426
53423
53250
53152
53052
52554
52170
52066
51887
51807
51643
51635
51604
51247
50999
50941
50776
50691
50519
50218
50104
50073
50001
49889
49584
49373
49237
48805
48753
48753
48749
48683
48607
48426
48378
48169
47969
47657
47483
46912
46109
45768
45747
45712
45515
45018
44897
44594
44591
44343
44088
43993
43735
43636
43588
43473
43196
41973
41470
41308
41212
40334
40169
39961
39830
39522
39167
38803
38346
38033
37986
37913
37479
37321
37319
37190
37005
36904
35978
35954
35941
35584
35519
35309
34920
34682
34371
34218
33727
33586
33584
33449
33400
32947
32856
32729
32707
32688
32668
32628
32596
32407
32075
31995
31922
31173
31030
30989
30779
30670
30662
30174
30129
29978
29873
29622
29403
29220
29217
29198
29131
28774
28762
28183
28024
27911
27900
27881
27546
27336
27310
27275
26334
26205
26194
26011
25668
25593
25549
25523
25423
25269
25244
24891
24452
24418
24408
24320
24270
24212
23944
23709
22993
22511
22319
22184
21946
21808
21589
21484
21438
21208
20731
20380
20271
20103
20014
19869
19625
19544
19335
19241
19068
19052
18952
18727
18523
18284
17999
17868
17578
17401
17220
17146
17138
16892
16880
16640
16487
16335
16103
15912
15431
15140
14585
14438
14427
14280
14017
13787
13732
13422
13268
12688
12598
12539
12333
12319
12154
12106
11821
11771
11745
11655
11635
11507
11071
11043
10889
10872
10844
10574
10563
10398
10376
10319
10110
9935
9817
9802
9735
9624
9301
9049
8779
8759
8748
8517
8140
7980
7854
7704
7485
7108
6991
6881
6763
6744
6372
6291
6238
6072
5996
5853
5724
5466
5098
4490
4487
4478
4423
4391
4026
3983
3609
3566
3526
3353
3276
3045
2633
2310
2229
1688
1429
944
829
817
496
248
190
125
