999823
999212
998403
997859
997589
997538
997500
997497
997479
997137
997006
996515
996420
996233
995994
995926
995806
995707
995524
995429
995207
994667
994635
994385
993530
993273
993121
993023
992905
992375
992350
992350
992298
992179
991890
991834
991726
991590
991420
991374
991057
991037
991015
990648
990469
990315
990250
989894
989894
989823
989737
989659
989358
989334
989269
988995
988894
988883
988351
988262
987755
987361
987336
987266
986807
986728
986674
986505
985695
985575
985557
985545
985399
985285
984973
984773
984734
984201
984048
983890
983851
983599
983179
983170
983133
983124
982737
982250
981566
981097
981080
981054
980848
980700
980513
980452
980237
979983
979933
979905
979855
979529
979261
979108
978577
978079
978062
977905
977642
977567
977307
977171
977109
976948
976927
976426
976405
976295
975743
975532
975477
975467
975364
974882
974102
974087
973265
973125
973061
972152
972135
971852
971476
971221
971183
970738
970692
970413
969711
969683
969593
969556
969488
968893
968592
968581
968510
968503
968434
968303
968120
967955
967777
967483
967357
967319
967136
967076
966923
966903
966894
966401
966213
965736
965595
965557
965552
965460
964315
964225
964089
963950
963865
963791
963720
963682
963410
963224
963014
962504
962279
962243
961959
961779
961674
961666
961603
961469
961221
960927
960470
960286
960230
960196
960039
960036
959951
959695
959587
959496
959443
959369
959337
959259
959234
959087
958940
958880
958753
958583
958049
957828
957756
957064
956937
956755
956702
956691
956058
955898
955820
955041
954769
954619
954496
954141
953954
953874
953730
953679
953166
953036
952428
952392
951988
951942
951924
951662
951602
950893
950477
950094
949661
949294
949218
948821
948754
948688
948379
947986
947292
947258
947156
947151
946952
946780
946340
946257
946234
945599
945346
945255
945146
944955
944704
944185
943953
943588
943375
943017
942863
942856
942832
942436
942359
941538
941380
941192
941164
941030
940805
940599
939806
939569
939005
938890
938739
938394
938102
937989
937864
937580
937426
937283
937181
937021
936977
936865
936453
936082
936043
936011
935953
935735
935455
935244
935163
935035
934924
934816
934785
934714
934711
934654
934559
934555
934419
934404
934311
933874
933698
933300
933202
933065
933020
932761
932590
932344
932294
932276
931897
931573
931201
931148
931034
931007
930956
930318
930227
930202
930068
929741
929575
929552
929335
929304
929275
929239
929215
929172
929146
929038
929018
928956
928091
927439
927411
927290
927124
926969
926920
926386
926247
925939
925835
925791
925728
925464
925230
925211
924776
923846
923820
923624
923407
923388
923257
923171
922758
922475
922379
921989
921916
921588
920995
920884
920529
920425
920323
920247
919961
919886
919763
919749
919722
919190
918593
918549
918397
918267
917844
917712
917711
917636
917616
917114
916902
916853
916816
916759
916705
916540
916468
916441
916077
916022
915928
915827
915746
915703
915339
915266
915148
915148
914899
914803
914542
913826
913269
912918
912899
912559
912075
911535
911512
911471
911056
910831
910604
910356
910251
910007
909951
909647
909620
909598
909587
909513
909398
909037
909004
908850
908640
908557
908518
908452
908451
907967
907958
907925
907885
907841
907764
907329
907318
907135
906888
906443
906434
906233
906207
905944
905314
905117
904932
904626
904370
903916
903430
903344
902802
902767
902525
901962
901650
901509
900807
900780
900731
900557
900491
900441
900415
900378
899584
899188
898812
898808
898126
897724
897704
897237
897219
897217
897155
897012
896975
896674
896542
896505
896414
896366
896130
895963
895865
895749
895698
895372
895275
895139
895058
895026
894978
894653
894478
894171
893999
893328
893197
892978
892972
892657
892590
892585
892536
892529
892049
891545
891525
891062
890869
890664
890622
890519
890355
889930
889632
889340
889201
888645
888527
888504
888447
888361
887862
887689
887332
887239
887071
886996
886871
886779
886765
886516
886487
886294
886273
886272
886035
885800
885704
885568
884792
884662
884640
884605
884420
884282
884248
884077
883596
883586
883555
883472
883302
883234
882991
882815
882625
882461
881981
881599
881436
881047
880989
880956
880637
880636
880397
880296
879895
879850
879406
879274
878855
878609
878290
878210
878167
878029
877066
876937
876868
876857
876733
875964
875701
875498
875136
874283
874044
873994
873906
873732
873707
873552
873507
873242
872950
872903
872650
872577
872114
871827
871769
871522
871520
871292
871282
871254
871236
871146
870875
870377
870356
870013
869996
869076
869050
868900
868769
868530
868359
868136
867967
867619
867334
866995
866930
866809
866583
866366
866354
865939
865753
865666
865526
865507
865497
865068
864934
864613
864496
864464
864460
864376
864053
863958
863741
863653
863642
863489
863413
863396
863212
863102
862963
862959
862469
862222
861776
861746
861468
861097
861021
860876
860823
860626
860521
860289
860257
860204
860044
860021
859639
859340
859111
858761
858735
858728
858596
858582
858297
858147
858094
858049
858023
858020
857818
857717
856886
856663
856217
855964
855744
855566
855469
855369
854548
854161
853929
853826
853759
853737
853613
853441
853440
853416
853224
853223
852956
852833
852759
852469
852198
851730
851693
851668
851628
851458
851312
850415
850232
849971
849903
849838
849704
849261
849136
849069
848944
848200
846736
846674
846655
846345
845962
845844
845736
845576
845425
845382
845214
845211
845033
844399
844313
844169
844144
843877
843685
843593
843094
842899
842679
842123
841970
841667
841568
841234
840819
840797
840676
840336
840249
840185
840142
840038
839952
839858
839525
839407
839396
839256
839139
838679
838641
838503
838276
838224
838223
837647
837446
837330
837011
836878
836787
836685
836378
836217
835989
835926
835818
835682
835563
835546
835280
835150
835083
834543
834231
834114
833884
833533
833292
832727
832642
832434
832310
831949
831218
830996
830934
830919
830772
830698
830568
830463
830438
830221
830119
830063
829947
829862
829838
829809
828602
828545
828503
828004
827389
827353
827296
827082
827015
826880
826872
826603
826362
826221
826214
825895
825561
825553
825387
825013
824972
824809
824792
824749
824706
824680
824628
823909
823900
823311
823072
823024
822898
822536
822192
822103
822033
821984
821955
821298
821148
820696
820402
820307
820286
819815
819738
819349
818719
818597
818020
817972
817947
817519
817314
816270
816179
816134
816044
815867
815692
815637
815547
815493
815345
815285
815192
815167
815134
815120
814878
814781
814663
814592
814472
814054
814025
813909
813653
813597
813422
813361
813100
812649
812614
812322
812257
812176
811921
811311
810849
810806
810518
810364
810124
810111
810096
810001
809819
809818
809362
809290
809266
808894
808804
808765
808265
808234
807729
807558
807492
807409
807270
807172
806641
806444
806276
806249
806120
805689
805633
805481
805442
805410
805373
804539
804420
804196
804172
804144
804002
803729
803698
803516
803466
803420
803087
802918
802658
802589
802233
801955
801829
801407
801246
801217
801160
800462
800266
800129
800019
799864
799771
799265
799184
799149
799067
799033
798855
798826
798554
797950
797618
797464
797461
797117
796986
796506
796244
796062
796024
795584
795403
795081
795075
794956
794786
794753
794313
793809
793789
793638
793381
793288
793281
792990
792869
792795
792687
792613
792512
792271
792052
791988
791952
791622
791595
790900
790859
790794
790298
790075
789272
789174
789018
788992
788874
788431
788371
788317
788136
788077
787496
787313
787040
786775
786503
786438
786326
786025
785666
785543
785435
785434
785431
785229
784276
784194
784127
784038
783946
783933
783778
783509
783096
782916
782808
782684
782507
782375
782194
781921
781837
781743
781679
781617
781497
781161
781159
781088
780930
780745
780657
780499
780438
780030
779884
779880
779420
779212
779196
779185
779154
779018
778665
778217
778115
778070
778053
777723
777582
777554
777524
777431
777289
777257
777216
777066
777054
777019
776853
776468
776430
776345
776325
776295
775903
775828
775436
775159
774386
774369
773998
773949
773770
773669
772779
772732
772222
771585
771297
771146
770368
769961
769654
769254
768934
768826
768786
768766
768558
768434
768379
768262
768262
768176
768101
767889
767670
767602
767104
767056
766784
766615
766457
766261
766020
765913
765829
765602
765504
764861
764728
764510
764413
764398
764002
763867
763206
763112
762845
762388
762349
762217
762176
761630
761622
761514
761232
761200
761135
761045
760730
760607
760569
760464
760142
759914
759778
759765
759649
759260
759125
759032
758944
758754
758748
758473
758451
757530
757507
757175
757162
756946
756944
756815
756737
756540
756520
755673
755633
755250
755034
754959
754805
754684
754174
753767
753593
753376
753186
753052
752888
752791
752708
752262
752137
751963
751274
751192
750764
750739
750709
749988
749871
749642
749564
749551
749403
749000
748847
748770
748601
748600
748508
747780
747639
747467
747345
747094
746673
746640
746484
746277
746077
745682
745370
745308
745277
745221
745170
745115
744983
744796
744468
744115
744046
743590
743370
743369
742998
742909
742716
742705
742018
741601
741445
741306
740789
740487
740208
739833
739597
739553
739500
739399
739293
739088
738803
738777
738762
738614
738319
738145
736805
736563
736516
736483
736170
736153
736049
735709
735698
735477
735330
735328
735026
734822
733875
733741
733699
733662
733636
733543
733448
732907
732867
732479
732236
732097
731926
731809
731715
731488
731151
731107
730752
730732
730113
730041
730030
729763
729730
729511
729507
729414
729327
729305
728808
728411
728312
728179
728160
727983
727642
727610
727516
727377
727057
726937
726736
726439
726189
726168
725827
725825
725567
725307
725154
725116
724885
724556
724536
724256
723989
723950
723802
723679
723510
723348
723347
723275
723179
723028
722637
722224
722122
721849
721816
721724
721575
721573
721408
721338
720950
720769
720764
720124
719738
719693
719686
719351
719163
719026
718997
718971
718619
718599
718035
717565
717546
717402
717193
717173
717099
716674
716666
716577
716337
715742
715741
715659
715526
715517
715099
715059
714787
714594
714490
714477
714381
714233
714158
714054
713653
713478
712915
712542
712488
712366
712022
711939
711869
711792
711747
711549
711500
711458
711311
711163
710923
710821
710697
710529
710234
709958
709861
709434
709343
709133
709072
708991
708738
708585
708373
708208
708139
708131
707926
707911
707771
707377
707249
707201
707092
706981
706316
706064
705852
705679
705546
705515
705480
705373
705143
705092
704805
704499
704429
704321
704083
703802
703661
703623
703203
702902
702813
702737
702453
702428
702343
702229
701740
701723
701573
701569
701163
701091
700989
700738
700729
700468
700316
700305
700267
700211
700017
699811
699457
698840
698762
698634
698388
698351
697965
697840
697325
696849
696747
696676
696337
696168
695576
695290
695165
694508
694394
694367
693955
693832
693776
693742
693643
693516
693168
693072
692877
692514
692469
692179
691954
691759
691577
691465
691316
691188
691089
690952
690809
690683
690624
690591
690584
690398
690248
689862
689746
689717
689631
689374
688541
688427
687645
686963
686645
686249
685482
685311
685252
684879
684836
684805
684659
684608
684558
684212
683440
683383
683354
683049
682768
682199
682185
682174
681933
681789
681674
681623
681591
681567
681444
681367
680676
680633
680397
680090
679872
679808
678819
678147
678020
677963
677723
677260
677070
677063
676998
676673
676584
676522
676518
676026
675814
675812
675668
675491
674706
674635
674486
674484
674244
674140
674062
673562
673513
673328
673049
672974
672947
672829
672709
672653
672184
672099
671804
671757
671392
671094
670973
670014
669746
669580
669491
669253
669121
668962
668839
668669
668593
668276
667576
667477
667097
666601
666567
666335
666184
666152
666063
665908
665764
665742
665575
665141
665039
664477
664045
663903
663781
663681
663257
663219
663204
663048
662960
662950
662938
662535
662348
662261
661905
661801
661727
661488
661367
661216
661118
660538
660388
660250
660203
660115
660043
659990
659556
659527
659009
658465
658082
657659
657477
657163
656765
656546
656544
656470
656271
656268
656044
655985
655655
655642
655329
655113
655094
655007
654944
654880
654734
654462
654195
654095
653639
652829
652705
652527
652427
652341
652097
651970
651958
651551
651545
651108
650494
650178
649886
649237
648998
648977
648864
648824
648619
648288
648194
647945
647905
647728
647619
647502
646268
646067
645878
645851
645745
645645
645596
645012
644840
644447
644318
644248
644096
644066
644022
643935
643810
643498
643171
643126
643055
643048
642691
642455
642287
642212
642022
641628
641335
641302
641166
640705
640467
640459
640348
640293
640121
639964
639909
639823
639720
639666
639504
639088
638970
638895
638844
638427
638407
638342
638201
637945
637835
637759
637759
637594
637173
637121
636721
636717
636682
636649
636533
636040
635781
635542
635503
635379
634821
634755
634473
634252
634238
633826
633690
633674
632751
632380
631560
631417
631023
630991
630892
630320
630078
629843
629580
629578
629494
629493
629265
629237
629009
628778
628624
628617
628596
628254
627986
627946
627865
627845
627353
627287
626835
626727
626487
626400
625857
625253
625238
624843
624817
624711
624233
624078
623966
623405
623132
622960
622408
622154
622076
622066
622065
621801
621498
621321
621176
620965
620596
620215
620087
620053
620029
619677
619507
619291
619268
618844
618618
618530
618293
618049
617991
617189
617175
617022
617001
616970
616956
616804
616030
615974
615314
614705
614525
614370
614142
613598
613580
613552
613104
613007
612882
612309
612205
611912
610935
610861
610602
610456
610449
610296
610247
610008
609872
609748
609160
609156
609132
608945
608426
608422
608375
607702
607637
607578
607468
607093
607048
607032
606433
606029
605535
605353
604890
604740
604665
604601
604461
604372
604365
604122
604076
604053
604023
603791
603624
603579
603214
603041
602964
602126
602043
601848
601782
601750
601643
601557
601541
601512
601394
601353
601090
600872
600148
599932
599801
599539
599422
599376
599004
598971
598775
598633
598524
598467
598153
598130
598097
597946
597835
597099
596624
596595
596358
596338
596290
596222
596007
595944
595758
594950
594858
594845
594844
594743
594384
592877
592876
592811
592521
592506
592392
592149
591850
591315
591310
591221
591092
590544
590092
589902
589759
589672
589460
589188
589021
588885
588862
588371
588279
588146
588126
588031
587947
587768
587632
587577
587253
586966
586764
586570
585887
585859
585779
585528
584874
584742
584099
584036
584011
583867
583689
583429
583308
583298
582982
582672
581551
581236
581133
580987
580682
580348
579974
579866
579527
579426
579289
579112
579073
579062
578722
578346
578238
577976
577799
577743
577705
577554
577412
576605
576516
576299
576258
576041
575397
574627
574500
574041
573509
573196
573042
572497
572444
571927
571424
571398
571263
570780
570636
570610
570339
570222
570142
569826
569596
569387
569384
569372
569357
569338
568985
568454
568346
568125
568051
567548
567335
567075
567037
566661
566466
566214
565745
565484
565268
564760
564732
564194
564097
563595
563554
563052
562763
562711
562679
562559
562486
562238
561566
561507
561493
560943
560875
560847
560753
560605
560167
560106
559884
559654
559077
559035
558808
558615
558567
558207
558147
557965
557461
557075
556877
556736
556677
556514
556460
555937
555915
555594
555423
555067
554851
554692
554303
554295
554036
554021
553923
553735
553415
552720
552644
552460
552299
552069
551995
551987
551648
551450
551430
551389
551053
550992
550979
550622
550407
550393
550211
550199
549834
549679
549485
549441
549329
549273
548640
548615
548485
548264
548225
548188
547630
547554
547535
547511
547409
546677
546554
546484
546273
546171
545973
545874
545608
545190
545115
545036
545031
544925
543619
543610
543554
543501
543497
543433
543228
543107
542508
542393
542127
541998
541981
541648
540974
540851
540533
539848
539624
539480
539298
539168
539050
539049
538382
538270
538020
537782
537756
537547
537496
537476
537473
537250
537006
536649
536581
536423
536298
535576
535517
535307
534785
534654
534158
533849
533820
533536
533398
533379
533120
532643
532588
532538
532308
532284
532264
531577
531272
530824
530715
529990
529689
529674
529560
529420
529288
529254
529120
528882
528816
528690
528554
528390
528345
528098
527499
527414
527276
527119
527077
525743
525700
525511
524856
524422
524396
523971
523356
522924
522648
522645
522546
522533
522443
522074
521894
521602
520890
520887
520724
520692
520397
520396
519240
519137
519092
518892
518837
518810
518426
518380
518250
518205
518117
517772
517731
517688
517619
517386
517170
516956
516831
516120
516031
515946
515857
515633
515232
515180
514984
514249
514115
514065
514052
514050
514032
513984
513587
513523
512813
512603
512412
512243
512206
512104
512095
511655
511643
511407
511309
511105
511057
510845
510792
510742
510626
510535
510388
509696
509467
509145
509034
508910
508584
508384
508184
508166
508102
507761
507658
507569
507041
505583
505093
504926
504314
504288
504240
503894
503873
503721
503624
503532
503464
502733
502394
502234
502134
502040
501471
501370
501081
500973
500825
500791
500351
500319
500220
500001
499945
499885
499833
499457
499309
499247
498797
498779
498457
498207
498156
497906
497853
497848
497769
497553
497496
497408
497288
496942
496439
496228
496116
495946
495801
495504
495429
495360
495159
495145
494975
494538
494107
494103
493753
493371
493221
492883
492750
492714
492456
492204
492152
491906
491485
491161
491081
490705
490490
490423
490044
489753
489487
489274
489248
488578
488466
488180
488087
487906
487757
487408
487117
486427
486340
485788
485774
485730
485579
485500
485431
485427
485163
484712
484566
484195
484038
483689
483513
483470
483250
483240
483124
483004
482797
482752
482589
482536
482461
482268
482245
482077
481633
481482
481309
481280
481216
480799
480791
480621
480595
480542
480212
480050
480047
479906
479490
479469
479455
478996
478726
478710
478333
478241
478178
477873
477426
477425
477362
477141
476878
476843
476830
476604
476545
476454
476311
476152
475906
475778
475738
475726
475510
475436
475070
474719
474717
473853
473849
473693
473510
473499
473495
473452
473175
473124
473055
472806
472758
472620
472538
472204
472157
472114
471729
471175
470670
470582
470161
470099
470021
469971
469954
469324
469175
469008
468880
468498
468287
467844
467749
467717
467669
467512
467274
467119
467022
466962
466817
466760
466685
465935
465860
465763
465711
465409
465320
465266
464925
464749
464694
464559
464491
464461
464249
464097
463958
463494
463336
463266
462769
462557
462232
462138
462040
461898
461704
461622
461292
460968
460850
460842
460368
460254
459934
459816
459721
459631
459477
459108
458951
458890
458734
458674
458548
457789
457219
457131
456887
456694
456653
456270
455972
455797
455760
455213
455070
454865
454859
454828
454644
454579
454536
454329
454139
454112
453798
453789
453726
453603
453141
452904
452786
452656
452588
452238
452226
452085
452072
451810
451769
451714
451269
451232
451218
450984
450865
450838
450740
450535
450483
450343
450061
449990
449889
449594
449387
449384
449358
448834
448064
447949
447346
446913
446853
446637
446195
445931
445729
444789
444677
444594
444454
444234
444055
443904
443609
443427
443103
442779
442027
441772
441450
441385
441069
440898
440484
440466
439621
439444
439058
438653
438515
438442
438291
438262
438153
437795
437779
437754
437743
437558
437514
437087
436873
436872
436259
435837
435776
435695
435568
435426
435297
435268
434712
434235
433535
433408
432816
432390
432213
431862
431828
431662
431606
431279
431047
430868
430721
430710
430622
429619
429289
429132
429058
428861
428783
428503
428415
428222
428065
428054
428035
427962
427689
427286
427142
427033
426986
426742
426702
426480
425951
425783
425605
425580
425576
425489
425402
425191
425145
425040
424977
424921
424699
424423
424315
423799
423612
423300
423027
422874
422726
422519
422281
422130
421379
420684
419993
419863
419395
419112
419022
418881
418756
418464
418385
418361
418230
418065
417985
417932
417647
417240
416849
416845
416825
416530
416395
416320
415911
415227
414782
414562
414325
414050
414019
413944
413882
413807
413656
413557
413280
413160
413046
412892
412418
412198
412182
411861
411342
411325
411288
411217
411170
411145
410936
410866
410814
410728
410314
409848
409754
409640
409503
409115
409100
409065
408654
408060
408031
406949
406821
406451
405816
405667
405270
404852
404672
404338
404193
403866
403844
403645
403545
403235
402931
402392
402330
401891
401671
401601
401379
401335
400914
400827
400460
400218
400179
400131
400124
399924
399858
399392
399181
399167
398941
398211
397885
397183
396958
396854
396812
396400
396267
395886
395233
395093
394725
394687
394603
394574
394403
394244
394120
394000
393882
393880
393250
393164
393015
392845
392540
392043
391929
391892
391869
391847
391652
391433
391301
390857
390856
390729
390627
390585
390146
390012
389979
389755
389688
389666
389627
389480
389441
389415
389132
389043
388820
388733
388621
388429
388405
388392
388100
387987
387750
387674
387554
387197
387058
387020
386974
386901
386742
386727
386551
386510
386359
386335
386266
386255
386173
386077
385898
385872
385695
385311
385295
385201
385165
384997
384958
384787
384081
383631
383402
383377
383334
383306
383120
382765
382611
382422
381957
381719
381142
380885
380834
380399
380190
379599
379339
379166
379140
378370
377729
377679
377497
377195
377124
377027
376499
376457
376299
375596
375592
375549
375549
375493
375178
375022
374617
374486
374371
373842
373726
373475
373176
373007
373005
372449
372249
371977
371897
371492
371272
370994
370548
370479
370405
370341
369983
369663
369619
369604
369303
369219
368644
368620
368146
367675
367597
366713
366571
366318
365841
365741
365598
365436
365310
365275
364885
364830
364601
364566
364374
364114
364113
363927
363899
363616
363546
363531
363447
363414
362922
362678
362673
362383
362210
361775
361623
361619
361451
361269
361227
361115
361091
361074
361001
360991
360804
360433
359945
359716
359595
359536
359419
359392
359044
358769
358765
358714
357666
357653
357364
357258
357208
356748
356704
356449
356438
356077
356016
355728
355709
355632
355522
355498
355106
354885
354629
354504
354205
354170
354125
354120
354072
354059
353869
353848
353778
353456
353221
352942
352867
352492
351893
351791
351772
351459
350513
350333
350258
350039
349993
349744
349612
349244
348967
348501
348485
348368
348307
348143
348077
348027
347803
347572
347539
347365
347151
347142
346842
346657
346610
346593
346530
346316
345981
345937
345902
345881
345504
345118
345061
344997
344986
344771
344451
344374
343685
342892
342755
342680
342461
342450
342107
342060
341991
341687
341577
341063
340914
340714
340714
340280
340279
340003
339897
339610
339532
338724
338386
338343
338282
338076
337330
337315
337230
337047
337045
336844
336504
336148
336043
335992
335946
335880
335868
335775
335363
335278
335019
334997
334877
334699
334106
334014
334001
333508
333455
333412
333232
333120
332543
332394
332321
332293
332278
332158
332142
331806
331626
331616
331168
330860
330721
330552
330399
329487
329153
329054
329022
328998
328930
328827
328811
328742
328491
328362
328061
327516
326783
326454
326375
326337
325921
325877
325828
325663
325498
325056
325049
324990
324583
323935
323852
323734
323610
323223
323144
322933
322880
322853
322758
322580
322450
322012
321947
321929
321620
321404
321371
321208
321200
321153
320838
320764
320583
320064
319328
318293
318122
317948
317915
317311
317206
317178
317118
316845
316648
316624
316340
316199
315879
315386
315335
315260
315240
315217
314746
314712
314526
314499
314231
313933
313874
313750
313716
313631
313540
313307
313266
313180
313079
312638
312367
312083
311903
311628
311386
311374
311355
310442
310318
309267
309149
308670
308482
308408
308303
308263
308212
307964
307762
307496
307386
307291
307041
306928
306548
306286
306012
305923
305868
305650
305485
305141
304763
304465
304031
302773
302563
301787
301662
301609
301509
301134
301058
300795
300751
300725
300667
300352
300261
300002
299481
299437
299187
298668
298536
298030
297566
297516
297440
297278
297070
296693
296597
296277
296160
295968
295750
295581
295533
295314
295279
295166
295122
294682
294267
294094
294075
294025
293957
293887
293792
293780
293543
293500
293419
293241
293113
293088
292884
292818
292788
292482
291718
291426
291404
291371
291328
291299
291258
291214
291141
291119
290949
290821
290683
290566
290533
290357
290336
290309
290109
290049
289636
289344
288705
288564
287950
287786
287113
286796
286709
286518
286439
286016
285580
285430
285213
285101
285019
284960
284839
284791
284769
284626
284437
284323
283653
283617
283051
282730
282322
281980
281559
280955
280879
280782
280590
280395
280286
280138
279925
279892
279859
279181
279170
279021
278720
278691
278668
278436
278229
278086
278085
277530
277174
276777
276432
275540
275251
275093
274688
274348
274332
274239
274064
273977
273891
273619
273440
273232
273054
273017
272992
272539
272365
272107
271838
271556
271534
271449
271214
270892
270664
270631
270510
270496
270007
269727
269670
269604
269588
269449
269357
269165
269158
269030
268481
268417
267691
267677
267489
266835
266623
266623
266422
266229
265825
265692
265603
265498
264321
264127
263872
263494
263336
263254
263230
263178
263176
263161
263138
263062
263035
262834
262785
262749
262608
262435
262434
262105
261944
261928
261641
261585
261412
261351
261256
261001
260603
260390
260001
259749
259551
259391
258880
258339
258096
258046
258008
257988
257962
257896
257871
257840
257556
257372
257288
257266
257219
257182
257061
256937
256590
256453
256312
256286
256279
256257
256139
256057
256033
255948
255850
255822
255137
255106
255041
254699
254506
254430
254406
254342
254173
254026
253998
253946
253918
253847
253814
253793
253510
253198
253037
252636
252604
252355
251937
251823
251712
251701
251590
251442
251372
251258
251083
251036
250922
250417
250090
250029
249762
249674
249569
249418
249250
248911
248807
248685
248581
248515
248149
247860
247843
247762
247758
247661
247184
247155
247071
246843
246789
246624
246483
246450
246436
246242
245986
245574
245493
245462
245395
245123
244996
244718
244591
244369
244126
243874
243726
242974
242946
242842
242570
242267
242257
242244
242185
242159
242085
242082
241954
241894
241623
241622
241574
241457
241327
241238
241219
240512
240497
240310
240123
239880
239769
239319
239287
239107
239046
238829
238813
238807
238747
238520
238367
238226
238142
237936
237777
237680
237618
237432
237418
237146
237027
236989
236769
236463
235931
235852
235670
235250
235199
235197
235053
234958
234854
234552
234528
234489
234283
234076
233856
233680
233104
232960
232922
232269
232123
232090
231667
231528
231522
231440
231414
230646
230072
229965
229584
229573
229343
228724
228537
228432
228365
228346
227999
227885
227717
227701
227435
227113
226997
226995
226820
226736
226341
226337
226226
225628
225592
225432
225329
225204
224825
224451
224397
224228
223893
223835
223777
223465
223423
223124
222203
221662
221535
221355
220575
220445
220373
220292
219653
219609
219597
219497
219293
219284
218693
217962
217946
217300
217191
217155
217057
216852
216634
216065
216007
215806
215783
215720
215597
215424
214414
214043
214027
213854
213799
213627
213525
213481
213320
213226
213109
212758
212506
211666
211583
211573
211087
210813
210680
210440
210158
210063
208902
208858
208304
208251
207867
207816
207763
207551
207480
207169
206013
205950
205913
205213
205173
205165
205104
205000
204932
204598
204347
203601
202791
202734
202484
202364
201903
201570
201278
200760
200673
200659
200459
199633
199473
199383
198981
198973
198845
198706
198682
198549
198435
198189
198000
197623
197473
196798
196704
196674
196665
196662
196581
196381
196292
196106
195922
195887
195765
195308
195142
195124
195002
194977
194923
194871
194862
194771
194690
194688
194527
194102
193998
193702
193347
192968
192968
192815
192682
192618
192493
192479
192393
192181
192147
191630
191569
191288
191262
191259
191183
191144
191101
191072
190696
190667
190577
190569
190461
190379
190281
190055
189723
189461
189151
189130
189128
189095
188939
188932
188680
188261
188207
187715
187599
187509
187498
187251
186874
186782
186713
186036
185849
185095
184993
184756
184573
184136
183468
183412
182935
182607
182525
181907
181809
181413
181382
181363
181183
180865
180644
180331
179892
179758
179708
179486
179287
178655
178496
178462
178311
178083
177709
176826
176799
176704
176275
176156
176018
175604
175297
174369
174145
173821
173659
173653
173511
173417
173331
173300
173196
173053
172763
172588
172463
172221
171798
171626
171572
171549
171390
171165
170983
169806
169711
169681
169620
169518
169259
169224
169016
169013
168759
168442
167932
167542
167253
167123
166929
166865
166814
166415
166151
166128
166099
165892
165761
165758
165620
165302
165282
165138
165070
165004
164995
164922
164877
164782
164420
164237
164208
163944
163668
163628
163381
163286
163178
163140
162883
162306
162305
162041
161862
161693
161546
161339
160890
160470
160459
160159
160014
159954
159724
159409
159380
159271
159113
159079
159064
158788
158720
158689
158532
158274
158133
157636
157516
157515
157327
156772
156579
156115
155658
155508
155473
155345
155264
154993
154962
154606
154038
154010
153977
153720
153535
152962
152938
152690
152678
152596
152560
151947
151866
151752
151534
151408
151194
151089
150983
150882
150819
150596
150210
149982
149913
149695
149396
149052
148795
148524
148250
148162
147846
147265
147180
146879
146767
146530
146437
146350
146303
146030
145994
145954
145207
144900
144732
144607
144590
144451
144436
144306
143878
143858
143829
143763
143731
143624
143596
143170
142729
142708
142444
142258
142112
142059
141971
141636
141479
141344
141029
140949
140850
140814
140459
140448
140369
140306
140093
139983
139550
138986
138820
138477
138159
137587
137527
137164
137090
136661
135648
135587
135524
135324
134715
134630
134546
134472
134181
134141
134088
133782
133739
133686
133652
133162
132975
132934
132853
132832
132820
132757
132737
132670
132631
132522
132304
132172
132019
131996
131968
131912
131158
131059
130469
130298
130205
130112
130011
129933
129883
129249
128989
128952
128696
128676
128356
128249
128092
127991
127633
127512
127033
126902
126900
126578
126175
125943
125856
125787
125777
125759
125734
125601
125392
125049
124863
124736
124532
124529
124376
124225
124093
123984
123758
123498
122710
122634
121486
121336
121284
121281
121111
121053
120756
120684
120531
120453
120317
120068
120066
119890
119855
119810
119808
119688
119506
119176
119010
118871
118610
118519
118051
116910
116681
116659
116384
116200
116086
115662
115535
115371
115256
115254
114611
114548
113908
113743
113513
113445
113412
113397
113349
113265
113252
113162
112882
112594
112535
112447
111436
110951
110876
110869
110540
110503
110411
110344
110107
109832
109414
109295
108711
108453
108205
108185
107897
107856
107773
107747
107188
107186
106814
106715
106554
106178
105800
105463
105451
105440
105341
105337
105225
105211
105049
104849
104636
104603
104475
104418
104388
104157
104036
103932
103069
103034
102912
102393
102133
102114
101440
101414
101389
101219
101091
101073
101068
100886
100801
100419
98795
98715
98704
98567
98379
98375
98289
98147
98061
98052
97660
97420
97079
96943
96647
96538
96114
95906
95782
95743
95678
95601
95338
94927
94843
94799
94770
94590
94570
94541
94168
92816
92752
92120
91884
91870
91691
91529
91486
91379
91241
91087
91040
91012
91002
90869
90812
90714
90691
90623
90602
90597
90585
90416
90304
89706
89490
89256
88964
88702
88552
88521
88066
87880
87639
87447
87343
87200
87058
87016
86815
86753
86563
86399
86362
85970
85764
85595
85514
85032
85011
84945
84919
83992
83803
83624
83437
83360
83325
83321
83148
82253
82210
81854
81207
81171
80734
80538
80175
79976
79623
79601
79488
79451
79096
78691
78540
78474
78294
78034
77680
77643
77503
77501
77378
77306
77238
77185
77050
76999
76982
76760
76729
76515
76503
76472
76399
76395
76393
76242
76239
75969
75808
75411
75020
74857
74853
74181
73952
73800
73768
73703
73531
73303
73030
72921
72904
72612
71891
71816
71677
71451
71258
71139
71093
71018
70713
70668
70476
70431
69879
69878
69648
69470
69392
69196
68888
68669
68642
68594
68469
68439
67658
67632
67574
67074
67067
66958
66506
66446
66275
66114
66102
66026
65804
65370
65145
65063
65051
64615
64593
64513
63904
63583
63193
63163
63070
62982
62952
62797
62787
62773
62564
62041
61656
61406
61250
61217
61113
60739
60682
60021
59982
59950
59759
59520
59135
58908
58902
58866
58856
58817
58682
58663
58648
58625
58445
58422
58414
58384
58309
57968
57889
57776
57770
57758
57751
57540
57207
56397
56013
55970
55695
55626
55425
55331
55279
55139
55028
54984
54973
54957
54432
54384
54153
54141
53699
53608
53564
53561
53435
53345
53312
53308
53118
52717
52463
52462
52389
52262
52125
52041
51723
51532
51254
50912
50564
50496
50464
50049
49890
49686
49656
49313
49208
49204
49104
48532
48395
48232
48070
47821
47754
47541
47370
47356
47244
46798
46629
46593
46355
46008
45892
45807
45302
45130
45005
44578
44530
44149
43885
43768
43557
43193
43106
43064
42908
42491
42285
42249
41597
41532
41516
41272
41267
41066
40935
40902
40756
40239
40144
39604
39550
39497
39264
39206
38353
38000
37751
37724
37716
37703
37579
37399
37076
36931
36716
35831
35115
34949
34741
34070
33976
33502
33473
33095
33094
32838
32730
32642
32581
32222
31986
31743
31538
30988
30672
30281
30214
30180
30127
29939
29909
29816
29673
29480
28695
28621
28299
27850
27805
27772
27709
27602
26998
26924
26852
26852
26452
26324
25911
25733
25672
25645
25120
25074
25023
24978
24732
24718
24313
24275
24106
23989
23914
22772
22765
22293
22285
22139
22034
21996
21823
21790
21650
21329
21168
21110
21060
21012
20920
20903
20870
20733
20625
20303
20276
20246
20189
19789
19579
19552
19435
19348
19329
19310
19297
19296
18649
18633
18567
18413
18251
18157
17987
17924
17469
17304
17225
17042
16117
16108
16059
16022
15967
15952
15947
15293
15168
14813
14547
14442
14423
14319
14285
14225
14179
13680
13620
13300
13260
12955
12811
12481
12373
12356
12092
12060
11840
11822
10971
10707
10632
10307
10059
9882
9791
9433
9420
9277
8944
8899
8702
8293
8106
7974
7965
7853
7632
7499
6906
6887
6808
6743
6321
6028
5901
5835
4852
4628
4454
4168
3839
3782
3670
3241
3205
2938
2638
2299
1817
1499
1477
636
635
342
224
185
