999960
999902
999452
999065
998696
998549
998435
997810
997799
997456
997361
997222
997037
997010
996962
996564
996241
996083
995772
995410
995288
994778
994416
994251
994075
993921
993269
993172
992819
992404
992353
991527
991367
990785
990752
990567
990435
990143
990087
990070
990034
990027
989825
989675
989394
989200
988863
988664
988403
987959
987794
987394
987289
986976
986451
986413
985690
985671
985222
985153
985132
985117
985054
984658
984562
984555
984538
984281
983736
983623
983523
983420
982923
982873
982852
982775
982465
982403
982274
982147
981969
981535
981440
981267
981211
981034
980910
980706
980664
980649
980401
980164
979974
979681
979442
979080
978982
978817
978705
978698
978529
978377
977969
977796
977110
976817
976739
976575
976450
976407
976338
975158
975147
974896
974611
974453
974143
974015
973414
972895
972620
972540
972482
972403
972330
972259
972164
971932
971870
971709
971694
971559
971511
971471
971308
971270
971025
970471
970429
970360
970025
969926
969647
969390
969320
969049
968886
968857
968660
968368
968167
967896
967796
967728
967611
967482
967470
967450
967307
967297
967182
967029
966956
966740
966738
966396
966245
965766
964971
964666
964514
964509
964350
964300
963895
963882
963818
963756
963432
963142
963077
962796
962467
962361
962308
961959
961679
961657
961580
961265
961253
960950
960689
960031
959507
959344
959082
959057
958668
958535
958441
958241
958043
958013
957801
957722
957563
957500
957487
957371
957349
957282
956976
956893
956884
956877
956272
955820
955736
955625
955202
955148
955103
954780
954712
954280
954215
954063
954043
954010
953984
953861
953822
953721
953690
953582
953454
953412
953279
952734
952729
952679
952371
952120
951969
951568
951341
950978
950909
950608
950591
950489
950031
949685
948764
948682
948262
947708
947593
947244
947185
946952
946516
946350
946275
946121
946114
946079
945990
945352
945092
945044
944992
944734
944553
944059
943827
943811
943677
943616
943592
943566
943228
943142
943010
942839
942752
942500
941967
941829
941827
941788
941277
940848
940826
940815
940801
940684
940304
940168
939871
939832
939829
939340
939325
939112
939099
939030
938809
937292
937103
936732
936722
936497
936403
936130
936002
935726
935707
935341
935240
935174
934997
934906
934762
934753
934492
934346
933812
933726
933657
933506
933260
933031
932844
932802
932463
932460
931933
931837
931579
931512
931314
930832
930718
930269
929420
929057
928960
928791
928626
928498
928295
928222
928210
928034
927715
927679
927472
927373
926928
926600
926532
926520
926211
926197
926181
926034
925925
925748
924935
924825
924497
924461
924445
924226
924034
923849
923647
923613
923572
922808
922680
922541
922460
922408
922299
922292
922209
921814
921710
921532
921090
920979
920708
920660
920496
920469
920177
920050
919946
919887
919558
919436
919370
919067
919016
918796
918636
918405
918332
918035
918014
917990
917539
917426
917339
917221
917070
916608
916493
916332
916309
915737
915670
915627
915557
915258
914964
914752
914337
914026
913951
913907
913639
913579
913320
912862
912726
912065
911761
911496
911250
911180
910777
910724
910637
910345
910172
910076
910027
909959
909593
909290
908744
908688
908662
908529
908329
907670
907562
907516
907264
907129
907047
907005
906941
906730
906673
906521
906049
905793
905737
905387
904763
904478
904031
903926
903807
903718
903372
903230
903150
902897
902883
902761
902722
902140
902127
901939
901926
901918
901789
901412
901360
901321
901313
901244
901229
899728
899599
899282
899277
898707
898539
898414
898245
898192
898053
897040
896766
896647
896539
896296
896268
896267
896183
895887
895862
895408
895185
895081
894827
894756
894602
894556
894340
894130
893587
893502
893206
893064
893041
892369
892320
892060
891901
891852
891816
891738
891732
891726
891712
890893
890779
890768
890561
889888
889855
889753
889623
889481
889466
889258
889186
889172
889139
889047
888997
888859
888721
888598
888131
887784
887529
887448
887379
887251
887007
886939
886891
886742
886568
886417
886385
886174
886105
886103
886055
885636
885621
885555
885111
885063
885006
884873
884704
884345
884328
884298
884291
884013
883954
883932
883926
883916
883821
883725
883713
883692
883686
883573
883208
882831
882823
882751
882481
882468
882438
882402
882272
882108
882066
881858
881806
881709
881170
881061
880813
880481
880189
880043
879811
879698
879567
879459
879439
878900
878303
878127
877825
877543
877447
877223
877028
876675
876639
876551
876526
876253
876179
876126
875991
875881
875623
875434
875250
875017
874752
874455
874389
874115
874059
873347
873287
872812
872517
872224
871797
871767
871563
871433
871218
871134
870920
870665
870444
870346
870178
870131
870074
869924
869275
869199
869021
868797
867999
867954
867122
866753
866289
866170
865860
865789
865592
865366
865247
865041
864951
864852
864748
864730
864627
864553
864468
864447
864274
864067
863963
863958
863909
863820
863401
863035
862922
862705
862531
862405
862378
862032
862016
861903
861795
861559
861414
861249
861062
860962
860494
860185
859714
859711
859206
859080
858945
858907
858818
858704
857596
856961
856891
856554
856304
856252
856225
856160
856135
856081
855953
855940
855875
855775
855772
855617
855280
855266
855082
854872
854859
854311
854170
853838
853622
853350
853303
853296
853227
853046
852692
852597
852540
852406
852300
851936
851687
851680
851651
851427
851392
850818
850581
850517
850494
850351
850142
849904
849771
849738
849731
849405
849084
848986
848952
848902
848675
848585
848506
847625
847204
847097
846965
846794
846776
846259
845651
845562
845162
844941
844801
844727
844637
844246
844156
843967
843881
843657
843582
843288
843273
843002
842796
842603
842547
842487
842408
842385
841804
841639
841450
841218
841063
840959
840879
840851
840607
840247
840075
840073
839405
839293
839040
839000
838900
838896
838751
838588
838383
838379
838233
838040
837978
837951
837945
837588
837243
836739
836509
835858
835483
835374
835364
834867
834509
834001
833658
833400
833396
833362
833242
833150
832952
832805
832552
832528
832461
832408
832376
832196
832134
831734
831402
831314
831167
831020
830921
830688
830449
830183
830067
829923
829630
829080
828935
828446
828128
828121
828032
827688
827596
827402
826492
826466
826327
825705
825663
825292
825124
824899
824888
824886
824662
823887
823765
823601
823538
823072
822995
822422
822320
822260
821587
821529
821138
821060
820813
820809
819626
819568
819540
819455
819250
819188
818899
818848
818564
818541
818485
818188
817892
817890
817558
817366
817256
817067
816176
815868
815631
814939
814917
814893
814875
814744
814693
814558
814122
814075
814049
813963
813776
812959
812603
812023
811986
811763
811376
811370
810992
810623
810266
810257
810153
809800
809710
809661
809308
809182
809067
808844
808685
807648
807240
807121
806602
805879
805776
805760
805699
805355
805176
805056
804558
804432
804406
803857
803690
803634
803347
803196
802938
802691
802516
802444
802297
802063
801981
801788
801661
801649
801476
801404
801316
800707
800247
800170
799852
799600
799485
799415
799363
799289
798896
798742
798513
798200
798061
797960
797850
797597
797342
797199
797022
796986
796800
796681
796537
796520
796044
795930
795848
795485
795103
794878
794809
794796
794775
794615
794586
794552
794455
794314
794157
794079
794016
793047
793032
792843
792752
792530
792494
792439
792427
792424
791956
791932
791644
791518
791492
791456
791284
791101
790742
790702
790591
790400
790377
790012
789903
789860
789652
789593
789467
789006
788912
788697
788364
788251
787853
787849
787811
787576
786375
786362
785948
785669
785610
785289
785263
785010
784970
784646
784363
783851
783845
783829
783675
783578
783484
782820
782454
781771
781768
781667
781589
781551
781202
781193
780715
780641
780334
780133
780127
780119
780066
780065
779850
779719
779619
779483
778962
778903
778825
778497
778391
778315
778060
777719
777624
777099
776823
776739
776737
776261
775964
775528
775373
775070
774925
774537
774317
774294
773792
773734
773707
773325
773175
772976
772975
772912
772905
772844
772816
772787
772565
772553
772542
772533
772480
772323
771801
771687
771386
770926
770556
770502
770182
770103
769901
769893
769735
769457
769390
769374
769085
768707
768620
768362
768329
768278
767403
767372
767329
767305
766986
766961
766662
766450
766175
766147
766059
765931
765465
764719
764604
764590
764454
764339
763518
763515
763385
763177
762844
762568
762373
762209
762204
761767
761766
761735
761379
761063
760982
760888
760721
760014
759573
759523
759389
759287
758993
758686
758546
758276
758091
757904
757890
757829
757444
757252
757083
756915
756726
756609
756467
756324
756308
756173
755765
755637
755557
755440
755305
755175
755137
754537
754475
754059
754021
753261
753253
753073
752626
752475
752386
752232
751700
751601
751525
751483
751451
750534
750353
749683
749632
749365
748956
748534
748522
747988
747848
746953
746925
746607
746426
746208
745638
745624
745396
744667
744524
744508
744493
743998
743610
743226
743168
743052
742179
742158
742075
742042
742014
741884
741547
741427
741245
741141
741137
741027
740823
740710
740670
740092
740046
739957
739767
739659
739199
739137
738818
738248
738248
738131
737969
737929
737872
737655
737539
737140
736819
736809
736697
736522
736267
736225
736073
735966
735895
735786
735782
735682
735618
735568
735178
735091
735085
734642
734364
734326
734251
734070
733951
733719
733667
733458
733420
733285
733144
732706
732586
732454
732297
731950
731830
731796
731771
731560
731537
731340
731064
730693
730690
730285
730277
730154
730093
730068
729999
729844
729714
729593
729024
728906
728773
728475
728417
728375
728354
728261
728235
728228
728108
727971
727956
727872
727550
727497
727380
727328
727095
726897
726836
726711
726300
726001
725868
725731
725387
725347
725115
725030
724876
724808
724786
724657
724548
724226
724114
723534
723434
723430
723272
723197
723022
722989
722983
722921
722374
721679
721510
721453
721306
721274
721168
720727
720496
720184
720162
719992
719840
719809
719455
719363
719282
719208
718971
718186
718109
718076
717508
717414
717241
717174
717109
717078
717015
716925
716833
716758
716672
716363
716281
716016
716012
715858
715724
715171
715156
715074
715049
714899
714871
714580
713479
712927
712885
712828
712699
712474
712430
712387
712283
712008
711951
711502
711462
711266
710833
710138
710059
709938
709603
709409
709391
709254
709153
709124
708846
708709
708562
708217
708112
707955
707887
707879
707720
707501
707385
706983
706893
706873
706388
706116
706069
705937
705900
705808
705564
705389
705108
704718
704614
704313
704129
704035
703970
703948
703946
703857
703580
703032
702894
702873
702257
702205
702085
701967
701569
701446
701391
700908
700904
700882
700857
700706
700597
700595
700558
700452
700430
700353
699746
699699
699619
699440
699407
699087
698827
698774
698644
698627
698618
698474
698125
698072
697806
697802
697662
697638
697611
697334
697259
697116
697025
696809
696154
696066
696011
695930
695837
695664
695595
695551
695551
695510
694892
694803
694160
693495
693102
693072
693055
692968
692694
692593
692547
692385
692286
692284
692167
691759
691729
691511
691133
691033
690695
690677
690467
690452
690421
690418
690118
689630
689441
689394
689259
689073
688937
688801
688630
688541
688430
688357
688227
687867
687822
687660
687647
687348
686222
686094
686024
685842
685793
685099
685080
685059
684925
684920
684808
684768
684672
684487
683993
683316
683261
683054
682810
682573
682523
682082
681963
681843
681708
681699
681567
681549
680757
680176
679527
679060
678482
678443
678290
677813
677632
676401
676400
676208
675909
675807
675364
675352
675265
675248
674994
674518
674394
674361
674330
673879
673754
673666
672892
672799
672553
672500
672187
671413
671305
671256
670923
670366
670329
670033
670022
670002
669120
669017
668919
668784
668622
668323
668104
668003
667919
667879
667440
667332
667157
667039
666837
666755
666746
666641
666316
666133
665961
665408
665220
665081
665054
664995
664907
664659
664525
664485
664332
664271
664137
663654
663474
662764
662754
662648
662137
661887
661641
661612
661553
661440
661209
661093
660868
660631
660534
660369
660335
660028
659856
659736
659688
659514
658890
658701
658321
658272
657696
657695
657447
657255
656087
655978
655877
655782
655510
655182
654939
654717
654681
654680
654448
654376
654238
654195
653738
653381
653356
653234
652885
652673
652312
652295
652091
651801
651760
651584
651417
651383
651309
651101
650977
650860
650581
650573
650501
649834
649747
649649
649560
649522
649481
649444
649336
648941
648706
648517
648431
648016
647857
647747
647634
647305
646709
646396
646349
645920
645644
645566
645558
645473
645156
644797
644790
644692
644643
644361
644246
643988
643636
643631
643012
642738
642258
642035
641172
640824
640757
640551
640529
640241
639939
639794
639761
639696
639455
639255
639130
638012
637857
637796
637561
637492
637447
637350
637140
636942
636835
636780
636405
636068
635965
635583
635574
635378
635313
635291
635014
634522
634520
633535
633161
633122
632913
632802
632455
632422
632167
632115
632010
631809
631511
631373
631164
630862
630577
630465
630369
630148
629794
629589
629458
629338
629328
629205
629192
629106
628789
627802
627699
627537
627327
627297
627211
627209
627112
626836
626829
626583
626248
625908
625760
625652
625305
625039
625014
624985
624938
624794
624746
624681
624436
624405
624050
623837
623721
623634
623578
623330
623324
623011
622887
622469
622101
621732
621261
619996
619797
619678
619266
619256
619226
618777
618499
618148
618070
617264
616997
616241
615843
615783
615588
615213
614623
614575
614477
614345
614345
614203
614135
613828
613716
613472
613364
613229
613177
613010
612220
612084
611901
611810
611529
611307
611248
610568
610522
610165
610008
609815
609761
609569
608946
608913
608811
608535
608498
608383
607632
607545
606948
606646
606629
605656
605636
605508
605269
605016
604882
604334
603664
603636
603561
603280
603259
602696
602381
602289
601889
601845
601716
601711
601407
601251
601243
601217
600987
600898
600622
600389
600222
600007
599910
599794
599168
597610
597547
597367
597291
597185
597179
597078
596862
596781
595967
595729
595490
594876
594652
594615
594397
594155
593635
593339
593132
592642
592567
592470
592105
592103
591928
591870
591011
591000
590959
590948
590878
590868
590839
590574
590569
590254
590250
590070
589861
589766
589738
589603
589180
588487
588390
588290
588133
587969
587765
587463
587174
587006
586468
586372
586312
586127
585615
585565
585460
585307
585178
584175
584134
583843
583524
583235
583156
583087
582650
582023
581990
581962
581449
581429
581426
581160
581147
581012
580743
580454
580178
579917
579740
579297
578932
578862
578817
578803
578736
577967
577864
577220
576670
576283
576224
576082
576070
575961
575871
575648
574653
574128
573892
573807
573590
573486
573315
573313
572991
572755
572749
572479
572362
572350
572343
572204
571955
571555
571290
570812
570614
570484
570382
570375
570015
569670
569297
569136
568278
567639
567522
567419
567328
567079
567020
566996
566840
566762
566662
566445
566346
566336
566131
566100
566027
565390
565357
564963
564941
564566
564479
564299
564096
563985
563855
563843
563836
563775
563753
563022
562979
562948
562926
562815
562464
562392
562317
562208
562158
562035
561352
561259
561247
561057
560969
560845
560456
560342
560274
559461
559268
559035
558990
558793
558756
558331
558160
558123
558077
558001
557904
557569
557523
557185
556516
555995
555880
555782
555512
555228
554946
554761
554635
554283
554182
554170
554073
553967
553728
553605
553411
553380
553312
553289
553226
552949
552860
552673
552605
552204
552028
551968
551882
551618
550757
550705
550688
550678
550603
550508
550233
550141
550084
549927
549885
549778
549393
548003
547941
547832
547627
547065
546874
545772
545272
545205
544976
544861
544801
544787
544656
544239
544178
543896
543827
543093
542846
542813
542576
542537
542435
542414
542317
541134
540964
540924
540860
540857
540774
540561
540258
540248
540215
539995
539888
539876
539665
539608
539516
538960
538960
538901
538525
538428
538425
537938
537875
537746
537475
537444
537104
536990
536968
536841
536583
536518
536292
536042
535985
535966
535867
535651
535467
534922
534386
534309
534159
534025
533956
533526
533477
533296
533233
533161
533130
533074
532703
532673
532455
532370
532268
532220
532191
531920
531769
531489
530876
530734
530473
530030
529999
529785
529735
529725
529566
529351
529324
529245
529212
529135
529083
528887
528713
528202
528120
527928
527573
527484
527347
527142
527043
526313
526225
526042
526012
525940
525875
525253
525187
524959
524953
524703
524513
524461
524360
524352
524174
524030
523794
523619
523358
523305
523274
522786
521995
521823
521786
521153
521077
520867
520683
520602
520560
520537
520259
520239
520176
520162
520050
519848
519304
519303
519177
519105
519046
518829
518652
518619
518611
518597
518551
518260
518179
518121
518077
516934
516842
516631
516623
516612
516175
516061
515903
515531
515482
515165
514649
514415
513980
513758
513404
513259
512964
512843
512787
512743
512620
512518
512329
512202
512113
511906
511819
511744
511586
511443
511315
511144
511047
510935
510811
510709
510531
510518
510428
510234
510216
509882
509604
509538
509484
509479
509141
508570
508341
508249
508075
507949
507642
507627
507106
507052
506925
506872
506802
506719
506525
506024
505432
505299
504864
504377
504298
503972
503857
503855
503805
503744
503554
502640
502580
501838
501762
501354
500943
499658
499606
499550
499529
499462
499308
499272
499104
498890
498710
498648
498564
498215
497639
497185
496344
496261
496239
496215
495986
495948
495928
495821
495669
495491
495408
495346
494932
494661
494481
494389
494210
494040
494014
494008
493895
493767
493597
493439
493340
493325
493029
492980
492568
492276
492251
492172
491597
491125
491092
490566
489913
489862
489757
489691
489394
489313
489268
489213
488997
488699
488329
488146
487984
487956
487471
487443
487124
486951
486862
486757
486744
486613
486046
485999
485911
485872
485864
485463
485421
485284
485233
485162
485069
485021
484980
484871
484516
484207
484071
484019
483891
483813
483732
483328
483323
483187
483103
482743
482659
482657
482654
482572
482499
482446
481898
481869
481364
480808
480423
480020
479897
479842
479625
479617
479415
479363
478711
477972
477096
476927
476142
476045
475900
475580
475344
475259
475197
474985
474905
474726
474525
474430
474147
474075
473815
473660
473088
473077
472663
472352
472240
472216
472180
471693
471176
471003
470706
470469
470264
469945
469839
469589
469248
468365
468024
467977
467823
467675
467625
467558
467349
467048
466866
466762
466633
466540
466400
466376
466347
466029
465500
464974
464783
464716
464613
464534
464267
464156
464054
463496
463456
463054
462804
462518
462468
462260
461603
461034
460963
460639
460575
460454
460127
460112
459959
459912
459854
459739
459239
459014
458645
458613
458602
458599
458486
458221
458089
457954
457269
457215
456831
456569
456518
456470
456389
456377
456275
456208
456150
455370
455196
454954
454795
454784
454758
454490
454363
453850
453819
453677
453410
452991
452945
452795
452382
452229
451948
451765
451261
451093
451045
450722
450412
450238
450201
450201
450063
449853
449411
449226
449131
449130
449053
448630
448620
448472
448433
448413
448265
447942
447648
447522
447186
447040
446552
446242
445817
445724
445602
445578
445349
445333
444961
444691
444393
444191
444170
444158
444021
443812
443659
443607
443422
443275
443045
442855
442025
441881
441748
441587
440963
440789
440648
440414
440364
440336
440199
440051
440038
439697
439224
439069
438724
438691
438668
438349
438241
438238
438148
438070
437895
437829
437638
437614
437515
437468
437111
436778
436671
436649
436611
436597
436535
436074
436059
435909
435423
435241
434985
434952
434927
434583
434325
434225
434189
434031
433836
433242
433126
433008
432443
432180
432145
431508
431236
430462
430236
429827
429431
429417
429381
429377
429344
429076
428650
428562
428320
428282
427962
427939
427818
427782
427745
427555
427483
427138
426716
426357
425969
425669
425536
425472
425225
425219
425159
424743
424672
424489
424384
424220
424127
423805
423802
423799
423781
423772
423683
423305
423179
422741
422513
422493
422431
422335
422272
422269
422107
422097
421667
421663
420869
420500
420001
419539
419448
419367
419365
419261
419241
419025
418965
418914
418703
418668
418323
418112
418038
417946
417934
417140
416873
416678
416288
416153
415805
415549
415546
415230
415129
415068
415006
414938
414930
414689
414413
414201
414061
413990
413665
413596
413549
413478
413007
412958
412711
412005
411961
411896
411738
411721
411545
411338
411284
411143
410827
410475
410399
410030
409947
409731
409704
409453
408915
408833
408419
408282
408071
407939
407777
407100
406814
406691
406622
406051
405669
405323
405299
405288
405268
404880
404870
404734
404648
404624
404465
404354
404343
404217
404145
403791
403520
403066
402879
402775
402316
402142
402018
401736
401218
401148
400926
400650
400641
400345
400068
399957
399936
399896
399864
399606
399546
399429
399348
399231
398954
398906
398773
398678
398278
398234
397945
397900
397862
397819
397489
397320
397311
397284
397230
396890
396809
396692
396238
396119
395682
395603
395463
395366
395245
395095
394750
394692
394652
394593
394404
394322
394208
393991
393963
393941
393906
393832
393536
392738
392071
391782
391754
391576
391468
391453
391341
390428
390426
390243
390198
390186
389972
389452
389321
389172
389000
388815
388799
388432
387967
387709
387672
387662
387467
387362
387259
387137
387128
387100
386799
386666
386340
386232
386182
385872
385855
385556
385422
385206
384897
384827
384781
384567
384538
384218
384141
384071
383951
383693
383682
383380
383302
383249
383016
382967
382789
382775
382741
382424
382266
382234
382233
381804
381509
381349
381057
380590
380401
380228
380156
380152
380123
380025
379979
379923
379880
379819
379791
379657
379498
379438
379390
378727
378642
378583
378403
378220
378189
377788
377641
377407
377326
377229
377132
376691
376388
375589
375355
375114
375028
375013
374059
374039
373719
373662
373587
373543
373536
372891
372621
372507
372426
372296
372104
372000
371830
371744
371351
371025
370929
370843
370675
370621
370091
369840
369638
369133
368952
368908
368823
368572
368567
368341
368229
367984
367684
367382
367327
367191
367089
366976
366426
366340
366268
366148
366111
366085
365964
365695
365464
365456
365349
365306
365112
364802
364781
364365
364321
364228
364102
364082
363951
363562
363552
363183
362962
362794
362771
362538
362461
362286
362213
362100
362076
362050
361473
360986
360842
360793
360677
360658
360565
360316
360249
360138
360127
360088
359937
359756
359753
359660
359495
359448
359409
359178
359174
359068
358990
358981
357869
357837
357779
357766
357542
357454
357403
357206
356975
356917
356690
356570
356565
356504
356339
356011
355687
355499
355479
355363
355003
354551
354544
354295
354237
354234
353963
353638
353608
352955
352845
352705
352627
351886
351757
351491
351368
351181
351127
350571
350115
350060
349941
349473
349266
348617
348500
347985
347727
347669
347661
347645
347499
347375
347353
347330
347223
347166
347076
347072
346940
346916
346713
346635
346201
346030
345981
345766
345572
345505
345450
344639
344445
344140
343827
343734
343365
343305
343087
343043
342908
342701
342640
342621
342384
341905
341819
341387
341268
341225
341203
340873
340412
340216
340185
339502
339338
338963
338564
338526
338206
338119
337901
337277
337066
336984
336890
336400
336368
336201
335918
335542
335081
334971
334954
333568
333252
333147
332988
332916
332751
332497
332489
332128
331992
331643
331450
331243
331070
330979
330839
330639
330492
330173
329422
328922
328806
328158
327995
327723
327533
327389
327150
326967
326745
326742
326510
326347
326145
325187
325036
324716
324597
324487
324478
324413
324380
324251
324148
324146
323115
323054
323011
322914
322488
322349
322220
322176
321669
321507
321457
321368
321007
320563
320439
320312
319815
319670
319663
319601
319534
319497
319480
319315
319259
319216
318938
318928
318923
318905
318583
318456
318328
318129
318114
317934
317389
317382
317263
317205
316100
315717
315613
315463
314844
314540
314340
314255
314092
313878
313844
313669
313415
313373
313338
313323
313093
312806
312759
312535
312408
312408
312171
311958
311791
311667
311622
311571
310901
310731
310116
310040
310029
309100
308674
308414
308136
307940
307782
307620
307296
306764
306552
306411
305960
305705
305327
305228
305197
304825
304706
304494
304463
304453
304107
304062
303540
303396
302651
301458
301407
300846
300661
300579
300495
300384
299628
299611
298956
298901
298742
298136
297936
297871
297563
297323
297198
297127
296716
296165
296131
296068
295932
295864
295813
295624
295428
295310
295174
295110
295007
294799
294783
294679
294165
294123
294078
294032
293896
293769
293747
293428
293121
293095
292941
292792
292538
292538
292499
292330
291879
291828
291458
291273
290664
290514
290445
290174
289945
289904
289594
289188
289187
289090
289007
288989
288776
288748
288714
288599
288557
288450
288244
288105
288047
287984
287867
287857
287842
287603
287507
287444
287043
287035
286574
286473
286458
286384
286377
286309
286244
286044
285899
285498
285236
285144
284970
284619
284382
284322
284258
283473
282738
282657
282640
282206
282107
281661
281287
280576
280038
279877
279574
279372
279334
279024
278661
278595
278297
278183
278077
277859
277822
277730
277513
277468
277050
276766
276446
276360
276355
275944
275771
275638
275270
275176
275033
274911
274604
274153
274020
273941
273203
273130
273073
272878
271949
271865
271720
271677
271613
271150
271003
270804
270634
270389
269940
269901
269801
269769
269310
269247
269104
268725
268530
268412
268277
268154
267869
267568
266894
266789
266336
266321
266173
266159
265397
265050
265028
264586
264391
264356
264327
264271
264013
263793
263680
263568
263356
263296
263050
263010
262983
262756
262715
262607
262372
262325
262295
261902
261880
261819
261785
261730
261593
261581
261455
261015
260691
260676
260514
260177
260105
260092
259899
258700
258699
258437
258313
258216
258136
258074
258028
258014
257963
257874
257655
257617
257464
257453
257398
257379
257043
257015
256979
256928
256907
256717
256560
256536
256290
256123
255647
255421
255406
255332
255245
255133
254354
254149
254068
253798
253484
253401
253293
253283
253041
252979
252202
251942
251650
251436
251404
251187
251131
251100
251075
251061
250865
250719
250669
250607
250458
250401
250066
249649
249416
249272
249248
248942
248831
248727
248720
248561
248418
248251
247992
247904
247868
247722
246688
246604
246315
245456
245324
245275
245073
244938
244912
244816
244771
244765
244640
244620
244591
244442
244391
244360
243689
243457
243056
243017
242993
242962
242939
242563
242526
242305
242294
242085
242024
241969
241850
241601
241317
241287
240788
240470
239877
239351
239260
239217
239152
239053
238891
238853
238764
238502
238257
237053
236672
236418
236388
236139
236132
235878
235856
235818
235631
235375
234575
234406
233874
233853
233838
233280
233156
233148
232863
232825
232715
232559
232484
232349
232287
232286
232070
231879
231469
231247
231127
231075
230833
230298
230278
230249
229965
229921
229912
229443
229136
229088
228988
228836
228743
228688
228549
228302
227751
227599
227478
227318
227230
226865
226571
226095
225835
225555
225500
225450
225345
225318
225113
225048
224700
224650
224570
224439
224412
223868
223834
223387
223217
223129
223129
223050
222804
222362
222325
222094
221802
221732
221702
221141
221036
220863
220826
220787
220409
220203
220176
219889
219484
218505
218460
218051
218041
217912
217854
217797
217786
217577
217274
217215
217137
217061
216542
216422
216232
216076
216019
215966
215850
215414
215016
214491
214488
214319
214223
213919
213885
213800
213117
212972
212534
212330
211809
211731
211664
211480
211119
210926
210887
210191
210183
209701
209583
209501
209409
209387
208518
207563
207406
207261
206931
206491
206430
206220
206127
206016
206002
205854
205317
205085
205044
204781
204687
204670
204535
204171
204039
203513
203440
203251
202883
202721
202550
202545
202283
202167
201766
201587
201060
200871
200336
200293
200085
199462
199230
198575
198339
198221
198022
198004
197830
197683
197513
197382
197196
196876
196752
196173
195947
195499
195222
194999
194864
194709
193584
193470
193345
193304
192964
192949
192805
192791
192703
191692
191567
191288
191248
191190
190944
190943
190771
190737
190560
190268
190202
190151
190041
189960
189944
189473
189422
188779
188347
188342
188260
187866
187843
187699
187565
187441
187137
187048
187000
186394
186269
185715
185666
185580
185495
185189
185155
184730
184637
183876
183646
182535
182421
182126
181895
181607
181557
181492
181295
181198
181157
181077
180776
180674
179779
179467
179380
179259
179184
179025
178910
178521
178003
177919
177777
177742
177732
177622
177590
177503
177429
177187
176655
176311
176097
175965
175890
175887
175883
175741
174619
174589
174294
173995
173932
173019
172589
172475
171604
171118
171003
170961
170320
169988
169896
169808
169588
169513
169375
169329
169088
168799
168756
168658
168576
168546
168491
168451
168444
168405
168222
168168
168130
168010
167844
167822
167386
167373
167360
166825
166573
166541
166391
166098
165738
165734
165392
165261
165063
164404
164352
164281
164103
163850
163752
163200
163039
162631
162537
162468
162365
161763
161692
161514
161491
161414
161189
160622
160434
160069
159872
159539
159528
158844
158770
157758
157690
157575
157572
157245
157117
157022
156844
156656
156653
156620
156481
156096
156069
155990
155836
155615
155392
155290
155265
155108
154977
154807
154617
154436
154223
154116
153947
153910
153823
153743
153684
153097
152852
152209
152060
152058
152057
151899
151324
151280
151156
151059
150887
150799
150388
150276
149953
149700
149543
149190
148933
148882
148764
148328
148010
147846
147829
147734
147675
147670
147531
146984
146952
146680
146550
146548
146251
146200
146113
145960
145674
145504
145480
145419
145335
145145
145044
144966
144688
144681
144596
144548
144441
144257
144179
143948
143794
143602
143318
142898
142501
142430
141909
141529
141395
141239
141182
141178
141169
141070
140860
140432
140425
139641
138768
138616
138534
137881
137368
137319
136862
136783
135452
135340
135134
134637
134254
133768
133324
133269
133171
132793
132663
132635
132167
131995
131846
131843
131334
131205
130927
130743
130600
130483
130346
130007
129708
129640
129142
128976
128828
128654
128607
128308
127630
127129
127052
126819
126695
126513
126049
125857
125846
125388
125312
124795
124666
124312
124215
124136
123842
123734
123734
123679
123380
123318
123093
122942
122885
122871
122615
121953
121800
121711
121630
121600
121395
121345
121180
121147
120999
120872
120791
120706
120650
120644
120626
120252
120196
119385
119267
119256
118850
118823
117958
117499
117486
117278
117223
117203
117128
116972
116927
116788
116525
116521
116496
116380
115894
115087
114883
114630
114340
114109
113970
113936
113360
113343
113078
113048
112969
112945
112483
111852
111065
110951
110931
110692
110686
110678
110643
110504
110106
109939
109784
109724
109701
109257
108833
108795
108689
108603
108112
108109
107778
107042
107038
106941
106925
106288
105996
105878
105853
105436
105326
104744
104714
104537
104380
104334
104045
103529
103512
103496
103252
103147
103071
102855
102260
102208
101975
101883
101326
100906
100663
100609
100228
100052
99686
99255
99178
98999
98901
98835
98806
98452
98372
98249
97612
97454
97075
97044
96765
96675
96522
96007
95940
95924
95695
95598
95523
95443
95302
95282
95216
95164
95070
94994
94960
94866
94569
94359
94246
94167
94066
93974
93759
93751
93690
93500
93028
92320
92296
92295
92116
92003
91710
90767
90667
90352
90300
90127
89974
89884
89714
89703
89671
89533
89469
89278
89202
89138
89092
88718
88652
88527
88397
88318
87719
87504
87478
87262
87166
87156
87110
87055
86814
86365
85833
85616
85589
85058
84883
84759
83802
83789
83260
83243
83113
82977
82668
82652
82594
82537
82444
82057
81871
81582
81368
81145
81124
80949
80554
80299
80165
79911
79695
79669
79548
79184
78847
78095
77960
77637
77564
77497
76514
76488
76271
76153
75833
75828
75403
75368
74988
74073
74051
74047
73984
73770
73635
73540
72913
72705
72637
72236
72235
72150
71183
70920
70850
70794
70630
70050
70010
69988
69721
69695
69510
69400
69080
69071
68908
68651
68533
67929
67688
67652
67638
67581
67518
67377
67139
65699
65621
65617
65373
65358
65203
64890
64759
64705
64556
64211
64053
63648
63419
63403
62661
62400
62392
62310
62265
61831
61562
61544
61407
61186
61057
60924
60693
60646
60476
60444
60299
60175
59952
59593
59555
59322
58484
58465
58448
57881
57674
57223
57197
56939
56928
56792
56748
56561
56470
55942
55803
55582
55311
55235
55072
54940
54902
54805
54654
54595
54322
54123
53611
53543
53149
53142
53039
53003
52908
52549
51476
51439
51313
50917
50489
50397
50168
49961
49806
49748
49710
49701
49645
49562
48792
48550
48329
48016
48004
47665
47430
47278
47045
46884
46593
46493
46312
46062
45883
45693
45587
45347
45196
45110
45058
45022
44996
44855
44798
44607
44335
44116
44014
43701
43560
43350
43122
42987
42905
42901
42616
41541
41424
41380
41351
41062
41034
40978
40961
40687
40656
40574
40062
40006
39907
39783
39774
39584
39431
39267
39241
39183
38891
38872
38465
37672
37384
37232
36981
36804
36766
36679
36612
36582
36552
36523
36326
36312
36174
36051
36028
35374
35095
34957
34779
34749
34274
34264
34192
34027
34006
33164
33045
32592
32479
32442
32277
32217
32032
31935
31071
30970
30829
30797
30678
30588
30088
29826
29698
29537
29528
29508
28084
27893
27702
27543
27079
26947
26901
26779
26516
26146
25756
25754
25114
24917
24353
23827
23782
23497
23096
23037
22806
22591
22388
22360
22198
21993
21626
21624
21007
20972
20811
20768
20734
20506
20158
19693
19499
18996
18669
18339
17946
17799
17739
17498
17125
17077
17034
16946
16833
16665
16600
16564
16428
15864
15409
15318
15262
15059
15057
14405
14340
14102
14061
13876
13872
13792
13324
13039
12720
12580
12545
11974
11966
11941
11878
11852
11771
11587
11477
11245
11223
10702
10363
10236
10150
9992
9777
9577
9523
9485
9464
9239
9214
9014
8969
8552
8490
8467
8448
8270
8161
7867
7863
7457
7447
7445
7011
6542
6426
6278
6058
5836
5802
5794
5740
5597
5486
5196
4740
4685
4506
4344
4152
4057
3654
3580
3489
3479
3439
3087
3036
2965
2757
2621
1693
1611
1591
1555
1494
1289
1217
1174
1150
921
499
441
