454775
227064
431786
382753
500452
71336
85199
532301
688052
741511
557166
565143
126478
93836
563586
477220
118937
347859
170744
867072
269135
651946
208351
84483
987641
485000
197803
244816
115468
609437
26534
497719
328416
277957
822900
628986
393
1942
864897
681133
811028
950360
605641
204790
856736
850132
307075
63540
566038
287557
139243
206972
306438
64108
23275
205567
903775
936511
390437
745223
327371
501889
727583
898080
686117
953709
202572
934739
180760
278092
393779
72526
128533
742694
964862
650015
179696
691669
737441
529183
885464
424116
330149
487468
515249
418295
697808
440398
84752
832469
25779
172603
256530
136223
604368
14133
559321
249524
544805
227345
293412
896013
145370
875412
269002
680564
588610
708342
528147
736466
102865
365768
765811
940069
613915
373425
173796
473808
270853
961812
422047
811660
300554
934093
251126
870013
10732
845019
834897
304607
839797
15640
342979
963167
533544
295266
514312
9222
138761
837598
340317
133712
833862
527827
391036
757659
506305
896433
937459
177019
378491
611701
979744
543402
503198
453412
463243
399773
959270
700724
420192
525617
906990
663178
943047
835524
651283
34398
620450
909025
238919
142780
746594
64659
496500
980131
300999
96922
503306
60432
580210
20284
189735
96917
533928
729906
201570
204962
222053
554051
36596
928229
394586
302255
108996
957966
120134
35457
711502
397291
965484
938439
969711
399219
512118
214302
43215
939998
723878
915047
998507
523569
522037
307094
46078
570328
473802
523497
674059
710571
624984
140789
650634
40019
118292
351131
551596
662022
807250
495834
800973
109869
570427
89855
347574
425639
166381
331767
103051
523687
991471
393989
263127
352825
335119
490446
56114
862114
766747
845777
129677
528100
997496
459957
90138
797472
778594
102715
119194
37334
539968
715539
336324
169352
512803
225802
463439
705534
421403
810528
118557
87778
393654
472888
877700
273099
35990
933800
8441
677975
834158
219760
589787
686321
250713
968584
916250
343794
762518
880082
930946
188131
521956
659439
349480
342625
729462
742446
219375
521945
646100
710174
103863
7347
828302
265220
808163
21772
487261
549032
305030
185947
523927
471242
493418
209781
460494
127410
682620
644651
114119
538981
312215
895889
991122
86131
377067
473178
499531
227949
176074
275167
694635
445173
536847
312638
210507
618862
482667
197727
905463
569554
983949
897170
444651
459489
62317
442772
860717
818167
889462
462001
236422
285239
474126
336067
209950
201891
342787
109528
643635
700942
900179
313841
405430
431528
68696
533607
193602
11832
800206
666793
511161
102313
573251
222688
461885
30011
840538
77747
639752
73306
913339
250086
743401
182412
806554
254877
821852
95235
429283
622079
207044
327506
102335
47094
741575
236925
334854
886610
747590
623657
885249
494349
965048
880370
805274
873257
908962
709211
26467
433782
118453
794592
72767
68272
942147
640552
977329
995076
60639
563094
459327
223219
277329
332735
660610
439248
183667
786870
1613
963299
434924
226050
192440
16112
717382
696241
194824
967889
705133
555718
495740
439488
633222
751437
218614
350641
595881
242384
997700
47196
31677
299362
299211
181528
514863
390808
434639
269219
894863
172440
528545
950974
609095
732873
710118
756213
725176
617578
92223
403645
442994
139134
969434
931381
480464
600805
878549
659727
833518
354375
126730
900744
944265
409641
738747
200851
170673
595169
514203
419668
523885
801446
486711
518663
310571
602113
259199
712385
664482
301856
469429
97679
997702
322633
585713
525883
369895
703212
508046
911469
594791
820497
774645
904493
30166
157552
909828
960774
849836
456287
193114
930822
682146
314726
305282
136547
52845
380782
211001
259512
346904
707864
730077
777964
687228
107563
518645
421235
102751
509349
328151
584302
32615
277362
212410
557550
217145
815226
697944
207510
729523
995861
475647
789726
222338
329498
959477
642868
338528
101845
914886
34749
827437
840790
834348
777081
725481
249190
451417
224004
726156
644693
622627
752312
738434
68399
345676
96944
684870
32781
110509
587944
555290
934023
210175
843904
158432
849735
86918
793247
516505
824057
414043
22772
36663
828702
284244
923736
455392
516224
678482
738191
748866
564736
269030
233326
55629
361163
229536
614102
495954
795627
768950
550430
641078
358521
271694
868687
387154
634417
561640
828552
467243
507486
485547
393666
235081
679796
521803
273838
260406
139708
963987
229883
94804
489962
180116
528372
183195
700170
131306
147717
272879
129689
292199
407005
65690
519600
986015
530031
920043
69275
496528
286804
498346
97352
968555
802571
410038
789275
220419
586464
739581
487454
192657
687210
438104
846038
946466
908781
687617
540849
432222
494816
335602
649179
222197
11402
872987
106863
890279
729926
80510
192651
252464
702821
682731
845436
318671
729394
978451
61592
407346
541264
208268
378795
613440
555840
308640
81865
905794
680191
648402
891971
462703
129036
852334
917684
455250
631175
50316
200891
447706
847285
211489
94019
745086
584608
857985
388861
999499
411100
79285
364079
544715
733476
200756
559462
941011
953442
579074
312967
413482
692301
950178
135428
725585
967917
647225
749930
764468
919290
412545
706838
516907
230626
217254
466632
856365
179370
486593
164559
682130
297708
975598
694052
892674
508478
43788
463955
566399
908723
304144
506260
121549
90939
757510
503544
118330
534822
857702
712383
115469
14405
329743
848326
644623
200689
164898
598237
209200
712485
889918
319479
700056
970054
726227
448379
831052
410436
399333
39927
109112
497688
359711
457460
811679
119661
201681
537508
412380
584347
699656
146296
269395
289678
909513
208718
341946
174021
850793
999560
399678
285303
146828
250808
246611
810192
803512
537335
44891
503192
165653
376405
78386
520821
917699
179050
334804
810823
184792
334155
829611
671409
762165
324184
597433
328376
310404
996211
85855
460035
746832
405451
657736
147778
915136
511126
958645
453676
562417
84573
570405
436064
92911
910385
843232
175597
204432
793467
588384
242541
428526
773873
843229
536652
279231
128741
666292
770022
255251
529271
238835
629966
428009
446507
481859
440620
983085
696405
210034
510846
204754
585841
221149
767423
175304
920911
777014
171812
774746
222379
567544
521603
672935
504155
559396
984591
480123
479649
166006
226750
577482
207520
759209
395787
59656
340524
636772
501591
161896
542330
726016
684459
529391
392182
456374
472
208691
601524
645418
874943
389621
799422
519310
77549
21784
453324
388724
741598
884030
86609
347061
873955
934654
637554
862263
289950
718851
443729
805021
739433
424708
225480
972753
541846
144859
880818
982439
7633
190149
871139
267054
343266
311477
875255
588952
937423
503317
969096
716739
94046
189658
146489
94179
529400
104002
146095
341262
789673
226413
599840
823588
653700
968341
389187
835033
199780
49708
368743
959905
101709
333969
959520
770295
942064
111790
666203
151177
442509
842992
650835
896899
22643
690916
752220
829558
184611
379819
611613
519141
627603
394841
799835
286956
840462
423344
86832
69198
212920
126196
164954
361945
881200
445931
469551
737208
466062
471219
709679
535317
527499
804479
708530
758952
829504
574960
245824
85473
763079
167308
36095
761966
161470
884957
443335
702505
176618
503208
155474
625954
407671
518089
528911
422084
918621
495784
344917
427366
60959
590170
981428
82544
147310
291670
531816
923496
483434
491601
348583
422680
945224
580153
82457
557662
930126
733195
172328
397904
957371
834578
703149
584905
239749
405437
22345
200533
157562
351771
379989
306997
333064
820789
684977
917199
658776
149768
883833
599157
621460
841565
686294
18192
220170
201863
155888
287336
203176
716537
692033
177043
761383
742977
575557
573433
260677
212517
963534
854335
21930
393240
438899
821528
839788
229529
702888
180964
539310
563881
43497
316803
784931
885159
124369
115195
455216
563401
97991
980098
266032
806329
66007
499048
170961
605066
223839
829987
140699
630997
791264
26105
430161
285300
929396
826308
88368
733978
138463
948453
158548
189390
383293
466504
213754
151554
399899
625999
757536
522964
973922
793181
149513
361632
194606
52994
383453
836288
166206
620926
153452
625313
302339
256692
907155
435331
404123
228012
497207
948236
617367
89285
985071
461578
764664
353269
907902
988612
210745
531710
337213
943803
759750
508272
192984
91330
153226
888405
30511
830583
432422
465276
766108
285981
511357
163621
601172
873175
318572
513158
381798
569859
614295
327928
133537
22577
238111
88257
828819
544127
536175
565758
113451
405011
835382
138669
470272
108595
164847
810645
437610
953732
954971
33170
789390
83357
900369
159809
980216
649671
563627
225668
805153
246419
604962
700978
124879
458392
789812
482398
204572
371272
381825
79682
838478
563182
279606
618057
532773
852231
563168
430198
124148
234042
557538
499380
18599
67444
94594
421690
818915
175204
122077
495066
649035
663504
595963
310311
241630
22419
811197
259137
622077
498163
272563
258175
997322
96099
454346
665527
564397
34962
808290
378732
194736
877741
308414
537813
434506
337336
124245
266822
446649
76612
852549
964670
353480
628686
225255
891916
161712
734452
451517
204190
255771
990805
718728
549095
741635
748227
456439
183148
853689
974951
492985
858924
3778
30770
954867
640298
509724
103868
465230
911704
737118
92219
691751
221345
942525
827872
527914
229651
318187
498897
987705
314280
621721
110975
364869
762864
50334
605413
309568
280732
645104
986972
917865
164841
162190
979740
951366
854310
944128
440147
796784
188132
424566
870747
657096
239738
299982
479516
337928
802930
373937
500350
364660
170324
278877
934792
111854
132108
891581
791514
23721
833146
372851
124099
689846
601495
915512
17536
176314
34303
603867
76242
472577
508959
645093
324731
463851
229947
567902
406484
387972
377436
938664
716494
236466
440405
892232
17155
19591
877169
226053
459640
878454
279291
175785
979058
307747
22122
798756
199025
53331
159142
791312
528909
159683
308731
641104
920492
8084
499673
442257
260510
979811
280709
47986
708373
374263
156256
759488
65924
117716
731858
429786
336146
220844
855507
343924
836091
352949
437590
80886
794116
328342
293970
816708
144665
321851
315502
985177
555332
137095
785224
42252
746060
450793
169826
721333
913512
411528
406953
732329
661982
349720
654947
558304
813949
774670
103349
78712
398835
601776
119631
133203
245388
538629
356533
384411
26952
707116
813866
770853
273175
710793
113339
644147
94899
596506
869477
830996
765466
956008
2340
52134
989031
235736
240281
63036
762124
13345
779094
119514
868718
324696
481866
103709
143197
432038
142404
633656
360303
294172
59301
806488
116472
656221
968359
54121
892903
503993
832964
115378
963392
104475
553668
645724
60209
956184
927078
283600
368468
207591
521258
298301
632064
925488
618169
253753
770764
332861
736434
255551
651297
759437
330898
874135
431035
829383
670079
231187
739324
243020
124529
405301
888173
840485
876798
270126
503506
88668
39680
523201
698344
889702
50660
280710
650557
250877
586130
444043
313900
588684
601332
584725
850164
304772
684454
475140
12789
615500
991544
196308
258310
484245
410146
59904
168565
736843
878021
182785
327644
543719
431258
769076
253788
443489
997689
882457
107577
436355
249736
86711
379090
480281
536126
734494
356475
587653
180435
59012
67193
525871
987526
609809
426521
557209
214922
582902
41069
639184
860558
628088
795812
375806
571432
545099
699845
790685
811165
23065
790600
611782
96079
730402
339729
48935
344452
353853
970889
430227
459471
353468
748955
147636
546589
602285
187592
369819
509085
964797
729000
588856
215565
783928
181758
891301
139742
442155
754678
523164
228995
254955
598653
339402
316955
209518
23421
99387
856377
846230
632884
761652
694604
79630
63472
220959
153840
371917
29865
251297
560592
721784
164347
792328
17461
622692
150078
246176
644784
682553
567044
229733
928544
446194
785838
493394
577057
877440
547563
538456
209105
144654
235342
724842
923776
317472
61131
938293
926324
969877
785551
623917
181717
111563
728825
248131
552827
264993
666040
660786
130963
493015
872002
334137
222440
973202
977069
126563
981652
403901
724910
307522
415810
628553
610669
500154
340830
772756
517249
305657
310044
303079
745997
278084
725922
562202
305014
420333
269971
117010
849728
157089
681977
446315
601284
898717
901390
714288
338128
425729
730855
656327
486619
716093
258750
466154
659171
973352
254170
145168
650149
373167
82333
455850
260024
796330
962346
859657
379399
765770
563953
984220
941481
560111
659096
546071
304607
684566
573383
873264
903465
719664
973392
145347
326213
918285
339706
484054
648965
342519
716521
946998
422988
494876
917739
130816
968484
580643
700577
901180
520895
497119
113096
714019
695305
374689
768867
378305
894822
79207
731655
185653
738189
444915
346946
586966
859136
208631
585513
789424
560039
798188
822333
324908
73032
392450
455481
925069
38246
675890
842107
338199
231411
912303
18252
69450
334514
475514
800206
555212
851182
182677
351745
504036
708752
164175
718002
963490
886881
526206
525376
625053
763357
109707
447372
12117
486320
280871
799612
274614
163216
65756
600300
203326
819062
443390
362739
648181
615226
639744
190925
513115
713738
957347
570154
216928
22406
124296
575570
733837
93051
229031
114483
591488
96955
154008
401225
636500
185301
314319
389928
619615
819511
764773
696105
943189
676124
141009
705839
712457
739507
892917
230932
798868
519502
438037
539253
14094
375363
415906
238871
124345
145891
76788
721845
618366
375188
448727
923879
642767
129166
577724
116272
885099
549294
997329
722276
500800
383418
74475
513332
900778
441778
377310
225688
128666
13391
391407
749336
518098
484187
443745
71734
889100
530860
516523
82683
237434
262270
627723
562525
734057
839724
431220
123721
117055
400651
558307
483347
189283
932003
487568
5240
883259
990283
222911
681868
484368
735520
231861
206788
844047
160482
743880
543650
797929
756971
660304
251513
219225
29900
470010
941468
731397
980229
334843
279399
852222
265313
809760
987753
229602
156844
968132
777069
349665
812754
620700
936932
949532
628566
837676
301424
862057
187051
13532
461071
561203
325874
82213
650594
315199
744593
223910
944985
534345
554092
91539
460989
290445
52291
342860
383002
497889
804136
340620
583559
653695
37147
963960
392660
484833
743492
9175
726158
936965
835468
906017
300081
482320
976600
274608
151787
559759
855458
66387
695177
630296
72886
54082
539584
102607
726663
243179
157466
453124
843308
121515
765116
593722
140218
544728
676240
704835
47102
408891
151251
534278
701463
201819
840124
965219
307502
923700
188360
677741
146260
439367
8159
476054
533558
135819
569764
41129
602495
184769
219806
823472
863626
599589
287678
268021
27523
867328
856268
267110
458777
725530
721970
107153
599969
130317
931813
364047
124810
426165
318444
822846
571577
874052
677966
9831
175617
563314
190364
284158
49984
382289
630552
891207
264537
577150
621505
844437
286665
33396
651708
40685
825512
672762
441633
365962
327039
616701
951327
720570
652032
577912
531020
617766
588070
757647
107980
649967
465770
622140
330589
418803
973087
986400
923902
634414
497898
670715
488122
241021
741154
293047
564949
239678
191552
695455
410769
959700
481411
130477
36061
98439
498659
118336
323675
74312
239023
169836
933581
809617
764421
791724
995995
354283
701358
500722
434499
369161
103956
338079
576989
106642
759264
536718
720394
852604
555380
256011
951673
925524
120258
524578
876053
583194
973383
479441
71951
651720
217640
498143
377859
865459
350439
487814
457929
677899
103234
798667
214427
313853
315560
399407
712094
523255
896216
567614
463631
69579
306841
82884
941899
99181
56336
410655
319354
813719
156609
743280
235866
260364
363493
253867
147620
773176
513315
899662
490140
71734
146223
423471
118714
654060
488828
252013
308400
713809
709599
314824
633432
939791
184321
31885
163964
260868
374849
557674
565889
983202
801124
386016
243568
403637
490553
568789
62434
522500
585358
663753
525192
139473
194888
488097
219412
947772
487587
775391
859976
569924
908103
212595
855961
706732
559235
524138
413055
758332
140776
375749
691612
149534
24772
779365
826630
297961
582970
506913
223987
271740
41275
115898
276288
777600
755747
662118
617118
161935
25074
151944
234330
766963
804325
618369
152071
79366
77040
498720
457417
414457
358619
841525
179393
368049
863990
445955
934352
647308
2298
507923
304010
870914
472382
863525
893369
956710
894547
405634
482955
918602
894012
123245
514777
117122
904653
946040
279380
959042
76511
941938
920270
297633
638957
992446
394658
100990
972174
457599
616066
748673
931663
31215
85083
482619
177260
772815
35559
79911
165867
839224
948942
986834
121238
998481
583610
477206
966739
190810
452854
455170
594465
62116
883585
358358
535665
960675
936949
580137
826079
783708
96911
931949
962187
527864
54618
689611
627032
472251
961533
267688
247809
246478
810589
402441
141523
647480
835056
992531
161355
234667
603936
323947
985228
328443
446103
994044
73596
608617
1645
766295
626109
168158
207148
265332
720131
482355
22780
52950
998039
820077
568944
539981
990887
728902
626923
866197
732423
794982
498224
313756
571016
608881
83590
892065
576499
802489
650372
800184
110435
926100
683006
458154
893948
923593
488588
980665
283468
847652
153332
804032
677244
659241
353651
186361
204722
526117
18285
802585
550087
750432
253358
698902
989216
4398
34716
690888
70763
850149
102396
380525
725496
356200
672925
383559
189233
384994
687268
393248
155512
968271
240437
470830
736923
150708
546939
968017
407990
972079
779797
533496
975142
439017
359966
604644
892901
624807
77654
157381
466759
499072
123826
310912
991760
784617
966396
923794
712880
117164
537704
894414
897180
929399
45557
474498
414793
426961
910908
762552
799815
665639
519641
923160
428729
868229
45555
999275
846381
418016
116009
561850
177436
856399
178522
227540
807551
810522
446353
369327
94859
395947
253516
373158
447115
557538
880295
405473
112473
340228
326314
367635
645369
211731
302316
360028
613074
928376
569761
426574
13066
699549
619079
937036
118909
557527
119082
421710
46041
844481
926159
324930
715801
959716
309635
874061
485979
585554
569472
139119
301280
465490
620344
132997
399264
660533
398465
242599
705864
563207
803806
144177
516881
941985
442854
397536
126718
791516
773140
657106
378866
487840
234986
129903
984107
420122
708866
135207
619423
18315
438130
532753
560817
681853
990619
620467
275856
131730
105102
449375
897389
405301
681564
463802
591382
119537
29497
264344
244980
357536
29516
526275
803101
641083
48278
329563
826775
8529
663932
747927
539818
891667
449842
125737
877729
557772
381702
772224
590045
5933
156039
730983
528661
618054
165968
264075
964077
735121
341620
128793
891890
396073
551559
415174
842352
893656
859207
809000
586672
47117
476454
360065
908562
552108
983413
453661
724419
314624
810670
525329
446874
882956
653662
570083
859732
718783
439853
188872
479402
788101
560588
852424
865421
438586
990329
137726
32958
289913
793330
461755
584459
657555
864116
370251
380649
682652
760878
136655
914283
110495
161543
934473
234333
74545
74569
414391
667903
804643
193896
436502
153121
38993
454195
310023
709016
360855
21206
113039
51610
213027
335305
906297
86971
677990
321241
247446
833477
692773
315793
294373
491629
836908
575941
257357
981304
831265
378298
991942
861674
112502
138997
365208
236454
600376
155551
748476
531943
40325
716817
147231
128089
743130
160450
770116
38357
948426
91082
374216
58040
658315
259986
153345
659743
268459
50971
64640
100480
267360
189927
999478
342824
818108
230215
140467
326093
373823
545922
757961
542479
851719
710687
372367
550352
551650
133072
185154
132268
673604
557051
802693
334231
494676
959782
948297
678226
758112
345917
730759
832906
241777
504003
709546
596813
528954
402579
67787
33001
427498
532434
408020
68451
546529
860724
790021
487441
400702
56807
621909
97749
252375
794719
861296
468534
6978
76095
179359
733084
285392
96161
80134
142888
166106
945986
597894
818734
271155
83853
196227
533584
539901
413378
545024
421432
839959
572611
808421
453809
15156
173499
98403
424290
570119
59115
379822
101353
460954
514003
868905
841488
919422
556025
283424
896303
252317
202201
405934
447454
170027
317289
960255
359508
266043
171079
123696
568417
349038
688449
613139
575108
657862
603393
597006
235178
339416
400083
412450
542148
965408
236180
952266
114819
831087
679674
7290
907507
491199
392826
158086
71793
271847
112282
543268
520842
169769
434131
863562
196210
401705
969890
335153
913630
593913
377259
470588
599998
452815
212938
128177
390554
571608
969464
569957
252616
138277
896343
748791
269640
815875
646107
548786
777596
444842
921364
959318
220678
62155
170971
808625
230464
844
179225
215974
627923
676304
213615
572879
577204
253039
433541
519295
685313
569797
193523
428384
780340
169446
92805
455995
37185
897903
582894
898839
63058
872312
665229
725688
648349
471461
699988
277384
67550
306460
304027
472020
806518
467793
436928
149229
48672
913404
701368
924463
741068
18988
767927
643806
419930
305525
773816
398635
806388
997637
2409
546839
449672
788501
145718
802735
135201
471995
430961
199733
293793
756443
347035
541599
972317
255230
673618
778616
866069
186619
36182
337125
160142
957521
579705
654787
400398
109335
76963
96043
484403
708810
60095
64663
210481
224838
425094
59166
519782
940752
857638
327835
633884
574672
226894
358188
842842
763612
74585
396182
920039
162580
528518
950428
879608
894702
68850
803109
935247
900091
789470
570772
561154
581285
104251
892065
417166
527855
553642
457346
525801
314343
382942
33827
564860
695080
261023
342915
828014
995401
785258
743211
583580
250022
374261
785547
441700
892937
93969
814386
506209
268660
808169
143977
33585
899661
519399
404781
837809
76134
890870
128072
493386
951016
527138
195083
775397
76253
866587
127914
536314
72215
313432
781300
620742
751679
642711
985581
722267
162493
453315
594569
421969
495553
963503
229512
39898
217069
151551
906729
339571
378463
812263
700300
64759
54046
287370
923111
868174
312224
806340
137444
526018
755317
654467
518166
206578
789588
437840
541975
973023
89984
754028
956287
536547
450007
418581
971139
210562
102583
308840
674215
989977
452109
377440
676129
337395
520124
255356
959820
874747
829350
327231
463365
719179
787481
41681
432486
377827
540505
489411
346653
890869
46022
51824
240936
848668
684394
520511
700015
647021
611041
909124
413117
370278
302565
445702
181341
244996
159541
370587
950541
754608
422114
660336
379041
80601
656310
219749
193911
593949
168065
679445
563411
86944
49025
189747
520727
777792
702829
657231
257952
119263
795550
479800
7679
211871
849179
650236
13778
814444
701567
397451
640191
759026
247561
866746
617548
461296
925952
862563
207198
646372
304705
30441
170829
919782
256743
849113
868128
985809
891413
560620
251242
23323
937570
109033
95744
948422
42530
704999
472533
716271
596557
920048
975029
596996
868623
967938
229338
465235
608235
107759
944878
354365
628940
250020
516638
976521
837994
440006
630743
355413
400981
601464
493216
945575
334498
868217
244948
540001
562543
753387
814778
661139
585556
629230
15363
857707
571815
455275
917791
786887
315052
171757
78844
952875
763480
286377
272540
172942
286592
220318
642769
324815
978915
563415
991832
921541
543184
734926
373584
827379
773749
49579
304085
253339
935814
61929
819262
431337
439494
149402
725295
121104
580981
565121
949531
299698
563031
505565
236953
763193
468316
737989
892834
248323
720753
892462
511525
236090
828130
790858
707015
609281
810346
67211
592058
10442
541913
247173
104505
924740
990816
922418
811677
125554
418108
323023
735903
290967
526717
846883
87275
353869
273586
338271
390045
466102
934387
974433
229146
663433
131019
116499
691342
668046
271231
555184
854973
839973
758207
157223
816136
788031
479145
769944
517759
373744
426612
868731
93853
30557
181951
567392
947364
344144
388726
739472
192086
661418
793246
371667
480525
888760
15999
928075
730039
198110
626603
20798
714674
845743
867950
130801
537664
821599
561940
778671
652071
327888
850129
892201
397288
207816
76561
931831
969945
919300
738333
575613
729633
247206
232870
956904
84752
147657
365234
313112
394201
503029
332640
578264
881773
460398
61721
650504
775156
394023
470485
862044
899178
884116
990663
894397
29397
843677
676967
655181
668830
339502
980826
974856
456339
105515
956607
169862
275448
465409
952088
306396
619270
644376
494227
257250
164865
874916
823604
961488
601337
654875
355874
5890
221
388481
666379
714011
662134
630622
521780
127109
298760
429138
740512
621206
500800
356287
782812
654670
177049
48676
731877
982781
695506
522698
784823
258562
169348
925142
473844
724205
205282
262207
553069
118662
702226
290714
610703
719911
684002
91985
150637
938116
534120
263283
376485
819275
840315
995365
199282
470950
855368
407861
141070
504862
408465
616015
463426
88089
780488
177160
53835
828548
704004
301144
184746
587852
734366
687013
652681
436933
583339
564026
321157
703918
580821
152854
906268
173132
992984
914657
579316
169394
43990
501050
917830
573026
776984
862955
648677
56142
983266
986046
334895
372855
957746
586345
683215
375607
683797
951524
583916
484569
996261
768411
517489
158822
652450
179711
629818
170107
649836
20471
154072
924629
830490
157685
61825
346735
104699
203427
591959
883970
819303
302523
332883
222571
679872
220982
37646
107947
996554
485788
774060
818184
193764
756538
779685
129104
363235
644914
744753
280573
792586
668588
777359
179764
18471
589227
897139
866280
80012
133114
338442
479452
295017
871236
201323
799173
837891
539587
475739
579277
649107
327953
374781
217716
717117
91418
726548
160913
67051
615987
276406
191607
300486
484931
315920
668338
514833
81439
12816
814961
640546
497268
256307
852669
910525
725981
793899
416039
94350
758357
968812
988865
624835
428998
272275
922306
968772
172480
481075
577229
982416
674757
933694
360395
173621
313665
250381
46068
843819
806359
568140
912557
16846
363734
117445
815116
459895
625610
638151
779191
924406
42031
138611
592618
512109
919553
759074
505495
951564
961455
822070
287463
812580
993133
312508
766943
500010
871016
196027
899998
784395
848597
828380
518402
377062
455395
882805
138923
811883
656079
415028
682135
773262
794581
889444
283052
358247
331140
888991
321493
996137
334827
107537
313540
733372
478639
475876
117333
169978
559230
823565
785683
389123
285918
614322
414803
716286
858079
555575
663230
634988
903983
496804
251117
922986
301068
507444
839277
743171
487892
904189
995809
603951
739256
6007
199431
261677
280591
979754
951955
883384
469895
863224
256247
420713
98614
498628
898180
379560
673422
451582
311530
717456
230831
441805
933531
817439
175063
583255
301390
494486
803636
639728
970592
696755
571674
548700
784340
975305
431440
693827
465915
806009
96453
541552
337711
522895
485984
850565
370681
345915
914485
243199
925331
264298
602451
514786
487687
260096
189946
271041
367734
687668
184042
222252
806900
177865
895062
407862
499601
309733
168888
2529
685363
67856
719742
905320
545246
743562
77026
209321
886678
564296
509847
67630
237724
240205
584543
196823
232083
906466
686841
338213
47366
320370
915896
393317
149251
769092
682671
12279
839903
460949
622089
546362
225181
361553
470005
290710
829354
472110
162686
407589
134335
83237
870584
441406
532457
271246
360662
237216
877797
178456
628057
715000
753637
690082
63331
126863
355887
577720
110506
405331
776485
528685
531464
81792
17055
480785
61934
97835
481204
81871
77049
638187
404760
265126
147485
173860
893855
912578
367293
694897
71328
538742
678109
703918
103924
511320
531055
289567
595102
651706
829193
940224
181125
184000
783544
979561
651612
860707
755246
677854
131426
535809
829014
721905
414469
277854
83849
603156
724002
220219
484056
940095
873383
605329
766729
238138
389402
219818
921952
209800
541874
585053
669650
168688
970083
126308
208351
906985
43767
91099
20984
107169
93592
213655
784795
736618
729898
671073
976768
314945
399829
976270
455467
227261
209760
626108
326626
799761
907577
434475
676153
642301
187729
725877
458953
697687
611684
32043
995583
17842
908374
13262
720784
976104
284793
702311
535498
11146
528875
648068
266694
248992
550301
832655
638906
260958
94638
924428
529579
837926
710133
769838
37183
255924
185502
885591
753648
141483
739371
292779
373341
940729
362844
626128
286203
581033
138090
193220
979048
349573
800620
102106
817248
190309
87965
75602
213064
751256
276917
992084
66472
428590
729907
675529
201462
549793
823676
552662
552461
427230
357341
310390
971069
725939
954541
641523
731131
745430
379470
555585
456377
103951
144338
184887
176145
746371
311545
825003
65434
929375
371545
200488
572829
368733
675991
142542
327586
129014
19281
836423
122659
941220
537182
450850
994082
107155
847853
463117
147926
429923
927498
885747
651009
640988
293759
704880
140829
610735
311959
370861
591220
183653
701309
159261
983823
61287
340676
534611
827078
572328
424000
751933
707702
414195
125329
169537
500561
172620
756160
200050
651088
487622
206529
666991
993859
526305
338392
57752
723464
927197
416665
264750
981978
74015
721735
111238
83841
285439
739934
155626
835047
561196
516141
234893
217739
549181
654106
311528
941071
900180
746057
587893
706539
241137
419096
569031
929540
69969
154369
470340
2391
325888
806627
908097
33231
532162
640090
589368
50935
241306
698442
7528
609482
633525
969339
530313
612069
100982
67358
419883
415005
618143
753774
977002
6573
623128
362674
759824
106120
171359
531999
325767
856589
608973
982298
84793
121689
244033
617498
462854
515958
610795
620972
735201
77744
264247
909008
343944
2824
469267
682369
898782
705922
780959
777618
293606
599577
302065
721972
340702
942739
525313
996564
187638
4847
206392
173281
56043
283194
479632
681515
826949
296448
278375
290087
376297
213600
890662
281999
334747
966969
874120
97190
635604
386624
670730
462489
453820
147188
240686
225729
842885
153384
94891
325830
68900
509695
19572
15261
181292
845815
490659
672753
863752
579804
2626
948320
749012
790364
493558
375644
370137
292091
110601
203442
379747
801245
995282
942183
332161
985280
723331
507966
847321
550413
978127
309847
236261
553347
329526
464945
68686
163667
290094
80
899491
264843
911215
210426
964918
637546
410524
868251
605907
668882
722249
660872
260254
84379
797613
779424
182984
181571
430437
702927
116845
452
959650
174764
873742
711102
478449
753346
251622
389524
64997
749996
498219
752659
913955
390938
390434
84300
384906
898160
328927
464578
786301
542797
831256
188031
810958
392617
452901
11521
818376
777175
949783
914770
521689
667178
732722
980405
968538
60724
780360
28028
36669
800809
719283
412215
808466
629091
537134
226502
265206
344127
689936
443088
765016
828836
485159
200332
674281
96676
373165
849084
775392
529978
398697
571898
88999
966003
157477
725611
112293
975146
568648
815120
823209
258284
542031
44283
918384
978106
367980
413342
842003
26156
650043
467967
805200
715698
262813
868295
44338
983414
681395
24826
353952
978013
292345
425666
635072
673133
613564
541924
871110
894729
975545
861716
831197
248919
258068
889315
424176
677378
212274
622934
498837
117659
300979
315603
685590
193498
547791
379637
19102
514115
606924
680638
393661
793892
220889
729132
587672
500794
977227
936932
827120
795252
142257
385227
633421
132815
645205
731764
161094
970784
900306
442995
516976
59824
882701
275024
179745
891073
674001
734167
523168
886255
665355
330189
220586
579954
644446
627581
513891
332032
40228
382256
441432
72271
211331
443706
343021
139576
174375
97393
724200
656951
670241
587705
965208
40143
272860
505083
550435
284939
417399
21428
586283
210526
134980
677609
720797
392108
30301
83769
235350
232610
579486
280907
733041
101439
170050
872293
555441
842038
736605
899870
360648
505772
196595
339756
956098
587612
42804
661911
557649
628186
368341
738831
387637
912949
760652
592856
6664
870005
178856
337635
141155
385091
191178
755705
407664
389672
576196
189584
672334
53038
762700
794816
365274
152163
841884
659407
3616
797499
148970
669288
434590
275733
286143
950635
324081
849174
237623
730846
810207
329842
545556
100160
349248
39753
369534
869758
858185
542637
973403
189951
440438
76354
84999
401370
616276
143487
226096
284135
485608
443857
27281
406451
573503
598686
687113
552845
811412
323750
504599
889021
279895
299974
169781
830741
778080
354967
990349
667999
647728
692275
672540
120245
708895
864343
806306
362032
646888
562340
823107
266360
51021
368768
806590
957051
15976
523993
29255
411641
142288
207114
489730
492347
791908
535510
697822
683299
870455
254417
333516
618079
798936
838749
706331
862584
466940
111506
427250
622855
504330
286647
940329
116230
419395
890157
219460
291908
653069
532396
614092
509618
528154
957540
58252
882139
550393
90181
463781
699441
325817
624730
26638
905026
631286
136080
149996
865034
714497
91221
333642
133665
399472
857820
790709
546005
608767
191996
239543
909793
634488
503406
63678
230503
322586
700488
601505
463820
285432
246301
506818
484698
628056
266024
157965
306493
994096
582435
947567
416931
108294
803903
735940
790924
953526
300797
557864
235699
412946
677932
596138
492249
164835
767551
36255
843434
814670
905162
550034
228558
736786
436057
297241
623503
256942
154989
932483
536418
803935
495188
954029
907156
596551
631204
503412
743506
919466
207379
780484
47509
750097
407990
467151
70056
710801
650580
232666
665559
964262
436583
233201
74102
277432
460846
859067
515915
102272
835889
723176
31769
316356
260179
279366
920970
315902
396493
753971
237496
520219
726669
599981
624727
646687
32810
353541
668611
22949
714114
242739
837666
863556
35506
684802
297270
939086
686833
372972
937346
298098
641353
666432
884373
708993
659699
79359
883511
259853
290831
932551
686831
618285
512061
23271
832111
576670
795611
436945
382174
609220
636379
33965
889856
389646
801855
614922
523459
379127
479284
745647
272488
614120
588297
322448
919179
855482
328010
100892
57873
113434
654013
910579
957166
686662
864312
982965
374480
364211
801949
36982
411244
114449
735284
192717
185251
848998
353955
296332
658768
815959
288524
706890
614961
888582
407491
114779
947119
185428
271530
580257
846731
970631
29804
313020
625575
733255
517714
145756
617455
616387
33925
839992
257250
63537
630305
496855
675073
654258
636913
414796
536466
377939
764557
960959
133585
27056
334157
816421
824180
778931
980521
114833
374362
987770
355695
556324
609295
444375
809503
809505
578430
207152
159846
77915
372340
357255
432181
718159
648396
487765
121982
919438
417853
574991
707595
68627
283580
276234
564923
856947
91215
601018
455833
929842
352496
943574
381850
750449
232346
903576
876211
787461
149747
907232
201301
784676
999189
582648
234950
461817
276922
111858
589661
837015
23940
52974
203866
448905
218983
678072
377695
414536
419956
454286
761743
824134
161154
218814
995650
311783
464955
882414
684194
348495
393984
901750
413925
871894
753338
592423
168487
431960
539966
953327
238371
791914
519644
52500
277198
529703
213509
217182
368848
8936
992598
6034
206431
609169
246021
519128
840826
636360
215335
804670
734272
660801
202267
715413
123690
478325
140823
382585
73515
799665
107981
432751
540387
333451
479737
117799
274938
83567
733578
148576
65887
428375
236650
115370
950429
292441
214444
180935
522071
156954
794257
282475
469728
291616
475639
280163
580665
491462
720223
788114
449704
833480
24537
715157
292529
838078
807310
26376
991668
196006
905322
665826
944866
444826
656868
653052
628253
205024
182571
220527
809900
722080
399278
776858
907480
726768
669448
24835
513574
924620
618247
509589
862704
181473
281432
427591
930466
571720
183056
517789
436046
353488
280921
4296
888685
59444
826231
719401
45171
840875
435574
351796
594509
293471
739058
281135
939898
880821
893507
172696
603715
433483
304195
761638
656984
481216
839420
928808
586825
105004
918003
596042
557470
294832
998923
15607
50131
470953
474008
289560
887155
607550
306305
328889
905295
932761
742737
292237
376155
757875
244442
348424
528870
106375
234310
997610
258421
555880
443963
709404
412923
692398
337066
212850
66806
367820
80373
275281
221224
476093
412731
289514
956912
968541
301633
741156
32197
590292
442110
706776
719632
939437
406403
687286
155491
590213
140549
641605
619161
970974
370248
17031
62538
553299
566058
171706
994923
165542
766090
981755
541889
272885
431443
550406
808640
817164
996265
649368
778116
699475
258990
874229
103083
804712
320433
992134
104653
359368
221939
347674
768601
111782
544984
357325
988365
117022
947623
667526
600017
249731
473406
3033
649521
663252
962453
160910
654133
307470
206956
157881
296799
155035
661588
385544
959873
643368
638551
974363
113464
771156
562118
331789
121097
235908
15709
670866
965910
202451
180756
145209
45436
55719
761349
616592
847756
945887
361524
410470
53157
400360
868800
311723
94507
998703
160677
724532
852966
435312
344620
608091
704825
845997
900400
296388
308028
497467
927693
804090
364665
612534
220070
859191
589824
433429
882579
11394
36263
921048
961574
418035
744354
866718
708248
962322
166203
972435
158421
334558
654446
908486
545441
84649
619939
383256
79973
264160
250248
364624
619418
787049
581322
179788
931345
170149
867889
853651
441884
450453
757846
101957
59933
835288
940289
587507
167273
892754
99299
393547
587927
933545
235628
459884
10411
233129
591882
219992
431386
102535
303936
74183
421882
757955
834718
259352
794248
91750
748899
283043
576021
613739
522923
423657
326285
915258
246678
663725
91557
558799
991800
315612
19937
309690
540406
354599
848703
90303
849219
759986
251395
539165
614135
93988
576480
759980
122825
123999
655680
992799
802153
175369
207408
183402
604157
642121
660523
557309
431285
921422
604418
409645
887053
945865
11172
398196
750943
526459
385936
583759
156898
292840
315220
639173
574403
909803
660480
282952
927006
323043
785004
680244
274777
164171
400931
642036
337373
877992
889515
103044
431474
742939
875570
373457
728566
60950
370775
224252
222138
434667
276497
200893
227449
550656
902400
2340
461430
918111
425422
62843
176433
459562
627074
23112
290949
355308
729185
182447
761825
719754
979201
853875
113313
162392
977515
602461
674824
933895
701100
225141
122908
456637
815352
803821
963807
473021
339708
807582
659429
708805
848767
44393
476119
447863
275380
539072
981698
320943
289886
961277
152284
471539
536544
659631
400149
516296
153120
121270
737942
390241
405655
405892
748122
238707
772921
11907
7013
758628
704827
93717
608548
839329
311045
830455
464291
574798
192054
456511
836133
242457
182670
882372
152099
607528
794109
228828
21924
129520
203525
832832
364085
440807
905998
423116
86406
164817
272838
83043
468385
657911
850866
920240
408455
580471
888150
130951
564201
753908
164349
190185
983232
656685
187110
724006
569161
691116
531659
91741
150305
105429
287247
9375
723256
363742
325763
855218
542261
750365
447509
526065
711846
3260
722453
698961
884322
120906
769125
731262
897982
354476
344445
521316
760488
932849
383768
959369
452707
49731
316863
285143
818079
863928
774192
42872
38964
977672
965419
47962
946747
219418
103832
630162
124489
480247
443608
438364
118665
259744
403558
976576
366005
837882
336426
962321
114993
352807
394714
626576
669508
12529
264781
140781
446387
940320
59934
745901
725372
847787
146041
179111
206124
941707
461061
110952
519069
685482
729902
224246
282064
459707
480141
742962
666275
34275
72247
375062
356783
372948
763295
604510
342656
321979
181865
246468
868786
760975
500300
330275
302692
715722
876514
185853
140956
20277
571791
451544
459319
876443
6988
514947
413387
100895
576335
989814
283099
95722
832985
839127
744629
973052
724443
421849
855148
42916
967110
125375
495854
712523
626350
34175
316289
313322
922457
107521
192094
837020
396842
164038
864362
540621
435173
705574
80653
866258
246750
282674
30257
122387
673539
708216
391385
801251
245058
922852
36187
809008
273816
571587
747708
991638
675896
328931
484966
367502
116820
258391
55496
167107
792202
713303
405130
623941
124014
506819
475052
7510
462512
766600
530746
465186
280042
432923
550830
791500
3977
917283
108514
919524
650517
122099
241520
879156
339998
839733
369320
570746
235717
234018
863789
316719
822820
942957
147180
611206
638491
625472
352890
95600
5688
789789
152905
381340
394242
669735
576903
609853
962146
817914
171284
355267
458863
185076
926813
311147
662484
395031
236570
226354
919712
329415
780320
280613
151978
196333
116323
200404
375071
259518
312588
233380
83882
912342
595699
6660
670590
476542
526074
605944
584963
713101
542085
644817
983259
984426
714137
325245
481487
593647
929104
793914
709403
241705
976438
406630
822930
939644
77956
959859
131247
796835
246647
334582
612474
48918
185099
491422
969492
892484
235865
527873
942239
328831
118154
551826
88524
931704
116919
771247
729666
245855
511263
207639
806312
184620
733828
178169
436239
916604
108386
964775
512255
910227
736205
87018
455388
480192
15846
871215
697717
153374
46521
356766
107498
7606
982262
808843
651063
879746
1162
27781
407265
685005
338074
996812
751867
869238
864668
856417
399253
936083
543377
416629
113026
921457
300451
309123
562437
998202
738903
937849
519576
676976
64238
257553
951256
158549
191326
926911
54416
418093
250216
819715
413856
469467
418582
728158
766281
282088
675091
920417
956824
322019
718694
823712
988269
430818
235789
343558
934376
84006
612530
139586
729711
298333
583884
231200
651869
593536
744277
698866
909258
468381
21027
107052
471155
471471
266534
799376
267142
394921
279165
687038
777805
702034
375285
99117
897780
215689
499166
295095
33592
408554
329868
736142
833134
660489
53287
399500
534958
785499
667247
843817
484954
856117
464529
172678
584398
872620
947550
456486
917094
671835
37934
794172
453606
138178
85392
736222
905290
74507
893740
854617
506155
111145
12024
597471
368651
953369
33491
958620
826621
790730
892481
698151
620276
215129
586564
134419
882214
546293
646355
195044
236764
442658
283578
511006
970777
178137
310605
868921
589028
227148
265994
967410
833140
335686
559434
191931
4920
291697
962212
797907
637120
766322
189151
47728
541899
548271
409425
237720
93166
248624
495896
934222
426653
171811
684980
584490
30233
954233
350016
507458
285686
758831
456139
152964
875080
60903
103319
767270
749098
859316
717037
172980
727530
831477
371547
653768
129364
375512
953804
990872
949849
876224
893826
25705
139804
77057
833010
788962
405914
529928
534780
560891
913395
653144
292677
570964
731225
90223
815411
302754
493524
790663
563588
756676
735791
7608
624587
821812
989699
54650
939593
728024
131549
918025
950052
68152
528847
29281
48966
750347
248208
130601
796437
67882
246352
770476
856586
255142
40989
950082
366832
425205
224043
753229
903419
515335
603971
985951
492227
82615
76619
434681
725339
916637
167150
941166
617874
523776
727463
932967
445446
506216
746927
556415
481632
730450
252097
513678
273327
126013
632902
431556
712548
292386
984611
332587
825128
642816
883163
457614
146710
145045
86689
420152
195480
310953
974718
336405
923489
75075
573531
871350
79556
503935
320812
708400
442480
107000
43961
373731
225417
655135
615754
491352
524963
923949
19887
85700
102365
189045
239593
722090
738968
731986
949113
966300
108243
46144
681474
613921
682852
496263
766685
601458
489365
589394
682937
485919
20505
173726
732653
678991
58218
308238
170076
312484
985792
852571
223172
782333
864239
328040
518243
21717
415390
270003
961670
17864
554847
964008
211247
376886
62192
101328
849314
42752
191885
695462
949004
608048
306224
512586
474769
257141
606311
188943
559793
207947
645327
418863
696917
60025
294386
353182
811452
507444
95611
560123
183805
780577
461138
846627
152312
943544
44120
674080
40221
919428
178752
324799
72472
610119
96072
867647
936792
235322
547667
879589
615291
814897
738085
255661
134936
103645
937018
83035
699496
995948
851267
589807
828689
99851
455230
914294
778257
581643
606577
523901
891715
912673
406146
732385
773521
280519
321206
295298
759799
851073
609220
966294
436655
870202
49493
965145
898943
673101
547995
870498
947099
292639
45771
38609
10552
8617
941112
296805
996398
391379
36302
637930
864776
130108
53479
582287
474732
854422
108237
748246
283041
819695
620365
375588
215490
87178
624500
468984
818686
835499
618281
211832
306505
855090
42342
859623
490979
382367
570965
219956
318403
317044
307971
311787
596832
921656
554307
624270
18011
615063
344546
737023
39308
130663
32322
846228
244199
352069
158037
518605
202763
947358
409720
508065
456359
87754
673065
423796
715081
992274
792615
100006
405636
323538
597861
844037
800190
496250
232490
942754
35412
186542
293768
392577
476458
694797
318134
212586
396690
636175
743756
492956
56663
824904
565083
655201
399976
329929
857959
903549
362972
854822
893827
451456
505894
701585
379527
454459
656854
564837
226927
643855
68489
815935
781267
606369
97903
126151
707711
176041
443703
293133
657454
741930
93273
197133
328552
459772
32127
573141
436021
735621
772881
659390
121724
637382
948508
988757
235773
422673
393054
137054
603304
696537
759792
863278
913432
87906
731152
407351
450671
182295
806858
424673
113230
217274
466947
346963
405873
46709
681570
904464
564518
126992
265116
41406
200936
14844
694362
51907
154524
228556
480968
311496
139943
211843
956412
150047
399658
48840
698945
918593
316123
74102
114624
762352
537985
230928
38410
551483
787788
674322
822084
548448
461070
803554
886704
704523
57690
373797
297108
818109
991928
847598
274889
866824
915137
745426
689441
162678
826397
739095
281974
88458
103895
333579
778763
454238
851354
984496
239330
644907
762187
927125
726554
765799
648578
834560
122305
133641
844517
640263
468350
585256
648291
851838
470804
264705
437771
718026
196308
532824
115654
544148
855266
506485
523511
263449
176481
629199
133166
644383
722430
962375
954947
250370
838614
768907
575637
52653
378629
575195
236319
618276
537676
46568
149619
992765
414
871832
193879
761135
335367
888999
451897
646914
963322
239335
953807
627046
631029
604520
878095
737120
643987
341042
461384
542303
538286
10479
707100
131437
49582
510182
994330
897985
33011
476514
605500
877233
585051
790001
703802
180612
461616
501320
197192
570917
552561
477892
570291
259956
801787
969227
768660
639415
346324
18385
104494
473646
723284
70774
924714
742276
387633
8909
219692
188065
704869
369016
974481
125340
920254
741743
511624
378190
694658
781279
569098
255362
560764
453359
516663
107720
872807
925213
322830
839337
443766
653191
202057
897524
620798
787142
77779
434039
792385
578485
620199
945098
540120
982351
803910
203077
356732
564022
587092
874577
713201
541904
659600
240412
278287
167948
182446
365990
830702
275139
641747
743161
635629
629305
493229
437557
996703
47554
196716
10313
585235
277569
205024
394558
317759
270924
195504
187885
342793
888299
725236
708689
425457
276480
118704
122743
484509
394560
753710
850514
795714
831647
999351
900523
144685
547466
573997
231797
242412
826446
373000
596862
586779
520086
58027
332418
186894
691025
261730
241690
781400
330546
521979
667409
617014
386961
793534
801175
421467
40111
804490
633103
572953
473366
211981
579011
431721
65311
524831
371191
564823
884558
916476
337371
180301
917271
669852
383770
688634
393476
906033
984143
632350
351278
20412
146199
540021
725288
130188
894465
928253
712444
546837
842018
838566
556813
588265
920582
666390
278299
465429
363073
282837
260133
466459
197667
792476
455849
217799
911241
832885
322951
381296
89680
559886
690948
129293
905637
898080
535338
334897
465528
576119
618188
317796
662927
866205
458726
273440
414711
892391
30563
850725
969045
161563
776953
576441
398234
729340
747248
437184
994900
135413
671488
401075
268450
112862
958999
777600
105984
386925
446137
330622
48640
317180
311362
561483
667802
502898
572423
272069
855258
399889
283035
792097
388023
787676
958189
703531
438852
527587
416718
891418
512896
807916
304081
865551
987400
179264
249228
194154
41452
49039
258170
636489
237790
231936
158466
80799
213574
136153
369171
185324
712179
308616
378790
890910
9901
113292
22501
89732
784230
13955
825130
480747
326286
646736
440352
754711
640646
842472
425158
472351
250604
118650
35666
846438
192469
208633
72562
915058
168729
975879
880877
273834
470599
521727
882024
260784
285433
459231
122437
146073
174467
592529
218086
735237
15557
303508
824655
87200
263776
995531
497130
259956
777413
393250
991971
194216
868137
786841
225459
323736
807765
229423
862267
104274
417433
145067
830598
578539
395680
105033
214129
179517
531103
592960
789479
764670
754024
254444
799428
948285
410011
906205
153051
799419
873851
899260
262675
521379
451550
965588
283628
879783
902782
722244
178143
168697
715502
408000
496804
258467
874150
18239
267405
106372
487999
813893
205072
221608
281978
471693
638050
296066
21242
23698
282750
446088
853138
84218
988164
527851
520761
495840
203967
414322
597402
731836
131775
22194
670472
49649
627109
622572
61199
105012
558141
57539
99558
323540
491461
274200
370560
473193
977164
189636
297409
834269
688694
216817
319118
532050
185820
392790
24445
399151
102352
776589
445100
430794
822142
746130
736237
174003
641070
324954
125599
985563
170213
519309
75672
742880
901419
526754
33534
492854
345000
762774
306037
729587
437480
201993
513586
394167
997054
965429
985902
741749
616644
92427
680823
26787
442304
707692
544
119482
374626
124993
238489
421738
775913
137079
226713
818718
628262
629914
163383
512871
952665
234061
942937
152903
234167
458915
719619
572573
691277
202334
411921
765608
858814
870722
722432
348153
253800
481492
88934
731962
266213
463732
445314
753044
560558
316244
500654
675586
496601
675092
948017
965424
999683
662524
600369
143503
470088
932117
586629
971640
142831
782180
991721
725882
861539
477572
807306
838978
371356
551135
647042
201318
472797
487177
624734
435790
294742
904249
99418
128575
83881
409316
195438
812869
595337
92535
866241
642621
842559
240561
609532
632700
417671
228572
98874
85343
646615
589222
538651
418032
289023
689184
12280
752370
592235
709266
694576
590666
779718
55352
350881
224074
687481
136222
373619
199194
554001
542355
701838
844805
549951
491789
78699
355550
898424
661337
354376
480589
271485
947324
854389
132729
634869
215212
45644
448403
733814
736228
872062
751549
276898
856424
496583
423190
820718
953813
140099
61732
995582
447332
814107
49116
705836
995643
955096
686416
551912
474095
172568
914422
915833
609307
69277
389520
765218
801430
251011
365437
711455
663315
697418
491932
310479
971930
784145
496729
5355
743775
652196
863189
336308
881340
473772
333750
263083
37648
575941
7304
185978
189363
868205
334478
109808
984725
757847
848490
38378
705458
472799
780964
552397
820339
562713
317978
585007
697125
638914
997445
60309
432142
138008
87715
313559
167473
429893
599686
542560
937504
991223
762873
430546
756281
131915
405322
838790
883070
226919
279929
509681
648789
783015
831547
128546
967576
553134
955563
628903
415962
362335
927502
334032
34232
993316
53505
688459
332375
950123
339650
951662
781695
647089
83031
577172
25875
713974
150430
404254
314860
861648
477554
77083
860754
659228
184887
717762
127894
375247
838531
618332
983567
622122
630377
785918
905519
41164
489443
982516
531585
310241
972315
242042
441217
445369
863190
208228
636247
312947
303998
612125
402290
413976
159498
309708
95230
737476
115340
73362
65
368766
56343
959728
611543
371049
230794
527750
940296
219220
199358
88246
122307
925740
836424
826343
132602
888337
207531
717285
107993
738053
532637
168166
945059
975297
671220
661544
583916
274338
561197
907189
459245
834240
19289
987272
579719
73887
397221
246858
714647
593343
300996
717621
903410
965390
619323
895770
394877
214078
944392
135485
284140
439921
850544
80734
546709
597199
807012
171859
544112
896506
748943
913616
573229
346137
968639
935369
901682
428369
5229
671086
355184
217170
840042
724501
904737
704973
641641
367734
126176
584387
988323
201935
627492
20729
904554
8936
592346
80072
73678
877809
590367
281553
668454
756167
385751
316429
818812
575125
12973
263490
770583
751959
221287
383313
978853
461114
794596
134060
412869
732448
905461
328678
159791
419967
182614
276259
969025
330729
74312
736814
367142
935782
766028
904169
115173
627773
953917
223455
295428
93138
249547
546294
364950
438697
149584
40704
240104
295945
483728
466480
690244
729595
406610
109609
15072
259314
976981
831794
326950
58308
949105
62790
542177
69398
929612
99145
681345
28375
930677
411412
438091
536163
283488
533297
690656
301255
388030
316130
161639
231076
700281
420188
226778
407596
261129
308241
2986
860490
152182
15595
844560
22494
178730
799124
747889
791654
728370
542642
634349
443192
205201
136880
849989
727019
610625
481336
350630
613398
830599
103805
522582
262704
375729
819060
924474
496598
333359
232802
697217
401452
436172
71504
899441
839003
885063
647516
819852
790200
992082
795498
456670
9412
670054
735031
312230
33808
831873
117518
342815
252089
425213
275475
13354
710289
452750
964092
872921
196766
444312
965216
839130
417404
378283
543719
502142
725469
286748
796642
405285
733937
648641
134004
207560
665313
46280
869357
726755
192116
372020
537783
818941
671381
947702
442217
26005
936044
889572
875577
727659
763944
187864
292878
939816
880990
892584
451636
869418
2251
487485
485609
46768
144629
223378
959060
866463
836848
253515
580949
842223
496893
704815
380919
35061
659917
530756
336770
241293
385891
831558
304686
392163
510615
933955
467506
274398
104822
178454
185913
576491
542087
308478
26166
97121
787945
565850
9166
727062
475864
452483
355892
824830
498254
401030
143763
497274
107526
460796
780260
48645
569819
332104
550623
105014
636943
153069
761806
755698
535208
818698
645564
677298
387189
906866
247501
592813
515055
905644
119079
256738
250234
116164
410446
644804
165067
231884
928462
266497
137187
729842
236753
82993
429113
142655
178000
797976
346293
829610
336870
945432
786457
771223
194368
534582
184378
274799
497905
409478
689068
135644
815010
810422
52925
191585
190567
726069
872599
611797
10796
327614
697033
855290
984910
594501
93919
797310
859910
924668
536109
163853
227520
232194
50027
152721
243850
905385
983866
237063
3624
892322
94725
195391
455492
522439
630275
806640
827586
26053
537816
932981
455026
281188
34075
3752
295711
647733
511347
86682
284740
527447
60698
460908
350942
212389
326019
785101
204637
383552
790680
263952
784564
735924
851164
943528
659727
921929
561904
714692
520804
345961
29681
951937
353571
66857
144318
866448
358087
892085
463895
793638
574222
225821
53025
177433
84229
336054
964102
115678
613437
64942
832569
651868
25306
469744
389719
32236
347017
340720
425257
538928
778129
973075
694406
486029
694979
427518
6485
289606
628876
227066
7473
530870
314281
508481
530981
802538
767097
592104
608534
285657
46638
53288
293120
748096
290397
545866
853016
139934
96374
946671
115537
434377
649037
167993
90299
645612
307670
470618
21061
205470
381616
718711
717987
644127
646168
365112
899147
281969
355262
105647
289113
768593
693172
221474
179602
379792
456579
32438
75461
951251
437336
20410
62861
98723
750172
951182
1076
310834
562785
937519
938610
318315
810488
247328
4691
733620
355935
352629
735030
276483
966295
192959
47025
26330
877524
780751
41554
876192
809422
589225
599489
848094
624501
570119
990337
422803
734209
669062
77013
856564
989287
635377
705983
91075
751335
824617
3171
855562
155010
419438
19851
127028
641546
295820
222980
669513
529425
621732
85733
262340
373251
336278
658735
831635
859600
477128
569360
267883
747585
22934
172802
893061
229932
544406
252752
454264
408771
354694
247673
792820
795590
131412
170157
941528
418777
504330
731188
733681
250864
881557
847470
562384
19942
37424
98869
188103
382829
561330
230302
817215
651616
681200
960415
803833
7605
956816
613770
815519
347534
966379
890360
391238
540654
172254
415873
937539
137224
311918
962919
74407
813427
511765
938258
372504
680187
373101
559670
901837
77137
242808
706896
988965
781538
968906
173264
979109
138181
520083
122769
791437
326413
240333
987331
612245
919742
860030
109994
520969
69725
24234
708607
132734
89440
810713
349748
896240
366341
815424
365845
877561
392703
959759
768714
390704
952586
140567
92665
617564
913504
697429
811272
887188
43588
40159
658624
651124
741243
774569
835661
71614
352666
982004
774946
885066
707771
54805
735865
831211
395849
108958
646392
713696
882491
313451
367215
949748
69406
181258
149246
289075
785610
67208
9364
153161
593718
336468
602386
673464
521256
982803
830413
399349
595845
790591
973362
392288
914502
159676
833093
620127
262731
484537
875266
964758
508938
518527
224612
634116
433440
223706
381123
163837
453768
653984
504600
403840
418217
438690
450333
100916
136265
891311
920399
841732
871904
396223
450645
206291
158279
858435
826171
233054
840463
897031
960727
922093
463598
384128
450764
587702
202709
460920
457964
904398
416285
65811
582649
479116
999967
932413
673604
162300
859682
664114
608247
326589
983791
750697
358254
22904
560385
491614
368319
215869
683865
447098
337754
301948
405101
731170
668300
584988
386048
289305
496414
707707
696205
81427
946202
486083
855005
860951
166381
961317
40440
267663
703592
814389
882872
322735
249313
323042
913273
150656
30518
655504
662380
408648
60081
916
661003
373144
34951
867275
702311
718386
925051
657239
646236
690836
97376
115960
562983
161509
412603
580675
427086
15675
172678
705601
561277
67015
396049
998630
694641
112990
372612
123947
692365
956644
378943
373195
815242
984023
355874
716696
908620
788981
820584
512567
509327
487691
663790
843390
382016
960028
395858
513512
355944
453738
948855
307699
578563
337956
965732
679319
60911
597931
57932
375522
284416
886147
452264
829940
259504
980627
511424
26197
379124
512728
130058
423470
411305
482348
24617
880747
484077
858991
477910
516778
682891
63887
994844
587296
415438
261178
888125
913161
307190
683357
458930
153737
255113
613463
442448
607588
679232
324799
622086
927447
349026
983566
880643
663249
592815
364843
560180
465745
676658
378258
634859
693789
710010
727200
358619
596380
559906
17021
679552
113489
888395
190374
888092
587892
155691
717589
195547
21806
19903
921808
430744
159986
180188
977867
824504
123059
753187
672187
619764
191493
875795
708985
629237
580500
110585
267982
931992
634619
2242
163489
23889
876098
423217
147002
287147
862775
963243
149298
858093
14311
257135
873146
873049
269369
488228
79364
71246
439912
568203
791121
14861
931483
581716
169624
441624
526371
45196
76112
719158
536720
880627
224090
179348
964528
128428
801614
476165
896357
939789
45921
140714
930594
745174
743792
446893
677378
225791
103403
90023
336645
123562
996001
877794
807015
393272
942307
318072
464479
661688
294616
807962
859377
921145
929565
756653
829168
850496
633622
122574
774228
204821
664726
937654
106867
434616
331047
769977
613920
110961
202614
281001
13789
267525
322142
78487
455229
786628
93071
880825
8923
368000
248923
883815
513393
224664
691805
773952
630934
527538
848518
361257
290134
57479
536453
658485
622511
21335
866066
936481
175718
462782
468120
400118
531396
330207
827133
843089
666609
736508
774351
51071
490539
5224
728780
348226
393507
782675
731662
83121
864180
183173
648145
977979
530689
528550
639330
301260
345385
546425
716966
447368
639146
996393
728517
938740
915727
663932
851121
930740
257687
248868
260375
420527
287204
146356
642656
110798
904348
790960
438948
72804
484192
899773
141932
596712
344167
100343
727842
303261
109942
992737
557335
103314
89150
476215
746289
69189
903058
615648
116015
757475
567939
88960
713883
304235
59738
360681
73867
436784
433
692209
386323
742845
666606
774558
745930
946642
755357
656382
878199
231309
351721
619860
3609
438564
335031
263340
611984
865295
506464
320400
790955
849347
2568
518931
171279
634648
798751
283722
545664
853644
220404
81883
124431
55456
522353
436845
190112
133088
519223
148031
574103
635200
711127
491924
266911
470242
305833
819084
633943
121524
958093
926863
396697
209975
68668
296226
357223
595418
875209
907547
786164
793028
6394
375729
467405
206833
509949
482733
431714
504436
13065
556349
427445
707994
93586
743847
175646
152111
634472
37339
393080
28890
252397
127585
192620
762595
908209
452593
652248
358102
222060
742049
734939
742719
279255
144313
788543
77396
188839
470946
856708
522994
554919
891005
53765
174848
862513
942289
343369
627440
139720
598492
678761
900388
934037
637642
951705
477613
422525
79171
438868
74926
650395
327391
984040
35871
619039
405429
610139
151533
186434
868817
609337
166463
511397
131587
615355
570452
808773
152340
609302
88200
660445
86740
269597
687798
454041
461647
152723
640054
344562
245022
84369
196487
296682
904857
977040
215624
217702
550826
366996
681377
702435
75773
955062
496831
995286
689619
937356
65148
351076
746102
656822
15132
689595
612615
948168
195187
286987
625523
527695
867941
386277
987140
302082
954310
106414
86036
675207
586079
84223
649052
816926
705618
514269
782506
222510
530965
705424
714865
742442
777754
447458
851578
388256
991439
262326
780665
426078
920257
714562
180282
641025
721500
817450
917562
116635
841293
579642
745810
432640
789576
825728
931662
206702
861413
585220
571164
131670
958501
421733
20448
622027
153427
803090
994405
510342
930054
454561
129645
51987
690499
304719
219625
758492
965183
766805
836548
789456
355137
422115
652057
338544
504934
779132
139206
117686
600383
140973
236760
413666
128725
707947
852261
478882
828236
338248
412601
392349
358181
325010
885160
299164
959901
442760
71427
715221
133107
725626
610021
217430
321415
40060
548077
866571
819166
267846
665030
903404
132290
897899
349601
653253
819334
622324
211780
738979
460647
240025
80508
520408
49998
49371
250222
134124
253299
270593
568460
138912
100123
969900
438627
422623
897857
456921
488080
344132
622035
594547
329939
68418
772819
308819
702459
488308
790558
250517
604929
165570
696906
954072
922097
388012
331112
628817
877443
648438
467497
63436
525704
606641
923612
603201
841984
515169
674645
491983
396488
310544
608682
257112
150896
461166
51735
829688
188075
64739
702913
181026
697184
664499
521559
276441
668061
851917
182101
110793
526315
87984
156514
465664
780540
738683
338074
419980
714433
550991
357798
459057
592856
727842
50374
802503
707875
637027
708784
785518
339380
782981
722194
351855
590948
18795
643764
770993
934979
440558
464761
965845
385769
79950
706308
778542
308715
160498
905976
651232
481513
640669
326551
512596
991557
15024
395340
518293
341230
420886
999044
257226
751002
816271
553526
323408
460114
869213
563076
352308
497319
225989
529209
558538
483714
806338
108082
525356
583065
369036
305050
752594
262526
273279
512206
579275
234385
934956
219487
180374
274262
541817
271541
567711
999969
920501
97232
406233
61614
722172
827626
710516
716109
99267
878265
159932
310906
407937
973905
68430
975307
630715
402661
238327
780994
375018
118253
551466
981570
853770
687076
671006
690207
761602
955433
690754
160270
81259
115525
764062
996603
719998
651660
836231
160442
511263
761756
472382
48149
203968
732675
117991
237060
71155
335805
8673
215802
295376
956314
288198
684764
336575
583294
620352
963340
297379
852162
906310
685796
837988
939257
724530
619711
856790
790861
903745
451057
682315
279047
957542
556886
371122
68397
613067
285576
927402
894533
206757
218474
201063
878072
623282
34785
50239
20306
951058
393571
319890
122598
894976
370791
576148
734542
326827
148860
571065
97168
385141
682294
924475
927837
513159
809603
660299
924339
625039
356123
508242
41826
601559
1942
691810
339371
115523
793239
166014
264259
995367
349862
327618
390840
333570
325852
849328
358507
815387
70327
685913
945851
293751
745997
687333
275651
371316
279838
285311
945721
600518
524482
186207
24311
500427
79105
176757
674774
740684
880641
840303
72246
351762
146074
949351
830427
675171
351558
283820
611378
534040
195316
791340
825713
338396
4859
363579
332316
25347
641195
300226
422883
594180
145152
261191
782953
704021
974768
472724
373471
390945
364772
358791
215631
510377
260227
269814
850869
913908
425769
480444
273927
668084
462710
425060
285206
141559
31235
785457
241356
247366
975024
17864
993109
422686
77913
208571
921883
859976
652775
261171
712809
767063
156482
907769
127793
87102
188068
551009
446441
337995
686665
949779
410447
968580
426051
662775
558030
851997
760809
448253
672377
232595
287087
145862
39156
128679
444561
413426
944498
55226
432874
87175
746008
692482
573025
747194
542016
891878
803586
862174
949083
496444
718763
659110
940718
291868
68445
186776
28285
886689
417394
522769
401541
285244
983854
316719
362786
143860
526829
740190
531345
676222
106428
929666
261968
140276
190596
305278
933666
540277
223009
170847
574382
55898
629010
998313
157383
604944
105481
567804
407815
485463
114209
464033
207508
82134
723183
786359
456900
565912
743536
588404
634333
24167
509154
699226
484789
812867
48048
543993
338040
931967
724805
473370
822600
805753
942210
390159
316095
289716
295946
57941
687696
944020
742650
23459
890059
543285
224630
624786
19967
552744
932447
783912
645433
296266
841760
790786
359851
918211
107112
697054
456168
854232
722226
190274
156428
167854
959487
352269
687417
462172
691494
211224
867324
626923
275906
275465
636877
280237
937801
140660
650805
124919
966076
890733
250890
674812
931258
47534
579606
498759
31088
860577
816150
870612
144683
699212
82846
854476
263118
687127
328666
623132
345055
335418
424943
757105
170747
531207
545727
102289
55850
118097
367435
340121
737613
38264
490740
331343
207476
394194
483354
858787
834508
439864
477157
236487
100597
616426
962658
867368
651698
91040
735749
644039
539962
33134
598477
338169
987947
946642
945733
198583
583262
385502
44646
424867
160661
554684
922074
120408
652945
365155
540123
642604
753153
965205
952506
779653
687444
215762
256828
808596
927344
440221
116830
862323
863355
247080
342394
918615
627222
272414
808642
763634
716073
229325
453608
860008
310169
984879
536672
122987
500694
622099
443901
109237
501394
149357
93624
291489
795852
112566
951440
81511
22026
495809
160459
766514
931109
656284
676634
5216
395262
428895
122714
298709
47439
74452
573047
292668
642588
176195
782379
814108
840007
530008
373732
312722
298947
993907
774852
719601
962785
568780
1218
690931
747014
671553
974574
856346
375294
511038
129809
383719
524777
255752
258482
552886
379987
525862
986101
81844
488034
617900
789791
727294
2792
755365
866164
93336
670488
522844
506433
518215
702422
546567
435318
31564
783335
449361
323755
190717
515848
655299
639875
925185
722842
955854
748078
329255
781754
709623
646856
506916
909103
717663
735391
128743
341565
275566
852562
621595
727254
532316
782932
767352
467888
866780
867216
406470
73330
112229
782631
77936
229384
765789
581780
881409
457686
393572
670897
676093
19976
942459
150803
126174
995208
658768
893647
737386
271689
574055
825120
7917
476224
582054
876193
449753
476211
214077
281332
853878
289705
772208
474949
290311
83969
582338
23657
731387
921951
923904
387424
361420
114561
667943
440377
929080
974512
350963
923669
421978
836049
534085
167747
563173
742107
970287
527243
463868
294947
181471
740102
769456
123923
199399
794218
617238
703737
903973
986084
935108
218043
108692
395742
699817
7785
368429
916320
991366
212331
674619
648594
976781
821401
230778
66591
772052
116905
335851
337462
310966
193923
612471
786026
353286
364657
847869
906234
393585
752306
92602
602858
722031
638189
578132
987152
277093
419075
998339
631275
989275
92541
753116
233068
390613
560677
905468
69081
139344
522288
890957
705863
616411
291352
564408
313221
303247
115720
911527
840728
817516
727793
793397
932000
885009
748346
648565
122585
314647
816020
654812
692989
733003
269099
485836
337095
96391
221560
609406
386131
945260
250483
248458
981985
579774
948710
20310
584889
431196
385821
733529
175592
276314
958394
260875
668264
543485
534117
634603
42718
127890
119520
89836
945980
10219
800568
723837
569863
328503
264663
775028
679347
390013
134327
748950
66794
4405
509041
254661
334763
427459
817779
539974
761167
912593
795088
287214
440487
330375
350514
433897
66178
224362
427051
8807
764683
514190
622056
26276
534414
460665
486086
874834
107739
934870
744895
94948
294595
223123
734973
947705
883647
64472
240527
978084
938993
362019
455865
834388
592194
228100
482789
740837
186858
848754
84536
759618
92366
16585
449216
223028
590531
804449
615113
7820
408496
810444
136527
354089
730258
407147
106509
855527
339930
581421
975028
782436
866033
502502
295991
719472
448923
762888
412995
663696
375673
200320
678220
193711
722344
592175
437891
8994
208456
519107
528996
89878
753623
41586
266603
269401
812859
32787
818534
941249
11422
991705
766758
990973
366067
505708
533583
422006
748696
717413
763023
807201
132372
777062
924203
597540
628735
251732
439349
762850
688001
80179
506522
840933
58866
155868
733783
938599
316513
51485
121740
833085
123185
120429
151977
674593
239389
900042
852165
657114
781211
816177
427021
856650
160030
228794
994329
632468
703030
979661
331290
11943
723219
532356
713136
88620
166631
474079
354520
349512
755753
250334
879619
841614
942901
917567
901505
