484761
468477
948288
289792
669582
735761
947509
741131
822668
445546
773673
873969
640268
546239
224216
881438
821624
932363
374406
91117
416512
72292
461928
268036
552795
285292
270899
62490
425243
442016
739264
799897
54570
6286
645465
571743
546086
650531
137059
457630
559127
606178
980903
147362
426953
272369
185151
749107
644427
158798
993817
410768
711170
544030
506859
141852
290986
647590
214451
967701
861035
648019
844649
550782
283412
523827
789893
886751
548854
798214
809446
697443
640991
827695
266406
317407
38450
510853
67127
119986
147424
497031
580409
859719
700869
398956
403548
254839
382689
678039
46061
464524
479409
19497
572607
548128
265321
303921
464311
891365
59281
219198
95795
286974
18553
712726
220055
753737
577370
62911
318710
748800
455115
104826
81242
382133
677916
425167
58993
259643
829075
872963
214932
442659
169217
417127
722484
292964
344127
58827
991651
507540
635082
865039
23229
849491
686457
731609
336945
760775
23511
856290
481776
512769
632161
588139
694064
469246
349981
81678
678109
120394
1941
873007
32605
50815
737199
778705
340670
46124
954666
555973
669631
977489
511031
566973
128056
684102
308337
923646
158566
468538
754875
80756
752791
904729
632309
922911
892270
91399
442074
549995
146196
716106
686713
292638
869563
195332
782414
293803
914320
750621
889405
271267
714301
461183
61226
155083
72216
725243
51703
388424
571307
152521
789275
66295
796960
787500
347420
922521
464329
814708
294505
389036
350986
206173
213526
694293
576292
469589
64052
329784
688862
406299
339852
40746
219793
787523
128248
469950
626193
651542
865439
563772
43700
44566
70091
816304
1088
373342
112873
476382
571125
236648
100508
888019
709363
154537
345854
121942
936009
125207
882420
229630
909596
769418
428780
485085
843377
231808
961014
41306
269655
977083
252
581212
119092
834437
87071
930658
528362
13716
214960
465008
236005
540872
205256
473636
182724
703376
159109
295655
472673
696045
502369
893823
539903
537231
517232
654464
924943
577691
470454
691875
896927
742990
291874
636975
69087
596987
345067
954835
909970
214128
272902
348117
721934
887287
44545
364261
431599
636280
938431
496395
192542
311164
524497
332160
132473
243020
322477
642520
782752
525560
61197
742812
950875
838579
785318
793334
514987
246491
331331
766085
791468
910231
851774
429201
152035
437722
530395
860184
458922
458244
804801
882887
230069
340455
11350
868804
562688
250598
105078
871592
188887
483514
297423
693386
465409
341070
154587
409974
660938
710922
814395
418365
863148
616174
786541
825830
239257
184148
174442
815490
359848
783383
491167
178589
911001
336787
718021
931729
816903
491970
987039
216244
792041
253829
661072
469553
569092
484868
979798
874868
527793
953516
510695
409855
748934
572567
736998
600090
324836
26954
207298
131495
658333
419351
846891
758035
203455
605155
855730
880937
290050
657282
822717
59713
752713
454846
176931
114069
413720
100343
721642
546931
249619
616164
762650
409231
824559
544695
551933
627440
623992
492255
337590
595339
652157
177703
394108
37869
135259
35644
861681
519185
105445
226059
749859
443345
456557
452809
548318
209018
113074
780300
36907
30904
789157
222679
453674
117104
314393
5875
766087
76653
198664
764664
990620
223793
442812
217451
841315
299949
82913
883521
669206
125133
362148
950722
842469
214378
243911
29129
159635
576355
524868
999591
503918
16838
395803
422120
41
775527
833914
840237
488088
111827
653832
424504
284807
821407
392079
859847
354550
884569
477764
107479
82293
103584
568051
697737
345688
397520
381003
459490
687640
194517
526532
347949
460102
164385
417129
759291
514284
459832
308933
143243
774018
819944
11822
918724
938698
723735
230761
354591
432969
266676
351096
844321
3234
190863
804295
126598
594256
917701
47343
491898
546879
7508
781348
912192
765832
355469
238466
518005
659912
149351
758703
476207
588187
778735
891948
736256
399418
107741
208573
19158
672815
887747
558067
154372
928176
859039
206227
373595
963936
95695
368549
540338
362077
950052
802202
59078
909319
606222
255898
26106
579535
351543
972138
669503
184119
235629
868151
898830
450731
552695
830785
493074
808764
583240
480807
354276
164981
144465
626635
508014
957468
429489
694305
940913
856455
734408
734617
531041
292503
863657
362855
680429
514326
635822
531563
498013
974633
188645
66562
58133
944434
684583
185065
685430
454340
85833
573896
38756
933443
740588
131875
927714
3352
795696
856344
874520
701583
951365
659414
877175
374349
298081
953755
753651
529585
204430
827687
683247
887557
365787
457410
973815
593121
489266
756967
968166
988892
287754
68876
820584
24304
64115
229327
690650
709289
354958
540734
253902
881290
965599
843587
648042
642300
676475
539370
84592
997043
307612
742225
538776
243232
237203
903211
565145
435340
323612
835632
128006
627288
448077
95973
628693
53198
454633
796931
589564
893859
295633
836423
924404
984396
994394
961749
89248
375737
166202
813834
452294
19762
277595
452573
876923
150349
762322
934000
859870
747657
13609
153401
302522
668875
642776
390024
338959
109874
445715
874868
326123
40153
928637
767270
763697
847976
660602
585921
853563
688535
154273
333357
284508
228225
955921
969535
885822
743712
333275
246150
362
178155
199517
272245
903783
896457
290542
733736
414073
518704
202165
544852
362826
625759
522452
65744
127911
907444
532738
521978
408033
396331
78711
130247
246164
584435
27008
600875
907972
652910
969650
346465
146978
810502
669883
851288
944367
736295
339604
821626
810680
641628
414290
286041
841663
260234
554716
864696
582266
249987
302839
989300
975989
130184
210045
553102
416978
360990
941293
246038
901745
182091
964251
567028
20458
482157
589768
308310
416375
986360
530316
704689
26415
530762
940080
418550
213229
731629
89496
212564
592591
760360
369693
876003
461466
889410
543033
846068
61627
291668
711899
682098
771688
753354
558171
225332
178021
549494
136072
584355
491043
821968
286044
459523
832451
401422
388049
343711
965304
442268
218317
957589
501322
715321
510776
968187
104758
226349
991342
150509
890931
798890
202768
131829
767311
610303
485109
442581
26616
808947
994366
498547
738647
886020
294279
372770
113239
791292
447994
584521
996484
139116
594173
873714
948046
823240
155787
862321
604012
386655
823265
114927
817501
523509
970190
208530
495945
203454
963245
819850
151622
479545
328240
173307
783480
140263
617938
931778
489872
23655
613358
8358
121972
66096
382126
900765
25471
679658
519964
695032
320799
114217
367700
443627
398621
800647
334170
855549
677050
352156
72712
739720
251892
308765
61088
984366
462760
317518
496896
461401
534289
971237
749619
882604
806190
411005
466403
881035
363586
315187
920749
490627
180661
378913
928461
668120
740888
921525
232120
982698
772230
186477
195081
944003
841190
125297
728531
130239
838860
200332
745109
305368
636287
575048
988875
145230
831317
272486
74081
959215
596411
446775
52355
678856
912337
801690
452495
210088
379506
955795
302380
195469
774929
218435
223988
318702
268542
711370
963405
726500
715464
271670
223509
817334
592189
565734
954107
926528
839821
790783
40811
609534
142477
566602
796513
877562
112791
518825
988191
699792
848270
876212
37497
253851
843135
774965
419534
406014
890531
507515
714897
519505
654209
453663
588357
478245
846320
103441
891399
834870
812922
282205
42181
679084
818845
87168
56525
296526
298091
161761
315840
651460
707857
563950
330853
911367
640820
625620
419353
607207
948023
120538
583908
124920
815385
152987
468200
12698
905084
38430
484659
493604
357632
700884
48883
91053
416014
742253
225609
889846
903985
857879
949942
910455
101278
730708
642098
228996
424276
259446
991579
661596
274718
212986
212682
820302
397238
263487
367234
991369
436548
24801
774530
391038
511491
973430
133050
662260
459205
272996
900570
194920
566669
765086
731909
293918
931162
303225
908772
752968
707
618223
460824
365458
644733
646767
84999
993288
932026
89886
258903
719845
411820
902126
112633
818041
257768
111833
531101
482485
577701
206331
40451
789142
902307
274506
761906
683052
498792
593779
625793
454854
817253
282641
745234
436221
435640
139084
668063
562073
533515
261452
611564
129891
193561
348441
703644
347656
623761
911825
639520
342694
413395
951236
239690
80374
239703
67120
150016
210775
764973
416724
769227
215411
922270
729331
262799
649296
897842
943591
448597
469749
132043
435934
267908
571574
986415
735734
378927
755166
973219
716913
587272
953977
686450
987349
380849
133371
146061
420259
295859
933712
556300
154545
757127
70721
573395
975398
736146
185600
837519
756434
506863
379856
693728
91560
174692
960659
169169
354904
212725
382066
849154
833293
970071
986467
930983
404096
499965
313626
356841
466167
700111
599566
975018
122782
803705
871270
299622
777472
513760
284416
389557
582114
755950
700510
231020
658364
97038
408622
185060
392277
500724
267509
108882
559482
481427
964375
158933
983130
998770
614341
884239
987841
239065
382467
656170
368111
343269
899541
930300
832725
306043
943429
524165
693419
882521
940564
26325
25009
52232
691579
666635
595712
581166
429340
544056
834123
254592
111818
873825
180343
69524
22833
595171
330453
938388
779108
228337
961528
749391
220674
274361
403576
241577
54915
388773
329153
403763
459748
516158
162904
662677
750893
151466
790380
985640
945308
694806
498517
166688
342192
430959
585771
950374
315347
65993
817349
824388
792996
236131
495757
803706
540705
635650
558845
116205
40046
801849
707960
844031
321924
904714
929607
522682
450937
646887
698606
981477
347367
828753
595563
755641
845500
714786
381194
426030
858590
677798
765288
561902
541112
168163
626818
780075
379622
494841
191416
217036
468409
228
878052
191234
705831
470687
22225
706425
368530
72995
929498
313003
685363
532366
512353
164686
302883
358942
177512
126254
225222
217372
455183
431317
468820
946773
466987
827430
653893
641923
266815
470089
142937
87435
981145
858432
33409
21728
142795
838808
937645
652805
788997
981564
387443
467183
897548
666980
84633
472776
366169
135082
914175
104272
316560
412349
438124
523230
923803
549742
639219
795397
397347
679208
137345
768210
737835
859773
877638
689329
895432
438299
11326
344174
874177
224413
404315
189337
4159
766846
787985
655812
981169
750696
786813
639910
2111
123306
653107
516450
759656
237513
793698
770145
999994
990509
331686
333083
863533
687868
718763
740533
215581
626436
393336
408197
938915
917906
535775
715697
970638
332064
562176
969653
813507
719530
771445
882755
94190
448865
778845
924484
342692
459897
444872
164733
361623
62557
384060
249293
738549
791042
127202
795474
596445
821913
172560
764652
27454
695902
73780
153305
814798
270094
805977
99712
330533
588341
636505
29193
897652
441573
897504
716009
471140
242947
467992
48315
738895
298555
298551
648906
976021
719315
16865
512683
978332
186845
59834
902151
330280
656007
209548
460983
398739
817100
266962
88840
135145
916045
548447
2269
701090
9978
723310
756212
405309
477674
180999
683329
496309
13195
265802
874230
760354
870259
5019
712932
271663
959509
109290
509947
889652
68431
110045
470445
237424
370911
931485
646321
295332
734326
345466
931620
124430
200613
171068
965514
940289
659508
230727
182385
631773
432594
681577
469494
632561
550758
358916
3553
608298
251843
860371
311596
543797
770811
889306
327009
663801
838667
283694
708641
278954
802611
850654
423040
549388
11881
569085
296334
333509
177699
826637
782705
373020
759698
503370
197102
398932
958767
401808
775878
677471
118957
864361
973117
106305
631054
700087
804278
353922
110162
904314
379385
144399
595466
548159
137495
603567
572874
389158
8101
109469
452476
449422
636515
743302
654546
621471
885697
199200
62739
152883
219511
404516
60695
115234
343826
365930
16270
622248
554767
241312
562234
954805
219040
918247
731517
913234
290571
596619
984908
6507
727602
235676
236611
645501
924653
583469
2003
247965
48083
985449
433750
393890
258776
616077
860611
995824
608144
870661
42301
900386
685458
242279
107078
935891
430264
196102
873168
360009
846914
173556
560692
427711
840282
822936
117564
656142
813170
125096
290586
705719
134729
291330
844476
355215
440589
80813
307959
481159
417243
885031
698528
298327
301986
952234
820666
429575
778597
995840
296777
908570
667806
371071
46341
728471
85120
516964
314858
1653
85974
470920
409580
235298
73479
477441
984392
508528
744506
471192
322486
889821
931670
295202
720571
770173
828706
571197
664154
501062
637580
670505
835498
182328
321029
341952
920899
812199
62217
28819
30866
671270
6012
691747
730189
816338
575664
939961
876416
364408
958659
347938
929541
408804
196646
556491
469073
411719
362808
833013
170923
633220
991312
204436
492601
830359
974682
515210
96947
394786
460312
774907
743992
209622
114122
248908
317567
810618
597609
220605
860710
860187
363405
451105
572582
231824
108206
621366
974632
146665
255239
131045
324720
902708
724950
634455
492856
959915
822464
424305
796824
408317
98898
270254
22560
49143
641955
582232
426888
848527
568533
399971
279935
367245
915450
432038
890463
856663
64851
7990
472450
176855
725683
712993
338030
557835
938050
207108
389931
961192
43869
36490
117366
16492
755675
984193
182990
804479
149995
539930
515819
340997
388313
195965
411534
124995
452271
702663
250355
28651
791800
234785
135844
585541
737056
555838
686952
870780
767863
660977
226328
276867
492052
70376
450129
565346
292246
112841
50437
976353
106694
875879
737260
332943
93528
639969
807129
974191
266192
398615
229095
941312
399810
395530
815826
449960
936753
277199
497249
456956
111577
408560
134849
629294
269449
10847
622830
178388
114215
166808
563722
486609
594583
719634
137808
498530
809719
876321
107874
869767
84290
525099
13694
919627
420372
165892
946831
394354
726604
694121
703264
803327
531469
130646
123435
225183
63775
595844
183696
868789
864116
992067
482721
590019
277636
564783
663514
863474
888281
957778
717870
274750
228647
380118
4988
974912
304403
434149
974880
652313
981332
483679
41638
361976
706167
433783
236122
352521
371772
255211
635963
616123
416030
769565
907342
682667
757232
197331
224206
865394
329571
797000
855424
333704
888100
578668
503973
842323
766498
363327
435529
249424
510189
40069
817913
656413
679290
403879
864658
373216
483331
832102
200819
574616
750219
284476
964372
519806
993151
109713
950640
944983
874296
114007
593182
312793
152094
256194
633982
308215
625382
12135
70606
949963
421819
819056
56988
600287
327163
124794
952598
853272
869720
158347
981437
245952
998623
141491
175096
264879
211285
502014
288197
540628
413821
186834
694346
15589
319543
905708
116618
634593
973571
936370
594739
552830
912162
878900
910099
410613
467293
609411
382763
343398
332191
748846
851676
234536
370365
413270
605246
948017
876374
154349
538128
711967
3350
303823
986825
334689
708180
41340
577869
658949
392283
963570
467963
337054
439238
490403
347555
20817
473349
793816
257173
460668
521980
95202
484245
4
829898
653176
728426
304762
569703
337394
784405
519722
775782
731681
435359
713663
869722
397449
60811
23894
462869
719228
416235
274781
255563
976147
238799
702760
145366
943948
876696
489808
253395
914875
267050
192200
138793
759406
941056
991549
546282
757602
915289
550825
425745
417883
398736
973749
403627
339684
3081
663945
709011
940707
343559
622769
811094
455320
169179
737645
504693
929138
966007
383637
639240
97678
940769
16103
552063
850573
405251
632367
615236
409744
317919
396049
45244
528979
35935
821942
980461
491491
2698
356689
97082
157181
959315
85133
677321
399493
644044
165077
360517
686112
310840
283135
601087
476974
346621
81110
8943
410919
961464
405698
216025
464145
831147
11286
627595
854043
766545
338294
94659
23513
114067
465699
803757
961053
993427
838245
178377
257518
996837
162772
415595
288232
26077
854914
685532
945392
640643
345672
396446
446993
369059
266412
366925
675704
305985
645804
275809
11336
559978
628266
477840
543963
834214
878643
927312
227158
995914
839469
994234
80680
717226
86173
398282
885087
203435
213715
124483
362535
552757
578994
274672
397599
263816
289696
678532
729497
424294
686854
308195
552814
180846
388868
241530
848124
102857
71733
695113
956158
175229
350874
216193
413190
32287
942501
511751
730969
288101
145956
881304
643687
79642
336328
387464
120613
279850
231698
919395
42761
608733
38553
323124
741026
779489
352442
262179
105297
58111
820316
65721
549351
886384
132318
661888
248349
293257
171872
745990
952874
769553
467371
875584
902149
255091
549438
307786
633079
372110
532342
64908
216027
674602
417112
259129
936437
504070
317182
164785
453933
289677
617565
630982
158631
706918
562095
707996
21120
680746
797441
474282
603622
117681
1819
95645
158100
739717
532551
97371
830057
466808
247424
283876
777124
769170
631288
61333
9982
843362
767878
581511
99620
331317
255659
658004
500560
548197
394239
898809
346243
780937
431677
592343
741921
33098
955816
569556
453928
749781
152536
617439
956750
148908
226660
604560
57975
758552
393645
81581
333328
507449
116101
74313
239499
683517
500603
332998
327351
452655
828932
7100
276411
865767
135304
262066
444719
942752
299782
93065
248662
27366
930916
141113
288316
841070
802775
969330
946025
192
986219
183012
925183
686287
916143
365274
940469
559081
27649
563265
682096
910025
735922
485319
724219
11402
583317
230623
813795
744310
414185
848737
669810
796861
212000
362189
817670
307073
373707
772592
801164
726414
587813
192799
77214
166311
216761
551072
40055
544443
417648
693609
458063
761399
321851
270976
920536
149621
181785
401345
430995
508434
873221
265662
462543
762781
8128
542080
601919
810218
652470
48940
632823
166407
841232
993921
234115
406662
437717
239614
353892
245561
897661
551969
676840
785788
852500
15049
683812
761260
360904
751037
225937
168182
75151
835781
861697
995786
551287
667574
960188
145261
588107
595532
958907
697518
631199
350639
189760
506160
382137
285272
840464
104230
724252
442189
168655
711006
269874
180936
496886
953524
916949
662582
406835
264423
846650
621723
128413
474504
783482
99602
970321
514638
503358
64818
572078
414855
651271
987469
184683
482729
675544
217362
235984
264391
147520
694930
808023
521503
995016
17375
525536
859216
530485
120336
705675
776488
475578
172194
74998
966491
586173
847289
496851
703377
576388
638660
275300
213846
534268
950910
286934
188853
504230
881680
130167
288734
697694
420435
216982
190532
527562
500020
993590
321732
817115
640945
170158
361663
685059
743360
156320
565000
170483
431118
517844
353017
833551
738212
171888
578528
484273
28454
608854
826903
649495
840694
832282
49201
470698
368501
154462
94800
263724
983465
336268
451028
489085
746810
15280
810734
35977
796951
131184
532178
468113
527990
852200
919755
969877
635320
892134
177128
759579
711978
421695
616852
337567
372328
874316
860228
703576
539356
660677
984265
78306
469092
906296
367237
114828
142290
145573
748858
852544
484237
773881
863486
133963
597844
865701
25931
935305
197795
858075
450803
788014
989486
975333
743728
934451
227402
239009
556953
381595
418091
51165
85361
223264
132424
262027
364314
538431
301723
449569
232359
478173
726852
541264
125839
934996
63245
446686
881276
126623
85256
968482
42371
165918
295701
830300
777583
940101
116480
192302
332534
167911
378247
567739
661261
859483
688312
655515
392151
798920
440057
379384
976376
538067
283490
551624
533321
881633
470532
574951
901284
279755
948045
838352
381726
93278
291011
313143
856852
860235
373614
389703
167582
848562
290707
395443
934497
486853
277274
553531
180737
225820
378961
524541
994803
662933
609673
741109
231216
647270
883806
480403
722373
287873
723861
40376
882311
888738
733854
460
540453
213944
251384
488958
822486
34606
269043
434521
754033
7572
673297
809472
977115
99951
566598
118086
936474
604953
539871
946412
915720
795734
31551
42104
701604
432437
806659
253742
941443
940768
763207
424366
227044
680576
523650
265577
3616
445007
71117
307585
206464
105979
849281
31741
728169
425076
254525
569637
251890
331219
762695
746752
596566
813222
300554
358824
813189
991004
378685
963975
453589
575178
241829
126768
308437
153495
719600
940316
190530
446666
251586
670847
488019
425134
27470
341382
425263
781152
246490
447088
56191
574837
667492
68614
178973
333706
482467
749304
127659
192553
131110
135510
225601
424212
960537
65895
955582
547570
149159
689386
506239
691539
323513
276903
138926
863714
956699
522416
476466
321126
738944
289017
404420
199988
467676
164241
286626
266933
949423
218364
687836
65936
598754
435311
904907
875508
452298
920680
540577
513539
977929
850279
732124
429150
350739
792524
702101
316809
805454
45070
77109
300283
831571
578325
713990
286277
760850
352886
322215
185308
353362
770953
352986
184901
981525
298407
678840
826396
732761
518469
207620
840704
642555
761256
13084
981598
353143
498820
580683
438937
699978
932661
287804
298195
580472
546585
534025
830811
234858
586760
769010
900787
401583
642992
588842
273532
383715
707986
101386
550784
970733
389523
661737
380956
381026
361856
543811
893960
306183
66529
352597
465413
845491
534072
496331
907810
688659
394327
141777
169578
876039
747035
729990
464173
803178
380168
840271
257321
187184
137538
240136
904085
797672
412134
491988
981259
37984
845315
592469
730832
338855
311801
833015
925121
423277
9068
586983
182555
255559
669092
740642
81958
872463
379012
224360
903487
448297
382564
169935
43841
456864
436494
721715
673423
867246
904658
326923
100993
501338
621062
891031
31913
591356
59806
626549
477057
907356
464483
42835
34226
745593
346835
197823
647235
470309
575574
819739
155804
503565
297240
610412
879862
702167
681671
391761
782242
635684
37099
910032
437746
864821
845468
395724
462792
820201
341669
845587
736377
836900
156084
271828
872541
950348
587450
769134
718838
976173
783461
276451
483450
773052
327607
200555
405374
801529
521283
193509
960321
424877
591492
589224
590803
319955
229978
930488
575712
917779
928162
736596
962589
812009
243184
800364
679118
620773
775404
428848
601521
843339
372294
305476
436491
262810
456151
833424
251340
864618
615574
595507
980769
157230
9139
209943
347543
708570
384787
200543
765543
539102
549545
250558
449826
43343
870574
690721
839482
674727
234492
121292
542506
805859
962892
625923
881347
141771
485834
141278
883412
192270
824722
499584
297014
405963
786634
905953
491185
321068
570716
238022
417486
930413
837710
292434
844667
739579
541567
407735
507604
525495
613248
617477
163924
514841
132812
234275
477591
487985
609318
806619
923979
75977
689614
985358
148659
19047
256863
810121
747799
806191
855816
537840
602828
283236
216101
914775
420763
852495
949177
327536
499537
534712
9866
940638
356387
451473
881177
522216
318971
784051
731453
459337
301923
891327
659867
18660
714509
640359
137028
81108
221948
424645
163819
821858
646291
2857
897473
288464
379128
692592
163823
728274
948517
553551
382255
135196
244683
211439
372616
926358
989923
714227
319588
320045
749906
351125
967567
127299
669047
935278
945294
46278
422549
865172
341786
460574
561560
920477
247672
617600
785094
33154
566582
455584
907395
39263
468676
349891
803904
663
87660
655474
753602
292501
523503
43978
325579
601517
830014
8049
237031
935520
766226
464291
424532
306366
603240
425002
456526
288998
839004
798828
269303
19433
884257
455582
647136
358093
189723
682583
227575
84206
88729
237055
737165
775998
790450
860134
633153
124972
396283
519217
749646
219235
270370
485679
457199
786217
408746
445129
839403
918696
385987
893976
979840
468170
773765
629777
752
114493
462793
175707
11618
479190
339748
821249
601399
327569
364289
296515
68907
740983
859290
669831
117027
890200
697107
700397
759193
588472
205619
247616
345504
63814
305279
641480
814742
586695
90101
492092
272486
183058
14242
384084
692215
502772
559584
238717
887477
12787
599856
233318
799738
93488
377072
478072
802328
516198
542584
465122
762053
936719
768599
934673
299492
285541
256101
3135
905644
82373
285381
598755
937719
185008
153082
897158
266793
178604
612770
168694
717243
644232
292242
156691
863779
203324
708624
891718
875682
677166
694567
186706
89449
901521
268843
991234
796393
680360
174025
396802
865462
142569
811594
845706
646487
798204
895204
851829
334316
916578
564861
806256
236028
796659
304957
60558
324187
376576
593550
930679
759028
890775
305075
48897
401337
484452
394818
916951
199844
182900
350655
931733
189096
288597
268887
22518
632185
446298
278070
177701
402357
469307
46149
25327
376301
218520
631235
130778
610388
923230
362623
55055
828803
533315
11824
498994
504743
849771
848689
388370
832072
619692
588443
780796
163446
165615
590273
750186
391186
305069
411458
22233
462518
939865
992591
8184
847490
963421
401402
110076
559684
2812
292150
624464
644099
366934
126385
373994
858537
896522
829195
758521
440842
222965
786929
686139
152469
657433
390107
610026
865750
687898
71518
620886
667237
288289
629678
887054
512047
401571
159860
445304
384670
862076
738312
131968
901864
284213
425867
172205
279409
340964
439503
276382
640627
120469
921877
587767
486329
865337
754555
283384
297476
259804
347168
693173
471096
768119
917621
471335
500240
218950
17362
20886
297796
400840
594659
181093
371651
493075
898943
139957
178400
588433
557081
199991
308169
614683
521039
752466
556017
344176
127712
499501
823952
723857
495099
918553
694016
407869
599218
439646
787976
184324
784269
400289
831734
497483
588027
832303
125093
725595
802980
669864
211550
549029
200857
664266
185947
477910
443181
237913
877735
485651
683421
610984
892961
410066
503210
672647
585183
170324
810568
958858
816750
622594
941487
6833
692472
518755
84174
655993
918655
344312
941791
781886
951173
794485
233877
725003
87310
733276
489907
357184
174077
577527
762550
942239
392796
427121
747442
233779
194103
973457
473979
868509
726119
416852
380922
423292
640236
279015
802975
759096
789108
554494
702965
66348
903352
909652
828625
277549
208582
442239
579300
453435
516889
870639
919152
367556
667812
392707
840983
964879
296622
51463
169679
2059
723542
617294
445170
676533
369656
776744
883442
716768
793896
673601
187114
695972
14171
675798
529743
841189
249894
490388
899077
426687
839134
175119
421454
5963
992862
290780
470301
812049
976614
831819
278601
302090
313888
241348
300573
541328
304575
703997
231564
748644
750016
607893
128706
597340
814035
851408
526805
698791
835986
866608
935002
573694
735535
878572
653076
252393
495725
293839
254472
679019
193541
960624
624364
645324
314281
823626
507389
60865
716068
183287
443056
494777
95584
936014
482176
434566
229442
619349
453798
519078
11504
406373
149095
31790
784370
807897
287111
664978
393270
30386
689755
877203
979565
767115
94652
406725
716244
980787
372312
254716
905485
349868
49762
60755
550507
217471
193129
990424
666317
827770
398663
719703
938145
224648
343792
732034
190730
29419
327722
188666
610204
235608
953947
418940
589828
490926
278142
896939
267781
340693
563504
298229
357853
612399
890023
695205
30662
744574
602113
745221
728088
799250
21306
509166
248075
416684
930616
276462
271067
812789
375553
202260
227908
76180
24908
320922
413101
850416
597173
571504
451809
322946
279049
503841
476664
79125
122817
383652
681300
872093
484428
918530
688967
868274
685445
538718
82834
30183
466564
939110
971785
762123
244304
548949
283154
629372
528050
783522
319244
242914
390565
982600
53707
447247
292393
355571
289026
407729
13046
427588
778426
84722
304270
643265
85630
3308
895147
782172
304857
403468
742168
74782
581943
463746
899228
677680
462313
134370
832593
863942
603524
31322
106642
51625
386857
813264
100242
83807
666782
173528
811530
456248
782107
446031
39498
668024
194914
837079
228849
476636
845445
578799
326584
69835
512715
882925
746792
415194
629101
397915
523948
574332
80315
397228
864641
149701
878364
239129
431113
103961
99762
210397
955199
521717
610588
334281
769797
224473
851925
585220
930906
840209
258042
696163
925991
315167
852712
211809
50040
299847
731459
972155
59464
408311
675540
567787
609973
368208
796426
87806
274578
315541
403233
953684
231195
528623
229856
527028
802755
710426
997564
824074
98730
916016
440666
527614
133611
655824
859250
15409
956753
62443
992911
3158
251241
423275
619443
387115
703282
211711
115863
104915
787505
265095
10191
239506
424673
714457
849548
637988
46984
381358
337532
902138
43813
964269
530956
861266
927622
895505
356301
312434
38838
701561
613876
237184
546770
489484
719868
679681
103356
29958
165542
591596
851817
751332
779616
687786
832406
660712
48772
902701
406808
79625
279799
79850
248336
242299
904946
509492
109756
195926
421213
888758
862763
509669
77591
893837
38537
872910
719506
827392
369368
94297
126556
556125
345728
228702
709688
410865
260093
609360
828395
218339
103862
4832
983570
688557
979310
718159
930224
879352
8147
629203
592582
741972
202036
20773
162203
17105
787792
886757
700955
302204
387785
289259
861340
102457
164600
653163
395899
403962
401818
990020
273125
114073
274983
201765
752114
148632
883843
106780
888235
421938
604493
657789
399596
980573
731670
679915
459365
824095
393644
745926
608442
347018
369556
154225
397323
961046
922581
708158
681549
777561
252273
121657
590999
491941
562415
893262
438969
104894
987219
970519
971079
258422
860080
87558
281715
83176
331988
434220
500888
400845
392673
235428
850067
63038
88315
154718
355980
609414
887517
374667
634899
606243
352070
772130
664549
716506
176530
596046
714381
159540
926819
527796
578279
717720
113278
562916
895232
30598
423474
692955
588121
493933
936562
901874
853194
743530
356164
885544
552772
149471
662034
881479
300463
37675
414
245109
593842
89483
107475
146905
24976
885901
785078
140583
655343
469100
512379
149514
777461
248909
427316
529261
98571
230933
620388
58919
896579
614053
224114
790976
26134
676467
967097
613988
162502
796038
497084
906595
751202
542349
136375
897379
570280
537821
27473
928227
332292
82758
618029
230060
44983
490768
126175
898070
527955
158679
817852
413876
862946
171904
518218
78429
753703
921047
335254
756056
415356
167623
573797
722467
213338
779317
315586
400544
234104
745529
523190
511069
571274
734393
622742
134910
736938
527716
314166
30281
525844
988360
585403
475598
137484
30161
518607
371185
150426
513759
840941
21206
945973
962626
632859
235623
803262
252757
732152
782660
532771
168756
350699
527560
728612
854107
445691
569396
806834
264412
830717
810427
634035
11260
975208
34474
41251
459052
941509
783537
999188
842783
158721
535121
705046
89932
495332
554148
58673
778306
871132
476100
871055
103650
489779
183065
962423
788478
255264
194179
275764
631117
203769
428704
51220
803079
531462
489082
926860
301091
162288
669584
32505
632235
723992
774784
594113
362808
989188
262734
646616
825808
164020
800659
913054
883416
363859
88516
587366
505080
285129
133150
968722
930826
873069
402027
100378
17149
679192
663220
194603
67212
708756
663619
815916
531927
287028
789716
453851
179227
177789
410520
835414
802771
653378
808037
744438
879914
785165
614397
471190
859227
430905
568952
961393
964647
990109
967569
173417
15282
296419
51339
68964
988411
930102
139454
609489
623926
20442
381762
502921
720520
650389
291382
380176
399198
875275
491054
149626
782635
815591
567287
665834
837756
787509
167943
577334
160889
183694
296262
411238
587514
113386
70707
262876
215683
517849
732405
720333
711646
405517
50623
747181
122772
714575
915102
949225
670215
759826
837794
163982
929583
866853
898087
47623
234223
516161
272639
161027
384275
65666
562429
410101
993129
844211
62112
951413
491832
653378
378331
964036
591137
351827
479677
519341
748305
134384
787330
447750
951137
396701
537909
773654
464586
814473
634688
420944
111816
939489
341842
270526
265226
538751
866091
598009
123282
211008
42567
535124
455215
72884
448037
649817
719381
513966
722162
407211
717334
57786
282327
980490
673855
753326
279132
341365
30161
867417
460791
951146
952411
129817
609205
293129
791025
426313
978692
604695
919499
536919
108442
745502
415355
111731
849670
609201
701260
292515
960337
828748
186868
653363
840848
97178
433911
643594
565129
212561
221400
600
519168
60921
626043
758252
87581
931594
351644
518690
72315
432434
979174
878777
459791
638197
727793
346115
710131
781103
337051
646581
415950
962997
922498
485406
375266
160666
893467
427253
672626
80205
189874
946827
697550
786720
111934
273439
144637
982563
596512
679824
527045
973295
384248
728685
754969
797566
673508
697768
573536
258679
808726
525162
448158
360521
519313
467392
819969
677677
163904
600050
580810
464525
426803
915124
335190
467843
523575
20982
136841
730810
98768
83030
918038
941681
233237
640758
86444
494366
519337
874343
178688
605167
557585
561028
639219
909739
432055
586588
568865
39671
279034
892551
974597
500469
245296
384857
346636
411911
369017
979957
418485
472177
59393
925305
15329
604253
880081
492183
607036
54775
468498
116227
204552
886200
300704
448840
714819
966401
203463
788790
443701
873501
246045
743350
998168
258345
925500
495422
700771
507472
598873
701727
990837
619630
688006
787131
479707
892438
876352
669461
457214
633519
243062
148225
594732
552889
640599
618490
870401
838957
501846
19730
65841
220419
219773
52036
304373
986637
493419
126181
866128
165825
405868
185977
108093
68820
41779
470818
87671
861377
169334
405300
761060
263720
236390
823204
915359
172180
428170
527262
415777
986133
258743
492021
791563
808524
705646
51829
854418
855301
293458
506580
193223
242686
877508
926343
327234
48646
253597
690
70698
531457
421703
557047
923300
761800
199416
166832
775638
328109
137100
214519
989271
472284
713919
657826
534453
284381
435012
912908
242338
555829
580164
130958
615995
452588
785846
573133
645494
296746
54807
552749
81704
559931
70727
954020
93105
7218
431488
434409
216389
435753
507891
89674
763095
716710
109505
727197
634979
407257
654674
269198
606233
983553
936406
974616
839329
468783
714006
634831
630799
687267
687222
29849
661349
778770
221641
186365
765439
397385
603153
183251
193951
242411
203345
433627
578005
533462
127953
604714
649867
751588
252334
286527
482539
194958
776155
210804
943789
293866
581432
829392
541696
634517
240525
213497
527764
111659
986211
126343
98242
291891
567167
873523
97497
241496
348156
551726
422022
785234
44548
306382
155935
823012
681770
490723
992332
512638
575591
745320
796562
152386
113456
859861
407549
530659
248112
946706
169898
259114
884391
727621
14318
213651
834143
870156
779943
806356
851014
254663
191261
73021
238189
180364
473747
297082
756636
973566
741744
421622
221519
121207
75845
686874
3921
617762
229051
410227
257396
311718
264282
958962
11307
73341
339192
326796
872900
587683
105916
105986
774340
409129
23758
843643
285920
706088
471133
573453
243990
718419
185228
482522
604455
241062
3322
257623
473073
581883
40876
197736
142188
2299
107993
269671
398145
251249
756371
384068
722626
421690
627789
838790
519242
914521
333645
598448
899378
129895
737455
452735
293741
74791
186579
264975
361729
106616
75620
382364
838627
644835
676422
665766
938605
658196
162459
527150
687422
444902
445746
271070
527854
470359
713357
329989
378220
167643
836558
101632
92151
646348
739645
161524
314997
319870
911992
585335
316211
277809
216440
926862
260090
233120
747516
878033
390346
779702
711572
971563
740534
982752
794123
699902
607259
911805
703474
799907
615678
888051
438917
42575
541890
317979
512509
16465
426690
499804
633457
281015
999633
283733
894953
919057
267339
854964
973377
473741
952088
218852
565239
851393
337661
792611
985105
336136
92446
236913
168494
995907
203604
627620
922215
344961
732391
736921
330785
469177
67688
743493
249714
452596
35054
949289
919597
532360
44203
392612
208204
920574
149417
250722
877241
713877
711847
141042
112057
140576
231370
137974
194677
609674
797634
993587
687398
250042
323130
261448
751965
594001
632123
19644
201197
144464
473118
928432
41526
241559
45356
756979
203534
510856
233364
606900
204749
787146
626375
163666
137717
726122
32820
187408
638588
541787
237467
72164
647096
759262
233360
994414
222630
669181
747855
170118
69847
395121
85558
833006
37240
631523
786467
450279
232764
424463
322282
736223
904168
450629
835379
33223
344187
765897
157295
786755
509559
820827
254965
598331
210640
687505
568125
16463
153648
200864
31095
968295
252773
405881
448969
51815
19112
960271
549412
392898
770571
18551
805634
445926
383102
378921
87742
212885
276733
547299
763407
291284
771098
984237
353762
293500
31394
141111
611668
648557
944431
360670
549577
68194
608202
948429
149355
67168
552122
276736
195331
141897
714350
634980
653357
221005
237698
708507
481531
536640
498097
28252
920809
986630
884824
597366
765752
531114
650659
606516
760873
518350
959702
513244
343639
200637
306106
923474
326001
10716
638754
227482
343699
373759
13400
216315
52545
87513
697065
845246
459840
603851
451082
523030
76752
175645
577126
750617
644489
39306
551045
463660
460688
303029
586138
157374
361527
587194
102057
289067
558127
814880
124563
163392
306410
856874
454591
308702
47825
506892
985767
392823
993631
451835
98940
922998
121880
699037
544567
662075
753706
996896
73726
77316
177694
661543
110703
375335
812347
855902
266699
812987
319800
890990
684482
222743
322459
106508
274007
520498
796466
846956
895279
689258
987757
379092
674044
546912
895190
17163
251200
676480
7215
231856
745153
345886
310247
196134
711560
695804
253368
305581
618325
103592
293984
82892
386402
263298
514937
980458
441426
818715
474359
883901
404342
948025
4798
275481
237052
9784
386334
111146
697333
49547
20268
715005
853185
377183
587710
381240
787034
112160
513218
639210
498489
137684
124027
179965
64424
287142
599578
571656
319845
699454
764021
397313
442864
941835
983142
37648
213554
204962
860739
723134
861962
63232
767029
705228
694325
941803
20727
972640
946200
867191
61997
464155
465197
746725
573342
443974
720328
198182
446416
492394
383365
777917
993471
894334
672016
421826
371001
844219
453777
337474
165721
703308
887730
311876
60190
157217
808718
766055
726119
605987
272119
876839
988365
392258
380068
83710
671581
22377
702006
666855
393008
390099
55397
768765
406185
714231
22347
14018
836427
712479
589901
586941
926708
630615
815650
933754
522234
264384
468033
20725
433633
686276
697643
83857
619766
874084
278482
368515
687242
113837
426469
98572
730894
985545
245497
402403
918408
327537
84565
851184
262448
784000
498202
756341
989865
834595
702605
497160
698975
395117
765571
616699
187449
433991
301032
770652
684219
51268
601003
940951
152188
183699
879817
872890
139838
244494
300853
19025
171055
760879
421857
132912
899963
989857
58796
99407
722124
912948
386728
831887
959071
517035
795718
696411
409412
993264
550625
867434
49842
408424
658723
265248
196228
382624
727192
719124
648148
555430
41933
360237
68979
823925
120420
551909
740354
895752
987512
68463
8560
715599
864487
31605
921360
530943
533760
997562
124309
892932
116490
801311
522285
992210
976239
987521
417272
949785
970756
748223
671588
687895
729142
554777
549415
723655
777874
66740
176663
344951
965360
920762
270697
471671
955901
819870
53700
223597
772324
314557
867009
635014
82073
242592
318018
782791
999362
297502
61548
466369
610114
621086
545666
560675
113634
974779
739679
931690
344350
893632
237328
411955
421898
49042
985931
154032
294047
119725
897744
417593
241830
479366
980571
923514
592000
392016
13763
763275
484240
794203
288434
930141
458309
471254
38401
888719
353735
96821
572976
889888
205245
688110
559423
670335
969017
137885
744235
182975
635393
601415
46984
452646
820283
792955
981752
602405
645172
165204
171781
108833
865677
982876
163617
745712
156482
480395
389175
221663
179032
684461
178989
550768
280163
684065
261497
607777
103089
338621
551261
752999
879958
270159
587200
765882
959765
492479
350187
299337
611432
16144
990364
106511
306861
818053
285898
633981
409517
979232
975222
181207
240201
361093
667179
141723
781763
539006
196178
969755
557542
492056
858036
498732
412307
130154
904652
672695
104170
316213
417672
778541
442577
76135
532060
547543
662884
655866
142339
293771
675065
979257
373396
704570
320974
569699
266621
829479
23506
234856
200478
283122
858381
337040
484228
431122
766828
372283
923968
57314
839981
424387
1252
417682
286819
899069
107929
530238
191078
350559
97056
48027
818843
615419
435107
3150
219484
955626
825847
641047
920003
619524
889393
726570
562840
610251
333410
467486
483028
605351
132016
551358
201810
483148
398034
844862
470545
620280
657767
637255
142440
916888
591988
340339
641543
954186
83576
945493
393637
103549
800046
735855
372748
69429
767327
180999
733693
739371
289313
911699
415936
643729
711343
40337
514765
653491
509350
444851
177872
74553
286362
39800
165277
49289
14035
19798
306608
359753
346279
253587
406687
148418
787573
450739
610078
661984
915515
208524
998575
656406
649365
528245
589348
305822
845139
370717
875218
710622
679477
247480
366676
7590
279366
41619
393721
821398
225106
639689
672331
29405
626052
476302
136829
355036
880865
696104
216304
632552
29979
178686
975778
655343
92051
468297
118643
834354
66350
803175
913685
486512
958034
365134
800656
181219
889662
935453
159152
46115
791236
511822
139276
766889
338211
939656
623475
957167
919493
92241
82356
210546
68177
708833
736010
788185
697902
822354
192802
778416
425494
117363
450827
573709
298962
230651
612217
924883
988888
331994
92150
750613
358269
160235
238502
924946
302680
441542
390133
30686
492213
522227
307231
805410
148083
931577
983451
468858
20667
606676
380709
948284
88157
11908
17319
319640
379400
900674
556227
809819
973094
866702
10879
638926
759314
243107
284174
873275
822263
308812
691383
626255
586438
875921
759332
604443
637715
494665
83466
968309
244813
761811
454511
962811
332952
574176
266845
533111
289737
675751
670689
638686
148029
346428
683648
375155
236054
161467
316024
380937
581331
780574
465390
386981
110603
726894
588601
389697
529798
871575
515273
182893
876856
133972
79413
771473
462811
757833
802017
964941
712744
753199
464776
74241
270449
757545
828844
854248
391838
717878
622551
909727
910530
753856
46988
7364
907353
684113
627471
381178
359713
371813
785742
261256
424913
501210
765803
187233
502266
701251
860711
533502
235513
294813
932012
132519
85398
713881
989047
587730
291325
109080
423264
821986
93910
437237
586311
595472
25155
709243
62749
331815
23030
76407
833548
53545
742892
549737
138756
688399
455241
570068
833571
971566
470609
814773
319744
216949
84928
249808
707925
233619
226504
641573
229766
983029
238309
170626
842450
360045
833566
76018
512661
485230
103642
374995
312695
870068
879259
378693
437173
936961
381532
436799
223690
923713
277315
760379
11193
82383
164675
85841
64954
888464
243730
591842
431295
859773
668801
767467
35489
331647
174909
811577
407532
432435
650528
493499
333699
611341
943285
438707
944754
598616
288519
488391
470158
177627
922916
184052
261899
889112
567283
788450
382106
621678
173615
142354
428284
497630
722879
88499
786152
343338
97972
296213
226581
831321
465118
41653
116837
142168
541259
64310
938030
591866
586845
368945
181093
829600
311367
189923
532393
605044
240036
787909
33642
59407
101812
462201
474036
830075
266931
556192
335836
430930
307992
796040
652805
894277
124711
616515
266575
618873
811955
989203
278814
958923
328628
784961
616066
453108
570240
53452
158920
14216
381225
323071
682588
857881
695476
445275
711577
95416
29681
868020
17775
623579
584188
670424
969520
869402
327182
425833
180087
446100
999360
742796
425589
100270
780702
794810
806937
848763
770468
952116
169436
40760
15192
342291
267494
193582
519683
462269
885920
488122
174285
650420
590359
219369
978996
610440
924041
740797
357289
418349
691408
801229
493831
193127
23912
376328
172848
877090
764575
248282
520710
16286
888600
842727
200455
899515
175604
791286
901026
604349
884645
138331
507812
174407
705953
533909
872221
316677
889745
710730
499345
464142
821064
541339
520103
595627
843837
937663
617787
258566
616179
145467
409422
655345
992441
789696
377565
928015
209421
508257
655311
919267
803804
712495
234311
19891
395109
31730
123098
24152
73083
101446
736794
488997
94505
937489
687953
708978
490159
707165
209034
911748
758315
254166
728456
460250
557523
181537
26138
47318
217439
532822
852870
877319
56132
34268
67682
523791
120602
625184
962499
846453
264351
979506
70988
780810
144532
291516
897064
600368
536901
513631
115730
253259
789798
926699
498897
564680
784793
428987
442050
924805
72589
82795
211789
972828
464256
656824
138682
11983
649956
756658
179548
271761
812128
883168
563819
409327
569005
373168
84080
571354
757793
903769
488345
955601
729865
257231
924716
588783
70382
627106
913240
968270
659770
758452
923559
51159
886708
49301
348176
772264
126824
987005
12458
901280
559266
465061
315066
467850
589016
447810
401389
124707
931303
518751
194529
742793
423414
965397
249309
581251
761655
983338
589986
163687
117644
748676
229849
469228
312774
204936
505067
335053
776328
180884
13807
472021
181194
254421
623998
22797
452281
694405
130403
908416
143996
522180
760431
835368
269394
496594
371241
74295
885591
684455
20450
339651
420838
285231
140453
902158
129943
778726
408333
456177
157353
19403
401266
474085
517819
28036
465147
1134
15157
226190
254103
464165
908484
912158
832711
164576
79618
575193
71059
87680
552371
916077
420381
247510
495339
792650
197778
890738
174990
685761
222588
27210
63344
119
595956
914948
673563
48069
340213
444257
859566
96112
783500
234693
550370
779392
935788
574375
940648
795903
558303
601617
638254
914319
509974
970068
674305
24616
480609
322444
245069
680046
601530
8011
649919
117163
115451
612837
980171
843182
182512
412312
72201
839551
874183
408341
442490
383997
527780
759919
9897
668055
15121
593183
110957
817187
19475
47858
203403
124894
39959
882192
39608
688321
882891
835881
80188
61436
817930
88061
825777
372881
801071
509704
460523
681680
115019
473417
860978
760107
90033
775598
380202
148981
492782
378078
699732
155644
441814
130210
184685
740159
737721
920305
13172
280973
835061
373270
396873
231741
337445
179648
961201
186116
377271
675494
947382
151286
188700
126101
950251
557404
129816
697815
42125
179374
870201
614018
142533
536877
741412
147674
373771
312095
902922
93987
142756
94184
24250
364808
428492
102466
33873
547361
894510
61209
919372
209445
533263
908294
606334
404524
113611
861413
732957
406366
136760
740437
132662
125822
974119
287371
473537
623693
95433
35859
841743
171292
89709
421861
798751
367474
536807
918560
970449
480789
442701
541925
867698
866745
273627
428691
395638
725442
29110
963290
964227
553272
469773
847614
614441
843078
15132
673706
794416
540335
947083
95918
845003
961422
341491
13527
762920
706439
234816
910570
536809
691920
887985
503933
75948
737430
889276
935857
346822
16269
189135
912143
399439
35735
897714
549758
790551
75856
761864
377503
398263
245172
555253
888389
434945
374830
780761
819988
515417
485822
646009
124405
34205
734917
225791
617395
975872
292592
940888
771061
597620
364159
999867
16856
407173
238321
262986
446632
287107
837582
862544
319164
312344
944912
283499
716971
495032
805871
521731
395886
262709
945224
546744
869268
873522
23849
17370
290908
634416
117179
87505
330482
37636
727756
371741
326665
143977
328313
266488
146449
506226
669493
847128
252117
651672
240184
248017
279157
900657
932678
402774
53819
794946
551066
537312
362075
382635
477615
850471
642380
961536
391340
909197
55869
757497
133290
935194
315958
750143
189475
568802
823500
149414
865080
721603
320320
264442
279774
62667
724149
902066
904999
197238
838861
722626
917353
279764
859231
997644
181069
470025
304086
294134
927542
748270
89833
997207
31435
714710
129586
357066
539811
149163
519598
610213
228812
521462
320848
173572
923320
728189
566466
361022
563717
349702
803705
108345
781351
544314
952179
325082
287796
837029
738320
261460
119756
245466
723146
590242
425955
944500
712275
582608
73261
311222
323594
396146
300261
958612
897049
203320
72505
185419
524077
968602
852117
110315
973395
6509
37642
224373
546540
875416
840987
570015
99789
346784
317604
894708
186549
390494
424744
342488
236907
550611
334453
724585
131188
838162
498038
445698
953134
591323
396245
208921
310348
767688
905995
96456
127023
201888
663557
94761
841501
700234
901364
216602
896032
795931
145266
645663
816318
260368
980876
460519
482320
849367
199152
916903
184705
509256
859956
632099
548389
432881
838848
833803
866867
74830
786458
703426
883489
405208
317452
702073
541850
896948
560500
874938
259999
287500
859816
557569
335415
943611
859843
590980
673492
916130
473297
736340
454788
701656
88531
480860
12816
757822
973103
672005
451957
706799
924279
556924
989756
229335
762964
285643
37560
690139
228495
645220
86044
400886
425403
697085
639222
532004
542083
233300
624076
975030
32332
42580
605841
194950
192710
177424
444292
79877
169044
696364
719142
704624
625173
814555
396822
73441
417039
477826
397770
191106
937848
45564
581868
813276
855776
407543
213199
431245
835326
51451
792268
335640
340757
73867
352445
213591
114818
742820
976214
840267
58597
430498
298459
329620
802986
378306
701697
689660
371123
616642
299621
86893
241827
643493
527267
327171
658186
756818
22421
757180
226024
424028
737128
244940
283040
689757
915868
28173
273851
445947
557464
389204
364949
769996
557031
426079
453672
537814
697235
402986
921651
576111
607964
876705
227142
651779
589077
175919
996589
36468
33052
231220
620470
485340
586356
198038
440161
838958
322497
197039
61284
724090
790303
567268
446040
947791
575070
768533
579203
40954
804318
752048
573698
888813
700612
397536
186515
354363
506454
545315
119741
890432
172985
185978
308636
824478
642884
122425
193869
190306
416832
615166
867698
196868
862334
569982
300898
294349
366549
161211
15792
111571
291767
364882
586647
902496
764592
53808
725695
365809
463162
471333
828718
913242
506175
455633
703246
577287
682796
184506
727510
734109
618285
170688
94616
573950
150859
928616
806439
625707
602720
940308
228387
345477
666035
419091
91107
163500
707124
434325
210237
753544
3157
921207
372852
459558
297090
794749
916031
176314
424767
887901
436338
448515
810781
561528
599052
459980
208729
996196
769948
360910
711121
908324
427728
488179
463076
559033
486235
350581
299237
764049
64962
509989
394810
250654
737924
374152
707095
279938
109220
108124
527315
826726
718036
870840
237796
850474
123264
413009
135164
844087
826484
398104
993791
605808
653674
287105
660959
142662
669940
402847
868694
96042
380482
469227
571135
779038
395473
933220
577170
305381
586096
197776
372026
214297
558256
766624
301269
729435
706280
154865
197255
598372
635618
556527
55547
884346
311910
62036
10999
298239
418656
747150
29339
338212
954160
442751
257014
936890
607887
804254
195397
914025
205849
998779
407305
1401
627195
318111
365956
391310
531577
518673
287376
572337
955804
326197
767835
980488
997047
866384
538690
794344
632725
719591
672329
151041
56385
283396
868661
302456
965682
86426
118086
755346
635600
95744
729045
515275
687527
795993
180229
594695
854631
228181
860201
904160
403605
830672
542642
890910
350867
915736
348691
399620
764038
86476
477427
549319
696681
364575
116430
308698
62318
918588
139177
993252
246860
159684
90992
812051
317162
234226
40686
48778
268518
250720
960359
56118
705026
901283
691029
84990
788715
607248
763134
892313
11176
693986
71726
891193
98780
791476
765398
388389
15671
167784
182465
775140
979967
850602
380975
844245
688630
653519
253072
245788
82089
80087
795102
237239
598997
397137
542679
198510
613878
806302
567766
559529
278573
766349
773837
702043
642829
543910
681057
691548
447170
718082
825762
487573
852958
374615
494118
759956
48833
222482
304321
744448
487141
11293
77474
171110
749316
800128
133709
482993
614566
142243
238576
928057
386826
914482
469157
140402
49264
998297
32771
822725
372993
323566
362337
383803
823964
502831
442985
468054
673662
614624
716436
384634
968973
926999
103815
368904
177921
859475
204554
752524
401712
185862
759905
919500
596084
629619
168713
560321
513467
766834
684240
85218
683754
963537
396177
801691
428847
826517
93643
916829
235554
106782
258654
436687
375126
977704
347041
231202
419202
93037
217058
537154
974663
570536
841275
818728
733406
585525
568269
68620
82080
883093
839836
294200
823664
958093
39943
139000
706952
728749
589602
991469
900639
938798
776050
681921
743860
937141
718852
589621
64826
821812
747050
766487
315104
478768
823827
84879
280380
392989
741958
662231
45523
370213
910651
613131
156295
906055
97686
295190
353054
755868
368961
837580
485995
545461
376420
944150
437979
255201
765956
77256
545950
642955
863413
757967
692527
654143
920061
942982
515650
261005
581447
491239
408650
671878
54657
377310
78884
448676
333906
510841
837283
770822
869435
156348
444600
853464
717257
519698
260414
367825
149684
553374
822304
305174
784536
604526
259560
745980
110477
498001
617700
946730
140709
538495
573814
433181
420225
489783
241465
470150
341840
804390
71372
277390
859301
958467
583356
97785
749108
574776
169490
867944
961514
291514
243253
88057
201126
350585
548158
48585
20695
433267
306199
677529
308083
39395
487630
111566
612817
837080
63612
829586
367267
839200
42892
787929
939860
289699
935850
88638
395514
506763
296074
540939
1848
123745
995602
616471
327347
214579
902821
285770
357359
264049
410893
8956
449349
252824
967428
519420
865027
695558
355999
307757
731552
355243
610264
682122
59354
349792
237366
612297
303790
658386
76763
169950
567667
511831
494442
564438
422100
436321
396435
691876
226408
855376
109884
360505
698224
554017
171277
582284
462508
772036
206872
601657
857370
547468
265764
141957
492748
811968
489237
700736
499685
61198
819769
558531
14128
960095
975217
957593
849308
268998
421498
39930
173656
233361
480983
748915
865031
813186
986077
675873
324192
620568
424282
239515
762853
910662
412131
126768
538622
757765
805305
518790
178290
499269
125207
643297
759617
936958
610587
783364
412128
628710
574670
711602
75025
307963
722450
68429
541855
579711
722727
80608
740275
209860
439450
772536
674774
710877
737994
908140
780036
910580
151512
734590
268009
667578
32426
118234
384891
72761
632284
617979
160755
274181
53189
936301
200041
470993
719521
634029
178699
68445
827488
916844
493433
513997
53322
952498
142848
341589
590541
612192
127922
615377
916645
409422
196191
585201
890918
469139
888242
866258
657641
142946
252137
676711
795537
235601
641330
392982
829369
206198
356127
533343
155132
524650
6982
541239
226016
957167
240376
142899
348895
870766
330332
404512
539732
370840
525927
652271
892863
36079
936633
249165
406644
776477
54359
485713
232102
553154
851969
277071
430092
795019
192432
828745
872750
964541
778158
451525
742158
248722
331409
916154
507317
930938
878677
407844
805081
137922
598293
347255
394664
67730
789222
495856
172723
998160
270225
717190
263738
942755
745066
475264
622736
527570
332817
874336
507115
93578
550917
275581
853706
512702
277088
156334
464771
389801
667251
479778
128552
846127
660222
247885
932821
221985
733196
252733
200409
435744
501737
825227
883007
654489
704961
816428
991672
680174
524055
438567
975526
409589
643038
493793
380423
550105
953784
561620
769596
936606
860424
908958
224053
175235
95926
594294
479740
542080
126590
651129
234970
30703
702965
176290
859817
582791
226074
911129
641912
323010
418325
629538
891028
241825
496399
314806
657017
995270
948781
842479
521493
105726
284202
975708
630453
309602
915023
110388
426575
493458
51538
88936
175147
64034
590153
471953
749614
694353
979721
782665
523716
129588
282655
286101
818409
324210
963306
846592
617813
823400
698579
95363
97794
684141
992747
706591
102363
385135
475039
498253
773314
378044
25434
324685
54462
777181
456568
829148
449600
367005
992226
180609
66832
314919
101066
690885
641049
715021
783301
418178
80909
102117
353792
221204
684214
515278
620896
313197
443099
517648
558714
609029
45899
776545
224427
429678
485384
689668
911894
37765
979411
93965
767352
998532
873105
254911
516905
20021
623831
615510
246962
342913
202583
826976
472197
195943
548134
473733
584605
344392
103401
703464
424051
319518
485980
564390
542810
732429
235838
708092
124472
377682
842525
197189
970977
243416
431289
103648
651537
147497
5144
953200
82886
217921
163877
255741
503800
614783
181766
934455
812662
522805
353145
915867
470814
568926
320553
694063
321337
588463
268563
317351
308209
515014
677519
906090
125487
658303
857534
771758
730517
284326
186831
380479
597077
312262
543789
842975
38636
892256
122441
765640
777279
974647
87999
590157
265296
617672
16807
198238
140381
77016
43643
79594
908565
252133
908320
830879
382776
896638
592659
353613
200586
874223
551345
717736
453747
942228
375587
320556
977398
186958
642788
397851
408780
914836
241776
657378
632476
400929
453322
508378
249306
719307
120362
248106
935097
546228
266050
415753
176142
735385
125100
752097
72387
840456
327794
33807
224884
353582
340665
182279
366697
309134
699786
449557
989040
274510
415486
32062
139159
751404
560134
830597
929859
313037
87637
688905
927664
479734
211754
819403
532550
3348
703357
464782
237652
572853
666949
818135
548523
689049
292708
510612
640794
509539
721008
814425
863617
849258
497631
328517
808020
36973
522318
967811
208366
50083
342830
335533
265423
662831
779788
62794
878260
482866
139515
18616
77522
880443
667039
855653
702958
430041
853977
593079
77020
898322
2570
468556
67218
906092
115654
736795
960999
798376
387031
682809
305710
168654
199147
49656
880553
293476
903835
898602
792236
10360
955096
500611
947216
586141
124852
29852
593424
407282
727434
299028
657667
777885
689548
608657
931382
729367
980519
774372
875365
285409
619605
474891
566934
855957
677887
465808
478291
911127
967372
751694
383746
66602
716106
220691
599010
505311
852088
926689
703780
834728
244525
507663
596516
474954
237289
444749
925634
109105
546103
262917
765345
378717
742971
381084
514172
201658
374557
307351
612640
644494
582034
315867
101386
984076
259460
601356
383453
229893
488094
948439
656896
363326
628789
67532
337234
250140
873430
618147
546251
931772
208872
82656
798448
57247
311678
707280
26354
401859
846332
555763
202980
734733
845154
999604
133591
840289
879674
68691
839828
747348
590426
966755
994742
641721
749847
323631
183713
92248
220678
979640
20259
484541
207920
151834
568165
218604
452881
365709
511437
562930
524301
221958
520820
69014
988720
315517
756927
837359
766688
719242
162972
832463
221794
747305
567195
962205
952965
790428
434982
139137
338542
25648
409887
58232
548929
151063
601364
463303
905450
11508
238113
174091
408709
389174
35683
858735
23856
602459
341268
236728
560554
537302
26632
757626
102248
397260
369475
380910
150068
327095
504885
917915
376770
956205
663059
231024
177553
701691
871122
297332
429818
367403
241794
245268
511001
374246
829254
7963
96853
273074
139244
74497
320781
740891
799533
325018
486688
322736
857474
923247
404569
458661
291616
826154
680438
547542
31635
221930
176723
929323
697075
298615
781368
314774
259268
48271
176956
742201
672432
495711
36948
459429
412441
235661
677948
874366
117982
217266
444096
503418
548204
198181
137383
166664
852158
367026
88509
293645
853938
768426
213372
292041
232969
669076
119958
656472
819387
654081
705698
792085
834165
448446
517536
987865
760112
858018
203754
447969
204015
88262
992890
179022
392469
777620
950674
923845
359264
527352
36876
460534
737734
910324
492734
179322
505258
332368
401225
744150
878779
360878
817087
510557
102250
873596
441838
431793
719238
545922
643213
127786
834421
103259
605314
271183
236433
304768
203598
100224
912412
622144
952982
311415
238306
232396
896655
95779
162794
802734
236740
130164
31832
598042
349575
480373
888738
403421
392946
461010
214253
979122
783512
381435
793667
153715
469838
864353
637171
916653
820239
678622
565894
183948
454928
179121
806169
594997
309345
524390
620956
632243
284989
247508
331109
720904
904558
674880
30962
248933
373727
72736
180025
880502
217728
830777
559470
456020
704336
258601
250769
428318
169674
727105
792624
155170
809454
291210
713536
807092
996330
982121
302420
210913
980389
918109
198392
117950
237545
305508
840685
295001
545706
995261
518144
666321
130743
642121
603081
923074
876348
212235
992637
798488
309041
893454
99697
903173
710755
507750
283116
852685
105437
434894
174247
47102
891251
536305
397091
372286
915946
38916
299815
725628
839559
613584
291861
233353
692595
270605
144232
887039
826951
690922
933901
455007
749690
460330
563290
407545
318180
164584
193775
928836
384494
970363
94184
982541
481177
146100
62588
186508
919911
718084
340725
823123
48234
747515
770700
748640
343207
464107
782432
594961
481573
872043
839187
705527
37272
938807
548033
204739
65701
411061
441374
651548
406610
117458
191659
789523
303180
448331
375701
296430
928019
2120
502058
428257
111814
951778
550200
59803
70086
464710
1156
55547
866314
557425
473188
655139
953023
418843
476538
86629
279321
685936
409165
975131
110267
554553
770565
251795
277119
348762
810435
795366
95074
928244
538331
992554
695695
54122
266607
271485
839046
208065
933929
109762
464041
874017
548628
725608
979939
712824
939992
556453
631670
105982
207824
344835
716191
78867
214025
693009
818087
50564
377690
283770
383945
556012
339611
160754
764283
895287
674115
778828
403419
720322
715874
950696
168439
513758
24759
99786
357433
354164
251375
71367
822765
509122
445179
628377
573489
768259
763788
890769
531768
491501
155822
978475
553018
886548
550270
174333
382588
176172
415177
467082
619127
225515
868227
318195
701736
967053
400097
767629
466291
388977
594451
944270
999861
992033
945441
600864
800805
887919
465121
470936
407909
841850
104595
261760
599595
831312
268889
739792
225926
474158
218774
80828
301776
254306
915489
110055
212143
171537
388390
562805
253063
637269
131737
515902
83328
4158
250968
339422
922159
734714
920925
720233
770083
543247
264092
542844
375246
168452
479935
554478
186703
981088
595516
14054
655000
593994
584591
700678
531201
343759
235993
284549
501096
1922
388117
666075
347970
517950
655283
171221
265091
997511
694995
330056
83302
146639
851487
140962
206169
319764
697413
977052
172937
894054
640592
302539
44613
43655
40482
676310
381905
807915
808016
261058
141002
410718
331802
464361
648752
141061
502277
982154
353493
87868
106263
558585
321697
854687
481135
899127
587392
246052
176766
322780
36584
397030
784486
266033
925770
272188
867245
310426
377556
203720
185053
30832
440481
387916
443516
127213
712638
919222
983971
595265
579098
117500
57726
905857
128649
379618
27807
950271
463733
614041
436863
754420
759010
491521
135185
509338
214043
285263
536580
357591
905982
364298
839382
981907
651809
997231
384912
696298
911328
81077
818914
509821
351301
231659
805403
592675
765906
407421
515140
83261
68269
598037
350234
830632
635432
770910
219111
834827
129645
60579
589116
685583
288131
834838
576461
592686
120447
610605
622505
441509
67401
793831
683860
226499
492938
7533
278339
650596
626223
893843
32755
326711
380253
469501
543398
166330
814641
76510
411643
964807
165426
341084
852137
193288
952854
414096
55895
597959
818605
597417
298011
148704
323118
671536
336782
900503
696157
470182
371337
201286
698517
999433
423870
681711
526071
239605
750964
168816
288623
162728
766368
560852
880864
465694
886493
566854
755244
885723
306633
305568
307233
643271
407035
386849
591683
548915
296932
613501
224242
428218
206977
510479
982072
405442
838074
974250
865073
253218
610650
983949
786519
113117
854060
118388
401577
37837
371822
288907
278456
386907
43637
870974
704718
87339
224157
888811
973051
975124
248938
6201
993661
41484
370368
584130
402315
203363
538235
823852
632894
606950
444780
485397
569437
445412
778353
256364
744835
951629
819056
551453
475311
672502
658671
591652
985896
954680
650835
780739
654091
267385
971252
398926
163699
708482
243993
55524
224707
583567
703381
895416
557074
747558
835517
957581
678644
771231
488580
751360
752481
386690
188534
389119
580805
310797
398093
257496
418596
941716
293363
925100
67623
957507
603093
854594
910086
571328
151776
294455
355732
777451
289500
201875
193698
279943
735649
821688
986513
791922
302009
483124
595128
578832
319060
134325
978861
709382
345570
586460
166964
31266
300113
726762
823234
929112
886691
827799
287980
536680
701354
963969
756465
249627
82531
559233
203616
890091
503917
55386
798952
849090
370404
706315
40378
592091
262559
256324
339996
360069
977346
36341
581389
707910
576000
889217
347921
111260
584496
625489
860696
234335
419211
158918
161487
980098
743872
804998
186178
641144
279668
204664
325996
615027
127065
102858
4893
932039
495082
456751
647814
240941
38784
799911
335076
704804
305300
248310
11079
19378
682386
453750
156158
622601
485910
828552
426721
192708
949957
972774
746875
769936
863819
507604
409554
115816
390764
840373
935891
996920
451657
567290
45471
724899
91570
241589
985580
801760
171810
556108
763097
114239
538907
276168
667091
465930
993119
617421
280733
108166
720584
328356
475327
373017
586309
675700
28109
730821
253937
214992
312978
533586
937489
252906
538266
612619
735018
935716
513817
351006
567229
244167
840059
942823
820512
421837
64457
426630
104507
866392
25076
659692
579675
460102
510018
142197
385526
270748
215186
492143
340348
947423
979405
382202
928406
66241
647019
417287
596157
597304
320735
625282
366074
267755
563809
97228
30006
776006
921942
545185
705725
253998
768925
618777
650067
518222
209592
891466
70451
222926
401941
7626
683488
997989
208121
127634
214954
274885
688648
479422
477568
261557
586995
24433
237868
347709
495550
406421
690159
851194
719084
949120
154489
114257
580042
847090
515333
90112
959958
231547
311119
428112
755274
69369
974451
518567
113608
170431
919395
588858
138339
980626
757637
741407
188423
620685
558567
776896
848327
11428
636896
924588
322753
336005
388932
976583
686384
925786
884803
355426
859022
3115
230046
519077
711140
918497
626759
872553
634991
671781
405397
464738
684336
885543
497633
817465
458129
431611
793856
689720
285743
157021
614812
474143
263624
685013
136049
782164
77699
263798
672802
713654
184406
857664
205621
264978
699607
130021
399986
308078
963043
918057
962515
571651
233509
521122
154024
320457
955332
711647
63434
863530
365099
285093
753337
877208
909238
742613
994773
806074
608694
263401
299317
724161
222433
113373
374568
46618
32409
833834
101958
633852
571159
977581
465137
735776
191284
829351
710189
880657
662612
291421
595418
499417
334063
524384
894282
662555
595581
285863
619139
674111
600318
866648
535698
551431
396451
627813
280970
960001
433180
392275
784344
482837
657535
842390
838916
366846
143313
610137
766214
20757
575413
66458
361730
953161
251630
285681
61666
188459
40787
192560
357839
732518
360846
708134
859212
271820
756432
207294
675311
642827
697493
864773
369660
323838
674959
443977
370847
722912
327858
535772
564422
981147
818075
533688
250777
576382
364510
900540
455895
841486
684650
158165
830350
381619
754139
648632
999799
587411
153436
287755
107243
533052
610039
674339
516934
348347
788155
23208
506711
879114
575305
606485
554752
921317
668475
797468
675825
958781
193328
783719
171963
144966
924728
801336
541203
860459
171353
816945
995686
368674
389820
250416
53907
432153
926199
381266
722570
137999
869688
890585
779583
502016
391242
763112
797770
722872
978375
885035
916894
215177
586843
639123
605540
355480
180144
416255
561651
413585
33467
163446
859438
800443
119715
74385
325627
82213
61705
76918
241627
756352
554232
638782
905579
138631
186539
267896
456566
266776
633205
400647
382005
673638
838801
738534
354148
1736
401030
146252
438785
941545
697270
940075
367332
193186
561732
427794
39862
982309
944800
597298
244303
72208
216945
647421
461616
983969
3805
366314
60889
861257
342136
423765
438409
320985
321862
694788
2448
493209
405679
222469
15442
98936
473918
241075
328346
881245
510997
873879
487000
120604
994737
774954
211065
605380
944790
40120
632289
810453
423575
913249
572744
529486
983940
327674
875758
871397
667824
889488
304508
56720
114269
140172
248633
745344
436487
470194
558245
917166
261514
286660
368181
76558
844528
412547
275564
989535
177243
31893
669587
859492
581323
280194
413525
964269
283149
358488
324793
174158
530305
264367
184764
710065
741126
998215
971466
491016
856452
803213
849625
238554
697045
897917
539427
555199
157328
941921
60926
473831
627380
630711
389017
927636
167982
710448
972501
956968
591047
101909
275261
891672
762926
865284
266788
178048
654621
128985
333466
948241
10921
576936
581642
147365
390443
717286
95091
160691
572615
157671
12865
107038
355990
729409
345863
833128
737524
922640
142236
813572
382503
743059
663823
320392
794410
749876
220743
361921
908182
989605
890044
110177
69740
837030
325708
359827
773377
969187
990331
700079
393158
348793
422410
927753
838643
166233
15154
626084
834512
96837
171837
924868
923040
632312
479426
63777
902826
66083
991483
620407
373541
892689
566596
147962
804287
132459
738035
237991
928970
870168
486542
726326
434499
243196
683821
804396
473217
12194
233517
244493
10487
337908
612558
709294
717158
676903
938666
913575
72290
76084
976147
153191
545086
285760
788103
975523
