999203
998527
998102
996246
995450
995198
995049
989459
988192
986582
985876
985356
984990
984833
984226
983103
983005
982983
982811
978761
978745
978073
972380
972261
969840
968094
967783
967238
966517
965595
965200
964966
964218
961823
961767
961237
958985
958241
957449
956852
955508
954896
953497
952980
952867
952456
951924
949611
949526
948607
946896
945950
944719
943604
939332
939027
938095
937018
936986
935932
935092
934609
933574
932617
931959
931566
931053
929855
929695
927883
925421
924371
923921
923275
922500
919473
917694
917509
915940
915022
914945
914103
913579
912585
912465
908351
906888
903163
902480
901583
900511
899836
898672
898111
894962
890206
885537
884689
883315
881070
880728
880656
879302
878750
878447
878194
876121
875531
875493
874879
874334
872953
872714
872489
872105
870644
868108
867055
866211
864367
861811
861664
860603
860426
860419
860135
859502
858639
857505
857025
856220
855959
855228
854721
854428
854082
852629
851562
850472
850061
849006
844050
843613
843146
843051
842136
840033
839494
839418
838647
837250
835353
834879
833214
829285
829271
829071
828784
828282
828145
826263
824150
822647
822538
822508
821971
820878
820284
819824
818962
818949
817392
816934
816162
814004
813298
813293
813244
812875
812045
811905
809829
808858
807197
806740
804674
804326
803727
803281
802490
801801
801399
801197
800066
799321
795736
794341
790824
790650
789839
789644
788889
788657
787899
787630
787035
786977
786230
786174
785708
785677
785131
782543
782453
781746
781561
780678
779865
779219
777626
773201
772559
771762
771505
770547
770444
769579
768326
766360
765760
765129
762277
761315
758597
757915
757797
757472
756854
754888
754881
754122
752997
752093
751899
751663
750961
750845
750581
749639
748870
748605
747677
747552
745762
745539
745307
744651
744611
744194
742643
741941
741366
737632
734498
734483
733731
733507
732777
729975
729665
728903
728617
725589
725490
725430
724513
724495
724121
724114
724064
723628
723047
721540
721509
720010
718421
718285
718019
717685
717350
717251
717108
714464
714459
712478
711759
709893
709850
708958
708665
707358
706617
701931
701499
701258
700585
700428
700062
699560
698966
698790
698320
697577
696221
694438
691754
689271
688260
687990
687196
686954
685497
681977
680510
680447
678814
678325
677980
677322
677114
674778
674700
673113
671868
670514
668466
666370
666071
665773
665263
664672
664553
663661
663376
662341
661980
661718
659654
658794
658716
658579
657227
656758
654691
654622
652400
650843
649896
648836
647175
645408
645245
644858
644045
643693
642931
641443
639469
639184
637474
634641
634051
633305
632151
631324
630954
630007
629596
629335
625147
623937
623449
622528
622132
621391
616877
616279
614964
614707
613585
611647
608456
606790
606722
604180
602944
602370
602241
601627
600787
599470
598441
594522
591987
591569
591190
590817
589932
588993
587818
587561
587454
586721
583540
583344
581865
581755
581367
580204
580189
579284
577554
577353
577291
575340
573812
571144
570815
569863
568108
566092
565478
565362
561167
561145
557864
554804
554551
551908
551540
551510
549715
549056
548655
545621
544620
543403
542782
542782
542288
540976
540703
540328
540104
537968
536857
536852
535862
535770
535513
534554
532238
531890
531765
531268
530799
530266
529884
529647
529542
529277
528937
526654
526580
525627
525400
524599
523973
523351
520335
519218
516335
515687
515675
514467
513635
512891
510002
508527
506943
505632
503901
502456
501038
499155
498323
497936
497133
497062
496876
496395
495010
494305
492691
492048
491598
489840
488723
485544
484542
483554
482689
481709
480319
478533
478430
475471
474940
473317
472677
472266
471314
471132
470047
469704
469120
468851
468227
467921
467715
467666
467662
466741
465187
465084
465057
464618
463821
463704
462775
462711
461173
460596
460256
459991
459100
458074
457798
457706
457429
457351
456369
456329
455029
451776
451750
451508
450668
448033
446879
446490
444647
442909
441798
441001
440669
440504
439094
438921
438306
437039
436468
436223
433811
433080
432402
431263
431072
430731
430517
429807
428489
427159
425822
424389
422204
421864
421510
421005
420993
420464
419337
419189
418243
414061
413817
413252
412174
412045
411001
410842
408897
408186
407608
406637
402762
402658
402518
400475
398222
397850
396584
395731
393666
390732
390666
389200
389032
388387
387271
387165
386403
383244
381894
381313
380078
377348
377298
375019
374941
374123
374118
373576
372706
372462
372389
371835
371578
371099
370570
369893
369751
369328
369049
368990
368822
368800
367919
366763
365909
363542
363509
359761
359729
356676
356364
355134
353612
353341
353266
352087
351750
350539
350356
350169
349803
348405
347948
347277
346982
346981
346531
345767
345119
343601
342183
342098
341222
339698
337801
337449
336736
336476
335385
335088
335067
334155
333565
332671
332567
329965
328855
328039
327654
327144
325519
324661
320829
320398
319727
318660
318342
317715
317699
317632
316661
314936
314862
313852
313507
309947
309455
308652
306016
304854
303845
302867
302540
301396
300388
299825
299475
298709
297898
297827
296397
296223
295187
293651
293649
293571
292237
291981
291776
290818
290228
287389
286775
285179
284923
284173
281547
281259
280489
279442
275887
274689
272152
271541
269470
268729
267501
263874
259403
258170
258150
257359
256856
254402
253231
253142
252827
251144
249532
249088
248410
248334
247824
247242
246975
245731
245456
244044
243597
243438
243063
242312
242068
238146
235529
235504
235172
233977
233342
232584
231802
228071
225408
225307
221011
220036
219805
217532
216922
216545
215834
215448
214573
214389
213934
213523
211328
208223
206995
206807
206532
203439
202959
202367
200805
200425
199680
199138
198352
197504
196019
195775
195168
192257
191829
191556
191165
191042
190218
188541
188297
187602
187079
186957
186278
185561
183890
181566
181350
180919
180424
177261
176383
175423
175171
172723
171931
168509
165540
164700
162508
161808
161383
160748
160572
160266
159785
158716
158567
157090
157078
156581
155872
155552
154207
153592
152722
150449
150445
150404
149987
149271
148660
144822
144627
139377
138347
135209
133916
132991
131303
130790
129058
128368
128289
126722
126708
126379
122006
120639
120253
119377
118687
117444
114856
114061
112201
111388
106100
105309
105280
104802
103422
102532
100906
100146
98344
97227
93771
93042
89175
88806
86395
85615
84115
83795
81477
81374
81129
79845
78470
78383
77630
77320
75131
74398
72724
72378
70284
67000
65811
64702
64395
63855
60617
59869
59835
58890
57734
57682
56450
55323
54680
54205
53720
50145
49360
46671
46639
46308
44421
44053
43649
43331
42304
41390
40230
40115
38567
38518
36603
35811
35478
30956
29981
29105
28428
27797
27607
26146
26119
24784
24075
23266
23208
21099
20421
20205
19972
19625
18673
18613
18499
18017
17234
13030
12021
11288
10954
9943
8849
7694
6744
4729
4496
4054
3849
3753
3371
2735
2539
2047
1302
872
110
