999171
999089
998371
998359
997677
996481
995888
995635
995185
995114
994270
994038
993860
990570
990361
990063
989189
987961
987791
987489
984399
984285
984224
982267
981265
981119
979710
978372
977498
977277
976122
975841
974996
972757
972665
969930
969169
969145
966064
965522
965255
964972
964862
962532
962406
962392
960603
960528
960164
959053
958664
958273
956001
955335
954510
952051
947844
947755
947479
947176
946811
945598
942943
942626
942299
939654
939007
937826
937390
936916
936691
936364
935419
935274
933905
932295
930567
929719
929548
929382
929052
926577
926386
923947
922149
920780
919803
917988
917972
917460
915517
915012
913415
913305
912589
912582
912447
912428
908115
907151
906291
905483
905446
904897
903871
903154
903134
902864
902216
900869
900545
900289
898274
897188
897155
895032
894824
894496
894339
893412
892937
892899
892798
892320
891843
889005
888935
888753
887867
886871
886425
883041
882993
882246
879839
878797
878650
878377
877710
877541
876472
876414
871228
870492
869264
869251
868581
868293
868110
867095
866394
865761
865748
863404
862436
861906
859875
859405
859032
858520
858301
858068
857777
857554
857513
857201
855754
855178
854727
854183
853641
851984
850530
849105
848262
848022
847462
847178
845800
844296
843773
842912
841952
840263
839519
836965
836444
836432
835157
834018
833601
832268
831673
831166
830404
828489
827350
826153
826131
825648
823958
823866
823591
823526
823231
821892
821601
821395
821106
815160
812724
811349
810947
810765
810486
810311
810061
808846
808537
806987
805922
805858
805327
804357
804185
803378
802769
802659
801234
801119
797145
793372
790749
790442
789382
784725
784477
782836
780906
779787
778460
776743
775862
774064
772493
772112
770798
766098
764712
763167
762991
762364
760327
756702
756171
756128
755445
754334
753993
752191
751128
750401
750074
749573
748776
748629
748621
748522
748522
748354
745382
744116
743861
743841
743465
743157
742324
741724
740345
739502
739438
738096
737199
736574
735888
735773
734817
734067
733325
733031
731263
729856
729734
728828
728609
727305
727196
727066
726734
724911
722528
720888
720664
719866
719337
718572
718058
715739
715476
714646
714490
713980
713502
712512
710957
710443
707956
706472
705222
703575
702412
699411
699215
699175
699057
697854
696897
695531
694322
693665
693107
691884
690309
690289
689815
689670
688713
687124
687087
683034
681237
679739
679275
679183
679178
676768
675244
673670
672131
670557
670026
668621
668202
665055
665027
664591
662728
661870
661425
655344
654996
651897
651407
651192
650486
649302
648866
648711
648631
646719
646707
646357
645612
644355
644246
643171
641930
641645
641456
641411
641137
639374
638893
637234
635285
635272
635255
633769
633415
631194
630984
629474
628195
627163
626871
625423
624356
624271
624241
624085
622030
619829
618915
618905
618548
614205
610100
608945
607681
607173
606178
600377
599949
599396
597268
596641
595557
595002
593011
590440
590059
588640
588360
588251
588067
586054
585560
583933
583239
581757
581402
580957
580504
580316
579632
579575
575650
574471
570937
570368
570073
569244
569056
568417
566558
565230
564536
564248
562812
562406
561170
560471
558001
556337
556117
556041
555450
554849
554224
553576
552964
552662
550589
549881
547382
547039
546835
546406
546391
545271
544653
543852
540780
540531
539771
538507
538267
538094
537095
536712
536121
533441
532772
532109
531781
531353
530906
530590
524611
524205
524115
523091
522658
522207
521625
519789
518696
518059
516417
516280
514848
513331
511612
509329
508734
508093
506734
504644
503191
502743
501615
501235
499934
499280
499171
498749
498429
498398
497550
497246
496702
496523
495997
495363
494756
492882
492863
491700
490643
490392
490128
488399
484150
482189
482089
481334
479417
477964
477740
475003
474923
474531
473165
472800
471785
470946
470655
470577
468880
468249
467605
467501
463934
463387
462675
462387
461554
461209
460789
459735
457572
456847
455355
454894
450219
447963
443942
443465
443373
443261
441232
439582
438113
436003
435494
430517
430472
429920
429352
428470
428017
427645
427392
426740
425179
424159
423976
423814
421453
419898
419578
419252
415763
412460
411875
411483
411437
411366
410979
410937
410638
410312
408370
407411
407130
407104
406935
406234
406049
405169
404512
403980
402375
402207
400980
400117
399683
398608
396502
396431
395946
395330
395218
394856
393576
393284
390853
388551
387055
385366
384151
383440
383189
380520
378375
378273
378088
378022
377767
377426
374495
373559
371043
368924
368397
367345
365738
364822
363713
363139
361641
359366
358884
358635
358518
356696
355439
354298
350567
349449
348684
347143
345162
342526
341203
339844
339603
339267
339158
337720
335970
330440
329030
325373
323970
323451
322946
322520
322457
321098
320957
320218
320171
319258
317122
317019
316957
314109
313286
308410
304790
304323
304237
302724
301697
300970
300623
300059
299929
299460
299053
297032
296941
295495
294738
294640
294426
294139
292491
292221
292170
290414
290275
287204
285778
285108
283652
283340
282527
281800
281005
280868
280188
279656
277306
277119
275920
275545
275521
274548
273746
273582
273170
273000
272937
272027
271920
270736
268960
268479
268443
268181
266127
264603
264185
264164
261526
261061
257981
257427
256781
253271
252426
252303
251268
250773
250478
249905
248772
246714
246576
244050
243093
240990
240671
240460
239875
238652
238440
237672
237316
236129
233897
232437
231341
231341
230932
228773
228649
226703
226368
225174
223204
219410
219330
218591
217996
217360
217306
216229
215867
215770
215254
214082
214067
213662
212636
212523
212007
211618
210348
209169
208018
207462
207129
204722
203946
202260
202094
200275
200083
199937
198340
198147
197143
196613
194216
194195
192768
190520
189906
189709
189667
189453
188859
188529
188500
187929
187884
187755
187491
184119
183626
179808
178371
177979
177768
177218
176962
176709
175455
175019
173444
173324
172313
172239
171978
170452
169450
168579
168264
168241
167032
166835
163805
162213
159102
156871
156770
151768
151696
148201
147917
146022
145696
145506
145044
144209
143251
142432
142052
139903
139174
136197
134519
134244
133789
133260
132414
130096
129727
128651
126163
125351
125224
124778
123686
123370
122550
121271
120859
119445
116009
115307
113850
112282
112069
111849
109473
107810
103486
103274
103176
103012
101473
100655
96943
96762
93169
92907
92040
91695
91551
91099
89111
88853
84900
84650
84650
82509
82375
82321
81491
80820
79912
79391
78392
74485
71829
70814
70294
68088
68058
66878
66513
66440
65869
65279
60789
57874
56499
55151
55099
54285
52370
52145
51506
50922
50896
49735
49239
48078
47570
47015
45710
44055
42124
41736
41332
41220
39965
37306
36087
35505
33615
32553
29230
27956
27059
26881
24809
23356
23169
22962
21363
20478
20386
18369
17665
16949
16377
15852
15582
15582
14462
14374
13152
11126
9829
8395
7362
4708
4104
4012
3954
3267
2187
2087
1521
246
