998825
997295
997013
996878
996529
996366
994912
994296
994006
993992
992940
992602
990797
989491
988132
987083
986701
986378
985531
985171
985081
984623
984495
983953
982656
979802
979784
979420
979332
977571
974343
974116
971731
971337
969229
965878
965617
965039
964816
964695
964401
961469
960023
959770
958630
958383
952095
948931
947961
946388
946384
943686
942178
941965
940479
939564
939496
934512
932868
932209
931978
931781
931553
930831
929247
927001
926988
923200
922970
920529
920454
920411
920026
919561
919003
918317
918277
917573
915162
914821
914371
914111
912760
911955
911335
911237
910917
910759
909647
909460
908614
905978
904315
903688
903476
902003
901688
901325
899584
898924
898632
897843
894448
892849
892666
892502
891870
890166
889573
889218
888155
888070
885817
885786
884370
882608
880402
880245
873988
872676
872482
872025
868700
868201
868025
867475
867452
865601
865144
865018
863213
862425
861682
861498
860045
859246
859175
858276
856929
855571
855064
854299
853042
852978
852550
849373
848057
847790
847176
844891
843127
842967
837461
835728
835707
835125
832313
831580
831465
830943
830472
829546
829205
828583
827333
825850
824019
822819
821895
820888
820677
819366
819210
816529
815847
814838
812261
812150
811961
811841
811226
811138
810796
808340
807200
806815
803853
802825
802006
800954
800757
797560
796481
796381
795997
795191
794999
792703
792388
792069
791830
791180
790822
790770
789601
788432
788239
787506
786303
784582
783666
782987
781389
780850
779371
778372
778133
777936
774726
774316
772608
766799
763293
761192
760188
759324
758623
758498
758302
757819
757082
757066
756659
756431
754494
753565
751753
751538
751452
750292
749519
749291
749277
748100
747833
747513
746589
746376
745858
745158
743421
743304
742229
741697
741024
739680
738632
738045
735790
733548
733251
733093
732986
732565
731253
731216
731049
730899
729693
728714
727960
727756
724837
724718
724309
723932
722388
722210
722012
719900
719535
719100
717607
717224
715011
712137
711294
710391
710112
709060
707727
707351
706458
706457
706198
703140
702907
702419
698728
698589
696260
694883
691210
689852
688896
687958
687532
685861
684838
682289
679402
677807
674970
673148
672700
669812
669343
668328
668289
666649
666137
664840
662879
661279
659870
659520
657842
656120
652332
651062
649398
648948
648899
648798
646885
645258
643627
642772
642309
642146
641905
640524
637504
633880
633304
632847
632680
632652
631688
631650
631508
630698
629933
629840
629765
624339
623995
622486
622115
621650
621559
619238
618958
618651
618570
616271
615591
615590
615297
614008
610581
609288
607802
606978
606835
604120
603563
603388
602497
596761
593134
591390
590904
590758
589606
588934
588183
583936
583896
582066
581679
579631
579227
578385
577934
577750
575717
575664
573964
573694
572676
572375
569864
569565
569060
568353
567953
566957
566810
566714
566072
565455
564064
562703
562649
561868
561259
560679
559717
559678
559496
558660
557799
557365
556236
554915
554852
553486
552010
550967
550357
549549
548105
547397
545403
543198
542869
542629
542358
542276
541460
541456
541114
539815
539655
537050
532372
530176
529863
529673
529313
525410
525294
524856
524633
524041
523762
523286
522985
522892
520563
520047
517848
517687
516872
516744
516540
515433
513662
513643
513617
513280
511883
511824
510112
507234
507228
500291
500053
499090
497597
497537
496810
495791
495646
495399
494699
492373
491850
491442
491235
491101
490922
489847
489643
488292
486913
486620
486224
485618
485124
484883
483007
482977
482887
482313
482188
481107
480917
477975
476661
476087
475394
475373
474762
473615
472502
471127
469753
468701
466235
464158
463522
463272
462380
461947
459952
455857
455585
455059
452202
451957
451580
449697
448341
447894
447857
447059
444139
443919
443685
443195
441023
438411
436699
436241
436237
434862
433804
432661
432639
432152
429942
429892
428777
427005
424715
424345
423225
422308
422115
421588
421574
421107
420230
419985
418633
416774
414948
414113
413255
411694
410799
410168
409515
407358
402681
400379
400339
399491
398954
398807
396437
395487
394247
393732
393129
392869
392385
390603
390024
389409
389119
388445
386391
386197
384841
383984
383138
381923
381883
381735
380796
380678
380239
378752
378426
377097
376947
376563
375291
373819
372496
372290
370949
370945
370479
368772
366215
366009
365830
364743
364216
363982
363717
363704
361711
358272
357010
356990
356063
355067
352941
352836
352724
350984
350545
349291
349104
346255
344888
344043
343211
343210
341555
341475
339509
338916
338355
337982
337275
336251
334175
332491
331805
331392
331231
330827
330542
330338
328251
325078
325007
323402
322884
321878
321223
320685
320247
318472
318242
316219
316083
314031
313182
312860
312254
312201
312036
309872
309187
308056
307857
306739
306101
304112
303615
302435
299659
296104
294462
293434
290419
290396
288559
287989
284865
284649
284622
284347
283317
282966
282664
282411
280928
280421
278688
278008
276878
275648
273297
272834
272340
270059
269732
269712
267960
266398
266074
265050
262597
261563
258269
256235
255961
255939
255681
255678
254422
252612
251531
250640
248789
247848
245763
245397
245351
244897
242896
242286
242217
241951
240194
239945
239631
239318
238708
238347
236349
235979
234725
234707
231150
229505
228978
228208
225732
225532
225481
224925
224856
224556
224030
223343
221479
220825
219659
218792
218671
218327
216166
215556
213167
212970
212058
211418
209662
209584
209440
209425
209043
206381
204642
204042
202902
202660
202596
201100
196906
196783
196640
196299
195937
194389
194373
193808
193346
191025
190765
189149
188142
186842
186216
185879
185593
185443
184977
184913
184321
183421
182469
182395
182331
181265
179592
178980
178503
178479
177887
177358
176334
176037
175686
175431
173644
172301
171110
170377
169041
168759
167573
167321
166297
165118
164614
162107
162000
161822
161230
160746
160579
160296
160047
159323
154673
154517
153980
153508
153453
153171
152278
151060
150920
147215
146850
145978
145269
142409
141451
140558
140242
140074
136023
135863
135575
135234
135142
133152
132524
132114
130716
130155
129440
126423
126371
126315
126256
124793
123885
123540
123067
122344
122295
120629
119709
115653
115471
115338
115072
114432
111999
111815
111810
111610
111526
111252
111162
111066
108244
105299
103163
102840
101195
101011
99966
99428
98756
97856
97730
96678
96385
96328
96232
94044
87136
86633
86106
83384
82859
82435
82141
81133
80485
79786
79269
78258
77170
76721
76155
75549
75125
71819
70113
70063
69875
69320
69306
65624
65405
63237
62280
61926
61017
60484
59124
58279
56032
49625
49229
48796
47375
46488
44919
44330
41795
41005
40251
38918
38630
38424
38086
37634
36985
34793
34752
34749
34135
33414
31824
29613
29273
27898
26252
25132
24854
23477
23425
20805
18370
17936
17405
17338
16457
13978
13308
13017
12593
12551
12467
12452
10755
8433
6841
6392
6283
6112
5995
4935
4051
817
