999716
999566
996958
996357
996037
995609
994815
994707
994263
994052
993252
993200
992920
992528
992316
989188
989013
987964
987563
987502
986363
986231
985788
985606
983741
981686
981435
981158
979220
978708
978299
976926
976391
975733
974738
974079
972399
971966
969811
969408
964504
962665
960527
959594
958251
957956
955050
955001
954910
954759
953573
951977
951453
950769
949990
949583
949543
948975
944846
943328
943195
938924
938422
934432
933638
933239
932523
931504
930959
930439
930400
929232
928726
927798
925658
924376
922691
921751
921611
919250
918833
918634
914376
913087
908389
908234
907271
907023
905057
904577
902885
902007
901749
901557
900862
898457
898002
896157
895997
895464
894116
892512
892457
891689
890994
890639
889111
889000
888314
885349
882856
881359
881333
881144
879971
879476
875145
871960
871138
870069
869446
869031
867261
867250
866001
865534
863655
863214
861410
857414
856522
855852
855052
853500
853315
853244
852878
852705
850691
850535
848945
847839
847076
846464
843813
840051
838704
837984
837957
836527
836366
835314
832818
831851
829456
827827
827775
826634
826546
824271
820342
820326
820104
819628
818939
818429
817416
813406
812292
811414
811388
809788
809530
808818
808529
807788
806512
805518
805203
802479
802086
799508
799140
798604
798436
797395
796769
795996
793000
792769
792234
790055
788755
788732
786682
785238
784588
784290
783770
782198
781694
777753
774976
774510
774353
772942
769966
766884
766266
766112
766043
765719
763855
763252
760846
759237
758053
756430
754384
753475
753289
753174
751916
751211
750868
747021
745991
745867
744822
744794
744014
743716
743588
743152
740469
738613
734749
733952
733568
733437
732443
731622
729403
727250
726383
725479
724001
723258
721594
720547
719310
718506
717446
715693
714777
714373
712867
710665
710314
709208
708913
708846
707747
706239
704537
704123
704061
702025
701157
700708
696301
692328
690581
689201
689100
688710
688591
688256
688169
687905
685407
683764
682539
682245
681552
679203
678794
677567
676676
675742
675521
673041
671353
670839
670811
670580
670266
669388
668033
667951
666469
666165
664247
661431
660870
660608
660316
660100
658441
656282
656095
655267
654649
654397
654113
653753
652554
651809
647548
647189
647147
644299
643423
637637
635479
635402
634271
633721
633260
633212
632594
632309
631273
628217
625783
624707
624655
624483
622908
622719
622109
620746
619977
619453
619449
619107
617565
617420
616760
616337
616334
615394
613795
613475
612641
612240
611336
609461
608640
606375
605577
601582
601240
600468
599586
599480
599330
598351
596479
596247
594699
594375
593417
593235
592578
592123
591961
590974
590809
590671
590545
589601
589597
586506
586311
584930
582675
582504
582322
581105
579219
577458
574011
573996
573179
572529
571177
570987
570669
570122
569416
569058
568871
568805
567379
566944
566856
566605
566196
565684
565673
564587
564240
564212
563105
562478
561937
560349
559985
558721
558714
558253
557758
557345
557061
556812
556666
556605
554748
553402
552685
552248
551997
551826
549940
546120
543225
542986
542147
542086
541927
541750
541595
539433
539353
538134
537515
535312
535057
534599
533969
530235
529926
529846
529068
524885
524845
524817
523265
523025
522083
522076
521776
520554
519952
516723
513233
512967
512435
512384
510805
510184
509346
508632
508621
507850
507201
506460
505725
505348
505273
504658
503904
503318
502973
502867
499669
498557
498305
496733
495212
495149
493671
493223
493137
491576
491286
490728
490022
487361
486585
486287
485527
485126
484122
483234
480143
479926
479276
479150
477484
476230
474705
474018
471399
471174
470533
469049
468125
467028
466590
465355
464112
464003
463490
462606
461681
459104
456905
456544
455299
454796
454759
454061
453830
453572
452345
451695
451288
450860
450285
450082
449615
447784
446556
440133
439267
439027
438374
437875
436322
436180
433063
430701
427769
427556
422255
420479
418360
417198
413665
413409
411929
411580
411236
410285
409500
409156
408939
408804
408286
407538
407110
406733
406425
403349
403301
402948
400811
399854
399342
398572
397503
394671
392954
390055
389080
387283
385051
384633
384498
384456
384248
383756
383700
382746
381402
381230
380180
380054
379625
378949
377465
377039
376387
375328
374512
373407
373166
372868
372540
371977
370300
369579
368296
366519
365234
364740
364060
363261
360463
360285
359533
357540
353717
353459
353143
352856
349274
348323
348055
347704
344745
344558
344266
343014
342753
342555
342223
342062
340519
337189
337077
336477
336358
336339
336273
335661
335098
333280
332473
331853
331762
331003
329444
327721
327345
324069
323321
319553
319010
317977
317654
315977
315532
315214
315193
314200
311569
311450
310195
308875
306923
306902
306146
304193
303862
303733
303211
302388
302375
300679
299908
298925
298896
297883
297407
295373
290396
290141
289669
288765
287377
285537
284248
283350
281648
280687
279624
277823
277786
276603
276098
275127
274032
272172
270806
270714
270359
268016
267443
267224
267117
266993
266689
266363
263894
262900
262403
262189
261596
261083
260209
259340
259202
256898
256446
256315
252373
251556
250596
250537
250239
250144
249889
248846
247243
245645
243182
239835
239443
239272
238769
238333
236752
236369
235598
235393
235157
232979
232626
232238
229365
227401
225815
225679
225306
223956
221688
221314
218707
218474
218393
217735
215983
215134
213259
211481
210790
210057
209792
208361
204719
203817
202645
202338
202215
201897
201793
201252
200560
200552
199888
199829
199114
199003
198268
195199
194538
194145
194030
192603
191579
188738
188385
188176
187533
187162
186378
185284
185173
181004
180590
178849
178630
178211
176292
175625
175592
174710
173888
172692
170100
170085
169435
169395
167809
167376
167179
166657
166635
166397
165346
158280
157542
156032
155407
155229
154109
153945
153156
152364
150790
147946
146815
146715
146654
144468
144301
143575
143571
141800
139262
139233
139010
136748
136314
132181
130786
129911
128503
127608
126998
126751
126559
124517
124484
124061
123302
123130
122659
119869
119364
118299
117757
116786
115414
113277
112686
112607
109399
109365
108719
108646
108103
106000
104071
103765
103607
101453
100634
99899
99558
97505
97459
96913
96485
95418
95051
94404
94383
93883
93535
93359
93049
93023
92032
91823
91445
91201
91028
90207
89743
88750
86702
86331
85376
84498
84154
83169
82513
79347
79160
78814
77878
74097
73104
71595
71462
70622
70484
70285
70159
67463
66528
64759
64497
63815
62476
61480
61049
59922
59475
58751
56900
54826
54771
52292
51187
50548
49983
48529
48426
48383
47856
47778
46985
46710
44645
42619
41920
40305
40024
39399
38841
38555
38141
38024
37100
35220
33839
33315
32831
32115
30313
27639
26935
26109
26055
25214
25103
25058
24661
24596
24436
22921
21410
21308
19718
19175
18059
16924
16018
15850
14643
14617
12802
12119
11952
10693
9205
8055
7687
7519
5057
4867
4464
2065
1272
602
