999119
995060
994168
994055
993054
992340
990926
990822
989666
989222
988754
986685
986056
985648
983466
983408
981704
980535
980214
978853
978519
976126
975304
974893
973859
970588
967971
965807
964189
963894
961992
960984
960194
958979
958523
957369
957005
955902
955001
953822
953016
952688
951807
950769
950384
949849
948184
946371
946005
945627
945370
942605
941840
941264
940021
938104
937533
937094
936502
936334
935615
935376
934531
934228
934200
934186
933766
933597
932644
932477
932019
930504
928733
928624
928579
928153
927712
924191
923762
921137
921043
919771
919167
916821
916010
914893
913776
913638
912927
911768
911594
910188
908983
907797
907612
907533
903675
903552
903328
900671
900625
898895
898314
898004
897364
896683
896440
895429
895280
894030
892928
891409
890865
890784
889178
889158
889128
889094
888764
888465
888367
887896
885230
884215
884071
883615
883112
881065
880188
880181
878901
878738
877641
876886
875229
874152
873903
873601
873227
873021
872246
869904
868975
868747
868681
867388
866362
865938
865722
863914
860544
858604
857004
855676
854964
851036
850601
846036
845693
845219
840365
840209
840037
836250
835150
834844
833987
830740
830727
830157
826329
825978
825111
824484
822059
821510
819147
818596
817953
813931
813809
812512
812318
811626
810509
807248
803663
803388
803112
803110
803096
802286
801725
800631
798968
796902
796063
793292
793283
791493
791376
790304
789845
788522
786705
786634
786492
783473
782736
782395
782281
779728
776635
772955
770298
769430
768854
768830
767679
767633
767204
763715
762538
761798
760577
756725
756708
756261
755384
754021
752742
752463
752152
751858
751731
751402
749360
749231
747515
745251
745184
743287
743270
742963
741178
741165
741132
740755
739730
739678
737475
734965
734682
733725
731947
730052
728623
727318
726986
726235
724323
724253
719393
716461
715808
715042
714897
712059
711817
710872
710863
709623
708894
708730
706416
705375
705062
703949
703163
702310
702256
697717
697645
696776
696763
696243
695160
695135
694207
694007
693614
693496
692998
692191
691986
690692
690151
688552
687954
687700
686901
686664
683401
681380
681010
680435
680132
677785
676616
676347
675788
674526
674247
672076
671937
671675
669357
668534
668510
667059
666178
664171
662758
662451
661403
661135
660680
658604
656630
656179
655495
655263
650882
648603
648387
648138
647731
645736
643598
642784
642566
641218
641131
639885
639447
639391
639374
637730
637149
636827
633719
630701
629873
629471
628338
628324
625772
623896
623009
621744
620505
619940
619668
615487
614734
614080
613781
613716
613494
613241
613109
612015
610455
610391
608513
607760
607403
604863
603777
603685
603213
602436
601082
600688
600660
600349
598389
597298
597114
592849
592688
592075
589254
587242
586593
584665
584180
583869
582926
582165
578485
578158
577295
574837
573304
572799
570268
569890
569300
569003
567840
567799
566503
566454
566277
565607
564076
562503
561360
559766
558680
558315
557336
556949
555427
554904
553224
552167
549701
547302
545349
544315
543343
542653
538994
538316
538296
536719
536651
535261
534582
534137
533975
532952
530866
530287
530035
530011
529732
529412
525333
525073
525047
523833
523774
522922
521989
521628
520480
520449
518548
516446
515240
515003
514103
512035
511418
510791
509637
507542
506872
506412
505758
502358
502081
500973
500005
499440
499005
498964
498786
498179
497370
497084
495615
495454
494242
493722
493011
491716
491661
491403
489443
488406
485128
484126
483375
482632
482497
478813
477364
476773
475792
475074
474109
471767
471567
471438
469913
469188
464932
464324
464243
463841
463814
462960
462340
461463
460810
460478
460199
460099
459560
458883
458015
457936
457814
457535
457374
457103
456864
456762
456661
456084
453946
452229
451701
450859
450517
448645
448287
446903
444915
444201
441897
440768
439375
438210
434211
431248
431040
430723
430503
430284
428140
427464
425672
425092
424892
424616
424285
422717
420716
419340
417915
416801
416673
416648
414156
413442
412348
412052
409854
409051
407617
407376
407288
405790
405201
404472
404435
404098
401132
399564
396859
396463
395604
395097
394407
394405
393573
393452
393327
392772
392271
392003
391983
391444
391329
391242
390159
389969
389244
386335
386293
385704
384744
383235
382758
382401
382389
381590
381161
379847
379125
378968
378863
376627
375200
374988
372860
371818
371346
368574
367459
365488
364880
364851
364765
364719
363487
361808
361722
358405
356071
355677
355280
353631
350185
349669
349475
349358
348181
347308
346400
346336
345839
344550
342704
342199
340070
339733
339292
338899
336034
335914
335831
335829
331308
329620
329357
328281
326597
324256
322310
321957
321857
318289
317903
316928
315002
315001
313292
310839
309866
308003
307610
307608
307242
307078
306550
306202
303231
302638
302221
302007
301348
300892
300673
300304
299932
299799
298318
295509
293170
291510
289658
289061
288340
288007
286303
285903
282779
282630
282523
281211
280526
280234
279677
278944
278676
278584
277729
277303
276174
275265
274194
273841
273313
273298
272200
269739
267997
267009
267005
266369
265399
265288
262217
261758
261583
261352
260249
259151
258509
258293
257236
255838
255553
254928
250953
250787
248161
247101
245642
243771
243751
241509
241228
240299
240290
238295
238245
235447
235361
234298
234006
231966
231686
231609
229184
226941
226922
224909
224387
223321
221381
218460
218328
217902
215106
214658
214141
213666
213099
209761
207302
206919
206659
205839
204439
204377
203210
202837
201811
201655
201620
201176
200117
198309
197456
196355
196345
195474
192195
190589
187991
187721
187528
185837
184801
184252
184035
181000
180215
180072
179495
178699
177657
177261
177114
176677
176351
176097
174727
174012
173929
172506
171105
169771
167117
166611
166432
165707
164535
163739
162125
159626
158305
157419
156701
155691
154801
153673
153349
152968
150597
150181
150060
148926
148406
142510
141332
137684
136585
134753
134519
133253
132578
132482
131505
130902
129574
129494
128346
128128
127562
127399
127137
126531
123466
122708
122333
122125
121223
120473
120024
119946
119033
118277
117602
116915
116864
116116
114471
113257
112601
112436
110194
109788
109139
108997
106628
106247
105415
105338
105101
104188
103497
102885
102113
100471
99289
97621
97506
95753
92000
91132
90676
89962
89230
88523
87981
87529
86529
85380
84398
83811
83573
82761
81117
79578
79390
75349
74380
72741
70188
68795
68598
67791
67198
67138
65811
65218
64598
63896
63882
62355
61865
60524
59556
59422
58730
58109
57106
56097
54140
53685
52845
50675
50623
49277
47734
47720
47144
45947
44811
43038
41606
39428
38096
37730
37526
36950
36337
34866
34760
34709
34391
34334
34052
33357
33028
32809
32379
31818
31184
31046
30189
28449
27706
26393
26256
24887
24787
24037
22767
20176
18797
17905
16772
14885
12190
10700
9732
9646
9632
9403
8865
7978
7808
5930
5606
4832
2945
1523
1160
816
282
175
