638950
534881
663261
756137
768710
932026
406494
772909
453306
933461
66098
52576
322007
362072
108124
284405
306872
314004
362019
186364
63468
382182
262038
857484
227901
658048
116640
929437
871070
165634
514115
917682
960688
787138
508660
241843
207793
768875
202323
625304
350081
274625
859078
193090
504146
602626
279601
342500
780204
700264
770260
610782
374619
541516
986752
908970
934454
541988
204727
669551
599820
146605
847455
65779
969516
805092
420963
642734
154385
869869
187303
273145
702120
219607
990821
73317
95296
556471
804201
983721
560845
987568
668389
62963
434841
202325
514546
335007
704968
111717
243364
466181
225862
814453
624328
356013
729103
898603
178620
705309
4954
247974
625451
379859
22947
747899
381604
671951
607764
474587
118359
710152
336015
31120
534571
712382
308314
89958
818174
239727
683304
628774
759866
120035
201792
433789
650769
294242
489804
51580
266133
660550
184513
361273
464757
325227
961253
607442
100760
905794
206018
302866
286799
221637
555301
588267
987195
62021
282067
448675
623099
3999
994377
972108
506383
151629
869359
967851
610702
667608
135384
255227
797760
436395
631992
110282
28505
572291
605155
451136
408787
525571
16254
358975
181670
421477
363972
430822
326183
472842
636983
181616
327866
911409
234657
480506
306357
514246
368773
955682
46419
445266
551271
318539
951826
249809
263093
784956
211178
824353
754449
853352
454634
114198
361788
427080
729072
549546
903584
772837
168388
611730
750842
720178
620114
559148
638050
676757
263554
796628
795704
456070
146550
546645
812781
995984
271903
25916
309035
612021
855356
354121
419042
948271
468081
765823
698800
888336
611968
602907
179564
886474
559142
760929
562640
168395
726228
220753
469696
353729
245896
977337
289275
251003
377672
800804
811229
912560
994939
935088
632782
480920
986020
122941
89163
693496
803515
579905
190479
949115
426026
302073
459613
582396
726945
50938
787181
980513
905686
59174
95152
189345
117404
865081
138818
17765
603295
420483
569196
936844
311674
338864
953874
590217
323957
203011
846207
42919
511518
803361
465163
225133
873602
410186
944743
165661
26889
620322
974597
560726
579051
193581
564902
174425
244947
607066
821633
244200
850254
85494
510029
416842
654000
984641
50732
788972
140227
277086
179956
163106
565613
173283
816666
5066
992413
48785
683709
419665
232881
666269
450957
297999
700648
165549
103190
504014
851199
654366
772077
276136
209642
959042
645429
602190
300144
511079
936974
420325
324323
121042
195484
402314
263995
71243
268463
870071
226127
399186
145620
65597
633071
873007
940279
104817
634080
775335
465011
896035
380789
573323
270968
526217
836102
960554
873880
739835
72208
71462
368046
827352
858793
614884
493739
525062
253726
231005
629118
509142
144107
400466
134047
151813
121237
796380
649401
391006
952296
252129
262834
340734
137801
215843
811608
716784
565303
873330
942441
643510
933282
13058
936319
779369
507559
671191
925462
182967
246248
421340
699004
308620
584837
833043
810260
565900
862457
77223
66950
861628
707795
859806
677830
244736
511310
604906
520704
414975
662480
708702
486685
969379
546108
576318
980149
724028
943412
757423
116881
880068
289966
35085
148123
235645
735921
817116
992549
764087
503789
676310
127058
560621
529269
803938
559077
456847
733914
342502
474148
20123
123749
35827
603176
612644
796720
519263
565060
829045
958369
368368
254288
912783
799556
620596
447121
463053
317636
860206
695494
852265
155462
839979
218001
993239
253795
90674
489024
335631
646528
216409
133112
76072
173899
371764
114557
581408
312339
990633
213472
300664
211332
477983
640390
967868
625982
64725
51152
288224
154002
156047
847212
753542
171801
218154
424760
43293
869104
752273
236942
116963
447123
747656
224048
617546
866005
635302
883537
671353
813433
615648
870078
204329
607665
523135
124008
211376
399600
456563
120590
211611
331054
530690
795595
694707
768056
98585
165561
67298
56816
279235
80513
225264
609256
2231
189953
161574
197655
726475
237720
552275
139894
26759
968593
914924
568890
915797
752489
872078
848558
700820
814718
440032
709932
123595
959831
459092
567800
244410
127754
685324
431288
229772
97166
564569
39252
278058
503774
380126
525222
71721
508741
139091
13278
959843
766860
3814
65141
407267
133950
995771
422988
877370
416597
33300
92577
683246
787267
729420
822700
109586
532254
232382
961180
915057
388968
204227
148457
154340
167546
352407
396630
778371
100493
374685
375045
762680
332389
435321
505014
209775
800219
595931
508958
735978
416453
344796
774944
179504
855556
811520
660970
912357
148265
4636
86639
130997
597380
880913
484284
867114
557323
498358
133113
303838
318820
878996
722495
214154
763536
36490
839120
806588
632435
7953
235639
518951
262724
268890
523901
317908
763789
546132
426437
537527
734687
133449
921093
743772
515094
607848
858081
949056
970180
673565
476646
832253
83133
879132
759071
494109
544767
374397
553751
519503
738299
90690
519405
337206
751492
135156
334093
181407
717971
889002
144400
623819
166389
156139
312178
60267
405970
551275
64492
391722
902554
781874
371886
2276
883149
620186
140475
529332
137575
939447
910944
895658
973735
696977
668434
488732
632635
540236
216035
94163
389130
293545
12705
185703
601629
378085
372811
666725
905707
916031
515889
490284
612415
712919
330151
309655
395528
475314
149605
588308
803581
572698
13246
786323
399851
24162
224251
748699
174492
310152
476756
580086
851301
827187
503242
903949
138125
768027
355044
634062
728725
163783
468292
79881
478185
797362
411556
606234
920481
601927
754739
186689
467060
329996
663942
146894
384314
553755
847421
634679
10651
269450
64371
59788
955674
475820
586785
244993
641080
259185
575824
995178
890374
756712
260472
552582
510666
841765
919994
593842
772621
297150
243703
176127
522240
106479
84683
110621
638024
67293
472874
578102
527021
206200
692629
289431
268250
214649
986488
954697
59858
550859
169187
752446
669936
750214
562787
945831
276184
8214
520060
865570
40832
703162
175878
758289
516501
116136
265058
881670
379851
185935
476695
652570
465604
290996
774668
407197
796508
783486
489316
446311
367567
348557
792242
91789
187080
296580
671895
517168
358278
593703
197631
40047
458989
604256
459252
133180
360103
164444
398493
222028
953013
437202
563480
241128
35862
44644
5935
139873
894034
744798
449657
177312
120099
490139
321104
126939
751809
128518
749802
972196
328713
654270
642390
992156
521801
730387
745301
72644
960874
325101
819283
888564
20474
910861
861376
64164
275478
178091
756304
329639
19569
213501
801803
887736
827395
608601
820753
399341
180688
437297
206894
858696
224339
594302
343190
594989
31623
734200
367165
611821
705555
279041
444181
598528
310096
892897
508773
924242
16824
660908
627715
973812
961452
836800
101102
663859
303905
197227
184714
293766
17385
116265
29304
901408
16922
51530
268881
9190
341341
321714
177408
665787
595028
253755
944057
396150
422441
154037
997722
66293
390256
629325
853724
650187
661752
60235
819253
543253
700467
145973
917838
824042
170431
13457
86748
535664
621520
779912
229278
65291
675388
311206
412721
796849
29987
945022
772947
227545
24825
85547
688882
385554
580274
391985
315504
873584
374985
29313
504758
396129
835500
745627
72562
850845
389895
549582
580910
996156
832427
279131
723470
709793
565083
558328
941862
423380
348595
555312
312694
236846
336950
685799
821571
734509
667570
438779
465170
419752
295698
842759
779268
315356
501952
581441
557193
22436
873844
763331
376194
88199
895774
520103
50039
511531
329388
293067
540530
113896
47288
527156
169334
368760
871954
746958
407903
77578
560421
416593
767447
64117
396744
375936
133682
380874
393699
927243
237927
278274
935740
754773
52780
768854
944285
253584
871917
166382
735396
577667
582184
289969
139111
98861
872488
659643
952705
376068
491227
195757
659134
206230
597714
738845
343967
37649
560150
736558
524042
94430
707233
526523
448785
654183
162176
286637
552349
611001
559491
676716
671542
19781
690397
210610
326002
686017
210143
253243
130681
814380
805004
239001
479025
966254
723800
202852
301450
97117
114626
270414
845415
732380
715147
917140
965671
825438
401297
385808
702288
641224
570125
496491
484184
410357
388901
685617
694159
732499
97263
784829
667500
74730
443140
508435
104562
598141
662396
581068
394942
780809
151819
410988
746736
501994
783287
256143
320948
209309
439989
552898
870956
655904
860640
252975
941371
584054
164117
37680
772401
92935
47085
908228
49870
844451
669144
308319
183797
923623
102866
769499
320559
168376
39749
690637
817368
347821
514491
15475
654058
352265
19902
556745
978467
641573
630543
564922
631062
851564
492671
440628
662668
564544
594476
93140
632596
140923
449307
642304
459630
217936
271087
971156
840592
276687
95748
810548
37779
77895
85163
967681
816893
575173
935746
769127
489963
767739
451054
437394
764507
490941
863160
990080
919060
466788
321985
663474
118770
428885
59299
142972
102994
808092
877030
483324
908246
812145
485724
21671
589653
993117
335130
997951
267426
925622
673427
909729
379511
190662
110418
589498
636095
39754
213843
19418
113469
854038
1471
171360
815196
712406
898435
100373
99219
641519
387916
517589
966900
274627
763105
523752
256210
373396
654684
442864
282445
590272
865158
22650
763388
240554
688398
38646
233653
351929
397286
729924
633403
645242
658555
848676
724997
866593
893711
305616
691047
17837
466868
402022
74528
246057
501862
82172
892927
562382
469126
671896
107314
672582
499567
975352
362796
518923
438263
35979
858034
618926
962820
615299
35587
550132
850760
459650
800994
296795
46106
575217
103745
94778
253490
267056
235340
834374
471105
826407
324942
294513
389675
679291
555652
45036
432418
607389
603261
961101
675936
774652
409514
286412
613120
651290
762568
363368
803066
845436
683430
288487
279226
508731
777813
655354
326299
662584
393068
982014
936453
619117
609205
718751
158111
369630
996984
919575
652339
852526
157921
96341
443934
932941
781584
608248
880496
697935
447806
989818
789862
222616
500359
848170
652225
927156
302040
165521
376258
560643
213237
897078
19333
188625
494375
631934
94263
919172
245249
41579
814454
576046
578446
887557
502596
539267
208985
357590
444582
346788
2009
484942
923359
173658
701430
71431
456836
60958
403196
544035
627580
838356
527067
316306
150358
766616
310872
859760
402631
830897
867988
53003
12670
934499
239031
866754
292326
606625
533817
142600
349624
333598
738893
630088
123001
5764
372586
649187
874903
638
185143
288213
133148
662832
597074
858037
613325
554630
640445
945499
949154
516266
945445
577180
950689
417935
15185
686576
223129
88939
615203
748469
634232
912321
831246
170060
458633
252636
649557
737569
291086
217048
875515
213769
588278
389017
495245
821444
634236
728479
703304
404577
995228
87026
152232
923713
188145
316471
373710
243
255280
221285
369613
731199
507899
441745
969937
36542
289123
962853
743084
129510
231485
442351
272766
648676
568159
777749
819265
461282
626360
624295
335471
319592
271049
706445
354320
515038
301828
934751
386787
888432
454463
985812
856616
906890
390933
188177
124296
750147
192986
745635
252258
175510
957432
718856
315251
208394
865386
759464
972257
225268
914901
44257
905700
501203
38910
634239
12242
900377
318252
328843
902533
418313
870747
674106
995307
739963
17498
471559
989097
808317
178114
21467
318508
6100
717907
194023
768911
476064
734828
1748
911394
532381
715815
358418
404381
989445
659343
798221
648673
7699
348734
143870
574247
913059
679448
444446
358855
528758
369374
158453
278183
186449
781615
579152
67710
634308
722529
985232
520644
329480
689528
120671
812856
481090
947073
529982
119181
120932
336526
543290
24114
597555
495823
588541
562493
255395
456520
491841
148787
391966
705524
302239
508470
406627
834294
854086
794828
261707
27896
536007
121096
656680
687587
48780
303767
614854
908537
518441
253737
387411
628178
587019
893305
725979
609393
863244
63163
901611
937858
212969
116577
346775
487794
97483
179659
719576
697003
963905
985737
366349
857067
911183
253261
201954
451840
661344
61426
486734
277922
187926
747555
958326
69292
890946
116905
121839
215992
888559
442965
60449
43927
500249
763078
958918
206186
694075
411608
756114
96225
465350
48874
641453
897805
969069
32265
800476
147811
493853
979518
510205
942671
462602
71664
929329
462258
385637
674040
958804
363258
454634
946176
418919
937373
579861
485270
502671
263794
194740
42835
455350
947884
319448
465826
781392
255987
217829
296367
743352
161761
685065
767022
961912
180630
52681
709125
267496
927992
611447
546455
607149
23114
474752
165422
98403
666088
848098
386372
503445
794012
995962
670318
815209
911200
806843
586342
856793
583985
385339
663731
80348
237005
691175
499639
205219
94857
394775
513173
900734
525328
180349
183421
682079
475452
19510
345365
190391
35466
898819
745861
528701
890238
828625
85023
436045
734546
389812
776874
798573
929628
124210
547722
503978
743035
29308
218381
778273
77117
744632
364692
85657
631441
669817
609308
169998
316003
128144
450408
875337
484378
451132
440269
910506
800554
240188
746841
501064
847702
589830
377057
307567
531206
175568
454310
105864
335616
824843
898915
22998
296582
418799
641910
468700
439564
337777
210024
334941
862933
531282
770971
931835
608553
17233
154703
363585
698421
129409
622545
902652
942335
942645
911616
905796
496579
373655
336125
361624
684271
486168
533486
160359
897080
606913
87535
262187
734103
720552
260247
670256
671268
216255
653538
501875
334861
405063
479744
822437
189427
238946
448697
452687
119009
289029
110203
27791
944681
756364
97794
922624
590749
85159
485474
873848
670503
496434
324596
760810
168582
600931
449627
663148
995109
256668
638450
860884
677594
510177
282707
272059
557560
864035
37446
75235
571473
757499
182661
573685
416651
614706
223337
603555
691229
930493
570994
822892
307943
968006
384183
423998
435436
440997
215208
990005
390381
582638
590653
58305
145634
524195
644158
379494
682135
839178
974573
214046
321122
566362
353171
665881
847485
902927
38502
176868
98564
846685
929492
729895
904972
857984
947310
749641
389597
988850
170932
269870
199950
47990
918073
883104
149884
268946
774451
988171
628838
773593
647841
706082
5096
452326
329689
703968
709202
267429
578797
912105
46501
515147
908793
331791
266665
569574
820684
295472
96622
480910
728881
503420
630237
307323
233881
281556
708729
45297
208102
962126
623992
211862
478294
255381
263608
532900
901450
754029
361696
952697
706930
438421
539348
233547
419032
970629
81236
636666
519045
975447
285554
50814
817619
168194
357358
571775
40977
649025
121071
574980
978188
893010
474016
781699
834688
85530
599141
213590
373659
236197
444281
162511
639722
704844
454566
90018
366435
499632
475167
87233
270733
405666
275389
119429
406736
548389
142996
789127
893077
541323
839282
973455
355993
189691
400820
495844
503700
930836
383940
12546
293760
848492
991282
945322
855240
976306
683502
39315
425166
762865
273440
955646
711577
172469
789924
56871
997658
622792
463461
408279
127065
161941
891477
364823
414081
965230
2246
492031
653956
402345
273960
462700
498540
821605
170079
51279
376704
280234
241408
40994
790927
553903
255721
783863
132827
601013
148090
825641
404325
252688
181172
829683
39250
883333
921964
946015
827575
371855
981291
279894
159622
176188
901925
513110
387412
508085
677781
117187
985670
437978
801137
452372
566936
566347
601295
500462
188489
831556
55252
444814
212710
927904
131220
923807
665586
544062
526284
143979
662383
667905
451319
171246
868748
942321
329680
327942
65579
720703
727653
52039
713870
997733
875989
548908
902749
241580
264550
288552
385622
76103
606469
271834
817617
231069
495643
522974
842287
747300
811976
418367
983391
281833
108158
955659
361996
273708
910461
199104
615271
339815
792294
168738
362444
850415
328127
783022
249107
255540
120962
217064
354166
535587
407074
268881
171034
990826
831131
177461
99324
353435
64628
477344
671609
640874
494548
504689
656121
706832
779646
921926
884026
251666
903851
934615
718069
165276
460739
653983
627246
255559
527287
442676
997853
111866
486974
86840
173172
87852
466217
917672
252557
653895
574245
204305
806578
833256
98765
490595
299720
324419
853546
153694
851992
104740
547464
598953
312827
82933
414337
170850
916106
103193
626062
940992
714865
685101
453970
258708
884423
133657
567994
697942
640972
952430
546775
741373
813065
963837
386534
930091
902312
456658
235211
901814
364352
922448
308509
528148
895791
543914
256602
911394
81056
959804
435131
241873
848173
507460
127459
109358
437598
390528
746609
116940
828046
740708
952692
644751
660654
261752
490046
353176
689379
842508
93329
831048
54475
116825
747191
464499
799517
739894
820142
254371
224878
182387
844351
49222
822480
840854
953455
561653
688789
789871
416975
302241
460145
378842
514158
186844
967486
312849
835567
372033
235224
506475
606517
701762
895912
486069
649274
351372
834623
737452
407231
215257
163864
178196
357534
878097
763840
140215
555387
124702
600465
807357
445401
263883
45977
209573
945993
404567
956378
21150
777404
850972
785515
810436
404218
850903
778876
304954
320427
206676
268279
173408
774035
379063
471809
376561
124827
959656
766111
537020
712522
693148
203830
133949
939219
102845
763947
516312
337159
63414
497257
434737
527147
881052
725120
366698
292772
934076
402986
911034
195791
69117
725162
369254
630765
37874
563982
212383
48571
177663
223763
839545
752352
968228
462823
592771
976576
197739
451273
277127
802414
649898
374669
976799
714366
213942
203323
217394
533367
417508
768023
55818
693288
767421
199612
738451
494738
117373
649058
978227
136194
948040
406974
552320
665922
426858
179912
971042
51429
544521
623704
566151
808705
23914
163370
481596
581626
411612
708737
936687
295608
168836
61031
911102
751162
491462
361745
875579
925572
248654
800289
574271
423732
881400
700742
172967
204275
613282
332671
992560
590022
441995
790908
860587
983556
505512
126757
868381
973858
519107
309940
848565
348650
659600
616189
733930
660747
900238
23246
905649
760457
178070
312881
381592
179093
290500
668046
573634
861367
364287
706861
205247
535399
846694
835162
805831
81852
850520
756065
973076
707324
714784
911225
265561
91474
488572
401853
88610
903581
802824
478869
613385
280612
256972
795059
262226
94184
480671
548089
241572
158226
971446
58425
492901
36108
73548
940436
173616
336492
464368
528643
795893
602122
836454
108660
261294
755314
745723
162124
374522
61749
670505
40331
250904
763354
334882
898190
133505
305842
852476
807533
891745
780873
276922
153732
469300
202936
682291
395471
376378
98264
53794
529007
710486
828881
885001
192073
78409
330768
566210
373006
329221
503639
976611
380501
576305
30766
183501
976803
571065
921975
401810
28685
134798
732063
575488
207925
78273
2545
709646
267376
207351
826884
582178
968840
539978
82517
502013
67485
455869
314223
106756
565670
320985
241030
14700
102677
799592
867620
258752
740505
84237
278395
417746
334333
935294
173273
548220
365037
527072
735481
472785
432857
522430
305845
630054
569778
274405
455705
326774
907218
140702
662612
613942
817144
649352
594312
995382
87472
948818
17664
738928
901202
838355
864385
577841
731297
125318
345913
551457
379987
392997
552980
882097
61744
729504
273838
542879
197971
491514
172131
843625
269517
900865
567489
13004
189865
151464
414559
105143
130187
823426
606545
746802
663901
880846
888356
925212
708345
117381
806628
891401
128740
107208
776160
425431
186867
763635
434948
41292
615199
19445
625032
364083
42681
790268
104889
822301
332747
728208
974626
774024
982285
268604
137111
742942
447169
852710
342045
988628
734827
122688
527097
608883
708272
822039
733332
124916
474507
890249
78663
940227
648358
642004
614089
401574
76571
463945
603954
903031
607174
389535
298219
15565
991878
348963
562421
642937
742353
651917
486290
180204
33457
661743
978579
345846
155103
682822
356479
225513
476346
215731
166301
777756
808804
49667
188255
409163
338298
521386
12843
426716
937965
123023
222855
107965
454466
448257
297376
527656
895970
345735
741494
970056
317918
995988
378472
966774
309188
712089
132439
294812
884439
726773
809978
506554
868525
437320
909694
260871
758506
426597
690839
702703
228116
638949
691880
367227
780052
336984
250123
837263
261896
488343
146173
248908
312839
47861
310505
376278
279986
415188
313679
216495
30451
356243
995857
784258
3541
253157
893338
723004
587776
532541
308459
710933
274895
171557
74500
461741
189264
664942
401387
914641
543191
884930
237852
808796
804287
885141
912909
259066
818047
395514
145756
521864
590052
19410
891031
696983
125104
126751
959656
485456
237263
454519
11867
243185
506866
894227
782990
221237
427339
391623
532532
24338
708195
86476
458757
844060
29595
189881
647302
894407
340029
135889
345904
529930
679998
743157
359360
90910
237842
431418
470554
535141
172972
292117
424474
309864
154065
437107
659129
994425
741720
213221
869977
268727
418944
36921
213678
501872
540781
544932
808392
270561
257793
171547
862017
488856
311763
342592
75263
57531
533967
288121
753766
220961
343850
546589
874717
815773
364224
314440
864764
976988
152523
309838
649423
175908
615618
320204
870857
126012
119884
90586
130761
691947
157151
560092
268289
395160
623418
739704
715657
961552
743355
236386
922943
791719
147165
886802
10072
181301
588626
356248
25224
604610
790393
187398
243594
54012
195068
625099
964108
295460
357193
31519
587387
784394
84459
259418
153830
428717
664260
182240
200785
138820
219689
248631
606361
658266
993114
479801
88190
520020
12125
435236
393234
367310
272502
225295
209789
500900
714564
358968
305258
941773
895866
579256
317970
927713
780985
835287
919011
163643
826887
686396
176716
71481
569903
960573
685800
63200
341301
333461
621572
376157
769139
459699
683919
786918
466068
449583
351901
745663
738668
381207
912280
810329
19315
777640
814403
570004
57821
913369
244652
133349
348375
896080
932270
429395
732255
761400
976736
474780
434560
40234
313822
502132
138409
563528
610162
201389
257321
430121
669534
629170
694986
401966
167880
484013
610631
18547
588866
34697
536811
673505
936246
367697
942535
165985
41259
392567
532303
34603
238838
421105
890193
147452
734975
130558
556435
431398
925550
810375
485961
952321
419699
932768
922096
16895
375536
169005
651018
767646
746243
660258
564726
441270
244787
833378
83051
28530
504566
872521
138449
873051
807644
81221
21244
961424
837468
933471
576965
435538
684026
11288
41671
231100
32913
280622
677299
988944
160450
755582
541201
751468
457401
432643
493460
321755
889689
101116
417688
335559
584836
629164
93498
912012
491144
185659
596948
847273
727529
312506
198227
940368
621575
865796
806007
481181
43756
488319
303847
68067
71732
412098
929135
452641
369497
15825
166167
577811
878426
595971
153505
431077
206408
639429
631326
472898
120237
321079
235117
995275
695449
958068
685265
418724
107466
85743
305390
545960
555703
354296
70560
992572
611257
35742
426104
33729
851735
693295
220372
854307
930156
656219
736666
449679
400695
426807
151313
504833
233279
995293
266396
297403
115745
772144
80147
56081
315640
953277
529599
268257
556903
479293
294834
708257
529157
301879
731009
569233
759910
674946
629728
793999
859586
946408
52312
482505
931269
740774
945191
353292
578034
8273
197748
592251
57141
962002
338093
362588
998339
342162
108543
17741
286576
659441
948721
187412
996941
21103
257502
287956
585467
994797
546381
884954
564817
777102
755502
516055
964389
484536
81652
712105
231355
263415
745929
471121
246088
79296
700530
789449
800033
738706
170881
927535
648581
13048
515697
883866
949123
545835
71201
894606
894409
577877
865648
863114
360971
393265
220337
336638
370188
156174
608779
467929
372748
303026
404784
616001
191055
713691
530552
156892
369797
167649
881049
836555
897627
360887
650629
951415
466013
66384
911521
745155
896006
28766
640349
633825
499558
522165
620148
11457
618350
21775
816130
146339
388251
120552
33469
51533
823869
582858
65169
250009
915875
797539
887068
810214
568869
889234
221251
385711
292302
374784
974511
807096
203236
491179
152040
912036
549972
438974
560460
400740
755391
703836
265579
864842
981019
24060
560258
928891
138311
375086
531859
193475
107760
967420
283229
563075
65689
968300
734589
158469
749642
99873
780321
22512
206679
745569
897317
348759
352267
259185
973836
762859
9138
665180
627100
887505
161280
31187
641878
903503
378465
890158
83792
961439
871390
180432
548977
780006
39912
737065
981385
660670
948549
926486
768970
684975
189204
573987
231015
310781
962878
330480
371272
939547
925755
879217
54375
555709
792062
831695
52874
783051
838783
965548
360989
731697
982819
264004
2667
339283
528329
941614
32761
72670
845235
606018
111551
924922
406927
486869
826372
212060
622561
786016
551701
19639
264784
657343
430753
434962
916170
445013
350644
965557
17684
249932
124878
244221
783921
849786
682463
695823
620014
958111
232866
174121
565064
147339
635283
339668
205307
44124
373838
949302
168233
229861
86278
648323
263203
466475
187742
288788
671638
249161
434023
598672
62741
631219
133239
651142
434942
52887
323874
839325
657932
69279
765784
499043
119993
282707
898587
764609
323534
923676
162267
438287
81480
34788
162671
429380
690216
969112
412082
334086
602904
802767
344824
463648
569397
708100
604908
822034
321789
52607
731720
27009
873238
23635
800175
996111
876281
950528
92586
123653
815801
67960
251581
287085
399220
321279
916709
162237
434581
635307
172529
676397
364227
554827
315770
194986
893289
752612
310401
42531
745443
643543
183331
705728
906690
684702
306299
452338
867132
732981
929108
2597
258995
545173
560521
439187
679264
32539
476860
982706
170076
831880
455343
706509
916939
314850
773954
577585
692197
232567
899465
364477
955426
982529
807945
561501
508033
675557
738192
421968
404662
761430
387822
621860
897390
70230
676691
986244
507904
174365
463366
756776
167985
326930
999360
127914
700708
610742
976227
310393
301724
988512
272794
669542
661616
175139
513678
856540
991690
884427
133505
533229
602203
478598
449867
761095
753631
273184
934511
663301
29704
216423
331034
730913
638666
9965
59895
265736
167810
774380
83761
814854
275203
708932
157958
449760
791999
959903
243525
762881
321359
63733
464036
234892
999711
999339
723328
985040
94969
947479
248177
219289
855788
76639
68553
115299
769177
92735
235754
784490
807769
496680
966657
993501
888142
739846
827619
850609
794181
813850
491522
630673
114437
453702
789451
855282
328439
779112
22496
239493
833073
725533
794285
568134
641505
299687
257833
890866
773650
107433
610603
7445
633118
561295
833254
516993
192433
709002
923843
816538
666485
253881
468058
736719
79135
656035
406988
650147
764246
364705
871679
362985
828155
603353
351351
429582
9881
269541
71630
418448
574314
738449
441104
226573
90116
47811
138549
512246
231327
353654
6459
662562
467395
461342
172512
836863
985874
310128
124473
195683
705711
452666
381042
935873
577610
572333
521699
168886
660810
263291
500362
918915
109717
131355
388331
32342
332479
197226
317313
458881
542540
293739
174815
68428
169060
553391
435176
813093
653138
19344
496615
286774
335224
62679
145100
528783
939795
387517
93892
28098
826023
891855
66292
206350
724551
355562
968913
150451
148995
295974
861726
355941
403886
361488
864515
596955
858314
210255
30023
124486
238675
301863
413546
82271
443237
502300
513250
321177
46090
541166
352944
719734
778980
414659
832285
292214
88563
991395
712982
461929
25220
189533
576545
64230
595959
523590
299323
184020
477995
80097
207696
803813
192328
118618
423702
337251
100904
897581
268487
53858
895266
921828
982009
830294
919477
990269
832539
242557
876942
289065
123598
784892
22582
749169
309598
984328
63963
392500
52635
989179
654138
859915
750296
807047
612325
778637
958015
333254
694006
580462
292623
384303
619792
580610
362804
586149
298702
251936
765186
873513
365324
903009
695821
970480
726158
680840
310759
877520
809168
35963
329527
897812
226986
735792
60850
810414
550624
839715
902905
928204
223492
107459
606991
157699
303624
281069
81973
461992
104548
302735
754020
216190
786272
361647
769959
309513
911743
25604
517202
87809
130440
702722
292962
351202
900594
499187
578355
7520
270763
615425
427416
304312
869189
938896
883291
466338
700861
541832
287121
635299
267242
650096
692248
917950
116735
14390
26223
89802
994172
649355
114291
841439
62711
264683
626930
115562
498115
22586
423726
255904
618298
932170
740912
352015
565421
331193
297221
624720
760612
560951
117978
701593
959828
429094
688047
282287
176028
648666
715451
595000
64123
424063
826525
463855
263635
895386
692793
189680
368402
378472
338615
190963
180227
656098
137620
170133
159920
85922
499427
63826
281649
116640
699812
882896
768022
565141
288383
696020
122092
649600
80286
803159
189808
332934
131300
674163
384590
726580
406221
455288
398292
383073
724323
852828
73336
371951
840922
267470
35586
701232
216649
493931
660695
284324
179269
980618
107748
872608
543004
473074
127459
411467
545131
330603
823501
332483
202716
731633
184220
61213
576512
531461
241596
234376
71685
568031
586957
413522
748948
946046
60823
543557
133706
502943
417675
744554
126224
109068
861106
445677
944793
791243
747829
677344
449399
722680
22023
73114
131035
339565
413747
113592
679079
855389
473917
960451
7410
507648
938296
529714
463575
222248
708388
938054
340282
586803
781889
776403
174297
984089
5300
534175
308426
110949
208725
97827
778454
989825
772051
991086
486642
754025
961157
855017
475862
934466
676750
321781
247741
918468
300395
287729
220727
544081
248092
730263
542190
902826
22444
390790
961971
279735
616607
678938
878212
366851
417464
914167
757981
425099
547620
579109
774135
649963
381638
772117
36193
471929
381984
615106
554106
30637
73498
275379
522313
529981
911794
799197
968249
36872
355969
763749
312372
540072
965414
430274
988698
896170
540369
115201
962398
732442
972462
191842
936573
224887
588779
377824
187356
369477
782184
94798
661502
187394
814587
491485
251231
20080
779420
459898
263663
75217
598580
129748
262702
838897
666173
744187
856352
303389
723541
882212
933870
338289
910757
480969
495129
59919
899304
504237
300187
963180
79259
426557
790620
651268
992064
920914
586125
567278
120910
915539
856997
75786
911480
40376
201526
831062
238552
929001
440363
28960
764408
991236
86432
144726
917437
816126
189854
316537
918449
413537
569778
391088
369963
497011
485544
83321
365917
493943
588521
338874
779322
82637
280942
844086
774466
148468
502880
519003
207147
367856
48974
756279
639405
888839
316938
851531
182315
368101
608673
945400
99001
272543
49460
194134
300622
484564
133303
633444
611271
550384
916742
941657
304213
949450
737759
722969
53061
292205
686464
58051
710507
275252
400478
653479
818922
921550
835711
817877
964577
694242
62773
459792
140981
216396
794359
761314
709623
737092
292637
416265
796338
269792
597752
494031
864532
758448
847435
621687
293558
137351
107370
760595
165066
582297
946094
904435
987424
42560
671314
427512
357589
535193
286702
655750
712152
906699
111053
746519
457370
198311
155565
950957
809426
188203
278610
948640
75306
721953
607815
960661
628041
537701
655538
975503
340286
535875
131155
107295
132614
221118
878681
444535
609466
983022
352161
347741
394712
358657
498572
976827
21996
968034
916283
470290
869274
968374
830185
884047
538443
274435
406630
502710
841906
35435
435692
813563
972346
942871
532640
347760
843534
9071
519462
519831
806660
860677
20961
600089
469158
935633
760902
848784
406431
763927
142044
193599
919039
969125
136146
63265
748267
596344
958076
67294
182180
661438
104172
715482
468914
415735
287849
721640
690284
581173
313039
557277
596967
218114
278978
908542
924345
292576
163664
85339
40169
837291
698531
83445
456437
904667
430431
206618
391038
158246
95070
582162
197524
162946
539077
414962
21658
942984
432131
630285
714582
932532
445286
845066
693783
778121
309273
8401
370115
3217
409470
627935
25084
666434
62756
500794
509167
950205
754597
171710
263929
798127
518751
50709
868085
629274
200013
613509
162662
911982
174913
812707
969214
262417
695168
883301
1545
982462
64442
501973
78009
554377
42980
372898
212430
326081
190452
729425
948386
904814
414584
674768
784206
688185
501780
791339
348796
675691
402902
632088
571979
973006
339511
281388
233752
835311
653681
140208
71472
765701
892599
210703
440910
573100
707350
363110
271058
85322
352742
627774
234881
604370
171820
222870
503411
703975
548880
756056
773597
312792
186293
807214
132859
355594
453818
92910
746458
610099
260621
922865
47679
700418
180839
732161
142520
420893
863080
52912
455997
524994
10959
921094
281281
653391
786581
103890
277147
264797
364007
473889
451084
988486
60031
314829
623660
444423
390302
727916
112438
764737
950056
143850
41708
804698
666779
303473
164008
537152
874605
446532
15425
7502
111682
784555
746966
857863
491911
234505
439866
256318
872878
557193
957564
348184
541638
254967
886353
389226
656885
567531
777056
54460
146325
398623
964714
982639
604073
385954
49557
502522
944827
727974
199892
829584
870867
484915
671028
813470
107222
869694
53508
711856
101176
479957
621538
36787
927903
615153
500894
39637
851606
979118
61134
65481
721578
611798
722670
479974
177765
523481
976369
629423
31844
346201
877224
825645
658071
313122
315918
809273
180565
268407
226542
575894
493658
755463
36401
349690
756062
625407
452552
234221
88274
720505
859506
302219
483705
223057
549098
325540
839009
405720
567217
43586
129982
657186
847795
941450
722593
189946
734680
468539
835994
737078
572266
324372
219751
421
186590
860178
729111
795748
886849
61591
233087
313296
450432
653670
560408
7381
504596
631243
791540
721445
56520
841816
885851
890437
249128
389193
19718
366337
581576
574217
67831
112960
90350
150862
272883
365746
510749
895839
199901
57894
210303
893941
595889
505719
288494
111551
748249
689638
244703
67200
946543
216708
166251
806164
709520
123334
79099
740240
460633
378555
580880
631558
674625
592601
253037
976808
687123
853811
702241
573124
119366
909575
827828
458093
785210
737267
555502
63802
888658
324296
340094
842536
447528
26743
917134
612571
220721
390632
873889
697345
197039
261546
304485
680791
352589
516484
129051
576710
416730
936938
93855
33765
92581
793868
356758
162594
730545
823688
629492
225402
110805
567615
512296
861349
310771
310852
986148
661328
608402
925681
53580
608322
845787
755476
640378
396000
683437
15175
483244
912908
980189
644125
910667
337447
833549
899384
863064
880567
770279
414840
409845
46436
68727
35086
290894
286237
53987
481134
97442
369304
358023
765731
742642
757302
813617
934012
955460
754180
928886
160676
561108
167070
250799
498063
329112
72686
760531
195473
992431
119442
841458
385481
429669
404636
143436
133114
618981
924146
375180
897722
992252
116694
473956
423555
454277
11904
431110
276710
530999
154023
268604
783072
398087
595744
299172
273221
116795
42205
55500
19097
836109
515606
284262
868094
824312
291524
639272
557703
461858
921674
950530
576106
915877
590127
422461
890452
733307
568134
284845
614103
176070
72175
132242
570367
682938
337334
94865
153282
562152
248280
249674
151445
462695
363110
879126
833115
250657
652227
814430
587512
749495
249991
700699
811908
618258
812998
184229
836380
499400
83883
326074
713106
629990
587453
171150
637380
694944
206660
292617
324106
854034
436229
789538
191497
348210
336488
269654
147684
531733
284283
101956
109331
904026
630031
176168
497612
387959
88512
511154
945245
414238
590034
693954
440795
110027
57015
258755
410548
344237
957294
746913
318881
398318
839749
292456
288504
988449
280319
748986
345310
670343
922832
485037
150490
602878
116485
960063
225924
214215
662656
710902
61788
145266
12193
282585
797431
164456
46017
130628
79891
220565
367960
45740
831500
969968
131582
37488
171432
213416
225615
497367
808652
333293
319399
611820
333010
257751
671116
608243
503346
335223
718123
250183
506333
391737
633531
88017
913384
638194
56382
569575
654309
261516
509286
34303
412942
383883
510612
276622
119067
880251
989307
986945
81459
508408
121507
162647
383742
180186
976650
221337
430233
979899
120869
304055
168419
389094
750020
233665
497076
558237
829203
164990
394734
945543
736508
129004
439659
517556
477930
362965
645334
202830
451497
968587
789846
115807
549673
858688
344228
364857
560098
455940
942013
463174
530321
672987
186547
273772
37856
226618
214111
484508
577059
166302
556273
137144
248063
170442
63080
238047
232997
986779
125276
427158
866748
691337
463800
537236
71453
206652
509510
122986
803832
684104
353379
572877
680467
129607
988561
279169
760435
604946
935659
296868
306323
459740
155379
358741
566353
681130
431112
713471
824168
875635
685299
725190
533016
573072
680608
739916
807458
983007
230185
719008
749743
141050
241614
244740
155409
67791
950849
406489
720225
586972
532510
611049
389510
90122
78712
296465
2647
982370
923471
275977
402968
151472
34077
303633
298401
554739
912271
96442
319965
872509
894353
857359
209389
221166
953026
881822
754028
712263
869127
377702
468430
176941
472955
950878
940193
873277
53508
699936
44150
363014
77249
505712
650969
504615
525023
378349
7291
683782
342027
217427
846065
846250
289154
303339
248981
631414
866756
223696
251018
565123
498982
30686
226846
338072
548103
131192
405256
553481
672219
548662
659792
525609
75363
349930
924878
90093
159421
265613
849738
570462
868503
447499
749891
759418
723967
125160
496715
889256
26966
310989
975951
347479
973412
61875
198325
589298
753861
847979
730782
665985
598784
63367
109962
600799
925240
692009
508827
240916
337467
338982
35762
687822
431799
406742
968438
623169
304269
299002
661427
30808
401598
738058
625182
759766
355523
211099
491319
636686
431161
28266
555975
297403
443640
16648
707657
20861
716740
628577
617573
452721
517276
717482
405591
675371
756144
646439
676462
612563
679728
837142
586161
212569
444096
811707
375452
769878
388359
728521
916680
428544
595559
387242
849896
132938
238599
888555
501807
830678
988555
941831
474192
152664
203557
172239
881181
773832
250949
964722
977681
297667
459308
180975
414953
588799
830750
383572
361132
589161
478006
316465
529356
826973
779795
679710
510821
950529
162224
805158
428386
341503
755602
181839
105983
125213
295194
797127
951784
878074
328442
705709
265985
996263
904389
346040
261823
918943
115486
523144
838707
790692
4626
353351
395175
88632
843714
805948
441121
689270
283321
838380
350980
934731
677596
493101
829334
885715
180735
963272
288221
688404
494164
751242
580258
513233
419710
652072
574743
130572
396740
478924
296660
599068
637856
690624
135229
511014
199031
899318
199232
259067
136676
56113
732667
77646
757805
502036
903738
227216
323607
70277
522014
545450
272278
110590
276377
354390
355036
172336
903701
481563
483538
382099
638132
773411
529188
986511
244402
469690
452407
915456
512679
212005
767862
515370
1130
325661
797450
465081
260303
486119
529832
385074
702288
781649
903748
555580
561993
359690
539235
964229
945501
292255
40974
336466
407095
178254
704930
841703
187499
490249
496068
719567
819130
671304
61235
391241
94132
798155
798518
961359
562936
210027
738164
390084
303063
272668
395682
853689
832151
941698
608726
404700
476307
629676
751227
636413
570944
463985
107230
955518
269514
194853
565796
60823
864732
318200
184158
114308
796351
575404
220341
362315
794970
28082
460032
88173
941015
54495
794485
210089
965799
965456
617403
208807
11867
176215
68445
469256
895667
500576
352027
404103
152692
512421
648347
142988
134258
309385
118205
160205
158446
954645
602827
460385
563992
727246
225551
398691
709045
525999
940991
660479
874075
593352
924564
200284
937242
599411
178489
196582
230261
241006
396702
168055
827598
18138
405291
49441
403935
546703
502802
847642
707492
725338
592509
580293
161047
276372
712039
993945
122195
397024
834951
640176
9498
993408
364326
281582
298802
877269
846866
603596
449130
17841
81259
585856
649210
569306
577114
731723
675144
779294
984098
206814
321415
270862
237134
176426
141818
376344
911306
95939
777495
123845
997838
183856
126918
12555
242101
992401
549384
902672
955180
341933
950901
720444
193669
638487
859741
266745
93035
401533
681744
410826
745456
405325
313018
722117
813891
683908
145830
56110
946749
458837
77091
959346
928666
654386
972676
974973
449028
431225
86528
363448
245899
627902
586298
758178
604978
290673
627420
901834
955427
35308
810972
884454
288450
826268
210721
937555
442526
502921
950206
311146
347460
82755
50844
203131
656238
102315
356343
700137
599705
667227
63999
417890
821044
330419
273246
198585
150580
918017
539289
539809
248196
86028
532560
674760
231962
605693
748895
953357
3173
138603
565223
140640
135650
793154
536551
66357
253582
768910
470787
645925
706102
64234
578151
227681
980010
314367
524677
429907
195728
921595
257146
425171
272596
503824
757775
242946
845437
789542
5850
809095
584347
990559
662533
306980
240285
388036
165286
991220
546943
56337
627534
951299
842080
62361
192990
253578
713201
944727
696274
64005
528969
944787
529377
925235
552278
931118
353853
278889
796463
48074
882229
941652
653893
363352
430714
912201
756727
716159
835199
846794
786948
288550
953017
956888
376794
937118
258310
375792
920334
107759
983402
494435
325349
244862
333236
573781
285903
624791
843071
259282
370867
526109
79892
307464
243749
61195
894317
114981
565301
453862
474069
932366
867169
390273
754859
174200
747754
401708
82884
711719
513476
745786
850544
982337
888486
183150
405717
891214
701698
134658
420728
874383
488911
603603
519323
589367
857665
203628
660224
893514
279514
583981
323019
471569
701082
807639
849029
667319
155602
284919
351677
970948
113943
523501
628169
77363
174993
353625
970282
951985
408627
94497
190477
352629
873861
922848
643054
778935
909084
658094
996696
203662
585900
736904
927239
266857
81012
895964
753262
14057
511127
19508
77971
344090
84875
393404
993048
501005
450602
281009
205014
212179
616806
449257
38690
941272
369498
776953
837489
196249
332923
242566
954200
797443
266349
619243
745963
942890
597362
581892
743239
614178
624125
206165
21548
896190
321189
743707
681410
783203
146869
371756
619196
469895
870880
180365
406042
350284
246481
797648
126280
336115
341985
832488
786212
436798
291938
468171
920413
382951
687000
394562
676919
478966
644488
20688
387051
657475
211688
674301
987434
41224
562165
885502
458754
249314
136292
434498
50970
581220
984688
455323
367639
380632
259154
499399
862753
251347
50191
397147
46528
139828
160171
320203
296096
531385
6779
82264
922995
22461
907608
724374
658101
831954
567023
126681
118219
219447
398518
183164
390213
425014
364537
374733
501187
341981
461522
972120
531059
40470
62071
898126
916344
170533
791150
607506
747046
805822
718235
328481
137450
493569
861434
80923
475271
244563
317287
107570
130619
520218
582490
383854
700416
410132
517937
495642
618862
904277
80166
31503
272765
555867
995936
235162
420776
349263
100005
232909
676526
158427
960940
220639
208691
765794
24976
500544
168707
99297
357153
111358
374
770400
115797
57549
798702
99540
353628
16438
52669
961044
66577
260447
455396
990070
909580
896371
68214
82182
485524
480173
383324
327970
455666
537542
267249
410613
899488
581305
147149
223118
762721
595824
843039
753948
132202
351437
911348
609096
393086
215382
351892
302703
661911
341949
347659
732859
83584
68107
795333
504221
614656
81769
675987
670825
41776
950539
921994
678925
245038
682489
462218
27695
159082
931643
671836
951715
417053
67041
661685
605574
46234
505772
826199
516025
331005
130653
565527
333629
402880
487639
615737
261352
228524
441843
204343
599298
731372
219745
804769
321471
609212
874293
172126
98840
810625
161173
72784
718856
574771
271678
442326
9760
748661
336046
461867
484551
804870
239730
658219
444242
845967
514252
757046
522044
590492
35456
13549
661378
201512
138811
162842
364766
547792
371873
389164
473821
133930
461042
526623
307615
225647
695448
939322
630123
473235
487311
207666
199084
849590
433969
765228
738892
620466
546141
152160
927020
481620
824003
186393
971005
956904
584527
568024
649790
148398
548400
177945
577298
636713
206980
635693
19453
555541
760610
393478
501563
750392
84995
444561
103741
594641
538189
478654
879873
693741
492222
255451
833612
740057
395953
60958
247047
996082
929424
706305
162676
213400
948823
784584
296075
377473
578945
415838
137141
993002
527313
595357
769188
513767
975230
145197
235725
940444
700924
456451
42115
329604
204195
376651
596529
831470
476606
20193
71988
370056
428403
186040
193555
327572
464394
520413
196124
367543
30107
591382
666076
43056
75480
101092
211770
840038
946164
635432
417008
721562
591663
593826
901863
111291
545280
241556
881582
610584
293982
987653
341080
924336
1066
8417
836463
3237
795324
140158
427480
977487
99912
922425
208389
797485
966573
279999
663056
677623
150490
340008
788795
334671
502429
978237
151425
232149
804746
586778
310168
401177
379140
462447
512966
31532
86187
507424
88477
775567
721378
874636
156949
220493
574651
18859
646276
248933
527042
386769
268988
306079
536419
319567
365185
122175
317496
853496
608869
723543
232755
595777
940482
947063
575460
194946
985364
343808
695656
501145
584240
826327
242351
761710
819493
621877
155624
186704
23534
601626
277067
628990
675472
13281
447170
406275
380566
769647
518261
432888
755687
368709
986417
656365
144897
132470
515060
434403
174100
470514
220439
879856
347965
41408
813912
344325
832029
965578
409411
212108
752662
934994
730045
193835
306786
241667
581741
745254
237967
458914
958152
270433
836699
233699
712503
606658
356776
475288
304166
751925
848028
453636
370603
372745
468247
178574
584145
634104
674962
528657
545857
857540
373009
478352
141132
302780
738052
599431
738647
738398
153024
969564
607268
834006
518740
106293
959609
302501
598987
553251
290095
147933
167294
423163
900056
816840
84691
436294
758158
827561
821654
290894
739797
615770
347058
558617
306412
160084
772811
889842
535413
524813
497019
568802
779646
734716
948072
297278
776043
607928
110783
523098
873666
22398
395727
632027
850899
120913
617476
551018
832578
385980
650110
665093
731442
659699
727885
773551
376528
962008
869388
809288
682105
347289
868247
915127
650377
190838
530090
800643
718913
256160
429335
252545
17684
945917
865635
187304
680590
600776
374142
393664
572578
318870
235294
522617
225230
762547
479223
805336
426605
414251
337753
859660
812377
389989
149861
684959
739002
17193
9645
685320
336368
133633
831271
963485
251801
391678
551310
95589
523199
107666
399318
127244
858785
412826
927434
968559
927068
668607
601283
492375
785910
81202
597767
896772
999367
567572
524987
631326
813573
979896
240966
9360
224554
885504
228868
422577
791684
719204
91172
651799
490073
77073
636255
183824
178612
49517
490837
248619
118417
81529
909190
508721
123808
923280
429929
729586
665593
269196
863853
594425
277341
94792
389001
351201
106789
460543
164610
708481
867146
635347
673337
945922
497040
272554
945774
449810
20175
34483
545045
921969
450527
554118
198931
236329
648287
117034
901973
584411
243106
86640
617229
198963
747192
873020
205899
928765
807572
42916
522036
75537
33759
874352
435233
360362
385752
31745
306198
819605
41445
531407
886621
263941
857275
995659
967806
408451
158887
579683
837022
489090
678583
399204
49202
666897
827271
412153
222558
368361
379627
374289
367662
845030
595318
355167
406511
119827
55205
43835
517867
826782
978476
909094
760448
869290
8282
113450
38748
331395
728555
678304
859479
973101
270442
491787
943533
251541
525313
983522
662487
381545
60383
913771
182148
327491
173316
139587
704377
348160
665388
825466
441474
643631
361557
406491
528019
968933
44143
955529
804545
361070
141792
741572
564246
883870
867249
111499
780180
754373
347800
530524
172617
804352
446882
969943
549579
354348
903613
220480
435729
177718
975007
244451
322734
772686
552215
932434
670763
914554
302894
838538
826879
506951
608889
854260
714605
290074
718270
975687
189179
794020
554177
950538
661962
479092
500138
187063
654231
873318
551188
241660
851725
882041
463924
963931
167236
41215
6372
330609
772122
540205
746827
376787
538924
323538
72939
643604
112498
631973
881543
653091
554548
445367
24495
98513
186157
884039
604393
807153
588283
55028
30078
15128
111039
28365
687774
228676
103511
222276
891056
877337
801973
11906
511355
92678
819100
314772
923754
159111
915703
507778
251391
559939
862870
892480
384215
312533
325381
801918
717461
96936
146891
496090
194222
420923
877308
620725
122961
957380
476155
122275
894577
48368
412496
619644
121520
866697
701090
756751
722793
97073
176465
27191
12634
747403
538354
706373
160685
275513
59112
89116
896097
321727
401499
515164
794
169734
492568
910071
472769
628029
698245
131551
488345
100250
987327
573728
216096
1471
471378
484362
400413
151223
859732
448134
812364
222239
751518
783753
262180
366177
683304
450983
879746
884188
662400
865599
42547
882720
435815
64149
431139
116437
480968
790525
735005
437051
767574
227186
586493
354315
223169
514438
431418
708093
566484
380660
456522
189603
550830
910609
972273
895218
806170
30433
761898
206241
801294
769990
419952
583146
70141
438995
325801
647982
371609
433343
646320
373429
149353
818869
141501
887635
543106
698249
901171
86758
187621
143236
611463
796347
82421
339616
717704
830736
771923
322767
490894
63284
930392
207797
465987
54283
897006
939127
284489
284270
472523
167211
87367
970479
672651
609903
219540
706042
39913
824981
746238
319510
262938
366076
161142
182027
534663
221306
867932
212638
130405
387445
105507
726968
990578
8529
294369
412901
197197
299459
280502
104759
664691
994629
714134
882379
18194
606242
794036
805667
489483
591025
689356
797043
819721
616030
85645
742967
170809
369187
922658
383361
665509
535
218204
625681
147056
361501
749502
294300
793392
455933
701348
792495
365091
369423
392016
890285
826448
60115
59026
532212
338236
503902
963412
970910
498181
752175
380863
573219
282718
394976
502094
744028
953127
522360
716845
264546
61352
516701
147149
638485
552234
485030
731335
463865
952178
764879
778538
283514
73691
622982
907875
365648
339278
815522
697032
18621
443937
982835
179393
987764
421962
308596
954131
712468
347070
771229
361226
597713
617963
804117
384131
957044
106126
435781
289939
902456
45297
708360
805207
477014
557637
375486
792218
962715
30488
259264
56476
82356
101810
973422
200005
516940
715538
357475
666150
821132
108992
63306
983591
307329
363855
589450
453203
528220
732785
377821
882237
618706
33974
409790
258189
443428
103651
861761
441322
944313
829035
849084
598214
208678
325709
106659
561857
819600
589769
363314
928314
147689
482624
258563
2233
920342
402599
868415
745202
745649
3559
276529
390647
150122
559253
725814
421630
479560
364169
721
896265
391630
549597
482459
377784
672568
357124
571607
861863
485732
349892
814500
181381
172942
264849
423819
153523
348340
164872
797432
625556
75160
73157
116934
778743
220004
499617
332275
721694
271079
855051
616179
182507
250686
473602
670752
752998
453390
570668
859790
133165
954029
684182
939645
554361
520480
517321
181735
667848
330623
568197
477370
608748
583477
803549
338336
318128
882020
686958
650617
916898
128101
454333
262186
970242
380204
744044
458959
427077
866250
55513
122828
34054
155405
736340
53121
48330
189058
676794
513372
820590
169499
340466
59208
610928
140395
398468
484994
145622
163533
963601
531661
289150
682533
785075
183548
520324
344382
23921
989228
120713
574227
643743
2580
467046
820521
906192
914421
428333
117657
256953
213995
188632
983276
576100
684518
218705
192863
486541
200242
376221
923717
936669
660593
995558
305356
27904
120619
650659
626967
865765
351868
745702
206923
611090
322796
912066
611366
767713
261404
597910
308681
981659
515035
798267
316886
743407
198808
166918
114420
649614
502066
62714
145007
237031
268395
741069
756733
68602
634812
890069
394012
279387
47426
880463
327190
889989
253270
124364
753318
748057
455482
394297
669365
640498
97646
749705
41277
924581
666979
414337
257359
465114
271303
194719
439343
828417
48127
259048
268637
75380
343795
750733
710639
657895
638146
427001
4185
856910
204695
710074
556687
374860
202579
349897
476737
695891
435946
478264
741253
121372
792458
748471
933075
895492
570357
60738
987753
853826
763183
47275
827599
509313
775507
606335
920949
287454
108609
86104
218232
828224
875890
837567
20483
317262
492
161851
109842
128849
597264
361338
39250
146216
7633
504667
742309
257122
272639
67862
694721
113852
805697
428233
693752
950006
419298
819615
769362
215316
383042
883167
937430
966830
999021
539023
743912
27892
629320
905858
823756
199810
594087
962053
113224
775260
467964
428770
317224
634374
359019
571663
841307
951491
185273
348471
447035
870760
592098
730338
397674
832411
100873
126723
993368
413677
73674
533342
371040
80466
786539
278228
339922
251897
970994
200460
313996
257932
364560
654080
766209
95174
623099
549281
273179
383339
565977
985896
8061
327081
403608
637946
469089
199753
418138
901239
595873
928146
544206
639264
441297
690106
314202
614882
380169
560073
361524
96003
9408
735565
976912
658344
144979
129716
592564
799041
316326
539145
413543
194257
284257
496590
536519
579229
200668
507634
230650
25329
679573
589807
253373
258889
740446
445634
636184
520355
213268
640968
665586
372127
11593
500210
593152
949519
695811
276197
212185
15969
580510
962225
863782
108390
757964
615915
707509
2558
973693
507560
841260
831650
340441
237977
953690
967758
90090
126462
205801
659273
498007
190344
909360
344722
132939
646160
203173
313321
982261
969709
324656
877495
974056
120117
897434
233818
765218
350740
747044
818897
434217
397122
983476
706561
267665
743716
644138
44514
539547
796865
163474
223241
40696
415839
13170
476498
325163
528953
91970
626025
792012
545440
462139
521398
253544
292460
785288
566307
683782
79196
137945
898442
655173
742993
452695
836992
69280
634084
768370
237945
545300
533919
619221
527510
208920
480991
823611
182482
176011
682500
591387
810820
66028
46802
370239
484881
137666
734503
192563
777522
230108
477593
492888
813214
657843
856875
930264
586260
109483
65196
401779
473607
650936
334701
916280
348453
350942
442653
668112
563078
276496
961923
764789
843054
14074
187862
842688
101311
988699
119740
102623
914302
312713
601246
457957
607039
256536
627812
545979
756976
886870
565778
816436
732416
991149
140798
264831
292714
583916
685229
977525
126626
363999
693578
348242
899034
707482
989890
321153
292657
639893
356286
981712
164025
380017
267646
169603
360547
484633
520015
986244
482889
309891
743977
453112
868824
427030
754663
742380
5273
104102
946403
45614
537626
81178
697965
559224
619133
923695
186664
289416
401372
659669
584258
148555
649944
840951
967438
137655
620029
958296
732736
20536
778899
578649
117508
689410
117316
374615
95291
631557
343781
735089
290643
889279
387170
478055
411009
612779
899979
984414
852958
883607
319861
892544
645020
934035
161806
78144
77731
550917
850241
952379
270924
959066
14338
833082
70584
243927
603894
460948
960206
189965
908162
710576
92433
82155
858223
868264
819738
654253
350007
296458
121910
878579
208431
371448
149662
78444
629008
403055
406991
172337
5795
217764
79814
496046
397257
538314
287002
794747
447780
160817
257589
724745
987430
917192
679856
917879
674740
173763
300107
399492
372214
369879
256390
439391
92606
441378
568414
402459
979986
152745
852967
9598
290008
510905
57602
582264
800221
185454
891772
521393
449857
842770
999427
164603
25283
51741
791686
350503
134949
140058
687464
773363
648635
636907
391008
20001
852694
385251
435632
650275
515207
761297
195967
640690
515986
61020
197461
650557
342385
533322
101619
606398
756865
410267
928333
289385
823053
303890
727525
362687
75638
843667
445381
59519
579068
682727
882841
223291
256235
712029
477606
122824
444388
907468
488811
962063
106119
585971
58579
321536
51450
263745
969555
176679
759513
672240
389030
71575
810490
724363
958627
594690
51419
266321
452663
662954
441643
211698
529029
357362
415409
398006
954071
646670
388253
767805
778367
232025
242857
245793
431950
527622
896364
792247
703728
524654
868219
374197
800803
224391
151996
314797
719186
368437
667016
30583
823314
965562
925884
39854
327672
207882
574749
823056
438868
104058
364645
149769
129423
380118
10734
759369
753436
84625
998010
328785
629406
318231
39133
24142
890966
214655
208136
737692
221831
70492
837106
783979
508201
147315
583844
241087
654661
735622
3682
209105
167155
913103
968113
377491
790830
513608
467657
295249
776977
714343
530777
93875
659825
737704
661426
829983
496598
64002
610577
198971
722774
766587
584716
195472
831568
165847
71959
450442
369346
891948
186675
655452
501640
69137
870325
508480
886002
75509
511215
689116
896960
900235
318461
464640
410172
437987
809325
300940
159988
163924
979724
81455
858323
854934
865289
84106
260188
734380
278281
124850
950594
392190
118214
258068
416294
103493
546660
819315
892845
781471
608850
337294
410621
841282
866329
596381
853141
470477
175557
803833
808710
231994
288492
587419
732946
303920
380255
258108
787232
392629
207725
542748
561688
57921
862671
793055
935585
636141
970803
622289
746164
273610
519272
933258
266077
755279
760482
490413
35854
612010
951275
874570
647648
929079
999591
197476
245991
993998
834498
388044
287152
576055
883512
924652
498458
117113
702656
516768
303758
845775
822934
318334
467868
520508
779619
945590
783091
51382
183244
151893
18237
38973
550932
262500
815509
101391
169071
269357
268070
676660
346852
655837
263265
908916
941213
514629
246106
204009
584974
464698
593280
984687
731328
813597
648567
286967
151161
742709
924884
81019
795850
63096
192884
506636
923893
180905
24377
585415
937848
224091
23394
939494
690042
307027
853766
299442
140881
397195
853869
186070
253166
350675
879819
327439
158374
623250
293466
546176
928861
237035
444563
692643
155409
877499
859080
808217
521664
610494
545505
154018
956792
35601
289073
951847
199993
691474
812212
840564
735304
922275
402023
625220
997779
644686
954500
262453
640124
469763
650457
347163
78660
496060
197060
364848
564565
814849
276429
771881
237419
652423
858016
672612
716128
242292
316709
503997
514580
43774
811838
127231
174582
185713
237660
778743
125937
571151
700798
686565
219317
888529
402504
206412
304032
421900
776636
77929
971785
760687
874519
53824
1129
58217
833162
265681
259367
262055
570964
474090
563519
752123
77176
215766
117774
568792
917280
103667
728508
285818
296142
575201
362758
942434
678715
889366
522022
332351
221774
345551
722594
263080
974906
371169
412399
554502
294068
111598
383295
294671
223120
104946
740526
79469
437623
516157
428036
529533
852743
235387
937640
71219
274375
855535
392290
943770
593221
716095
170443
708537
692815
952168
394132
488529
669130
178129
832687
344644
111026
993086
189789
913168
879854
28763
424725
497016
224655
489912
311310
420291
664037
633300
129065
678045
831166
69714
981886
736028
20988
289545
408194
844062
667922
883255
127826
205902
241755
167509
776862
692613
25110
796101
476533
857037
165122
879655
717032
797056
41938
51916
536606
844559
268110
118914
33012
168734
441222
177550
168334
15757
999538
231608
146751
46290
79083
412224
202001
729538
134976
280878
666033
945390
621814
764359
290234
416298
20896
392476
394972
236393
346390
457724
250793
752644
576405
15561
306236
390617
816563
665640
977094
632528
753149
858130
621942
353593
966447
380168
462340
341329
621775
511395
199835
957732
582054
284041
540769
115532
213852
703932
213284
844631
239
313100
456738
560199
59280
795053
176181
467634
562138
992163
914585
157898
826607
829017
633371
288375
654449
697682
377825
737376
406170
149878
384336
20873
919673
358734
875933
406999
789834
270795
873908
893870
601328
3585
438782
423867
402769
744177
670163
437966
336014
527427
690108
138142
4957
253650
840483
544305
864518
490466
241945
404563
964726
52461
48580
742659
143491
679962
198883
212782
119805
147023
792704
467859
202669
475229
531441
23429
385069
687194
792778
426575
543396
91725
385954
746801
211996
320449
340736
742025
800513
401596
842787
472653
815160
573514
369579
817141
856793
322546
249959
894261
828171
688650
600956
708904
391995
173734
704622
115528
41592
793580
157518
414618
633326
374467
111873
284519
678398
799978
657256
282596
366966
184741
49457
594419
9842
134609
663930
843714
666894
519193
543773
717778
443398
584897
476316
164242
793261
981920
459370
77545
402567
180139
952148
27411
380163
434283
820298
235299
186712
555856
590350
7782
614778
904992
932792
333992
621817
556872
540707
453968
793783
674387
239864
682214
316548
637176
77717
842869
280984
766541
769049
510476
100972
376346
521806
984670
767733
727561
24180
948041
971517
125433
27558
605236
548640
267121
835115
419729
357601
865841
706524
586178
276263
908453
401325
679255
843863
995123
891481
790070
329103
439795
553070
642644
69371
551358
220466
536607
407320
923615
708273
776382
827267
497575
486756
820528
965693
845789
359808
603409
227902
441489
877144
485755
360818
193745
186991
793545
473620
140533
279518
921463
360102
630165
359582
145253
459914
440731
880115
144058
41984
575347
593974
843814
773181
738207
715901
348671
754020
697894
473448
383949
312420
157100
726795
402401
200557
184541
431603
804704
886223
844675
226135
923805
843122
384312
998941
167012
849452
649269
999237
915540
552002
380296
597622
299812
893118
682148
993123
630598
287785
942290
429658
402856
131622
314246
845929
980503
475243
253517
224941
247486
89372
259041
434104
833549
941382
445599
484254
911413
53365
653584
679837
66319
497586
813539
740454
70428
928732
923644
32524
231015
635041
303397
772808
573383
47194
632034
351142
829889
1281
345827
715408
288266
170127
77587
86646
714857
745078
47310
824598
884027
257208
148079
636589
938192
875299
481798
121210
361523
785961
69417
426795
670280
960288
556770
228839
365069
367570
934342
19895
855235
713730
850469
559761
126950
347580
348765
958659
15383
217111
380617
190713
166107
691659
123351
536299
623036
633769
653175
438501
394829
991035
28784
440820
837643
641592
905868
708650
567263
285924
440372
44687
733120
638274
805590
48228
731574
329591
777282
193877
54201
593469
413717
900666
972664
272448
288012
442185
212469
82968
606202
26780
511117
445348
311572
178587
342166
295039
293482
133190
430049
268514
334960
279330
147742
202518
343099
424829
581983
421076
290119
914910
573045
143611
65588
228942
975222
136428
673874
457661
906017
546437
768977
925715
506200
678905
166875
584724
445003
768457
742461
305711
865910
144673
327744
104675
625216
20881
728854
784975
197124
903654
412400
531924
99565
738341
116461
715368
654331
175331
617260
89402
105122
808964
965058
528574
850385
984398
344071
982868
994768
656937
918539
769241
159618
130805
8422
819145
675594
698696
60397
684622
769546
683203
71041
302442
243079
843087
472897
552190
933096
80121
374623
358965
554974
938024
31184
714960
108061
337271
211037
187022
780743
787635
885975
580407
509930
588722
739943
165061
115232
848270
527556
941168
969045
659709
724605
753300
253286
384078
267702
118146
95204
703170
310511
404768
570295
802565
639872
46205
142623
392648
363809
444085
52694
742716
601637
682941
308434
201644
315079
412492
500646
738615
363293
15079
500680
528553
724713
190215
256749
843702
667279
107048
180177
578194
458208
610609
439763
30960
395732
26875
815868
719188
240599
236799
974880
802519
438394
66721
635741
531703
183626
382675
422592
771608
841086
681383
733832
624219
199881
618549
945666
974042
677328
770661
146771
143549
718134
511962
750868
84540
587602
814460
178391
495345
645506
15967
566792
410520
94105
108245
429423
668071
377588
741517
329874
944644
511594
700134
987512
777192
138209
300756
140616
92430
976126
690669
513615
705047
108788
326929
377056
352061
312510
60596
154453
122418
825639
211338
192564
189332
46278
180301
516462
34575
39688
232686
180673
623376
871397
293078
148348
180578
345333
659607
805603
995175
909659
697652
637160
683891
459231
297673
65177
327048
804506
298585
528538
718250
843466
786226
86151
765919
777862
443071
219323
771589
198923
984554
270767
915407
918196
652011
715898
335325
797448
850802
289910
518712
932589
482669
597699
793447
703163
558390
5349
322416
971820
717148
615689
978670
698799
5389
359781
893132
32347
904413
859261
179291
633089
952949
660353
321366
556314
318747
278739
423407
255135
746777
185767
620821
178360
545165
271748
311813
647244
395533
582887
718922
171575
160372
782598
468627
549786
197581
466418
667887
552587
628891
284181
153447
363885
823299
490331
372472
339611
916888
417902
792299
788606
426368
896473
789139
155007
611463
848974
766883
341013
420096
145347
816297
872703
62931
332342
248363
297998
345832
858066
143772
103642
346799
940906
944187
369813
113993
282721
258057
711868
336982
942956
416485
145513
657436
689520
257157
759430
742416
666309
455571
855644
361093
337180
669154
876553
415278
10941
60107
272528
574289
450920
589352
626506
982987
775773
227436
931643
739130
646904
210654
904704
920650
268020
339440
833955
48863
976528
612928
195345
977052
388494
153514
246051
25807
580312
41927
876632
827641
524734
686279
180068
44541
737306
10087
643169
298275
261397
433934
581220
707082
68098
528202
947435
869160
858792
288866
760626
868479
339805
895127
78884
116319
603917
44476
438191
946641
507866
864943
837680
558567
679581
868211
317518
617694
286219
930411
210786
836205
382580
136181
297300
343853
389092
386529
399873
265444
532076
108877
518744
275631
458683
787486
513284
526476
701477
774813
136195
292866
125574
776811
484950
642285
400064
43555
338001
122153
505119
341323
774354
498715
3102
914997
272014
103191
54083
576376
517191
836913
211877
849094
133018
252387
396942
496810
834868
246104
195451
407521
850917
952595
893632
233362
129164
529663
984968
29738
475634
190931
45050
555288
470388
8929
322488
29282
891671
450556
13057
259618
686784
749956
537974
350561
585211
138704
888122
180303
164601
367478
298674
821468
850199
716153
85292
88437
667097
246224
759132
75166
290997
835471
597824
546792
361804
872052
779045
336464
320883
301137
839236
100980
977072
243345
578244
841394
214977
225960
302051
56479
408917
885083
943727
624673
230558
793193
418734
322986
499582
129173
896157
791057
195486
523601
918294
363727
58398
805128
944778
212370
301030
531720
605166
771777
729371
776971
615475
29261
933998
823649
838189
65392
968014
269435
634197
447366
943294
398486
129194
246020
912576
16065
186546
89
725297
510349
526110
860895
850286
148561
899275
623678
2996
112023
292005
992670
843462
405031
299558
785350
864455
737261
171260
179734
246247
540745
162185
716381
392954
638771
314372
909272
539172
659657
845884
14728
496177
254647
377853
635183
743297
713794
46411
683430
708704
662705
604619
432094
171636
795352
259713
776113
627279
931906
905460
363364
968101
35194
90478
521916
88343
17334
523872
732089
735598
398177
464674
734259
358755
859972
989719
315536
458266
743568
475439
908192
383408
763658
385286
529237
991977
924115
598442
621090
767308
541715
62713
500846
943435
121986
264489
154933
735065
625171
367202
150716
521824
633533
449158
720559
332747
411558
694096
309336
234174
628463
764890
474622
723942
172630
171576
303512
204586
900364
812802
162028
664704
483220
314096
203337
409373
227476
539805
449501
446020
662460
202286
896052
534272
663056
472972
608910
225389
75923
797644
230619
307760
252370
265456
112277
65030
761418
98119
23162
25274
531319
662831
643621
165040
996282
696251
421960
403231
777381
925039
795784
909788
424296
550517
797841
155663
485209
948517
897932
195070
324208
72108
582515
290478
472855
512185
147094
362392
877142
311312
369501
435719
950933
456479
212000
305335
620031
937536
293846
347945
103811
278090
226020
577158
285940
642196
837079
112365
827408
894407
896237
790171
757342
59103
908750
972662
618032
920702
389272
267190
57480
758317
930008
930673
633943
955248
35220
626433
945889
304964
245828
316947
692156
228855
535202
900751
834422
723748
377751
856735
357910
910794
631316
732894
720507
377992
683842
766687
125346
183736
474897
864663
427779
357093
683053
982888
526042
675434
151439
360011
671619
477736
809520
756376
38590
195107
413528
705013
896211
504954
420244
124185
554319
195009
440325
587836
336748
4861
965461
173981
608206
590715
409477
185711
665450
895693
219170
417057
301633
690786
77399
113097
334026
501569
607387
275884
275950
935330
127562
294252
662125
133545
34194
599438
270494
178303
230212
57191
911571
343311
970378
248996
314459
456346
440184
620082
129825
369080
116987
639568
892849
467500
52270
390895
990235
953570
498955
107906
686960
345159
39550
623912
869289
431557
296021
552820
988008
263578
903700
96533
778966
609556
86246
943719
625579
214699
382445
768981
450123
668283
363578
299240
415950
179100
53592
634161
814808
254303
842179
110863
1447
831720
970614
970654
452588
698211
692962
539196
591312
90916
531450
116473
568727
444959
170859
77658
358434
669312
840746
593546
224910
805097
563173
234462
459642
583558
528411
925955
472743
888909
396871
79431
589048
165847
616503
449088
923800
115478
22844
32221
186426
138163
110330
273671
55164
243141
978847
583923
833445
239279
