468876
833058
24023
73580
751046
69637
421894
490311
162555
56284
610407
986003
270885
196744
403488
342200
398473
81134
815278
13027
594045
29630
507527
830806
509339
618705
114574
575961
684673
569004
401522
585166
222401
588066
982244
795298
875436
764565
788851
560735
668982
10460
198597
138527
317190
731841
196148
429083
665949
5409
109634
663906
892576
767350
74939
311589
612547
243826
545510
635311
780820
268353
174055
213617
965409
233649
807540
903099
89032
38510
845106
419719
177241
395366
688491
825264
729001
48075
814702
188736
310646
86711
738628
118694
326066
378921
751498
849734
997358
950253
790576
907947
57124
239066
792269
146712
53217
413365
739612
628156
138445
945076
550999
568579
191896
220124
14254
83081
755715
851915
354084
777001
972936
537874
662471
690164
751976
339706
573002
325182
664527
132264
669248
421010
200165
981787
161271
454469
93683
21649
791535
123240
784688
264521
922550
465239
585896
180196
47969
473134
499464
916389
935656
787611
788808
324311
916319
40207
601845
560398
38285
830671
884698
65861
231595
954983
306122
985127
553082
535677
55949
970025
978177
506243
897317
109268
840866
795014
764987
369056
936344
254564
386155
59132
603600
224794
90601
448107
243296
334395
820878
844744
349480
677053
497859
999786
137284
578862
544073
901026
153323
493700
871266
810081
112871
208401
580255
54839
482289
776725
181383
445622
601192
945518
394529
950517
313646
815850
601567
894384
232095
317437
291879
96461
438255
50126
589566
573177
520223
476267
997267
486513
185628
148317
718694
504093
914164
918103
489363
87126
536245
540296
964287
574088
825380
620880
556126
140851
370455
477839
571742
465420
86512
880920
387251
376896
36214
544452
514688
7384
924049
346467
260703
733559
708450
778254
802893
921601
164477
84120
279797
493334
821828
735907
932375
401276
535265
564622
925845
728347
244767
836812
244122
989601
834150
101008
488999
293638
465873
217892
363323
526314
625134
998233
733023
798042
826065
787161
685963
483633
662485
563480
859576
732763
495856
51113
304899
740981
505074
142509
372475
82640
937306
639526
909319
320021
683413
931945
989623
494594
992148
39474
225189
1874
26440
263890
213767
633147
219133
845571
242197
565585
711056
541340
60369
636808
692367
959519
114872
812182
486699
127536
610883
110967
755164
315809
806874
642506
434130
75176
489942
754649
927123
407026
961585
507830
471605
426320
96845
389184
991354
923600
232285
15045
464323
268455
179892
105153
302643
991881
66152
315077
630625
794779
315811
874227
504121
47872
65990
605990
356592
314960
896057
553326
746273
541799
194067
451577
646217
933465
418403
903373
319324
636099
722457
75441
744897
750525
105044
196588
604913
140651
380041
282981
717799
658291
281100
451369
256965
826761
911167
827723
189635
317029
582420
179622
539732
403798
833408
614334
850263
240240
17278
635909
98358
125729
835644
195705
269279
320546
110438
585194
681757
721545
602126
33690
493330
788091
693237
251773
505043
564798
70777
671775
705248
442796
166618
524069
860542
484099
374314
900075
857779
454298
33489
696013
162590
193070
929338
311169
310704
483163
786718
25633
523659
146534
111211
798599
516789
252855
130192
706770
755001
776932
868776
886021
261402
59304
186752
619982
973365
765042
115975
280291
745778
945690
2961
634376
566438
62766
876551
723054
770185
740139
193327
183797
985679
343175
843220
418578
212453
913771
896594
696588
574153
187262
904896
61472
470470
897437
972282
649925
114635
877543
795529
709130
114151
891188
290290
940059
54820
265893
838872
154850
201341
720534
559310
443849
946620
699824
298941
266654
50612
573020
280430
970896
728216
486226
712309
917398
855863
291407
417467
21487
342485
458981
16550
972740
20135
847916
183143
369193
980266
158358
306143
54466
727072
259296
339375
498882
321320
271653
315803
204751
216249
891661
113370
337474
87803
529314
225788
376074
689666
48259
366520
973680
176103
839025
639505
705205
591173
549063
742949
880023
474189
751750
948370
589618
975431
231502
236229
48772
308133
799977
607136
349001
604997
80386
638151
746373
627268
104691
260040
528736
654969
747708
515813
736299
857557
246159
516286
789632
483157
892423
317215
367048
450593
918585
766948
307223
743813
884067
996421
281649
842377
639554
66
221936
175662
39551
875820
756669
323144
691401
543821
358460
820019
475774
346037
736260
559667
956610
637666
762315
468012
118323
906251
132321
994746
73523
607177
584147
878574
439460
819619
848112
899430
982834
473588
778664
695432
141257
136507
767887
530459
368232
404479
354241
986113
766733
120477
356896
125141
963984
592111
412729
350301
664012
609755
574085
100652
712632
970101
127499
301207
647827
443282
619043
585553
475838
509738
467093
808934
911651
30057
215775
807697
33299
753554
947413
667450
749934
880528
678819
457423
9531
470235
608622
562237
207448
378755
63513
597259
363211
120221
331684
668179
676534
422535
165102
947551
98281
16024
384155
499996
35154
300073
49104
252349
388751
755515
643035
91887
53988
474627
420912
606324
198536
146009
964111
505951
420250
945529
202305
103339
457073
41587
266752
340855
850000
52725
758198
504738
468025
757171
211358
459007
128088
994288
621767
186997
752544
52268
718903
735542
79348
715242
666668
472666
526395
389149
667454
254039
811926
91566
588512
687455
65326
689773
876357
792854
341414
872721
643679
761391
377072
776365
115522
712162
317883
876594
382247
421388
118986
350683
5069
525474
766624
405753
503226
76883
343639
419675
184544
252090
897745
479065
479578
942141
622021
124925
323349
40069
649339
490767
965324
663514
333651
358524
945195
738073
755199
953378
494741
381397
431888
598587
165569
412680
896814
626211
249535
708276
345122
293639
671129
993947
974221
271404
708884
763159
411196
326233
159446
377303
444435
892963
862945
683254
303141
434003
941309
297209
153638
78005
741300
264933
819064
974720
191479
645883
469025
823581
728031
892946
498142
247382
64525
797071
54737
578780
172466
190146
140885
501941
28074
621216
462706
139712
739139
847641
324268
40678
161757
846806
524022
506079
773865
130129
359556
336350
330771
62800
832126
579098
60028
824127
912976
742138
694752
419817
576286
431197
183703
272467
731477
564419
322103
725301
958173
930331
600534
845910
36714
808233
551021
537794
838130
372243
908952
912363
361273
128009
196793
820570
122823
409040
537341
643920
266812
179753
764471
778813
684602
191074
45352
578204
674688
519032
178528
384809
881943
104679
313469
630208
920484
337297
43858
895316
821598
437894
461540
955336
302170
329654
895310
437997
908611
595440
533956
252825
522917
671574
544564
90016
806760
493216
776968
310130
672281
599817
558856
562769
620708
627417
221597
964076
28446
280656
477552
532189
839807
662316
719729
954620
471149
637016
232052
80734
137139
435761
461237
258094
399440
478453
954876
44453
834860
558986
706844
417641
263654
318953
248213
809728
330824
862117
677913
693231
979676
188508
989164
545971
716696
208248
654820
415259
115892
812194
36944
609216
774108
235077
214133
97058
453569
634746
82611
440353
80842
168661
121223
897429
314921
746699
194858
733514
28040
360703
585878
800603
184353
88488
639592
530729
228333
689119
461473
5497
126900
782794
536134
131176
682179
168161
726312
331979
915324
530842
511038
817255
227911
811765
327086
24713
882407
607014
997354
746372
141991
459098
273207
667333
238258
895143
588041
592532
660226
465173
513163
359145
744817
845891
775291
571625
770155
753272
114417
54460
365637
392263
291519
611915
798374
208158
288564
904027
101155
832555
183099
249537
244585
969962
825697
699777
221779
972432
591412
659527
359516
985037
213126
486657
705838
718658
672465
296471
481305
843007
669620
461384
418783
586487
693148
767138
905516
392643
644222
819742
833379
157391
470976
807766
504787
1765
302775
678819
750280
42004
374219
763031
834558
757948
548023
922260
606641
46649
89517
851719
323024
710506
216278
24069
798159
342685
340983
796992
70939
621273
847023
971557
243817
914375
537949
212246
604712
38461
445790
860735
543445
728168
905204
515095
529260
51286
667906
479797
609276
373214
565812
690892
833748
5548
121659
927045
481817
364589
452022
468471
391353
455635
37996
9734
945722
739397
188022
918997
865772
596455
202618
414825
582461
95809
577169
622491
46699
891726
234314
457209
816532
50212
488712
985339
238377
485882
738182
936541
241345
790875
492475
292381
189066
119782
238809
857171
328474
931263
25135
88232
32355
494998
810414
63540
433349
112402
711752
146232
498430
20633
147508
253493
569020
93502
508110
455463
762963
69384
594844
702113
701450
597723
416428
728774
110032
35142
212633
11105
874060
914664
979372
802978
552978
998207
629278
510326
994609
168399
581883
666689
819433
702123
623587
917947
314618
947043
387755
833892
415895
596042
308576
938917
341946
734434
874859
70789
91153
628070
545808
484484
982230
646196
369809
437720
649788
923350
566767
684417
607237
619820
661072
357771
823216
191031
167100
275424
595856
257156
518849
218759
683064
976179
924663
395965
889619
864738
489694
722926
291472
217275
528611
776016
6522
737944
435138
820765
369189
908174
736965
740651
425540
323805
939434
868585
91736
347890
762722
402104
864387
39062
452214
255139
369403
499447
944388
999357
848730
808465
98216
59606
56145
435513
642358
512601
348029
524102
688355
383109
355410
520604
808515
261766
699380
163670
884780
16047
154532
815695
707706
611863
27863
755470
60012
526733
805347
562764
683628
519865
355986
425378
513452
612752
648089
985875
492780
538675
407202
296116
419096
231845
637894
847604
907341
281127
382615
50572
117628
546610
502680
278276
950823
374928
405648
950942
199689
775704
650611
591716
965843
964548
10625
879241
803984
970481
496043
448702
186217
259698
364463
513556
438277
111952
174341
279241
822792
155106
38513
78193
633149
512709
375609
894914
72078
681721
769777
249276
589232
528984
611954
831859
564251
139892
774249
762299
155127
939403
955595
135662
250195
367145
80486
150812
904974
325339
891219
582608
768472
59659
202184
925115
220691
234685
899082
718464
932435
437093
343807
226779
86532
905570
692833
300783
363947
808155
714959
698090
569669
418037
357694
700119
996811
915758
47308
84927
108183
120025
996277
491069
446496
369270
909150
573725
495649
877421
512399
322416
833497
267047
468670
942895
663723
764874
487878
159113
51173
982543
821239
641164
313501
501121
602822
23596
397815
167827
138981
102898
101892
389406
206766
968899
150085
274551
746360
727755
30797
743274
263116
444167
928964
257749
128306
666861
400072
134178
394788
824056
809965
430050
692836
236883
168101
393155
624425
727713
402491
789742
994805
819303
909497
423423
798722
769239
587818
602338
69338
997306
779834
532550
743814
320889
982521
172417
625950
679943
620798
526208
903744
338350
578664
764073
235995
976245
813440
454735
365291
60331
218170
462737
358719
893268
97883
518864
186421
987565
909748
70666
774472
396956
404172
287576
576256
492537
573724
182272
251016
84403
538099
470392
287900
998112
346490
228344
399201
181861
697618
639866
557774
341758
746137
198737
927368
155755
273676
59811
126668
359416
840710
648133
204742
513255
473703
16881
537598
362875
650320
977254
482162
360996
972682
352477
887742
948674
460934
70627
233399
566935
938815
451608
147800
268814
718524
135810
507156
290914
727153
940878
518666
266221
80901
250021
996119
952590
119855
290407
521413
711285
750585
841735
664608
31310
191975
631363
345577
810375
138737
607742
509092
880128
648555
419515
391884
844366
56006
6008
516455
722092
187631
75045
959540
289151
715541
735040
286336
589253
464520
612942
369688
929881
931837
789879
321752
748517
861550
266175
368482
756004
242398
429405
788715
254226
450810
546362
114287
66611
90011
82823
640196
953789
439080
80763
699212
52836
473561
657064
700805
577536
50326
768569
474235
211420
172733
502474
424668
747677
400643
971492
892332
879821
874737
260691
474127
673411
775248
178534
800708
956401
809504
833731
567985
438410
14529
249892
998104
551694
60789
768434
733609
499
595837
845244
183666
560625
965407
388820
714162
273514
647113
879046
937803
756597
369808
930614
793045
948102
895377
9237
106831
49979
37688
536000
851888
742341
38111
531381
818779
380593
113230
729202
971058
897234
170337
910252
12482
141837
995847
966441
464348
563969
410150
798650
703939
874001
872924
999321
760577
70031
838945
956315
883284
360582
731400
146641
109382
458852
54692
828481
371354
931778
486471
313212
30434
508562
726246
234972
237486
450084
399640
267740
495006
33237
201597
983700
935449
320404
898812
589519
145110
427730
847012
42058
33687
968966
14196
521164
149750
969370
647414
926173
607320
299893
518022
107556
635646
286758
567472
654176
198202
916585
204087
695299
945598
206810
985842
77670
560272
698867
93330
262061
794841
853187
836094
827513
889117
853870
979295
919171
896582
82395
140919
568604
534425
898558
593068
643454
630090
91009
109987
572749
951914
755921
280264
871408
265342
790596
108329
401671
470060
9122
842498
161160
99471
692439
441684
783353
546473
835059
742574
505932
946296
873627
223309
715794
898209
752336
395743
831197
224521
310425
676452
557879
279875
731280
481453
870840
677539
426631
628167
521096
701745
592213
85105
171058
747130
511104
934024
666208
461632
17928
618244
428217
726545
469134
457563
597524
266357
336736
136771
499479
280256
492898
34005
62320
917320
808538
291533
480560
663729
262743
378414
218751
245668
526783
70722
825984
616478
503732
362431
347906
719076
638114
708101
533279
356053
546088
842500
717557
479704
159009
728251
885950
180211
966926
482459
667727
232765
48546
241482
359018
438444
12585
528579
67199
156680
669781
223194
813318
898625
989030
441053
199218
556315
858613
515351
563986
137031
260190
779566
785865
407950
17800
418476
781224
767974
67411
587546
171621
516647
871900
286792
255099
541911
411375
776682
505693
357217
697866
531293
164632
517733
961738
695879
991940
917609
646773
4699
611558
749036
308899
958332
633893
235547
454537
210361
9639
489181
223587
79031
30920
784649
339902
338540
995831
939703
194719
527175
614444
325108
178771
430382
39945
617935
475668
351
610189
426000
54741
621623
462703
526345
68523
713233
410653
470532
687447
805319
661584
953755
134580
975636
100043
706727
480954
402522
697265
560464
924076
280190
262657
342532
676068
825713
167151
479747
370809
626954
476256
737494
965322
437775
655297
404063
801706
397139
925380
836364
449896
10617
531768
733158
486969
613206
372739
599878
829380
872053
711423
987750
400714
908532
888495
113365
367536
123083
972765
921028
929707
334573
818385
895294
339399
92039
75631
594933
357012
62629
140206
697399
278637
377844
472561
225664
80102
579554
920387
350376
944273
298017
632884
589949
795501
760459
849034
654251
762349
721248
400550
545688
426976
488170
489589
647949
477825
759617
100687
287694
586077
807275
489263
105738
157341
17435
920591
462317
526127
552538
899424
79635
75349
992451
204963
738904
948938
35752
336743
325131
931852
191571
127135
254913
509963
181543
275551
538629
137708
276516
994547
690605
154746
812169
53468
447112
642730
95251
625832
307955
939529
12132
206189
255883
488708
945855
834594
15676
517844
85680
735129
133496
741060
403080
308893
311812
956192
810630
655460
670892
277628
481362
555505
449367
588126
44450
339721
838965
796937
374399
364623
406676
135974
855714
684542
385938
292433
643448
294211
988653
514302
920837
220789
439734
142791
236645
594994
315749
909139
748013
600983
663813
591844
712623
795291
24656
193276
332956
334025
447701
667885
249796
691672
522389
304316
371002
13608
283630
954801
744211
712219
462447
887486
642893
190158
125514
537929
793611
155379
697383
359960
533374
828172
767253
255192
752096
221830
542171
313930
329882
60912
623533
26827
435526
126934
689210
253310
628558
697342
885602
289624
560755
717758
299141
530439
116906
416312
843127
132928
742625
425844
607055
558500
968927
54808
231903
907918
243913
670470
791614
881083
41792
31250
987200
686615
922920
544991
273287
98784
682884
668821
643763
748665
500093
292289
292085
100813
83906
193992
662465
298014
62792
482505
872929
448233
345266
292431
257703
785784
76173
771439
476155
164804
279346
163652
301586
44420
42382
319429
295423
943766
389311
447296
948771
83081
690772
357237
481217
11845
997687
51154
831660
602520
572199
617030
868833
187101
121245
463939
713393
220939
787152
416725
578135
148951
414740
77914
844264
786951
665118
800541
83368
195285
251490
40787
679224
762876
218077
552113
102701
622817
203759
965096
935357
720097
172896
894079
804691
823091
152515
801163
499842
189946
385079
510348
262677
845482
384906
345703
499525
172948
704825
515324
446532
194255
531859
819683
200118
961605
963835
265032
463743
632471
973324
177824
68535
978350
462999
654791
57466
219231
890439
404472
135453
716218
774246
907368
708219
748016
838904
178687
285933
576286
144837
635380
853335
547450
425397
652227
519711
586521
472531
239246
968057
606490
363060
97742
120542
941875
647025
224500
441052
388054
646031
66016
985350
483135
980224
512381
762379
388509
400259
557559
381348
155418
267110
748890
392615
739849
398251
945608
477433
455723
552841
111958
33824
289694
929929
669765
845751
410787
198865
344472
934906
689930
275198
385814
712641
138044
563178
788766
8394
836965
367821
184034
256431
685308
635583
933186
90486
30832
687771
79749
992071
102512
872768
398326
678648
52311
140977
315417
691589
165235
339356
578953
933403
924529
543480
504303
857107
257894
346631
558241
369468
918716
884411
37268
952785
32055
183285
967871
527626
565347
385640
713999
373710
595932
806556
473152
996997
990137
768975
21215
315084
543638
331894
544345
306754
318845
813985
291262
701375
201969
236220
178456
378405
407446
413169
687842
790016
922987
979367
459172
252566
198774
872057
663248
53923
660738
448714
271947
904057
48455
382570
954896
701506
527234
695453
662514
408356
865757
987672
199113
77200
902956
978200
83272
837672
394259
634399
105514
176074
474182
709645
924363
441278
858729
481559
35667
172664
766422
533926
593869
639114
105020
181518
459158
834793
226340
770345
869616
683929
747919
853008
223414
910712
654588
168757
200106
776613
660230
594080
379050
373835
533737
249092
751234
715597
110757
724605
394394
383120
983419
969513
466256
531871
824916
116192
103393
436671
841473
857681
684864
844432
502621
363578
811785
98461
524303
365699
803535
879040
417260
586680
532305
847541
810041
779106
707660
716345
933134
326593
800490
187294
907093
633831
467544
635566
448818
998707
613301
133306
875325
671721
707366
618878
570922
801835
862150
126514
63882
234006
748091
721647
50474
103420
645924
458748
835417
844217
210990
337461
819784
74228
158342
958167
166922
519028
965480
20842
24122
39388
526678
520331
132987
417093
468133
841429
132890
429430
243698
855852
517713
161858
209201
518502
625957
69439
94821
101781
143918
248414
265772
595253
195063
402668
317938
919343
329659
197988
338438
436040
744976
697518
694793
611049
784672
861240
880322
514187
418065
534896
293327
210623
955974
25051
889463
132375
471551
407253
824986
174644
556316
186661
731145
872685
88063
113724
400946
235545
345166
710667
667508
912250
503640
69374
573841
670854
210319
963928
628417
639187
146355
679532
341411
462622
468560
110901
860943
319991
617886
263123
29638
19661
117894
327650
496203
738386
259204
646841
961611
119306
276711
22972
131767
924150
329590
810079
368435
728791
80493
714423
630630
38177
808485
654398
590450
337470
801809
485603
621822
985723
383588
448844
97390
232275
208848
937
919604
722454
586346
95606
469568
695670
410409
225165
194451
299374
719822
592741
187185
89808
382685
140203
891189
457961
240393
119163
23038
717010
408813
619195
207303
538390
10039
611860
57877
874171
372895
688142
726217
666991
615765
678920
143829
752273
132793
982672
525003
749080
660676
748581
697489
844260
36740
876166
811377
696223
840964
246390
597325
777871
204170
904911
96624
256508
349113
940928
783039
201720
736727
363813
553550
33424
660073
539457
912463
312846
867387
661019
326501
728807
57212
731762
825110
476232
488389
487133
86687
333048
149114
204292
569890
79081
437961
436149
559867
756641
338832
665508
234928
102528
729435
9538
602374
202797
61002
349624
17776
579745
615889
121408
751779
855119
501274
445088
920261
436399
990021
318149
801091
260902
678671
743032
40706
634900
470416
259583
931693
84665
982942
254226
338349
243524
745616
461368
871735
830970
646301
375615
550974
699904
591074
804884
823050
587141
799938
743236
903073
813710
212391
98064
401761
624095
949095
815718
141871
518467
633091
271426
292170
746617
863689
629089
449081
247291
271961
12253
916387
131371
253380
898026
83261
997917
519696
487147
891165
594683
940760
345906
908270
487961
125328
619987
158332
105750
937511
492259
30191
287147
408965
106194
460053
460563
544052
274978
61400
194391
408475
798723
835790
827125
447076
894349
455343
319980
455359
223833
114722
293159
235648
542973
974640
446596
758436
142305
535322
140607
14001
620482
843653
651263
862587
250371
40339
815357
856002
848555
980366
670285
271417
393536
687422
834507
853218
241533
16218
492131
261396
31858
478811
97788
385182
146041
684651
418882
616326
284816
245309
409934
10794
747416
592566
801013
676552
599529
751560
166762
241753
551632
249760
7440
921688
797030
647990
262944
588192
82318
438593
405684
734515
277578
349965
877294
401431
813754
848868
739719
522906
808947
822825
425784
676599
206072
498245
460414
568849
723992
709240
956814
46428
683811
126545
719189
11419
19978
664377
211754
918787
358802
114409
184275
751295
735605
988988
61489
738637
590805
107806
727049
669253
762269
238756
201135
683066
76855
299062
762961
349241
610659
119911
172445
634799
828795
229221
63376
184935
195968
754380
589085
501680
346271
159701
396342
55452
452550
796203
464697
380517
853406
643998
445498
25131
572516
486384
591145
278041
183655
905933
690784
774757
531616
382232
390860
655669
252649
216353
248693
968991
638108
797171
87339
722377
837897
385097
963663
715120
183315
736608
312123
651780
984807
229735
212559
437743
989530
495379
785689
163894
95391
57871
400928
527864
68770
500561
349709
548564
484803
737096
868919
482792
941618
588017
468233
326388
591331
392009
115346
573724
665006
693661
531113
371788
875527
32189
491003
708598
394965
148239
891251
702519
580464
425087
147844
59159
552700
585492
554966
198063
529245
362846
463498
317157
259669
350027
938924
920915
582785
699866
423412
403590
12461
552039
467385
477730
186319
590692
876659
775843
156135
206440
631403
443518
583025
64993
576641
101798
788355
52390
577114
830442
840201
725479
691556
455483
814427
862982
648455
965004
235576
933630
981929
118546
336930
947393
225886
179243
566677
100448
152299
260251
700453
789988
234741
201073
201203
456570
514443
886920
162251
455946
319629
639721
346270
218472
246711
494670
712151
696355
948238
81153
972507
624124
151397
107491
166242
6705
724044
778761
923501
933814
306070
894657
568611
603141
957766
650226
56332
756812
263317
128929
552873
891909
812259
8848
304429
420964
418040
973249
542556
575785
870965
175512
30143
519573
930331
143326
891905
141177
369655
23330
227050
886249
132393
604474
351861
942480
115344
504551
794959
250014
358613
293526
589871
263772
238224
525699
718860
535647
744666
385016
733184
722907
504368
657524
407607
379151
408448
510950
632147
313374
614676
56728
497888
725246
379160
955305
91695
836681
425993
115123
498193
535473
763452
439371
200113
436753
839048
725030
975183
967838
447314
881624
204373
975804
903539
820984
782935
55725
330696
96160
638252
971364
937429
354001
585827
882168
411990
415155
432804
1332
315684
69113
609381
228171
143105
989667
116997
805800
536960
879965
137609
114596
404436
595269
230192
752017
512563
291850
211124
380723
226534
144560
986016
777230
282480
419823
842441
577883
424792
369275
787498
925460
987413
438623
769120
45038
411990
593731
513086
816295
565739
199308
977870
196917
356243
650338
632677
406622
124706
219213
404194
789157
715471
177592
490371
100706
412568
854808
36515
411435
651026
465958
867860
125934
31057
898312
332117
953249
40431
304014
210480
702544
622909
525335
118003
171157
333188
442324
214728
818406
221110
467620
465907
910280
796086
415071
290664
437986
849025
636591
32263
62380
153975
682264
131253
893318
217226
911511
144216
573285
52290
875816
465454
22376
677546
437410
355851
461513
534362
860414
9965
469231
495202
650677
986493
283935
376720
903879
142757
334035
978975
965079
390344
841699
715836
335155
528162
813152
896822
948658
968574
193088
200577
996919
396238
533427
299430
823378
718890
26452
142923
457221
738536
751483
206554
67875
559316
42543
789649
702228
447180
328185
914534
60854
84475
389075
560533
165406
326896
458559
551879
192444
335514
553333
481120
476380
886946
578100
545702
889481
668069
311610
42377
562188
47181
637903
720467
966354
43083
784187
448813
639275
984114
83095
67851
756655
271667
735105
338869
981371
109809
956393
919411
307993
910720
727432
242453
977726
167359
842929
983324
187116
931855
151103
469896
178616
86063
259374
876991
320358
311414
378630
589143
293808
835372
824434
281920
878502
112644
960815
78225
859183
879098
463072
331949
85293
352517
805374
699154
678590
483322
463084
654590
947295
588413
424488
505086
20588
804452
197918
29332
353859
780649
480791
182148
933830
13196
963918
389819
583422
96835
803875
518493
288349
399519
808297
114729
310172
105725
90522
361547
892995
697701
599402
276543
562759
327042
178488
561181
784461
1406
785761
395333
97229
359610
879023
285927
675218
374183
647535
133487
323293
999300
764000
288652
4585
68916
270471
199580
442122
782715
198368
581430
816303
243605
909615
318035
312390
310579
53428
777113
913086
160722
537852
660102
138024
693946
681684
734965
215735
76497
454425
707152
281638
309529
769515
757011
768056
509325
232576
246392
487963
448339
635540
14149
36582
877341
910334
859758
233281
282466
690782
699431
241764
589941
204915
309963
52984
414207
789449
649890
690009
485726
988239
13138
632765
292184
212295
820197
763438
300349
420694
14003
166003
910297
731707
935084
750413
234579
200540
299204
267805
340198
830972
61307
202339
343609
861834
250248
870625
31324
722259
803361
1758
9569
651862
575018
44934
519701
641976
300408
429038
851354
892174
271360
880502
76898
568088
766816
745095
317066
706638
322250
525628
371665
974033
851401
196446
803443
100228
187121
764103
450278
666612
420391
54951
413872
732850
261258
587621
553187
312194
281405
973149
866870
802668
441747
888520
189442
356975
329877
568953
200790
207253
268722
337092
674231
312290
316292
141369
173559
805414
678779
840078
98480
426546
122216
266011
583838
319399
437288
882814
29782
804330
118187
286750
81639
791987
238240
760717
121996
203397
820543
500743
191050
297848
280946
388823
785772
62386
899937
766809
148953
619316
81497
92442
705039
660368
17176
876827
799294
912569
222391
693109
512771
150451
385396
576150
7103
632489
581275
681705
170260
350493
446801
223508
649916
347641
231805
716123
367621
618373
83987
437090
884589
824242
648702
935695
80277
857555
320682
875854
389733
836331
11499
721134
682749
452001
884941
842920
914835
659792
540153
782720
744302
290683
954880
650373
885054
700126
533895
777586
495701
685919
616079
273335
784902
461667
426784
484945
127897
732222
89490
876630
354344
23746
3704
362125
742489
932280
174121
83769
896824
269805
425836
59127
681199
909603
683135
101949
678245
447657
728196
739330
905457
204869
737097
382844
495802
35405
852979
350149
988205
873109
648582
284247
590745
953794
708243
118774
228266
66429
218366
919469
711744
779843
554858
803888
10603
528538
957444
701088
195397
482334
888425
554030
997804
638458
116533
290327
135323
639090
699049
693325
636005
195676
419768
33718
278029
898927
875438
518285
551236
694259
917309
845607
544576
454168
615462
396944
562229
750691
210177
373972
314226
473795
419368
602393
60507
730754
983046
927273
472063
446039
200695
283662
289429
199768
639132
707478
64728
35852
307007
175350
879868
563422
402653
912395
133963
181038
639444
839483
804257
49346
760810
264762
169920
352218
23735
162153
119761
467233
479473
535769
662392
41663
532754
815597
273426
127499
796328
199004
960142
703518
738489
422742
785125
502595
529488
673470
427383
961354
190696
644118
523652
930940
869172
240249
634819
71080
161097
472193
523554
634396
402345
450568
386395
503792
306605
839244
145136
795900
609870
493932
350723
73385
19280
924303
324820
443237
851979
367524
440535
81520
28631
757379
992113
323668
32083
226290
48783
777009
158994
624196
573475
549814
525603
762909
706108
521772
707708
724880
757569
297068
142530
997289
301578
483249
397496
502726
629084
38664
727105
950688
709950
999780
602771
550696
653820
220878
454522
634252
818168
37369
783430
533080
986407
227699
178003
575161
257071
550904
491827
435998
650587
569313
485434
592695
48441
634298
4325
498783
702993
262512
673831
427158
884418
433129
22226
294631
913274
353774
731487
266409
396305
795075
559642
604128
502787
41944
790252
391939
96776
718232
39622
820056
347474
704990
98600
116860
676643
549831
639435
51007
599496
957346
703729
448811
105845
157700
725511
636197
117886
217017
351539
664173
485424
250325
872384
322304
546762
13992
375716
265565
435483
632847
917098
576996
462457
63911
622080
213209
539611
717341
108703
299272
776788
977121
776210
213059
300013
107833
239718
108487
902301
189042
829293
418941
234535
312945
529070
145820
745488
728999
366380
77995
605692
882147
978065
810852
197476
770625
474360
470004
380726
704832
830292
698144
989514
730737
94399
146049
322172
57804
123683
610672
727466
874461
594175
572924
44299
720027
906199
550808
983978
458585
964155
380882
266815
694230
423409
389950
231656
919151
823233
970289
129289
346036
156574
417641
135485
770391
205484
982218
659703
634944
498
534787
585210
57534
606238
819087
498673
789593
173103
380248
220971
232003
232963
666422
913911
475565
853309
693972
450968
710645
991122
740787
981606
367164
800881
370120
799745
846422
327245
916609
760690
497179
741320
150310
577439
943130
728253
438234
805419
839533
164394
180480
971176
212008
804280
967418
203386
194667
890729
202316
488841
265815
971229
383711
58082
164317
529153
62946
688747
39666
60821
317067
534017
194783
771223
315387
562736
41460
210385
420736
879758
758940
100796
587252
385012
84556
839824
469890
870170
673750
248809
665544
786830
886618
90711
320088
443537
538779
54530
18777
343630
294895
329656
992843
573496
392785
10005
994920
259326
725841
127374
874469
2286
761066
187610
470424
125540
73332
476861
36659
207148
530160
853170
856494
302716
476353
268340
183299
287175
935802
66025
178259
580095
482706
541164
990374
840938
97716
935029
261904
415456
466931
666663
101038
505566
706907
447094
709968
842890
164323
145139
30897
521604
254718
408118
518945
836773
958096
353767
627908
704023
739390
492841
903027
854545
26014
170787
945472
204077
245006
279019
47126
272615
772704
114321
990911
165812
224883
461190
312384
380477
857117
915496
246879
604855
841732
50475
961349
456416
786124
61285
583037
834135
717738
968181
640988
389528
407831
601489
897275
498836
486945
849900
110496
259689
837595
142848
570491
557827
335733
315453
60300
578702
60838
523854
591650
244311
425093
414596
233661
506302
488376
534241
208469
121498
713987
397891
995700
480169
276354
58604
371198
733874
177778
567338
244369
12665
864681
51495
319047
500574
840806
518735
535192
843155
713027
74073
324829
265080
727687
817717
14639
847637
818264
471248
877038
848819
683853
408455
654237
370583
13090
708902
694699
15708
75717
941467
894733
461740
449869
217275
252038
211291
280970
91376
640584
859360
797879
965247
82036
64944
837004
307442
49534
552121
872112
333990
343404
277560
527628
285363
490237
566007
218427
142451
647462
67047
758429
382769
785464
374805
449803
171440
94429
419404
626212
14677
531073
941192
250950
334322
972813
195218
826777
894959
880014
374141
430405
313047
939124
109243
589187
758140
172599
878428
921873
920584
442516
367589
206399
19554
673013
386569
650151
468409
416623
541831
52218
77808
74533
623967
812276
304934
913098
434994
704817
584993
477315
161269
133850
597334
954090
101073
596536
308439
531119
358875
480809
768281
910937
51563
295983
183073
358890
65819
466662
860043
311329
112414
963982
471543
203801
440250
569734
816976
613967
427619
239578
107834
716673
624758
981363
81432
560625
388366
720301
906551
617097
348743
269318
669146
599256
296909
198705
47394
94202
435615
61066
451674
353174
109222
524645
648605
703425
260460
65279
647908
190465
843259
629270
513520
434860
884819
630165
860176
407598
543046
73767
238288
396968
614004
120940
604798
972342
987551
304713
355162
594825
917162
907994
876057
844531
470579
496771
610710
467650
947017
640484
596566
41155
940172
918890
369974
100072
990368
985090
95731
208132
240845
265449
196758
911986
983991
12447
713210
757910
481780
150586
781755
899579
955535
744023
481789
729628
672473
621547
11286
258878
122342
730487
826009
766010
364651
423322
372352
613977
828018
139072
770037
644503
860791
40377
93437
70922
556707
436132
124162
585820
457506
191434
516155
2548
905571
484103
343418
278516
847531
761378
939601
355611
119575
44414
819810
871369
251564
283882
589058
275171
678492
86483
195274
586765
529880
875801
36026
39636
441420
143934
180937
481582
576188
191803
800333
681240
115961
618221
933187
472031
63487
64044
167740
668155
628910
14333
111845
127701
14499
129053
537201
391146
940275
754941
958757
759367
67332
665614
509247
616500
133191
63730
404548
621933
543765
395473
783461
713355
789861
411917
98125
672962
659560
373901
209802
292867
428545
196086
564117
485506
50980
319608
960127
18962
951626
424452
174906
688812
21198
875548
606082
819150
326568
874882
713382
846528
121091
412178
334647
674930
76412
266924
731467
965505
578809
795465
33262
83224
7460
618543
869031
807539
522819
683455
467106
838079
914422
268780
138943
968477
506444
721670
10998
940742
844865
599348
450788
78856
949592
817792
203191
676143
389713
754829
585907
231871
987336
405923
327838
12253
592938
306731
730510
675533
633300
63798
195213
635541
949066
931319
705894
582465
168080
532241
182671
203072
623080
74059
282546
888812
842793
373345
555610
260263
24121
294516
944695
577056
693223
505569
910157
780725
618983
335150
106047
947827
463147
193504
562292
988728
218522
255915
718499
801338
945775
387585
157889
42720
224625
20620
222404
29902
958474
702774
827474
109438
382535
600741
918219
294537
434091
762437
71472
987782
115824
251197
742062
358793
237915
382787
944011
76813
248827
921355
578668
718636
414462
525082
587648
346890
411695
610746
592909
19986
305871
844230
180949
11736
115471
776485
500324
212830
62504
764051
577529
96370
540312
767131
802895
483636
252282
212961
376582
42614
769664
779867
769715
359292
24527
571232
525249
969442
314870
949145
147010
343837
297036
874580
982806
504218
389478
561975
413622
230146
403762
914321
225950
640991
527412
403916
113237
581464
676698
232831
281690
163032
784125
615648
783789
461517
303543
506134
799414
65805
558235
150253
157654
633810
986069
956515
18953
457126
353759
809247
1973
550042
626013
802945
441297
484976
49879
567124
206773
999960
537296
922784
184378
406359
642183
705501
254797
314244
539338
455042
172117
773485
532785
332410
504638
890582
901566
328056
892962
268705
514127
178786
559124
203273
766397
436328
525768
999944
564437
280376
373794
811161
29105
628810
969497
478040
794290
21526
561928
653573
940955
695974
630481
711463
690765
722245
409326
296461
632347
329111
834070
870320
174345
381826
737224
270644
802214
457354
816758
196685
984387
63419
482321
557886
2511
117055
33005
606141
130448
79311
253137
843699
150144
43462
881630
792479
341122
545681
101210
36058
940991
755971
885399
989365
235746
259205
227972
843006
845420
63147
565456
261858
220468
951393
412662
263980
430207
712772
135338
815276
966712
166541
259358
920627
877900
350248
596081
403258
80356
225379
583285
193186
597952
383682
567067
738837
613293
987631
203517
165900
816738
107918
369480
660587
966397
626031
683716
424391
916565
576157
535170
103751
584443
831571
543137
469416
375186
32270
272316
799514
306248
750334
427379
106056
841584
299990
723285
882933
75326
958978
382823
684866
857566
387448
548564
63116
150769
106280
692720
487986
573029
497165
308906
880244
31471
236069
537998
913270
381544
548093
817205
581476
523585
319206
537482
929520
493348
727300
491513
363895
150697
852420
923189
46466
705138
945133
205094
321001
535524
616272
695790
574929
197570
343578
565015
499925
763431
283976
989531
636162
587744
516089
845710
573501
608868
737567
106540
73856
666225
885135
939259
701121
845124
412281
519005
647155
191028
723185
842164
332773
13483
143531
820145
366665
722050
577094
778684
445648
775928
98175
70842
935536
510927
335110
180093
45831
285252
572525
894094
301529
226409
242493
241167
553398
104800
836963
162128
105143
833718
137288
502961
861030
117849
461950
431599
165053
316472
840918
439564
92231
446069
691726
416095
841251
302025
181287
937589
275048
360245
61269
762787
798626
782817
261648
105514
571641
540179
520776
691269
731058
5453
578165
500369
369807
616323
459468
468313
542354
924663
229837
467006
762976
864819
150329
461119
895424
645539
835362
981099
799490
820812
195226
84768
355196
429869
179021
675582
480176
282544
759659
35694
85129
193165
803901
282376
715268
898940
865113
64422
323884
489556
435569
840259
722109
493189
911237
218446
536874
362670
206265
892945
242299
756636
656257
276153
520270
534433
48568
294913
30269
264268
358864
215231
722464
317322
710116
175115
373033
450520
378858
238024
579758
413668
836228
512528
8516
80320
69749
195904
191750
819393
652529
795293
698613
526330
412109
815841
865785
243344
567509
100262
116806
533754
204540
969198
384602
144856
507246
974285
67874
567788
651778
418099
883901
872697
264843
154458
172696
199734
716749
462216
870648
456111
679821
242689
174038
719097
680258
843341
774244
616848
1063
92897
669102
477711
769970
788781
633884
341770
890142
283393
325588
161099
603621
355933
163900
364328
238346
403475
985821
851262
983698
790747
439203
24140
723730
895859
169024
555566
936548
790001
204465
933555
471283
455847
319321
692574
36662
996593
999497
489014
451258
765789
623457
382602
688791
973560
850831
528389
512772
720561
339446
164777
857031
819436
944235
590955
890437
783974
183705
338795
390327
7488
660932
555919
312189
898538
910442
148795
382797
131565
631750
836143
667908
143508
750318
757244
434333
694840
554524
234916
902719
236519
248137
300429
445296
517809
97013
735906
913448
413582
81220
991623
86144
462383
494082
548982
723593
763743
101959
455227
886521
544534
369910
436488
649473
495451
863327
205622
508090
550034
973380
878169
74173
460393
689913
868926
401233
408539
812068
900227
871999
400608
658916
160531
792066
977074
502287
859646
687451
96507
913235
678001
80256
782816
834621
667286
425972
982244
819736
922507
960754
828410
493166
167479
19843
689964
640810
64655
796591
841377
419485
509284
674576
432654
143455
307749
30914
987708
283022
216505
921270
57137
364594
481521
570790
505598
548353
451438
996579
255973
558206
343439
998090
504356
438587
862420
24213
768034
307008
286164
151885
407157
900036
798167
918557
852494
57304
435281
127042
364802
918435
106556
806623
681717
88776
373008
241197
933605
400548
929634
886800
296592
885939
417943
25156
760579
948434
70211
409206
991745
551071
18530
951599
822412
310140
278705
900523
957395
682099
280810
650760
718199
442803
472475
322010
117499
458361
465378
220443
666056
787978
932231
596416
482267
249948
807286
704358
186700
601621
134615
57003
916732
672363
719436
797978
633945
295082
40646
519038
468688
155028
178244
910999
830097
644386
486762
754603
140408
716265
114746
402099
64605
550744
737969
908918
570041
881437
101440
187380
656691
183144
890853
393336
150790
257672
352678
501201
812241
112177
596138
295386
233532
613022
292020
492788
474305
551059
497404
194325
598366
654908
658028
410618
69974
518065
312308
124408
877726
538779
378826
844592
849003
70128
93762
664289
787670
255194
572549
971672
66728
454773
656497
483010
96904
453623
130509
163106
494398
381163
599463
159645
267555
298454
57868
338739
487463
496890
120036
703048
925183
525496
203495
913632
445545
855888
277376
993706
699549
20613
522940
270707
147986
655388
837807
516923
456745
61890
400484
468709
686330
112717
508990
456647
536378
35611
614959
677730
770566
674071
581012
381035
211406
823194
612268
867464
456992
110445
206004
381270
436944
201005
640160
208615
2626
722375
815159
682633
54740
203043
75275
87873
390890
452446
735828
333335
436951
853615
71337
404299
724388
141227
583834
500901
65473
499491
957548
283370
743302
797291
207666
964842
85412
41782
684932
584823
104428
272093
569247
223152
384828
77374
418457
455867
988738
619393
320383
220049
216878
88182
846477
776690
838008
316826
28168
945146
502475
296313
223740
78604
725965
957421
295246
707114
115211
113220
941629
779175
899782
261888
885369
469299
370068
164791
606752
627990
588917
299419
901969
797816
578675
562068
631663
836508
824052
811081
621236
382317
186016
427774
232047
501681
164649
337047
424731
281114
802235
845563
319646
148795
782210
651284
10203
55256
238994
476914
308468
318230
587256
545103
573151
685521
459483
403117
502691
5260
434381
835228
506736
920195
526516
9368
802521
653853
740047
511502
188335
27198
576487
516415
301883
808824
312021
831294
593687
575649
957738
696915
573737
888063
385534
879234
876349
520416
158296
250918
103422
968391
482999
151734
213329
718592
689851
794857
353551
249877
602995
371062
710109
945369
909124
79413
860777
87905
834226
563681
755970
909651
90574
883518
902292
765590
595004
696535
390207
493929
741856
77537
700500
203088
563301
823612
533676
362088
356265
544471
909540
392604
795208
939442
714808
373552
774212
412479
541563
916602
890638
8482
439472
372145
601780
389784
688457
978334
269862
483443
523641
313519
510630
364163
825272
695466
70668
151825
43155
355903
324211
151749
513325
521462
668996
881255
126294
184839
969180
505474
192965
988680
611997
457700
886005
630017
53198
215235
39898
567323
174128
885178
932351
816055
678046
55344
884990
817884
821279
928154
196315
832648
995276
336278
595837
956519
113176
47800
93897
572578
75393
387554
185244
659086
224402
640908
948069
929157
357586
474660
744670
598482
209293
910991
528549
778310
528060
672909
164987
944679
74387
294394
579351
218696
605928
774960
332264
165492
777979
326282
613734
517956
826470
608388
439188
778320
666594
24446
427092
570242
345907
529183
161062
153414
613745
601174
793023
960733
916789
854652
512706
678993
19996
15126
60445
438467
242235
668342
242883
462816
589791
109120
676097
714610
84031
8138
909759
779859
386945
395101
893014
113468
857701
554137
870216
688571
2834
414004
544
897411
187067
954594
798247
883421
317166
258705
743296
751293
281273
712780
976609
529775
395705
870463
876974
724784
253888
910490
749876
475033
604130
921038
818238
511926
776220
769204
637080
151797
697058
394573
845726
272122
910724
133412
605823
739984
581372
824528
334868
289721
582806
154837
790167
915750
218044
75370
104705
592514
629789
186198
576004
944360
682106
915444
356450
359478
455821
268885
134120
303737
276438
194372
949515
302215
43779
994084
603613
646636
693563
911222
701868
746748
493191
604343
111864
262408
736797
32678
207118
655659
504651
223332
864837
809284
812156
110131
501204
1854
94122
835361
38799
247562
553825
291006
831548
414254
7468
158664
726294
692151
418014
331112
455901
699082
214014
511445
899096
58073
480144
629591
282857
429425
398652
800742
902731
312943
449502
631857
660458
442131
176297
900730
893790
876140
578168
607710
148678
574643
18675
521074
134077
869428
612954
716553
661948
112039
917553
435027
80460
631389
432200
624416
756965
459798
218342
286466
29736
715951
155090
972239
225334
978616
635197
589765
791915
847652
769295
431113
464763
10138
993356
179400
239143
448936
200931
172542
575515
415063
292371
327957
824295
577049
159546
624805
309592
510111
48956
288410
691123
952135
871820
209459
136589
153459
181722
748519
791114
478645
82649
918114
835696
838054
117612
403949
737511
541526
960876
986603
52175
406045
286680
744511
211966
617040
838618
722251
7188
103055
230578
662676
947005
246460
893377
190849
379907
433670
932788
184258
219533
780003
11211
228046
311225
766236
991749
539524
544785
919490
367338
235891
920364
79102
183733
64629
417444
665030
991195
361142
221423
232300
231036
6866
305820
214928
783845
967261
864428
235574
46016
374908
776075
312242
460761
694896
866473
186368
474701
910771
868154
863472
833169
635
26566
830206
169308
542235
775277
489792
964146
315017
815995
822008
704527
282106
917796
770057
604396
704681
942684
198023
750128
808055
873877
732775
847862
363181
603094
304341
134135
857949
600501
333029
581140
860326
407281
651681
420547
17557
256750
1
51859
348328
604813
963512
379677
148975
641319
828459
58057
265868
666599
766333
865722
854873
811969
646149
940375
858216
609043
598561
298807
644965
367126
810212
755496
94360
871745
573738
817693
289991
932538
160781
166705
18105
143481
547056
649692
981204
469308
693176
392497
916392
717601
410523
754449
273605
837027
146256
633264
521926
375411
478822
265665
465137
410930
754225
195137
681782
358601
709343
693533
704021
810854
564328
832065
259229
628627
285156
959231
331663
861172
532470
704536
86241
105501
899558
758569
247966
804366
628813
787060
333994
420940
658665
690954
450020
581149
794512
126611
940068
252383
997058
689402
42852
80325
985111
174327
495162
810415
451159
409722
272323
336677
337128
584433
288540
443377
562722
421750
506058
892566
393919
99736
680313
538992
113838
939844
710562
291369
600326
322513
512069
859477
63575
132517
438870
891883
334429
302854
499572
431137
656590
96001
670164
557155
6931
580145
610172
703791
25235
847404
523244
400976
937130
106640
325015
735860
597624
848997
250510
868524
456022
696047
926590
909313
751524
3539
657232
447277
370622
74467
397870
95229
663821
341256
271654
734017
948345
99467
326823
773036
127228
936384
354599
502735
997906
984911
746151
758829
931597
284128
690126
583738
480132
491810
56178
665973
799659
490873
978038
44831
423103
245890
386957
345238
917400
499780
755869
812051
703264
583092
155326
199293
218850
951524
387809
211495
878332
682186
740366
282861
885935
143209
116869
943334
33813
298270
697606
646790
221042
69769
320812
177107
839330
141526
562165
71106
594354
108967
79837
176238
317899
468384
983271
189748
24266
255886
889149
689197
486507
366133
391215
785161
547747
252788
844503
727108
387532
656471
951453
369608
219131
684537
483927
291487
478317
611092
462408
576339
693280
321703
374281
584293
997439
234754
432134
121766
627061
763377
404511
382004
231971
34755
175662
496597
500972
30070
331880
705001
962669
555840
240732
739727
899978
520956
822553
282519
378020
18928
689837
42911
354983
73527
775
524620
566271
978128
799550
662759
828330
948609
437163
850129
384168
29289
48688
73700
206864
234337
912028
166440
831357
460814
226727
498223
522341
267335
296280
679886
501961
6813
411206
169400
607432
432075
257402
963512
279375
132411
769716
109771
207915
863475
45957
72983
126335
322330
149721
380236
646993
869675
779031
742550
438398
322677
749409
244540
543886
482124
471606
888280
208802
804816
286583
691507
891338
328471
696775
935996
955635
818170
117387
370469
41982
353209
589456
866459
876203
61388
3532
891232
552372
144327
236157
230342
836150
991400
181422
520457
74506
613696
606680
319114
637619
864700
665317
461348
493679
438288
608912
427821
880560
207487
630952
327371
891045
606217
586738
775536
720369
371312
793902
271987
960509
679465
718130
971404
337705
678108
872051
82796
321949
963160
560099
443319
979646
492311
52724
638047
147389
895400
149178
748254
481865
614143
512750
647248
109732
674453
560590
628074
893459
993917
582690
161307
522095
709189
525594
716221
166681
366597
4756
106680
346443
782983
134777
768692
149385
220754
66055
757240
800629
220821
49321
226724
421634
985517
514818
588231
994305
425683
481032
982174
658391
219173
830605
417130
390352
595343
431834
912172
459916
144662
897524
126592
258583
351361
991168
771027
244055
829732
693890
911875
872350
986314
38977
687698
428640
250622
100935
801157
851902
466294
871108
398239
198720
104541
569042
795317
409058
268156
903572
58926
717701
680708
913015
907993
857030
862266
446490
200747
984172
589311
142922
491795
95675
274747
366630
929276
965477
37158
278690
448735
674848
430578
382183
342978
591955
887768
37142
443664
79466
432638
743085
487510
254089
391234
713411
56728
545948
29606
647085
441422
877069
986328
439107
289342
76495
907932
965628
947319
635863
146584
908790
449767
318443
920444
998803
630682
664147
818636
518973
345423
47915
380683
377097
690424
996634
400773
575993
591695
404829
572474
855708
80272
492349
387810
132560
294551
243679
889441
268712
130582
590266
12681
331560
590258
152995
902
294829
12795
441796
216874
998762
192518
601259
921750
436172
624489
286206
709057
216959
189907
309133
61672
46538
628677
296768
121618
658710
921777
645295
98559
634892
685037
442768
885421
856220
596052
382859
640326
835481
108538
550442
818217
81665
528393
552172
886547
660763
433917
607993
19818
479737
878456
301423
967462
582429
69122
215514
297884
450360
795105
587395
297321
908493
127313
349791
932919
600053
686817
257960
92015
467131
614634
79753
862971
765287
428
99571
912822
999640
276934
191757
940339
629642
529682
627784
166695
650808
774171
687504
858356
640603
997883
987998
323282
237712
360150
567338
683164
772119
91565
403262
671477
14647
405151
591526
603541
993088
718467
791492
706036
936873
88986
641408
711825
578455
254196
828508
618463
847231
480802
963429
235725
967586
430100
900677
628080
796407
431438
588342
834768
77927
12811
557073
573132
637554
812334
881605
423658
895023
304673
717795
484031
756464
285965
433813
794167
68163
433588
75823
564546
164757
604078
963229
626396
368242
597182
909948
419958
412584
391632
372998
309382
313929
552273
558117
984616
175502
830251
499176
892911
71704
631260
387091
125517
872018
83890
381520
694106
399091
330853
664004
734852
320288
475344
729149
4052
708462
539342
343431
766553
616453
220269
610142
836659
984864
85202
610621
822270
734320
983081
118101
563800
336864
53318
447961
339025
995956
660509
481078
935214
600843
373210
33952
757530
617539
83294
634440
295722
169531
94231
970282
752587
464371
399931
6210
231819
110928
596257
765470
764224
65149
665276
371279
475160
85099
525748
930873
986623
119032
416995
856074
722215
16814
332777
146375
508663
859554
641452
24130
135122
418173
430959
222056
565122
913175
592014
252407
624001
541439
13075
293836
806564
896727
113656
798682
561637
216028
600826
916151
657035
714948
663319
856848
525112
593152
794084
356733
601230
470817
691213
160495
360255
720279
819305
710534
666417
937684
508984
372287
409930
941966
919613
244171
215197
962660
818674
291131
285872
971160
793517
206294
615529
657146
371021
385741
645077
319654
584864
958918
944469
348772
514965
633300
120998
518125
703000
555400
410699
133197
724944
329313
707417
935140
848945
342622
935391
916422
665726
869748
78640
7042
441887
940700
748494
7872
316954
477123
183796
22275
264753
8677
828032
859535
601112
42036
730939
369508
106322
139698
264902
159272
813479
531166
599588
685986
374084
142218
527838
588514
384815
641035
550743
381119
320805
214731
721260
454009
294417
390393
609031
274877
838891
135903
76545
628422
419179
659283
96497
866720
83113
642439
309782
570375
907475
979580
650012
320815
778250
450067
849807
541
795673
669380
480153
577650
816146
543079
679673
647880
813383
539504
690947
113525
431330
571256
376141
474669
246818
849718
759485
433796
793458
319116
90285
69584
37160
447742
372088
692524
719383
486973
426340
786842
426641
894370
636332
191616
303228
40054
681256
129427
188239
582638
485595
968145
536170
423284
475161
42856
757840
986592
327635
521844
459266
919109
615489
149158
439160
270504
551082
44864
147070
521292
50195
922108
863594
932841
347074
38220
151158
764282
637421
186045
245438
603125
205508
814965
6487
457302
654936
611227
243913
607509
256934
297109
980203
556662
642372
23340
643802
129471
291495
506765
958997
940867
457359
176681
374520
605597
353487
854971
898707
263993
116092
359209
516775
130380
202866
95364
843004
641123
656510
694826
48226
584025
603691
210763
977602
267811
789036
627912
467999
385477
596963
903863
877103
511783
427532
590403
460368
603586
505609
76529
474345
933877
361034
757949
241886
670324
258008
241059
465839
257952
164863
760121
149166
46897
161110
930617
818843
668047
284588
813853
819101
602176
577361
498211
448799
526140
731262
59696
67077
591325
680738
71313
267658
990770
465929
182620
150712
75827
496875
710965
138818
269774
461647
669036
439617
776096
16538
834436
364041
99711
548472
124111
535144
453492
770214
561525
849659
5830
181913
459539
691180
417073
444302
65343
81419
744566
699759
408362
440712
41100
646495
889119
295115
247924
988258
332584
672624
830122
9580
767055
464290
43639
20933
248130
807123
338532
540245
811216
360213
606025
952530
845968
793752
596739
227778
429728
449
487939
823407
311563
501347
207171
435751
43332
793436
5076
659181
93903
102670
254548
94528
777343
731257
889723
273861
59482
252146
413076
76883
614552
513410
731272
30235
291594
428062
68053
922098
171736
657470
746718
753789
737763
898715
652957
752440
792073
879306
376180
602019
190086
727920
964448
185417
896951
123745
586190
725614
945722
117658
426632
502612
251826
530646
482120
419178
736231
240976
185773
700690
854922
899415
567307
186509
630806
74759
284829
978310
468561
11497
635413
33336
590578
391593
607956
290940
55516
191152
66038
381490
492424
71134
747140
611980
784130
944805
396109
448306
372426
818885
19854
676245
173787
301663
230158
369812
419784
822969
226247
145796
574849
40717
611134
692000
430709
320782
283572
681037
266578
813752
68533
563719
655655
637202
805709
74286
12843
799299
986586
860391
791383
694798
214781
721712
441134
148140
902186
615044
183581
445957
105887
723687
551356
769802
855090
826575
109236
40754
591426
376047
917243
887310
770575
85345
739579
671179
925222
979502
109138
812100
977781
587645
467570
314434
897149
837591
279015
292049
878757
827603
589561
722239
796778
675427
767207
218996
640436
223865
242644
373865
120068
151191
165054
602631
780426
28082
797096
94492
209236
200706
786138
984956
854048
145065
3711
696178
13586
938173
189676
868002
150145
708980
511744
38524
537579
695403
760614
887199
883209
955027
87223
617736
816254
249144
732925
800245
457640
447727
966419
568410
10969
99740
559336
661247
785248
259421
328930
951924
135168
831255
813726
917490
975810
142811
619350
363920
86630
783284
151004
169246
474357
450255
465091
906146
594034
353223
549660
658413
111727
134477
518110
429656
11643
696561
229535
545376
670073
795855
559167
599899
470156
100440
584676
963862
528430
539452
383199
324238
774496
898225
317549
285511
18876
323747
543514
330955
957670
523384
886656
619778
977953
849854
99694
146091
813501
436532
839588
138101
555502
658482
392506
91196
16185
115510
168799
951587
800455
77131
281407
183626
876700
918423
331198
949292
920097
239810
634530
83224
961949
7295
856525
684042
71874
618552
527207
452518
560420
133978
853658
780560
821380
570362
101367
873578
84299
494434
588790
520555
227602
319869
324826
893593
146590
811354
136755
801251
1897
267616
495037
871709
539163
46927
858854
808472
919128
398766
676205
555613
687667
480983
810278
950726
192064
991003
26906
440058
60550
242515
296267
291843
25811
633860
749076
49358
570282
43950
824943
875966
377944
375217
385553
73132
130789
462109
35056
256191
516773
454613
279460
986277
731950
85278
230635
201259
866019
684297
833799
980159
794159
212347
960770
906751
696078
111446
640786
913597
699973
170758
867095
155666
342514
510314
825664
414556
882046
811356
408718
601365
333422
74335
464369
37457
590745
236900
549710
415188
636020
554809
38306
597709
419465
855375
462336
142707
406278
293542
50550
347515
307442
243799
858062
221491
90106
140413
624496
452926
912234
780609
682213
551340
893751
827073
746102
365749
5433
687581
139123
604883
127286
101790
976591
967801
222680
294274
960296
782451
828289
301544
719973
391067
99573
269588
672697
508277
423926
994208
960708
684840
795117
214656
365976
974746
950852
878000
22104
80358
461008
544444
483645
159677
895404
592491
529970
272854
458785
588809
871327
396563
466561
316752
230020
37938
786771
135027
712315
460652
744104
778694
802911
806317
115084
729293
302412
328305
308376
809311
244348
675704
760549
241846
482128
538661
289371
533078
643248
930681
762279
871576
989129
108198
474699
985619
730741
888595
566223
998693
982969
201452
573845
515747
412327
766306
135242
646043
587876
773254
648760
336066
158340
869629
81657
209279
771281
379425
76295
80851
279851
85301
377262
742627
193225
140354
381730
172515
608669
449042
637933
634657
329110
709000
881664
403499
734911
806682
606699
991262
85509
494253
11240
142349
883413
121740
609554
519306
722916
699140
347571
466644
555592
504222
112186
468573
37764
345338
371788
187382
251937
627780
553841
307097
499063
604822
425199
813523
744907
394090
722484
105228
74514
969530
341356
743092
265428
802614
266611
649804
78508
864417
768484
358542
341932
624009
597584
407866
543901
131233
891723
648319
236707
623740
50656
48386
333183
646440
309348
231053
194223
621925
179944
28183
588400
829057
141192
688236
816035
461393
953120
4217
61005
202574
429407
6838
113273
67721
621299
371376
486648
174348
942948
564338
676745
365263
362941
49743
234771
85332
213156
461839
894991
987808
289675
980020
987778
114902
223807
988775
391656
711537
917214
735428
287469
414365
269349
657343
649300
343347
28327
496561
689083
208527
54042
504003
863477
372752
790988
742773
894487
828076
249267
167564
957007
706605
356449
518806
124013
227724
502998
885147
811845
633192
570608
523874
60845
628131
421245
517021
464994
883290
501937
769522
392775
18687
486643
369766
618253
205076
559633
222504
232110
11717
943061
700600
878482
719075
41263
374706
704725
693689
436305
641275
897248
22669
466202
142918
527988
673652
194986
504324
808261
944722
843988
995238
217347
511214
252913
290896
98611
813294
637521
877659
42748
800563
975181
332743
140734
981331
995384
897340
282845
231983
568756
975291
799772
478641
885024
298598
667747
95524
47599
715368
221731
171120
947220
317570
32720
472240
653721
285619
55117
380018
429071
68100
409446
113546
880224
619757
819702
319123
377408
727591
512937
962884
82690
836047
850460
819114
225287
550964
628961
804487
511313
994941
541342
596423
456053
801914
100373
500891
275567
845637
673022
229621
106768
820180
303888
638430
221394
388831
21534
948471
838540
599208
514718
563594
513728
267244
666886
498636
327826
248164
996624
566385
821332
223352
786140
924844
184764
534913
931059
48642
442807
289849
446249
675018
70870
471170
502557
162115
492391
665615
433115
306386
260063
815795
889376
531926
54578
264516
294589
709097
505541
189291
342548
30966
887035
904331
739583
991666
420396
270476
58705
568249
128628
753027
407284
837189
212967
233472
625585
802253
593378
805939
565839
966200
893629
857595
908498
365052
959580
105677
575332
513496
894757
750909
638802
631018
381132
788908
938413
212269
237769
109199
596177
415955
419435
198423
167362
15739
143430
871426
72818
554960
681352
599806
826911
666749
31722
696373
970265
362448
406274
255674
516705
663274
223157
258702
570093
86752
401161
283982
516553
244850
797336
724093
896535
281510
274464
679786
599991
417728
418936
650750
919041
31263
751197
481956
604015
687799
721195
207381
64728
892966
202983
744703
19351
30389
187065
306449
708938
617006
85431
544037
776694
863381
720540
587019
839560
371460
936919
660014
883830
150118
152128
949606
869956
803984
467237
329177
726563
757559
203203
354830
571764
187986
855312
990224
991082
592141
376117
771067
426253
984614
252249
249446
165978
822248
833561
290477
92936
636610
705748
546521
319717
792516
72290
789486
660959
812533
463844
233362
489375
691987
10678
925397
68112
664104
831489
739297
334974
645189
774574
971199
860953
52382
640757
584259
77464
898433
988563
870102
867898
785460
679066
152414
761767
913387
484514
733388
451253
861795
511005
508481
987528
213342
497865
486174
983441
255547
382846
905767
389751
957873
293671
227538
592274
271336
142349
351538
924883
212788
416847
640763
362114
727342
472686
86961
567904
199281
228933
416370
177131
113518
632597
91548
595392
467821
707262
956060
200090
825185
563146
11412
113336
766182
946020
279272
691229
97817
19238
418982
75889
990484
512336
164175
147973
416004
8404
71878
517300
298601
505741
508820
384229
318954
24208
661142
109676
173395
250395
917956
599952
970796
123179
554654
365863
642615
887530
618613
671006
506373
244420
171283
640341
953397
630618
115656
84583
606538
532112
376210
763591
56360
216641
17768
568006
76715
570834
666275
200177
950372
813412
478985
5974
8050
702307
950520
354087
208696
330299
1580
849208
235264
279723
841837
986275
184364
867377
282392
855051
496404
865189
504071
369469
332673
688418
766176
25906
537541
607
105527
975473
896629
323675
485985
554449
865093
542455
881814
207964
753086
159517
491329
863760
225886
909854
367528
758079
656076
434138
140723
27478
763446
434776
484635
680826
630473
298486
726640
119630
944972
769210
151110
274577
731098
708486
92797
429221
539386
753770
286956
169578
627932
421332
710442
280521
376563
194402
573816
7885
101033
882584
303310
61355
906243
857453
153345
445794
954131
613376
820493
532733
41172
449512
170373
655286
730981
282089
362708
608437
564261
200834
242671
430582
714343
678242
593049
936328
261330
279611
13714
345521
775064
442544
192477
66607
726737
948968
329709
191577
444595
945540
800235
585508
177840
466349
879654
75778
753581
273862
189976
522277
5018
522305
901585
680098
920818
973837
796867
144816
424721
393517
908137
718031
882029
790308
616148
828165
435314
803725
273747
411587
663678
775943
950206
930727
423094
820172
993695
338331
502787
435747
674750
494298
464749
640300
422792
170323
397970
893977
196827
252134
928962
766268
452721
273163
892090
381562
955494
681298
316412
104095
653479
428612
236615
725772
386937
306665
406136
606795
621859
644515
880189
405315
849786
322680
136050
17670
957319
8941
367962
688264
907798
153549
575291
701099
127902
754313
135638
214645
836936
652473
696449
212067
856478
617345
111075
844887
824913
252751
27084
9644
480038
396160
711662
402794
958655
579682
378812
339605
12098
34644
957662
840800
585128
480074
992142
988735
375460
463085
709010
93018
415853
352863
955926
425309
34474
302940
690789
933036
196729
751676
420932
669876
431133
722260
813291
429021
471298
952893
245793
394075
966957
403116
326387
897444
607108
844096
619472
537852
860087
400475
172228
514284
79242
817255
713039
499217
302721
502586
36578
243216
902183
964948
982901
45351
808506
153541
178055
797343
134710
435500
632371
474717
35516
723418
666540
160600
502559
304084
239829
447077
417548
328503
42175
313135
374547
383030
149568
784322
90646
408511
523756
603334
977165
862205
902643
951240
649779
539318
371031
872116
408144
42003
341384
498911
215588
904832
629661
575105
5613
208426
470961
64128
267733
592229
659544
545319
710268
645360
508285
211445
967389
517776
534234
83538
629855
845848
308882
318429
131834
595658
12654
533600
220868
791192
804850
33829
199832
103171
527259
63394
512225
454565
674360
166351
914312
313162
171362
772696
348152
485176
667226
408558
298506
765135
23229
434681
958354
883915
570086
35432
948869
826663
666720
71464
859717
730908
204422
70386
472139
861192
440698
633535
843760
94569
792638
677463
662104
310344
632562
262279
781628
558898
983594
534577
442962
204577
800555
105149
970202
605562
591107
524462
342599
397168
5762
902799
466633
295494
634264
319628
200755
701297
302093
191260
59470
676123
250007
244060
370105
40004
510555
364344
725947
893635
149123
924738
519655
46763
457592
94244
652522
937481
233148
368306
689973
960329
159143
235097
764097
770424
858876
126197
768067
723043
524520
804734
281710
158879
232534
577249
436704
197474
406961
706413
527274
42255
249655
256676
910463
408655
172343
318514
474872
55770
795111
671354
128577
436630
789476
488331
906916
795286
531590
387889
711600
907651
962975
706024
184517
951768
417041
137708
922431
625095
698697
17260
863357
729465
548764
691612
365517
484467
225596
330986
426357
74964
650966
536840
706848
747770
639180
276456
463780
268293
909898
255814
818028
878259
261127
647198
142087
525675
759642
455039
904908
242133
330806
864888
634215
25062
763012
470830
197829
683513
100828
102415
518168
470745
817695
245537
800903
51035
34291
17204
172342
289128
162268
226166
530285
694233
463412
476773
328039
212475
53063
921375
971321
84465
561357
959125
177117
720761
577604
3614
145563
385607
589546
540968
140499
658061
842772
1609
310889
765020
891118
683059
242317
176292
655440
430854
24037
708759
692792
136192
89050
964972
223466
702928
8508
751808
407137
400904
867795
37975
849904
861424
840003
114303
898618
721078
113819
982805
975050
445315
705722
775713
902160
598762
366686
431581
800505
483258
179018
205779
381290
425715
236564
401316
265240
994965
32456
291748
426950
947091
882428
22819
824412
263527
973874
811335
632225
203583
947363
156309
236950
700181
880046
884878
486510
543516
379037
66486
814061
941078
670671
67504
795099
510466
612872
810308
398949
558259
897170
680643
336529
287420
247757
886530
166428
116040
944538
45250
972018
163142
406432
266928
296394
154305
343225
889735
854107
736205
102653
843027
136254
389725
923945
639505
948961
875762
91627
859443
547109
984494
10252
323071
862934
304263
280890
549463
941764
378903
844721
772179
601090
606927
156102
718090
658298
456012
187856
904944
285419
158018
845747
490969
280257
979285
187402
208156
782416
473542
369072
845587
320556
890314
411499
828030
914215
311799
768182
32391
964200
986263
895402
161632
375204
335199
230088
96264
753916
916602
939365
381293
492275
339838
55731
774060
789578
712832
83944
577524
437883
252674
91596
615688
388046
644107
890916
58403
184794
827088
370294
535029
88988
192910
611769
261836
221485
542201
804955
710670
284323
905422
152430
333986
357639
388933
103280
49007
594094
319138
118325
454844
120758
945771
421171
546487
519966
635892
404330
522577
265411
353238
413486
492678
775987
957758
58514
959034
268016
158945
407027
833983
912707
102989
372126
234931
593017
545819
356255
673479
990271
641
275751
157466
28629
174468
355353
128835
204594
112650
659249
202862
999477
80013
325329
738333
762371
171628
772778
612816
782657
836316
751683
196544
857967
131963
423657
696389
807519
947717
670836
423191
85521
641887
544561
873649
58733
425681
936113
709137
167389
425937
900205
13468
49668
727354
620180
577503
390494
987484
260083
567153
728309
604652
433600
730612
771709
660636
452355
171450
109005
405830
852386
659908
317690
213377
497287
630373
388306
280918
794992
769989
44594
8461
315283
277057
972549
142816
816491
99312
561689
994961
674275
821121
160095
755415
85854
51776
902079
302516
906721
125751
404310
3682
500830
188401
438669
570475
377566
749594
447639
967512
587081
367938
83782
115777
772949
863552
888971
721796
485641
400307
377928
981009
135853
477220
853460
432033
135248
124999
704522
86534
657269
160608
9550
513054
243995
249859
540446
676641
114600
756787
216976
228314
728625
208556
391150
944115
81961
831165
80746
32616
298019
331980
311295
567518
587141
611006
159719
312012
346635
216878
190323
625239
123829
960218
181514
761788
904527
138845
127040
58215
523355
967254
432466
931552
507100
715112
558588
317093
614273
180635
830263
649938
586157
906273
257554
336957
416671
107634
994412
30942
61571
32536
140300
369963
87700
935559
89949
368258
571116
636580
196169
101760
236073
688230
665008
195375
11262
316314
190341
428443
516435
660736
120965
774789
552282
224787
470357
900401
620400
566886
314744
861274
709611
655082
154410
145734
930502
12492
292699
296884
152358
387899
785035
295537
917640
164167
628286
23626
466378
309413
103773
604571
636818
686991
580777
128326
313055
255304
281436
68032
84970
756861
533598
420421
432184
120647
599200
707755
8831
731022
4569
329364
155058
192647
173019
215422
826731
39709
104977
70773
905781
778862
717144
541352
139443
795308
737334
566808
235887
8100
512123
765804
571331
456283
971699
215394
44510
795988
227652
544928
135476
390639
901739
873320
141380
306156
384973
873194
948231
500428
4028
918068
84082
188440
627849
207941
833640
725179
163329
388543
47040
428746
892869
603642
304046
976293
279050
765813
724560
489781
278633
737639
65623
55892
785315
719348
828688
457933
514933
972795
987790
62072
356244
380748
922934
610696
443078
577655
706663
972384
737437
558271
714948
10847
723152
836974
130143
521789
829111
14402
778435
719309
863203
644357
24222
640738
264087
553722
802825
10254
252327
365427
682934
37574
767980
39040
198453
368225
833633
640321
74018
