24531
900479
74522
294866
382679
412449
341438
232570
207441
946766
577662
914255
2270
596348
575141
391084
159169
367280
955954
297960
602579
571718
647973
641974
27480
996318
499801
155806
351212
673123
50123
236884
221788
250233
634360
507250
986193
563458
356581
945047
836134
631630
137400
922459
237083
257437
345540
849006
843939
749713
406626
262028
699672
625781
407290
198431
32079
415844
689441
451505
613445
996631
356252
981195
948664
538703
532483
10479
387602
58843
617985
258543
750784
268742
476472
506793
281826
598817
23681
649503
610843
615401
344721
483639
458503
60756
518135
545548
307468
694909
371842
554350
270473
332393
118079
638269
453548
770165
119775
472669
192928
832478
418487
823574
639267
576877
789794
189259
738613
644093
138049
21845
48172
820266
846435
852156
843301
837528
271871
539217
813397
216861
457694
379051
716477
311500
860054
905020
951356
80863
71728
951695
281918
384576
38571
836896
55314
534388
63642
894359
327066
638884
399400
357859
424795
222218
899772
718768
533237
389492
885943
567620
843820
289272
199514
70395
25380
148469
162309
260829
343595
919617
868250
582425
841521
677684
193920
53473
563283
469648
399812
109921
464916
756172
899929
810461
597420
638780
650944
13286
253691
228894
986947
215224
772822
325507
921819
231347
628738
789271
502065
823092
715583
123279
372929
620496
659323
245103
989467
730732
906216
929270
940100
777980
315111
995110
646841
1750
696739
766707
588435
621106
107579
989320
150982
213633
433111
936624
993603
170342
69404
189160
169534
987029
646970
210622
90058
846087
699298
279333
546911
246935
161045
654617
969406
624828
295960
15145
877803
837219
916036
511078
471961
892969
256121
966310
890276
224882
679603
159093
948472
909609
350773
913049
549199
304148
495649
22017
521111
520466
519273
383881
687793
808436
949792
336108
873878
90294
155882
549127
612692
978585
725842
563782
937462
611102
83322
610477
115330
911584
585581
690949
363420
859855
459921
604065
344776
628613
847800
381324
198989
826438
552469
919569
740981
510937
736011
410405
892144
794301
478497
431605
568984
586250
60242
5960
428751
408294
324353
35089
592388
970336
274890
812820
852565
674220
68084
519922
685902
51323
490370
365203
821712
639543
1833
465134
471117
587736
13723
864312
852400
569958
785026
944487
378841
975115
445576
159841
485062
225108
63187
927110
941837
321156
935758
219286
884933
186837
692450
773953
727557
134604
66053
914762
547524
266807
343721
290583
98784
717638
196052
238167
957306
550276
550671
974096
39038
670832
617144
948164
60928
252732
243187
54463
952066
841953
470653
51456
168146
243229
617056
193025
65808
836490
152579
603685
971214
254620
346265
42942
957968
232439
879994
446648
234610
272363
654798
518309
662569
412109
594661
568421
300065
750451
497892
78641
114118
677259
360475
937988
339807
451801
438514
429160
711700
317387
188032
395865
98320
556602
664382
510167
179841
482175
229136
602829
937468
351600
555779
743449
142974
873590
762069
511160
570510
126732
43821
61647
890046
190102
66667
590168
839247
310811
625562
40871
783348
919969
238722
748824
131375
992612
433114
852184
595608
805618
863323
208716
643197
271398
219760
201953
891426
112767
824330
56625
143081
666012
958863
631119
653005
906390
680370
987183
890760
387258
801566
57141
403349
449697
514956
935576
319440
100462
117492
688051
698361
338404
800863
996200
850775
644834
192347
919921
133689
992187
383048
566404
196503
2742
875536
36002
524568
651487
207604
213565
347053
838536
106241
314884
667226
308448
892897
228620
874389
442285
582733
486748
144135
459113
358624
291093
178671
526455
104071
710844
763494
423808
225557
671654
145725
19118
576179
762303
236610
195653
3381
141558
62434
306137
731271
311753
882600
216176
118918
687912
179427
41972
100843
297737
442790
974868
686434
903687
708585
843129
253369
293815
624973
654049
945395
419850
133373
646681
682877
941272
890416
411803
358200
929167
609867
381057
437045
930551
461154
400165
987327
327329
933535
506200
159313
465004
835259
493947
193960
862515
700586
842365
525235
186966
613140
207473
145448
154595
360765
255115
53104
997538
805765
301879
200770
944890
625867
892181
439501
97219
852397
954069
749647
466857
235307
276524
944579
902905
874
21552
193655
641931
166740
528854
34555
987149
941788
518341
358006
968424
131103
43030
851858
475216
267238
692139
18519
795565
819400
119209
630934
343137
391853
468307
948219
881526
922861
787076
791110
649829
696342
291657
370771
298309
750732
831065
39701
195919
778507
671729
390881
306890
150473
787024
329510
169367
327799
444236
959739
428059
837541
57488
203601
751940
60229
477427
997704
136058
402183
47669
854301
787428
773860
707544
920384
583700
433271
592537
31747
660688
276037
799818
547055
694718
704541
756237
694385
853675
542299
818862
924594
301368
631622
894814
640004
359713
124313
597064
289015
847083
378719
583442
167244
121322
483703
632882
158657
484460
59831
325930
224779
13126
160045
620450
401186
162296
929537
468832
370934
378879
176502
871526
33983
567160
647439
638248
7858
939692
270606
543272
361295
934844
848472
185456
372247
939946
639604
775147
219355
704641
661490
308129
574640
559203
876776
663565
31423
81645
475287
581277
705465
367432
444141
484550
54567
967887
712164
534657
334303
691288
555272
841445
727123
867874
188565
566882
417987
789593
683070
854167
642834
607048
245258
987153
264183
911771
813465
58145
677258
29776
844293
554137
541118
246202
219492
398499
103534
128882
98153
928701
23184
960794
428586
352212
216710
544335
376508
895548
29523
974763
126842
912074
213802
550003
664933
181071
298722
394916
980517
39729
401735
316245
122862
614183
887562
391753
614462
494288
989400
18963
734402
627121
515079
572070
477592
970570
491693
486456
890672
133971
333259
492947
250123
424728
77095
296248
92261
490606
888119
256240
348208
600209
663353
505392
806518
362203
263712
97320
292831
362147
152680
935848
274771
86000
506762
999599
825015
338201
594252
704338
190420
804794
65456
792838
271062
472789
102220
104970
19568
699970
69882
683635
612444
760084
506789
413461
468416
709834
782340
168715
1837
350191
791651
143716
150336
587983
249885
53418
697323
434710
116774
970960
877454
145478
353925
385207
287359
361428
591326
641245
960809
325984
118893
15523
164112
950288
467087
224313
816370
978440
940410
407336
710089
801735
169742
453819
60270
405985
605315
210187
132695
894613
472257
152102
985857
492170
919758
277211
661417
619819
752289
954149
36915
540955
616406
886386
873006
147287
223483
792590
233135
777959
987783
74929
740825
706817
526250
457249
930495
695226
562240
299525
923552
719593
621727
431112
920657
699995
81167
324774
140920
547372
868057
657814
292276
792904
436472
533076
657114
19646
450348
65482
352475
178622
550702
310874
380673
189615
717758
798859
245464
84335
996568
607565
182633
454888
229445
268458
976034
759819
46541
310284
973009
237868
361930
893733
91727
995770
228119
971007
448249
376921
417768
593824
732954
982750
964467
145689
385637
730214
913804
554283
43933
413012
508559
270359
110935
120677
431734
158017
600151
516849
42315
520128
270232
921408
591799
914244
888936
606278
913080
363812
746799
80957
240177
743556
403984
903901
246427
819872
93415
902139
990553
615415
58931
168763
368938
895190
840141
378675
197112
438271
723286
422174
213709
47543
788336
431418
860453
865513
402338
467007
711966
811962
187295
292219
907340
447466
58656
297039
261801
149923
400238
778816
142249
178978
554428
135610
642348
661055
124080
937384
816397
129178
669058
484264
425688
46244
53949
505839
867416
806151
31651
503417
571533
302131
242158
211242
28796
722694
602480
894150
144289
461336
893084
692298
27136
792608
18781
61989
353881
745158
490212
839702
918714
372997
874239
835171
673262
225724
322341
147955
696979
859922
616526
638025
251210
526468
354495
573341
746183
630413
447011
443737
196936
823472
199253
987949
680226
20389
293243
285903
865654
843038
305548
891090
166531
155508
609905
333154
588245
846387
466825
854106
411292
55039
50247
172994
196247
411681
176374
703848
391727
583026
512221
421145
793056
884130
589438
869756
509586
84133
204408
248460
780102
818492
171788
970096
378476
729308
347644
910841
38993
341884
600143
868343
532469
493760
719218
193656
651898
67069
366969
293918
380025
60840
620931
224540
659311
136800
379898
274317
445013
640469
115385
350193
86029
94291
914761
544836
560120
964655
806980
378045
597668
539404
143835
853024
711523
528715
732083
636672
15159
344269
914409
736853
813289
159909
503863
245494
609785
173151
940974
998963
817391
599080
915491
990097
798672
656344
837671
490082
584556
722531
713262
486465
329428
23511
309456
69992
802666
753170
974638
281006
460240
848644
919405
766751
738114
614749
98654
654137
662208
884563
53758
145985
292324
44049
994072
202177
842514
765951
954185
626654
395404
220650
942428
481753
932773
516177
282515
428642
509965
612491
601543
919892
768907
111448
680551
526866
213834
103170
786524
444476
670602
681583
356749
951821
18103
680006
136510
958355
460823
671036
681555
110476
474076
905338
670579
950170
587353
982125
850952
626339
635601
313193
124898
939272
434540
631866
947067
456640
32387
993289
628565
128848
372762
146088
271488
415977
409709
832314
920696
297822
253475
770754
350058
27584
149599
349062
263255
538136
734710
135903
416209
573952
187899
287776
103139
626270
552821
661601
54990
739262
249778
405351
572397
274315
823349
185009
854650
765866
663498
619234
970281
991924
519482
648262
237874
355149
270811
137474
718572
966373
50111
288733
350741
979147
705420
957157
943150
851433
404396
310271
910659
502496
205530
781135
272905
237249
856285
133120
129119
270436
195346
547312
257463
388329
351713
491451
971342
964937
204754
749411
301015
145880
863672
564377
639990
247513
473547
663338
622823
415613
275092
393353
112383
932858
615361
637365
850635
190788
801944
873734
988693
406059
554760
795098
811588
536017
781596
479958
868899
770758
681097
524507
278138
326850
190822
905735
968920
861566
342651
252517
272115
934127
66225
600946
82918
372000
988329
441165
682520
219691
946217
875770
450941
789459
746098
18194
895542
907777
741421
527435
134036
238490
479107
460256
396986
382137
342860
581277
125728
273806
85919
893833
929268
287442
658824
441775
725659
195622
600855
636811
228372
904263
564501
281422
581822
979248
796818
162766
71600
789069
749594
22798
639110
7383
960646
227493
750844
352592
48750
769613
268338
212253
195260
613962
351759
994683
2524
24372
124354
707295
442383
761827
340644
488046
181215
877495
121273
691670
510829
996609
349526
911559
740518
344978
394652
553810
929364
531678
647330
283548
673360
840139
24433
950974
765910
452892
420648
866237
925681
515381
446400
814817
70741
681674
60906
272948
600459
84648
427733
688729
788998
66912
126027
687622
552021
474763
125883
770079
368626
561791
768721
101168
12343
613709
68737
574855
15344
851891
50596
481068
735563
951397
46265
656062
988204
528243
579468
827052
449629
993815
574579
662284
683811
277469
722805
722203
844844
798383
181894
167442
956580
432188
235502
230881
536294
835717
304903
111243
80207
244420
307749
394077
605167
407800
34128
203596
378201
273297
969132
968938
592282
224309
732794
306885
537542
56109
232311
376604
941293
40880
421218
92287
976301
97609
60251
510402
407777
210983
753575
303005
127416
362881
418832
782627
586592
775844
528297
40797
42592
744090
663856
819395
119365
378169
770956
839510
887284
76165
478453
642333
514207
972995
430066
853945
617555
293851
537470
753639
300461
938472
914244
84946
710572
650208
635274
241363
476450
27547
692970
312966
987013
84610
744250
244106
980770
414293
43341
838868
871729
986392
252307
34161
31555
51611
266011
61910
411992
16997
958329
282149
56525
36732
833283
767039
989618
969044
275957
467136
373242
637906
172340
333595
788555
44539
484336
527251
5942
586110
526178
335380
921152
342106
179125
858668
345695
513581
501633
809257
805249
446555
745010
721935
564421
103767
776583
470070
64973
415761
272183
706686
86763
782332
211950
300208
676920
615738
123380
272563
819523
135527
527535
802472
47271
930303
343999
985634
874742
854061
826311
451013
346129
956209
975371
800506
122073
769516
412149
235404
305728
432075
923954
127138
75961
469390
110969
181721
234382
143604
382636
888126
727824
746629
261719
529381
769128
910459
32469
864104
797772
209166
947985
424960
783758
986715
294506
311161
889614
648176
277168
354453
275984
956087
576716
269375
918696
736188
492540
682666
972754
720540
403387
142022
598430
272012
579070
182687
736968
153091
360603
270226
587430
188549
987653
52908
43450
620877
151218
273760
860263
81239
107869
855909
975361
419975
993063
973290
277245
393529
905049
575159
12807
54310
684612
589153
449011
22639
494857
847466
959435
106570
340149
652595
974598
30534
755588
900766
12442
987964
584903
968388
502504
216852
35615
827152
37398
401585
677609
65782
297595
768314
12532
780692
509875
618502
56429
68899
872657
428451
840860
322585
794164
279939
865863
627615
668722
854340
487604
86378
622578
337499
722892
427128
756886
978012
711195
795305
366037
377384
445876
389816
569894
512051
443058
597652
312728
761520
169497
139359
910783
393308
814170
281154
378184
155876
785077
817643
91950
38644
397625
244260
906373
393437
762791
667921
900340
818018
582773
458822
409856
776480
913646
498114
588099
21079
30006
580557
786875
646745
987500
517033
827966
340813
99624
234167
534283
915872
274979
675626
319869
828042
853814
856352
251929
475832
345147
419234
52550
881115
330960
446009
972508
685069
132218
786027
221716
661275
678629
950545
452896
634867
377353
583894
948820
954475
307689
875662
437313
948396
236725
103472
101475
582201
723856
206962
49456
451936
247596
586816
262416
532155
875792
38552
399276
237475
823995
387140
555935
317043
789027
951925
723786
981044
957206
220025
200580
804970
84098
714713
821870
169274
95376
187730
20324
671158
376490
834542
249231
742215
18397
662205
73047
127926
410010
340213
45110
755735
600471
409956
907368
293842
657235
863885
457342
941519
369206
801767
848530
442813
600342
572590
531669
739520
165718
696291
283972
13301
852201
476839
147641
835682
578612
69552
248606
804671
749522
828773
987964
444955
394993
839196
724530
832429
530841
285293
672960
744120
613837
525427
486211
992601
36042
399455
479483
13616
809452
110648
621896
357609
755568
610995
568308
311078
985684
127146
12393
376459
513947
65724
990915
741
328877
425346
565824
74743
28250
878441
985364
931
776319
929201
54938
212658
572993
923521
14180
270784
707319
517284
778995
143175
284068
388900
402114
851014
361889
659841
250557
896909
722457
592974
422159
674280
243246
722473
445913
706918
892346
934933
784510
370372
43504
675254
216219
539899
799328
136104
181972
454691
889881
969212
215690
521218
331368
716559
993256
860086
467839
807945
554077
266362
637938
52719
162148
216792
311386
48870
357694
537580
395228
498629
583361
308624
818500
948245
753482
116457
723467
158184
427471
532621
432311
255699
305487
666960
988705
826825
302442
814314
342738
774421
415693
404294
640903
10675
83077
347049
636948
661388
613621
589757
208165
81805
693603
972346
256607
408355
875756
187056
132772
812053
156248
764979
424182
658493
837256
992355
957235
799908
497868
25238
720510
833977
879569
147044
253631
67886
64567
647312
63488
754480
846273
840654
988024
749056
422054
661685
513445
917363
870788
674371
45650
188930
704500
757767
54200
469071
949560
393967
874817
224437
774289
4526
963623
411274
542126
547274
226747
996020
999934
400575
420802
836453
377318
893267
683642
500084
693134
545399
799930
982745
889046
543383
57399
438021
751975
392703
388195
172252
755236
238185
521071
224528
181630
145127
158321
224795
580455
996841
841442
324760
887710
758124
466238
766911
663977
263168
820302
634683
741089
377204
534978
621994
913639
212895
230455
904368
625652
958542
974617
325432
208719
414277
34978
241865
648983
715508
374721
663360
491648
300472
561557
887280
397403
593674
295512
720467
179277
113480
856985
63787
130145
977886
50337
585209
377466
952273
943800
684377
432225
807208
12480
587832
852925
222903
43454
20276
338272
974217
571961
646542
310653
860265
195643
301454
487800
40653
481204
942452
918870
154080
587134
341078
844436
159594
229628
259547
646163
259934
704987
882962
277552
531265
281402
929008
456050
619890
24486
443428
553053
630234
635518
652313
342819
523568
761718
474567
564922
134313
517238
685622
210825
923579
63138
320529
320315
546701
666805
964643
337590
161661
503110
321072
118694
313357
281261
20082
560627
73451
908287
156783
682641
619867
994164
941171
538485
508995
731178
978352
143461
398610
736322
102382
668328
202830
80680
469104
901277
224378
20465
766373
768744
490656
608029
10248
801031
215232
519483
869653
275330
547733
814892
297383
734081
967808
983551
267635
898615
381332
237052
996571
80572
727229
369853
867056
641593
72845
703157
321735
784317
251045
11476
197942
141100
250940
779715
463084
342422
122383
106058
446186
175270
681573
349906
785890
579313
62846
240388
239146
457070
170007
530575
12125
764101
889245
564425
590158
67392
646380
345965
558762
519710
711106
361731
179177
337030
831685
636445
417905
75417
308141
398077
741319
699744
675343
814676
46578
593956
632199
810533
874926
228509
118210
271304
844682
938562
394341
638923
60831
883199
352734
900851
807405
806021
918981
892576
614227
487355
174062
818638
752170
396242
359054
17400
786943
436470
176774
778391
322284
142112
417937
385799
648722
412808
444743
843531
133493
452856
270091
265511
830324
486140
765400
838379
483939
903926
679778
368144
318279
117262
116076
729787
359149
691974
432294
368798
498727
707051
554752
146366
482724
321959
682831
640207
796907
401588
285594
310011
334260
580331
845955
374849
427427
560314
303053
997626
359906
927028
864782
727288
655385
128771
428274
301959
311437
809080
874345
112981
571538
587971
655726
73902
329646
688190
53
243999
77772
139363
713649
457404
612122
907742
449343
919806
209280
563390
800434
804932
750780
169733
814652
413242
374494
812510
60149
625815
340573
412718
40907
558336
684949
265539
333639
859978
42526
169833
676087
460765
279818
221403
774590
897268
215994
182103
559348
526912
549789
999818
239995
532716
846919
828459
286367
608252
221994
114276
240937
154254
701619
142122
576193
523907
276995
760942
527869
686519
924872
481259
522890
487723
279352
378912
346229
422276
912554
275480
356183
908204
859665
484132
837083
699927
216021
243563
548013
631328
301519
643480
562177
352337
321121
885681
860733
121090
78960
603720
631045
919256
421888
244938
394081
797359
716266
766324
268748
287186
156284
525926
826395
579047
394989
492752
867655
447144
833403
50953
82714
142860
177571
740158
110898
855428
231933
721287
951285
555617
185713
744533
437586
156050
406042
541960
874159
803979
833589
923357
396469
679618
933637
810820
616628
467155
799303
324112
849523
889796
512717
403464
54872
159522
660986
349274
453744
40906
36697
878255
172892
364612
83290
481754
283993
771401
799401
207018
411626
884453
837100
833502
535012
926263
441370
479992
123030
827606
630451
459882
982482
256718
700959
69229
91228
228872
436327
18993
704431
722567
978314
691567
137638
961358
499453
627354
835278
953696
849411
132915
474309
403743
484
461052
554702
529174
340877
439492
165685
467282
424707
36385
843865
745195
92165
468988
667611
446944
305726
26374
540258
127776
973668
734281
30024
909477
727856
686617
546788
526075
741434
705065
148596
29215
257840
319161
101927
35586
264947
611501
447749
791661
876494
69946
375676
161342
350675
819321
581576
250000
307348
405022
138429
62713
966907
556738
220916
824941
422343
793500
255824
292735
60963
761870
891692
918920
476324
810779
970403
934048
580383
642999
665019
193737
940901
21367
225262
538604
456861
84008
128855
820347
450300
354875
159542
909429
533411
767453
246240
556552
766740
561701
514054
717904
781906
783207
113311
911229
346965
789926
390517
220564
755879
957862
367497
781644
698974
48926
279460
829016
162422
998604
783932
44292
258763
553955
650879
196537
450479
459168
16127
994267
82094
854907
500665
162961
882524
473976
943107
523044
890198
92060
625746
892928
534814
377853
889637
415705
564045
986035
584978
441767
780724
66666
682539
887953
579731
630233
931469
550760
35061
140109
905156
155978
874790
825567
94558
841767
389331
157508
245771
818528
514172
153987
36205
794955
327768
865025
614338
535123
669061
105528
462251
246973
308713
367558
91929
357893
36459
241122
44115
803878
768328
428649
654822
869433
838482
421911
723497
915893
434187
564049
18091
700885
851290
700958
834812
905239
697384
669494
854677
392224
758490
157683
940132
99709
531051
597540
617656
428676
294565
378497
509318
349721
334459
383992
575318
765324
133382
228902
725133
308064
419226
363681
902871
623719
434949
39666
310576
263240
644707
565920
454928
43619
614049
547687
514865
378315
4876
275272
914494
38898
137365
863098
711578
721954
429923
436734
592265
447271
913685
195664
935935
106443
129555
643385
470339
110969
285327
738561
326272
19779
118686
658882
525672
683519
148525
884952
197189
755532
346913
729653
650206
570482
26831
31761
685698
970984
19669
20862
560052
776751
838035
696857
504563
236187
855690
710301
394404
278193
949839
142993
217822
673900
647275
629794
963602
348442
353554
769995
171157
689572
113790
703024
71564
298346
251752
130379
855603
98124
200291
871037
485513
465734
991637
545926
253276
721843
110930
126544
167468
64306
674646
663206
33471
721574
773471
101762
138113
898647
497253
691523
584469
795190
821175
318461
143356
937789
528820
285226
336672
517813
706338
406847
436478
784273
791406
276890
263791
151608
874817
233751
324561
595488
645306
897154
592918
588886
678350
929638
682729
789210
273914
840964
787000
102
137888
80672
387746
613199
478341
827189
608831
897221
958182
396808
909702
608501
622898
861658
625631
314189
686249
458230
140614
677791
38351
526187
435288
591519
896460
157076
649534
797703
458275
553555
20979
999641
186125
306396
263923
989892
847218
128941
269506
23904
105859
578523
432726
452756
336374
892104
859873
37527
491615
425969
837055
905555
462120
78244
554361
564261
930797
833359
121268
443393
773494
117810
919097
882291
533010
39350
378914
212800
410316
278680
124637
247083
941517
656702
977952
940243
16782
386986
439977
69306
858935
440012
392369
996640
594073
914865
604397
484110
960133
529946
833599
781294
132871
695208
192640
798743
837314
911026
9762
8295
651817
332217
941318
201674
480791
290035
257817
225111
939916
194435
53419
290137
299845
865802
149390
645354
468983
183831
795111
828795
733351
265850
640596
83953
95273
59190
160250
671018
507635
2388
71337
789085
706717
819860
956718
753120
510903
357823
315830
402114
220743
731864
444058
33944
539357
199024
739147
85845
414549
864793
257243
961619
268713
550962
474022
218222
727024
156961
630235
879695
244663
135072
9963
693319
951482
315310
48652
708625
454848
699109
835178
835002
720
510764
28011
28444
860755
721282
605213
787654
892615
813243
744447
669943
191069
354568
276649
491529
95729
228974
361880
605675
13156
163481
462810
692167
436631
971914
309586
167426
38789
229675
972137
407073
137981
64323
57553
540937
914619
191108
975415
763615
765794
28290
93189
213646
292249
159102
782225
676774
817727
849313
141925
633698
283532
696388
875819
278786
550213
826604
20661
702871
791899
80595
259879
821277
76769
856161
9474
758658
701097
188218
950413
591685
920634
787952
182498
174394
827503
135321
334866
539433
172079
170940
760182
712278
350340
368485
18195
447772
327002
718360
741737
281651
898455
402082
586136
691665
997713
362955
619567
178220
820080
525799
392467
434652
669025
459211
553609
200415
420660
141085
653216
26935
686420
346565
116670
506222
854944
861568
291909
517625
119402
556115
285089
302266
431435
803356
790321
782496
532896
752643
76175
425834
960038
701584
610942
839176
636974
306391
594863
3042
417916
423310
437808
345778
387458
801535
391410
40140
417780
286360
486837
629246
397704
488608
157970
468754
742156
555908
621924
38704
663651
252880
408916
406752
850973
613177
200832
147182
882546
974294
419208
346854
588699
823407
21300
897151
974286
165998
633157
701844
925780
52338
978071
22029
912072
136259
568687
881756
460334
301984
612711
633188
961133
467891
971059
950900
678058
83238
776143
392240
533891
322510
594375
324304
405989
875205
410978
551234
689035
542743
57964
351211
994772
614547
107231
633163
951166
77825
254381
834047
68421
42802
695725
452639
747986
130866
633439
853127
573858
296090
307230
135347
172788
581634
343649
493124
222766
667988
308717
100127
143053
885245
119515
825397
988935
388284
653121
892765
995200
464476
970432
339740
471908
213759
574570
600199
635495
575824
202829
376960
603927
44186
352993
73116
156506
827959
501194
847269
962506
987552
555913
245691
676905
325860
452805
163989
829699
926324
100850
842213
981983
405018
736156
917018
823777
908554
584786
689471
661695
710417
773873
603904
314654
787882
962444
167117
168840
231024
258101
232407
673100
189677
490475
766008
872115
65168
105951
263215
812634
165885
738661
931977
836593
413119
840244
104539
246799
772057
174681
253483
157807
871738
83455
213550
774475
106830
373011
512940
422035
652337
957335
13184
143882
966078
794181
53243
596734
113350
383709
635624
148386
134364
716749
175339
359305
207438
20733
682307
777281
107502
878260
559470
150218
888718
700522
305452
595570
964681
378218
763099
858958
500606
999523
185025
935126
744664
317517
477289
424670
207177
691699
631524
126061
110357
482848
497969
664572
959306
790250
142583
853836
5262
5718
276974
137956
256465
120230
906526
96102
332705
622918
289664
6157
454492
830351
737728
790790
498623
714997
637156
915879
611741
90452
831302
935248
210732
983570
410685
43677
540474
230128
414298
315013
816765
146162
747982
405714
484487
857065
683753
312125
594008
986138
351677
56101
474573
71501
561697
725356
222519
639731
790993
139503
934279
104884
899507
626847
47461
471445
361717
378432
636639
217219
255761
621822
519166
584126
143090
614247
458741
278757
309681
699082
953843
826074
551352
887721
650136
602385
958791
781341
333571
395642
722901
541511
986250
792649
446286
216174
712387
914206
510267
11258
246591
635926
966272
40076
6935
397486
958078
926328
493918
602703
418777
748384
917941
894458
229651
316142
237054
14352
728535
42669
641833
403647
984594
55301
108458
264133
546812
957585
897163
558818
983349
649951
857821
55646
282378
465859
372298
501876
723542
475480
530374
567770
961861
679124
424100
596718
830516
444231
759429
917566
989748
802352
827307
289012
795886
105852
929963
265116
235360
179612
824769
97748
782853
179777
680701
909775
945875
857975
883676
441925
342366
919323
955890
654139
373402
593915
41794
437866
459198
79816
589744
424143
446723
502394
518669
168207
418123
791425
818962
243780
10207
938787
734440
539048
528721
575671
206308
140124
685376
633660
116496
481814
222010
688534
924900
142054
816764
226215
759636
265123
990996
352838
625475
261942
907176
344351
264469
236802
800911
991527
538530
545775
993053
586809
243590
129618
368700
656338
371861
793850
189749
318438
232940
638874
969230
353117
498787
685902
242318
184493
840862
728972
53980
849108
124099
31912
728390
90355
720389
393347
505565
750530
241503
28241
1148
254516
877597
367814
822314
520232
468052
118493
44181
191944
963122
336645
977727
331458
218224
629096
810933
689761
332068
90008
300473
394951
405618
867160
613249
632905
630883
131589
647128
325927
153870
834592
306659
700134
313074
363577
660606
790732
621286
609528
658117
958968
153447
550027
29167
102235
980241
448744
6420
326295
90921
629757
683343
38322
811606
464508
818110
238775
124976
664892
302438
322921
433777
653646
792372
525285
756297
58973
752798
510483
115917
588736
770280
129032
16399
700704
205379
210044
347337
392065
753616
900195
467122
439983
21058
33642
564467
485061
30688
979919
741043
671837
682026
781085
497038
943311
761939
435139
231333
763560
46829
812240
324111
669673
716643
388494
111022
848440
493791
290232
194012
726248
872588
213016
84099
946784
567541
474049
334156
680106
823308
903910
216687
790362
735367
896406
838377
834841
244581
153749
323468
197325
418703
369688
214064
270310
439001
583068
279559
763464
507815
83683
752654
696400
152941
459596
45024
166021
838094
58190
705125
98589
357926
907729
203815
249449
421859
277161
802821
452574
372558
30703
930432
299392
106664
75710
309234
561836
256495
340039
445599
262019
580352
209170
931428
645999
986262
991889
533900
693523
923760
471714
867074
340051
953937
834722
487200
249340
964193
220713
885541
332498
769457
688485
985286
544309
726748
337110
29723
431919
279624
621027
982842
841245
841420
507416
744097
230967
913004
354173
742860
524733
159871
386964
722279
503615
489522
758574
808094
512009
767461
589546
112656
354410
560307
975627
539937
475040
611535
374773
1006
818722
718025
561604
200092
257098
185264
789897
782922
894364
563986
553442
481957
543735
668575
528309
667673
84310
280236
941385
191332
31107
386067
708225
754247
223834
261687
444213
983831
292598
377445
944046
261168
706554
183574
757822
494984
238078
352401
897722
385249
434707
450925
535766
409496
358069
804596
937435
342555
179916
143971
593223
779384
443103
992847
794177
700112
16598
940833
936951
525162
662378
880642
576918
435492
394155
501714
643365
271108
691053
155857
910526
941292
769488
864160
159467
879468
286571
24034
755225
567410
612437
426813
756731
169884
310479
124925
540222
200430
626001
705687
25636
938079
28079
688906
375232
874958
875560
485409
509837
360338
591948
51286
501930
699374
341383
488592
178038
213283
209357
558285
203588
150240
196580
378779
476859
390933
731785
186497
583757
687397
534272
431226
362962
859834
240443
621985
613120
663986
624422
184616
584969
626807
270413
818562
543121
392236
170603
610465
138123
268483
87184
543705
698351
949419
217197
425060
579290
798119
92671
908223
709441
576250
224982
333105
820307
484734
595458
291563
119403
592084
392793
680139
139503
854070
26534
423739
787592
746345
131697
526006
548862
529870
793895
54507
384111
353110
308454
590905
733995
478485
45671
530843
971247
81840
17865
326621
702396
422513
220086
62540
338388
60153
962420
738541
848209
650389
461642
123299
836706
877673
843788
704436
737378
686920
167302
944229
610838
400742
156417
149057
741955
903269
114612
814585
417194
432843
642698
618533
198882
659157
867468
726504
588880
983396
910508
44146
950660
957334
239277
781472
670067
54128
236209
440254
590093
446199
856801
172204
668923
935518
54323
224606
943479
760537
142235
969021
896967
748688
621136
182315
847383
943791
608697
432996
263218
465370
197172
422911
313309
1662
658371
397140
5776
311747
727572
874360
463826
928157
356716
389540
498672
849922
346671
73332
398745
167414
198926
794251
308697
281409
838541
498963
266160
663554
868656
914722
995598
632158
545345
996216
807662
523473
911297
712997
643724
470244
661993
537160
950020
4607
901787
624561
141897
296854
693290
513704
837118
127615
981826
742535
124852
189412
54582
83138
447297
177236
325733
905159
770425
721332
380743
326528
975308
931282
866713
230518
155132
518682
842403
162383
325113
900449
966627
580600
167962
124575
91416
319773
149754
237754
511532
223957
161069
872381
152894
274843
803166
604199
286412
948215
196166
651168
178746
42044
623499
995014
471873
176362
685939
884134
255607
55603
337667
768775
241782
582299
874616
662816
495724
963960
232737
253417
31743
316185
173143
674574
2458
849155
707994
72064
309273
851223
523018
73574
338637
518607
125823
720626
163372
456359
426565
972366
410776
282520
812471
13876
599306
716031
946935
798109
483803
157213
504327
805905
42991
234616
827783
280093
450494
22302
792715
452387
852928
399177
891480
390923
981109
877086
202491
409815
864654
77264
744583
271381
386043
411937
846121
424109
567634
37065
923753
883930
486873
837167
92863
593206
572016
657556
887056
378413
247198
497807
898436
620500
657014
490291
873797
511314
854885
201548
405717
770556
57371
843528
565516
177919
553940
914995
466733
765238
312322
938139
24100
940060
778521
888275
764191
558107
124278
393554
733894
472835
3885
170619
619672
523478
114414
787511
664547
313024
454034
491134
986592
310820
988552
267125
383849
706961
433174
413426
466903
601875
675150
166555
846524
170406
897872
891692
101498
736774
839414
871062
660350
220833
828256
224133
440797
354030
474651
405818
629513
814679
924272
283672
146927
848530
755399
785082
874993
153102
604791
289729
86331
513992
137323
486315
977476
253692
732658
574430
777507
447289
813474
872133
45963
590285
764138
852497
756581
696032
5811
599137
438280
989213
147251
143804
58136
43083
722126
863035
399096
118586
114408
826244
769581
672344
808331
956081
890832
567075
200242
124750
660847
181369
591408
284673
749826
227467
39168
88389
191621
998000
824106
450319
653239
734485
162894
241105
199661
370131
232656
700828
942291
231577
95456
189792
486080
678152
502436
884879
272821
51806
104901
82912
47475
901449
989843
902512
876406
189981
84246
27138
869265
698081
427250
626151
287847
102148
24437
210937
660675
372653
655361
340481
368021
558128
394833
330744
92554
343452
677289
338219
187142
528177
913182
738423
144513
426479
893887
858484
238715
178889
295519
254447
659293
611577
281024
553679
403054
748589
318558
850584
565102
453407
756373
114574
334739
573570
230255
858481
577821
284760
41934
903719
83736
201568
287283
200760
711854
870253
515048
105331
260646
397394
698960
670445
629821
35386
76937
694249
640287
833428
438331
320147
41666
9067
339520
242279
909216
762195
490288
282223
480847
744831
477895
7145
778558
617776
183669
107398
54286
488584
525059
431503
609354
163453
292061
517347
157829
533224
108480
304283
759887
467133
4929
858574
899027
393174
763895
151344
715408
325416
229574
195541
772914
973014
695049
906196
564428
293092
29851
358150
975157
258884
199874
204654
586940
861516
222713
221682
113097
470473
253081
679304
763281
508077
656611
971756
649717
515107
244396
13133
7864
99971
904869
924360
716827
735585
684230
816459
5463
244608
982743
68572
662327
254116
504987
937458
932047
517381
194265
120001
766172
746144
138056
499155
308026
261543
855638
521298
435388
522584
29909
454562
182571
937451
544643
955115
321054
286564
322868
133364
346227
326089
330590
451563
731879
265518
576449
195585
831703
163116
838577
868338
351508
274480
395905
42018
837405
240751
160590
997923
202747
636535
266341
417683
114238
908321
888402
957218
319951
697443
842758
400754
375538
267842
943780
81559
360731
252388
692264
877054
277673
570371
569972
669737
674755
630974
103609
565016
486542
248073
32958
950276
264456
847493
384464
876036
610884
450923
877830
651091
552706
385761
548976
310057
617578
202031
934620
407045
805925
7947
155844
251980
731161
995792
570711
349067
473343
448013
213154
102681
154018
420154
945627
343640
176117
888262
525450
600538
564050
214156
117653
8863
515531
682467
655654
798908
559407
342932
718843
292824
496475
234023
153481
341009
517561
425622
773710
664124
886618
556707
329586
301193
997164
240389
672793
394180
449176
747965
622024
716727
798074
623112
688305
529581
345278
81773
85468
572817
427796
87222
416884
196149
381071
151931
7532
119536
725791
316057
296908
464031
548457
231170
931228
801291
863936
998959
979883
333099
645315
76848
968252
827904
516883
811363
895630
847070
394542
915331
902343
301131
616941
850968
656892
921664
560918
202060
436319
642380
92383
381854
136518
600280
371200
826159
839316
558853
795635
573050
651526
358898
626891
870817
895900
609497
31598
988770
986849
248793
205489
839720
413529
948622
345358
195838
553991
141020
916804
246942
693400
314379
488268
298920
632047
136012
952051
484462
195214
263194
498905
785452
279262
225212
966852
242965
4827
773095
634722
692296
640030
658176
656921
682850
330056
297726
734733
953645
320200
647918
733869
281269
713546
146832
521146
455163
157501
373343
539990
623171
236094
209390
790468
632392
223782
180270
802114
474832
950893
18060
42560
243418
550649
11575
477372
70963
269511
991935
667003
378471
985205
221209
287909
161749
621737
741631
60670
229788
747874
662580
919485
71473
545497
751973
494795
475283
755155
123691
395481
958421
886022
934573
245854
382874
242597
66019
480492
545376
382602
449717
128814
813490
35199
641666
814912
942017
281577
679484
428267
157325
853714
513136
44028
118142
553298
630883
445311
69007
563800
369624
206429
646890
775898
894255
248783
948494
976279
117927
584702
329004
550981
5252
301497
130642
940573
636940
540242
645630
723071
668523
58837
750933
547330
486326
200934
948908
543260
525964
873142
201282
318635
856153
539618
879633
49694
310452
765224
697657
881155
119912
71494
582621
316397
730384
622065
423369
19905
209115
58351
127760
28061
31600
794385
661365
275302
389867
540433
673407
459053
869252
317636
70448
145022
379281
898491
454414
29316
886114
417852
270944
669020
290314
627992
925365
675444
901629
138793
537629
160096
792341
288490
956731
127737
568431
649523
946162
709810
770610
423439
742013
603385
500271
55227
790683
84485
175076
204030
368231
239746
911195
632864
267718
637143
22704
758984
314169
89296
919471
739702
470418
774701
727644
297305
286147
123206
174668
725261
321681
597209
225328
813493
305064
782770
899250
435634
668361
572341
238967
333053
772510
949835
802373
299175
946543
637671
386238
786986
285548
195508
683403
290090
926698
814621
182292
632014
295915
485432
352171
529270
329110
607312
911624
389272
641861
247309
394159
350842
540413
798978
796974
554382
884473
594195
823106
992421
521183
984065
376922
254481
72660
832916
804787
577564
972779
984292
353634
69534
172920
196483
476208
26175
646851
310730
491359
217610
466648
10687
43787
29673
432892
670816
579500
702787
792698
556367
529656
963439
179547
709337
145253
143123
404851
801316
144652
649758
586456
264949
84777
876190
562478
900956
953855
577982
735134
575164
274200
212512
238949
710459
167594
448787
314248
654914
861526
767153
702501
87793
397450
306008
18341
244963
236421
619011
862350
450585
934586
574020
434421
3141
764750
967008
141201
384245
204732
98182
594282
671514
695576
56558
899951
70581
944049
651019
37991
576093
560079
281836
75520
817007
206107
660148
896900
98770
577950
405620
429801
808357
477282
909922
677255
593736
705908
124665
595236
610052
369419
63276
502379
151768
543811
424648
129596
35041
845058
163813
27229
42980
327036
1416
627341
296507
539409
356312
624953
273627
545299
101051
925064
315134
626406
734541
223697
211825
707712
19901
268972
666492
487377
319747
703078
83881
554364
768257
95118
20083
818754
226870
83180
597645
84736
509465
768401
107147
494863
931608
455114
848625
356681
992108
274030
901719
264363
347865
725079
720885
163158
356991
219117
75217
402544
683040
170910
25730
720551
303919
40426
837535
242966
701649
419226
141321
73280
143411
484688
98322
220792
119623
138234
137545
931363
492572
209760
706788
977622
563672
404573
629832
867929
820693
841131
205367
40333
782934
228631
774294
487721
594917
915987
638618
77984
855498
400682
501967
922399
591785
498190
571205
466802
728633
603597
173335
626246
947485
621410
267609
377097
582432
241064
677277
823150
697298
613610
919714
477708
380793
889237
501082
631206
271798
627535
143319
502597
664118
379296
343313
71490
618257
514318
695894
961760
993410
718344
639054
919573
643396
392888
154666
34346
64133
922427
13737
708152
649993
702445
423750
384658
769694
468253
982914
50433
993271
867424
857545
906026
119464
298881
183044
312332
810877
716374
355258
517734
782711
351598
157539
554677
217316
120230
693899
644571
685018
506266
945632
510363
750096
748345
281560
709697
679128
822578
349761
279519
964157
891851
477734
657457
23285
461072
170715
745378
425411
216168
124582
634408
345772
739843
674698
983690
108115
508015
649201
125570
476019
144394
309941
145341
309753
30482
85579
834878
295292
604888
378892
234147
562906
331667
544866
100672
720688
996817
171019
244263
351989
431560
259661
156490
914484
836875
358134
885751
988388
226264
443471
74305
612389
900302
992413
717567
159833
911612
489363
876718
785949
882964
855127
1970
787811
785534
926191
842618
417454
916233
410568
366592
594088
903804
918819
169968
132003
965003
981853
952480
885930
126245
307225
773886
435971
401450
912907
33032
990917
463098
665316
972979
424528
905385
928341
574959
681964
191950
775298
365186
404673
60411
44485
805649
452592
329222
197148
114878
213134
352710
662768
780650
605819
171482
63875
263835
59490
427939
801461
974585
590415
920465
223538
264435
153383
813915
988027
657983
413385
754696
901648
152958
834432
984427
253816
255677
607713
292332
943724
104216
636808
137088
887078
901305
809385
891194
260801
222398
39957
172475
892429
194489
979276
31429
104689
378832
426169
273326
665917
680965
177294
810672
840460
954832
402812
225949
230034
301737
455055
147887
38216
361250
603045
991102
215473
79600
590025
483530
486151
297674
215856
887672
311239
767849
641039
940122
384918
446320
293143
727783
224846
43878
975567
669386
528298
45278
198412
152214
755786
821240
953998
924502
319650
26496
218234
960898
147397
718387
575088
408526
31434
218082
678856
851805
542744
581488
134126
610964
989396
813301
896407
91017
722851
212485
283743
394841
195358
259723
712897
512728
123666
246542
599410
606116
425520
952278
732314
895251
82392
434408
491888
761674
158076
482476
811185
42031
526772
749104
600252
337782
965087
287749
142669
415896
916336
694087
758740
108130
216284
454715
795057
733866
167582
19088
389327
853276
413861
448712
536986
921522
505884
803632
841566
457346
807891
149707
908477
289585
802575
598349
885005
629061
47659
304963
236876
128601
422120
86032
23424
683369
792153
578705
636079
304717
632164
773794
948664
553219
295669
370106
797581
160933
304773
795569
520718
872697
884802
436771
97218
77031
764124
880428
5492
858309
787628
500882
589608
144078
363840
684098
269881
513394
623687
553139
83856
388487
171094
231335
263363
391517
154068
898064
878663
973999
823817
409423
34515
170612
980477
671127
59668
784789
578768
2545
33926
676090
552406
493272
905462
644222
531948
163652
357777
119745
768476
993092
315559
688667
585384
402436
407042
121709
435447
17838
207069
412564
404633
319341
657603
83127
154873
666061
733254
63360
602270
384767
655320
219879
22173
488696
128841
704618
511711
206200
149661
799705
620235
509288
414089
377229
403152
885596
943498
569081
147472
109625
124899
652952
796332
950448
670129
21062
160680
548328
268396
785643
457211
937850
879484
536530
78006
908054
701557
485912
37390
780483
890417
248447
523016
13187
146185
310306
503104
640340
321711
136195
810837
396627
114539
282880
114164
14908
90608
447908
755392
845324
960795
575898
222235
600071
525255
449725
700180
543573
128783
953610
183597
950728
405409
152823
991111
505337
29947
371293
563180
624976
463046
591632
801529
893601
464587
987727
957222
282547
934870
710743
457268
57245
409446
238930
186546
642186
342669
509229
709675
250715
791402
482631
750127
143211
244673
145797
629308
997614
505908
519682
749130
73394
857312
974948
348720
826632
889559
443402
688630
524092
520885
135393
356216
70527
198177
478486
231603
253414
940066
319717
36207
916811
164827
637456
549385
554449
645797
928748
560732
755206
561031
516373
581067
669089
203860
588610
668462
455274
8738
870195
5591
172601
234274
964167
819520
56278
351969
999530
229010
189888
349146
696683
960276
768393
702453
738923
821871
115806
508256
623601
169498
705189
358153
354715
72678
711039
274101
786031
491368
333228
360576
211472
926654
510350
405105
688652
899648
530118
571513
285266
196421
24251
264137
940289
136463
406201
158285
639323
168724
305397
121032
292824
736489
812015
318349
884375
982989
725872
220951
232111
340560
134899
727174
777124
683294
737440
579959
643318
22444
642291
118654
856147
920574
6780
147842
99820
754258
826047
606902
833188
514221
359803
901680
303717
455359
939720
274151
526477
987957
719065
77006
57990
719964
207905
994311
289844
610477
533139
970694
510535
893753
949313
185731
654576
240242
560358
331931
323376
29203
585599
353540
645579
101677
169555
535851
729756
857999
295508
493932
345090
382866
127134
215981
841144
52862
404060
870615
298051
810717
851786
814834
700868
202778
997652
948509
878893
829012
805214
533158
132752
668037
55133
574220
370515
519305
927266
415694
145280
71182
778295
809839
144569
90071
605090
35593
126856
465388
21830
11467
311765
849826
374953
716433
899505
543875
454353
848287
557518
801497
815623
363833
848977
729564
617981
780577
35968
792181
786571
511406
489942
482670
974037
198661
308790
975545
933129
636407
225980
803930
929157
681911
115822
807921
198165
741942
200529
684136
788058
197853
506968
655861
840966
323622
975735
41292
118467
629207
406423
20517
561139
254237
777442
787557
23315
270017
895165
176427
242233
591305
972310
726394
26684
726190
609811
780350
75762
202228
309225
885885
340372
245548
448270
490715
291454
171138
86278
462729
775891
457603
808218
920524
401790
591024
390376
960422
684755
920055
274323
417251
908051
358100
952474
216705
244174
10884
858054
668476
449379
222305
913981
738486
235043
79519
187125
754560
622804
842273
831746
89992
215185
680953
192463
173215
95439
697339
219371
444197
172602
794364
89979
788114
731005
651948
466510
820324
910049
370893
633614
616609
34573
226127
577169
45064
161132
826570
788943
138776
149100
297367
903918
954236
29026
13644
824506
995921
407562
862162
421040
493782
255532
367331
313529
995183
817371
75365
59060
368406
72344
800094
270444
124318
158355
431124
632105
604069
706577
854722
333986
454102
492969
751608
537616
177752
972968
904464
439901
5399
981076
384008
503867
89197
645966
412481
69778
622188
164816
191699
395729
775818
905366
792011
493222
674090
752986
937666
958728
143875
787767
172251
347249
330543
192879
30488
98346
976722
241096
829209
896126
434469
631569
351155
902096
519838
617922
572905
975625
733438
112449
209034
30185
458615
322497
925158
359103
328695
518917
213806
503732
570453
727619
863143
63169
704535
431395
177675
78784
703389
760230
411452
323488
574830
427876
818854
622835
570974
948077
839024
446114
265816
782737
820126
32768
727246
321852
983942
987835
98618
194937
273068
163055
433487
142231
751741
528596
744001
240681
220644
311320
283950
80999
786253
771784
508007
136305
321588
766695
897695
987252
61033
415329
886192
551461
521954
706073
897348
54443
971388
240287
377318
128281
182096
572349
221925
665369
972974
475184
109730
992484
254137
458612
663159
869229
824735
388856
160580
286685
429490
474481
968407
702265
852328
377483
415799
476833
640364
900410
212750
945330
526622
570862
146544
370186
261358
96292
296204
95979
451664
997337
458414
816312
550556
818329
30190
961501
634310
513142
98489
700172
959925
459989
646713
233762
207489
71779
203684
174888
801614
63397
682270
798900
815936
573612
184076
38704
713818
405734
231670
965298
738358
130385
961880
851147
119011
889547
731078
988316
272598
879878
161977
253345
880399
452503
924602
6161
798666
422061
387241
203102
592669
471198
663338
728215
344948
538717
688685
337774
266791
573832
216921
461587
623413
619870
518933
327230
709536
704270
380658
594124
31332
741290
872312
424193
350293
61883
326732
288172
84628
571181
748987
504744
766509
415915
744933
748350
113553
219014
744008
163688
888939
825422
445096
709041
722080
74691
467033
481400
716904
986021
628393
192275
672324
453288
31980
139791
323099
684164
335204
272726
647285
653800
976781
197930
538067
319886
24515
513933
888168
188650
232337
564035
971384
419836
11031
51503
870540
893125
953879
949658
758543
491798
156380
349523
717065
205059
841927
405872
450997
829751
34487
287346
177344
663905
905812
425415
425185
322508
102521
335144
169615
830029
750843
104163
649380
925333
317722
43187
394828
89062
906948
411531
890409
246499
847616
672754
950023
117056
467005
303495
968183
910360
874936
811366
367306
256989
778500
679907
794668
565033
19897
436019
245594
396532
716091
184235
424577
888607
504998
25952
772469
727596
630227
613548
111434
960721
735498
423378
230291
351073
281988
153145
876532
95722
74715
721685
388198
352606
904400
608355
789831
627753
880505
713234
651356
317985
150853
329215
542308
346844
322093
446297
101593
424347
835385
709924
538630
373731
410988
437721
615040
752236
16718
111338
110018
916467
42196
378082
175529
835114
338029
324459
577608
665168
449259
417065
2409
451099
175564
167812
767585
538640
604197
144452
511823
970485
45418
113173
256305
583583
472668
4009
791330
568485
79
967356
34164
616629
632983
871667
495206
538436
603855
69342
460802
628129
853381
947293
751766
154403
18565
744094
687180
170049
643841
964932
349928
857984
850970
982051
483102
564039
787277
849128
754318
407630
532029
241686
924253
703285
362009
112875
655153
845361
177577
642081
728136
700321
808442
826000
31798
340863
894500
256432
541241
363121
166261
339197
823610
545023
408316
284851
831395
570528
825843
696441
408279
49901
60106
648090
713170
696759
803084
631662
513247
989108
759856
433111
49328
305364
561983
883431
126301
642418
787036
645471
130044
479717
748661
222482
452761
105271
502597
49065
819090
634797
843011
998783
315922
916293
647530
242924
750696
143358
139750
217247
261763
551185
691864
292901
895372
393661
714758
686150
223392
362880
263266
321998
635817
373089
778037
806505
848024
682730
172840
22888
153664
563060
1135
431840
403218
810650
762131
552561
414193
246928
870874
237348
344625
177868
97876
650670
601969
783522
694149
596497
249554
379245
447146
998562
617811
867561
401962
880677
525771
683294
967642
268372
72386
990135
82861
20543
328875
481073
324151
675469
148994
410095
536732
215200
216574
845802
398617
206743
523572
167557
850478
107053
984520
249598
704487
210046
340688
633281
985222
256618
337799
320919
344399
519250
585578
969787
370480
633408
776626
258829
74890
107683
262063
198112
697952
314999
300542
26094
290011
103875
216103
787819
492919
355452
708245
883894
486990
134215
276146
387180
43071
390236
486495
547671
568379
921350
259725
522948
309996
789766
961211
647410
138817
444824
890636
859558
483994
888909
205188
299420
190797
57751
292063
357975
646419
267043
677774
421338
306067
806881
585039
456303
262088
197919
769191
142180
820753
635795
772799
820246
309269
351287
508120
472741
4624
676687
560621
753287
747327
932486
140644
935032
770020
515510
722544
908943
231862
492359
717958
736044
349353
833263
576505
216398
899541
775959
760820
731009
773766
308446
787412
806068
673695
395574
30688
983528
150699
620012
854565
266821
983362
216134
594418
306311
747156
224389
877037
45077
418197
554186
445841
887666
390533
10325
729349
213004
917530
608424
291161
66546
440269
402122
269151
940579
904894
202983
179044
996418
638597
198549
381962
673701
659862
292273
787267
368332
451984
312040
42860
189230
12258
44178
223364
429231
145626
765432
723143
386735
233996
63798
442155
172412
424987
846012
318966
801511
6119
614830
288314
893172
285523
541163
179246
449579
893873
629483
323819
455627
9933
973186
100608
74846
857043
774337
325490
241704
504350
669499
515219
333881
937437
347365
610877
196322
999204
580567
999788
483780
601613
766447
498677
407940
804808
829141
993895
658074
87174
589656
590461
109257
352574
824567
646524
775977
947547
363581
673135
415072
306050
733763
911037
220271
167555
291417
354212
679528
995419
452288
931924
760765
644452
642574
605482
70324
590810
928820
449159
664568
360202
695645
897037
773129
919001
676908
918070
566098
424238
681064
363280
368731
761789
264692
115033
279509
632561
568503
168371
533715
139893
454938
177027
428952
36448
327727
701356
889483
406395
904239
125603
403399
944495
512988
333103
486927
535184
844357
133696
700382
251392
502568
280233
18397
133569
953457
971066
317294
152155
291553
468350
983525
139750
869706
661902
159511
58549
824182
613776
955658
812959
217000
72336
554764
373611
51066
15160
448287
115031
805541
923247
673937
485637
762015
471372
149611
477955
105311
921718
898239
124597
455292
731162
602084
109857
653683
21703
820671
974935
401415
781801
504759
306811
806147
136928
791370
599857
680219
237756
55230
957667
565617
434199
239983
549489
597811
636751
805063
614134
554465
886111
153229
117556
378988
642778
893908
48603
825402
433923
405139
865851
611271
150283
31189
910659
371621
757736
836679
523957
953827
793550
850543
931816
271820
979468
936700
62393
576071
801414
878520
254479
267932
725771
556697
317642
826966
441554
454455
326408
647747
355414
977369
503315
252824
183115
929128
889706
119473
574907
658309
836075
77175
680898
462774
191002
980955
713890
504827
323920
545150
716036
787967
261442
536755
145356
389866
620077
843036
330775
677075
870299
95345
864660
513299
233557
552031
992060
18549
373798
547148
601903
440329
753415
379385
235117
383768
324908
745793
983085
199473
256362
863294
858525
806306
34243
987019
795895
788354
158800
131875
54973
552939
426633
315560
678161
54278
91636
774720
290291
181439
202280
788634
568535
723415
199997
170511
974306
840919
492499
467875
217345
509026
999483
577706
196646
987620
185413
596487
67616
279527
796838
23504
545366
952964
356358
857613
484640
524534
635364
538015
206787
915466
511399
65086
340870
389298
817602
797915
607221
375162
89410
807588
850738
735570
62775
558502
551602
234633
249021
465612
346907
649499
286054
311749
729081
551777
122885
797188
404311
960934
11417
653217
827328
965146
289685
48157
643474
616864
353480
538754
402875
62722
782638
24169
981459
80516
515410
649493
722646
412694
162398
790397
832060
587298
190913
930535
342071
266374
861563
112816
216905
439004
60872
470888
112703
870452
963303
910554
211341
813347
879237
659049
173127
606133
112203
905685
410234
977277
217345
643037
663589
317518
714141
393407
813143
175042
579756
53211
585702
853175
961884
670326
231113
731354
271396
502681
92563
109275
563856
289305
342285
582592
66348
825202
133358
807381
9164
563533
936313
59969
251639
337121
2099
395125
961838
587445
576064
835133
996444
578755
558106
307193
378459
230137
922796
924005
416032
832793
789329
91923
311685
452608
846308
21243
162034
747523
859779
492073
815206
284213
162341
281044
750759
932869
94549
446351
34308
499268
639947
443608
101380
426565
209061
197582
922029
128029
698247
601600
744306
871562
646668
331233
428794
764912
330023
182807
890953
78078
575771
979250
316685
827376
844243
599546
375047
997933
325534
730721
707348
340432
265867
449559
174680
930692
487902
190845
762886
560520
557036
957809
539789
545874
426392
432008
301858
68176
492522
738841
769830
24201
698377
838710
633077
232098
462549
498166
446795
221245
590115
309614
174674
974652
233494
709758
321420
813731
982230
477703
430681
929243
200048
121786
779046
53715
322506
772428
842162
681473
239937
873414
864254
928903
517601
161272
701649
69424
175232
5517
442149
831769
889911
370554
396145
79468
889086
780304
408212
390984
396835
903986
477595
855357
520743
311712
928111
284467
961909
455729
195614
284074
680640
472799
696772
239899
266680
247356
681941
752190
57384
449091
269450
743205
726383
921610
706598
120773
494104
407123
832676
837909
294489
521537
735999
252944
803237
655335
134685
770644
589550
19260
715097
645804
37242
352235
891500
223531
259745
775815
891063
676655
787809
295196
3503
362693
26205
303392
1957
209067
714360
989833
475185
622448
422218
908536
625018
39736
41982
452051
845285
174556
721992
897456
799256
561006
570053
457772
806506
452826
904112
743900
560681
552231
942590
752283
111943
609117
380184
71171
87841
546561
606003
342583
385389
66044
135949
713628
633344
939546
66373
552935
367162
404525
854615
27729
764687
597074
639348
425320
353650
975051
459834
665471
288352
13964
997205
395846
497286
177169
846961
890804
801679
559788
160283
264736
879950
618589
410611
747439
367301
889305
270608
698664
404240
298733
317104
922852
944305
661052
426266
827361
67833
933284
863187
278709
245135
423103
157624
556703
318496
494661
521214
26809
650147
172111
247044
506633
727879
647606
79442
519928
644348
603226
632113
942682
988763
840511
568102
239083
73843
380817
923340
613339
553009
671240
526349
610176
77547
368678
579837
796267
595529
245726
732051
589525
187408
310799
280516
28855
616268
425005
11582
488632
282650
610753
949694
483201
419663
72071
572750
327149
904521
238901
805663
754076
857488
422939
750078
646502
565800
520677
934710
596141
273269
848894
391427
210892
588555
37647
153006
623852
997970
791589
133322
301813
936082
615153
690377
227616
563937
892520
782907
311659
234662
4555
735205
210662
676937
485633
301882
649835
943673
86112
615993
618347
355865
370250
136290
28386
800328
848756
472662
896492
507083
404674
773194
523570
10842
711438
186791
700348
713796
103368
618498
87979
585727
951159
611187
911166
970320
330398
966932
793489
491027
551289
202456
212583
696680
358758
6277
195676
854330
630561
552783
57917
789101
147112
432467
131827
241955
957629
377836
68634
192363
985482
2486
11055
264584
953630
606429
731688
468953
908566
68256
310558
886057
674135
170728
977766
244181
698423
398783
988861
986454
883131
123439
594657
62379
152123
461240
785724
318692
838050
965292
191611
195020
345554
11435
789118
651956
756708
666103
838056
533080
215949
959667
995413
732081
664604
542141
119659
943446
833567
141348
635658
206224
952549
990856
685661
283577
538591
381965
931282
620815
465504
531963
656550
281178
806596
965238
167449
328056
639596
406933
162689
417922
151015
553376
701819
229597
713260
362027
281020
126303
527299
776009
191109
254107
595972
157487
174453
789707
631352
929255
258232
552793
388060
592109
420125
3594
567939
730538
882438
940743
284187
962442
143992
887242
663560
303996
808403
284513
995372
916806
200539
557090
960392
59074
521780
943340
555772
569720
60269
60501
55466
57241
897011
21557
422137
734230
887782
351630
762101
332507
307592
943574
72340
999724
666321
269091
33812
194522
865
663539
252095
397985
877005
516116
461456
25697
16346
504182
499056
842615
707848
728459
217369
728632
999621
930456
155612
499914
114499
266652
862909
943838
435235
945561
488636
460237
164368
760963
605551
211406
570601
905860
781770
820306
13206
342506
963073
786236
790204
247278
900868
965120
510795
454498
110953
122263
478900
849462
58984
936796
959992
4070
272255
116679
903004
577988
501238
472131
91641
340637
649661
854317
742639
994571
459249
837739
30458
760023
89213
632679
616477
680392
292765
629479
757242
920461
157694
171403
360579
734274
168450
436642
299915
469410
343647
777320
101302
940234
597287
208608
389839
795622
969122
487818
160248
784378
648983
329986
813820
596879
583082
66165
416449
558712
585887
410304
563545
687231
757244
4199
548471
788977
893389
182126
773246
982787
584385
143703
194741
497248
280050
630393
904087
358288
961474
891258
627783
509190
727905
854121
446177
641350
784490
199994
345580
257713
46829
698655
297707
784174
872072
198527
267859
377591
493870
976853
585686
533757
392649
823912
610078
105081
606140
723298
348117
557713
161089
134224
591969
242211
502066
448501
869229
505840
447651
796299
700579
243112
511532
969431
783414
451598
420676
488040
52827
595527
2696
487852
267479
431877
842396
288430
183411
553483
831656
489072
19085
30044
787972
552096
103433
337796
102254
785467
918884
724866
124856
932923
95016
183504
735615
91198
928380
327121
90389
700853
248275
340886
464640
551173
3589
414925
133980
137853
544954
73031
32987
947700
323970
258148
972589
112575
163843
793118
969595
996429
705802
665262
374220
885727
652226
225502
884618
296358
518850
719661
24159
214842
572224
143768
587514
340917
49123
669195
27182
129898
326583
941092
803833
925701
375738
73568
143841
365953
233171
206052
640250
623744
50210
735722
566021
706506
983090
558726
226099
964836
569227
261908
959623
645580
839973
946368
161369
117712
553590
405554
390902
583624
508844
699476
24997
404918
950135
87745
871045
786360
279165
522059
201874
114151
647409
539369
480390
369168
566654
881660
510683
166221
354205
650428
45935
18175
617734
542979
471297
291561
535810
216758
349720
477548
623455
660236
128643
42843
61309
81788
869051
245818
183174
475399
65508
857240
771195
162143
19954
840454
497385
837235
522281
950003
897914
927768
923581
655397
972711
585237
380247
998742
751307
990539
449017
474025
677011
833855
468024
351559
250898
645638
679400
297499
753585
819340
925591
896294
289732
436928
681135
489983
53495
381983
186431
426987
178279
172316
285715
131477
414285
345385
954495
221994
808469
767461
966011
702931
184909
465698
599912
982800
692152
808465
808945
624494
866691
152589
420940
635108
219343
892545
722144
973904
828141
379638
527681
213257
304744
730172
604374
844064
120955
783156
373596
777592
980963
958329
723011
759039
220815
962153
836022
737032
425781
467539
511800
330503
476798
116479
49258
733544
910881
678484
540585
588684
452750
906282
152404
854625
443904
18285
148907
266332
554613
501482
605011
714902
948794
571769
562934
622208
961887
137607
92679
96901
247307
259263
767139
846971
73896
704725
913427
417284
35646
76399
682350
391
883230
198192
515227
6086
136756
255137
391284
170077
360576
587582
592135
844438
719262
383131
810678
340331
635073
138545
9470
33753
569534
294089
227348
714845
494212
362180
492395
623502
73066
183557
641875
444118
56289
696763
227259
297422
396553
213646
285399
143413
491423
761125
239708
547597
763987
48146
880424
504275
606327
721179
882496
920281
158548
235494
747569
982785
374551
777920
858327
913560
16169
954122
777340
717132
814300
866944
180632
568268
296384
483367
31351
563131
329174
891411
683704
649488
179228
608850
385137
518284
870919
820664
382960
3673
361167
791880
238428
447292
312356
918268
983739
803383
291390
26866
566285
387454
298386
530995
649429
272979
141152
271264
66551
279872
384105
854331
554812
769649
767935
976975
973747
695083
555828
441150
639411
697453
918516
167013
780027
58337
87791
786861
815034
377215
150894
8817
845354
567231
191815
73863
337750
320376
292780
162733
90877
921498
24605
692946
944655
441541
308606
907710
507028
630083
921347
190238
941804
303017
493063
661744
59121
101509
787772
391943
148600
769988
475453
800059
521271
934243
268096
549425
789696
436112
63463
421187
416747
745757
365429
248651
398291
520607
680477
852817
542902
949353
956534
297807
489088
582560
977996
430493
453089
94715
377552
924349
658842
900378
984431
570693
684184
932671
469247
207397
713783
58029
131350
215188
706087
111131
539829
30556
576748
713941
659170
271422
258559
689520
244947
697475
660498
376168
487366
454432
437105
494104
723310
240836
630660
686932
274567
778946
192241
123878
608907
437462
800094
335908
704125
64022
613972
693227
228194
457334
494911
816762
666767
336504
485778
214957
104094
174190
330375
874067
546810
440493
834308
532783
447834
943632
556441
933128
429387
194278
272998
749165
252773
134073
386458
951625
41503
465532
302806
155806
86911
17168
880367
750370
610601
262579
313874
250547
511513
25413
255746
965751
514092
551544
676606
901460
917080
314388
855742
662793
293885
92453
948891
893479
223891
478466
617358
207216
889154
324154
863184
469258
851984
152988
623969
659744
127412
832867
322213
288214
657418
657596
991080
956838
232928
127798
908482
78236
961709
877061
328662
771626
901601
971955
544948
959209
89048
559588
353759
900653
624360
692036
121640
428995
924633
614863
835001
878025
14324
547644
314926
821610
865716
990599
875805
166582
916633
206682
930358
983962
115036
749783
379078
416512
632381
246149
536918
675526
498936
59412
320944
469523
378518
179534
806017
272220
82591
603100
20762
983346
614253
168307
168848
823749
207003
503065
934532
344057
650589
386776
690621
835811
880298
174717
36977
884448
358995
234765
448931
385106
960375
646342
261990
340664
904079
646093
679487
233001
706085
796729
936168
140781
191906
620986
216369
52792
898180
765607
595330
161220
738990
719140
846139
228297
219993
287852
5372
715612
938921
418561
575232
480866
815130
982061
911012
678511
287513
207667
901382
39103
64111
139991
328840
569359
911384
524807
323252
698905
844978
582245
124474
877483
219473
295538
373332
961571
721711
132184
218890
658889
178625
58708
849553
989257
814308
501886
102863
790347
119286
877366
520186
634545
180802
161389
583134
875948
288019
432525
886909
761147
618281
488838
362896
113858
542153
347702
633260
162563
502383
394484
812480
430587
175711
210170
407739
368987
383002
645036
924618
897569
862699
620745
127935
425683
278432
854509
226957
317976
725462
244864
496944
314483
958894
121407
891689
896732
580060
207013
214311
22589
658206
770997
699906
952774
2761
772775
879776
972653
866046
54637
781498
498438
614332
495264
483257
753018
218767
803980
690362
129255
10663
402644
196017
957780
748803
712516
754025
98639
705868
95345
901865
474981
132862
252943
496946
682238
383489
296015
891430
658386
562134
613170
890115
325772
259565
655343
106508
337465
102803
709693
123144
774637
926792
89086
206756
217331
510895
490248
220595
828526
716382
358096
974614
842000
451541
975541
505335
549878
776012
658023
164463
711583
255397
898610
104392
183560
372545
186859
647324
501413
287086
188853
784348
6141
275006
889776
873453
615011
375155
787008
627820
735372
437782
462965
922194
519890
553127
790620
688563
990724
735854
916513
506336
171367
986288
606815
783277
927566
60285
898438
158861
782481
656550
74408
588889
691309
112269
299296
618863
142904
606037
599967
743223
97791
466039
604436
64321
182270
324662
664376
61258
35323
365931
197427
300382
696063
254522
812846
991127
906610
551205
785590
340675
485586
248511
311433
324196
279503
718136
849025
886865
951623
14551
632410
170873
408729
300679
943202
369223
760040
815752
282364
103138
426350
13574
173776
885452
735290
592135
263955
190826
867975
727805
869870
590178
13243
100475
546125
278688
909625
490181
16199
845492
896035
29632
950245
283989
327919
482888
353169
624521
815716
187936
250717
684636
476466
440068
98540
919693
724716
568603
380673
753225
617827
403784
63714
440975
68768
63584
214632
154738
482813
986614
106982
10429
392800
556113
733876
295728
96725
610623
32343
741993
916296
213187
700814
468062
853276
433449
878715
182855
136490
2555
904045
508376
818713
479884
122886
456940
735830
225393
259086
556989
565872
250383
666067
498064
586259
590096
867258
177262
157215
488880
6823
512908
949605
703603
941124
689612
40126
730297
252466
395420
3271
801769
800010
596733
221948
7691
977422
480478
496304
330994
990642
536230
874150
58454
762176
395217
662608
39168
753132
393906
880801
575198
498676
333718
635409
294006
545203
547721
822125
413496
40132
345458
396056
329900
613709
878489
618850
419594
666543
722057
477314
911592
965256
741329
683251
223630
669283
660324
799465
332709
128957
939488
115567
11278
121525
94892
587551
802896
937807
521338
415293
684393
981988
130412
695728
81349
728106
93843
965213
379276
750172
302034
669281
764246
39174
757537
689387
370618
652655
43181
2101
818820
298338
574301
581533
982532
103515
425648
512356
848195
900811
745474
137282
78225
486344
222957
981923
268410
105236
614092
453570
151191
709960
666459
987617
655424
535262
471098
765858
895455
987096
248721
124101
722400
592079
975757
699071
310916
207195
36423
147379
41365
126300
669510
688527
21236
258723
553691
182918
167502
317313
976363
660581
557869
859625
906121
141908
473834
327428
554817
331692
235649
112722
472178
421871
635133
695671
92627
363368
630418
160426
548054
950880
567113
173109
419945
458618
798358
612457
65049
277420
606597
609506
427409
191258
201491
826547
367809
963217
639769
330221
627098
34652
389091
604689
727349
548295
17567
75600
411987
504878
926641
980410
836927
564352
727011
954187
60368
508502
575162
242127
634891
355498
917412
801646
832805
332917
946253
895512
815973
506153
702096
808397
884776
464648
292746
116937
513534
792799
69579
50059
815282
726627
208102
998081
383208
411302
836008
176466
261534
610614
19685
711111
471317
116947
225006
123479
46153
755018
861214
21837
337563
92722
486100
477208
540240
312322
802939
852463
275570
662478
260100
147807
26964
47644
378101
553586
749491
232615
148251
762494
613944
252271
658395
754823
106075
294203
104039
405202
160033
735085
522060
739335
731845
196352
330855
37121
634229
427232
215287
295030
751603
258661
257934
307646
5084
403118
983586
228609
768198
45590
652160
257282
252418
958614
897440
10626
81216
996343
703251
848722
216978
332401
413593
123193
676105
104165
746639
982909
136572
1076
288133
114578
630311
896442
907374
300636
957167
185259
870256
847907
186435
784840
927516
118802
574111
415293
614520
465324
783402
75738
622135
507020
318527
218604
567242
713111
23497
132024
874447
847168
102472
486995
321960
334071
997744
617761
153959
25647
428848
508200
459941
984970
372432
686992
159218
124516
399347
459769
997798
747577
200380
768633
157718
795188
612557
390640
652130
556757
98795
3338
718380
685501
371454
192977
225955
473817
93620
947437
15037
994921
788868
579001
836099
106092
414032
357250
958342
726954
127779
454110
439087
203293
530778
842023
565172
873085
325856
540627
653991
566311
289810
780657
245544
61545
1729
611330
640571
735212
537109
477362
533172
176639
950350
694577
