494681
81051
492923
762109
299249
664992
678477
365379
906216
805689
778695
659775
177160
22207
598916
640435
205591
155564
293841
880397
111342
359664
4765
973059
49337
583712
850300
602137
213322
155086
283928
247872
203482
161203
421685
778072
265180
578697
817630
458134
733311
350326
653425
164929
898241
438690
587524
451414
830507
539817
543027
281484
365101
524012
230152
17842
170326
310786
953925
628212
175087
674124
564688
329724
344501
889255
434491
788853
6194
115898
208752
99434
71607
298734
66294
515085
678776
186941
494882
761044
537092
856420
180956
144126
626143
822450
887565
560500
798910
375811
613282
113354
790750
953734
895616
304548
463937
793401
234820
341109
933318
213174
481781
344931
963684
710503
294729
976391
153346
107158
15056
206224
330806
652191
41409
795463
534041
923078
943072
397485
858436
843429
319048
242304
273513
915390
294490
975132
620559
856879
675714
426431
893099
310915
156003
378085
426648
866213
897823
364434
632244
177135
737220
304622
377366
305248
551830
864202
894127
468652
240245
255105
904508
388782
427691
252345
449317
771897
318420
558857
566261
784268
653738
995508
170103
280611
139564
662356
484521
538282
436395
896530
934496
303181
147057
824722
9592
405802
632782
774379
401717
709160
680320
644627
745275
540833
11838
806490
596454
741307
707169
622093
527559
121556
903792
899643
240956
616411
22278
65492
233579
158588
180002
4909
829594
65459
893067
785439
944494
18242
630814
733584
217727
655101
615606
11337
776276
504067
823222
845638
699392
4423
547829
96845
813528
324620
763655
746678
381519
83695
73956
272585
74929
115230
19448
950724
313400
133799
674055
859835
393934
991467
412090
277594
621152
624113
302985
10567
673563
234966
528263
818146
342279
752738
447941
154158
442940
132407
224932
216969
960196
82851
617787
622167
594511
691348
235424
915325
492749
121579
973271
702729
483628
797673
842261
342191
865774
890054
185135
175791
186917
678624
670692
2834
761934
996304
556995
610706
81480
823129
19131
744729
35311
470074
494781
329186
414106
322403
766991
245180
206125
979268
250224
388077
853147
739520
943460
924083
531963
143680
453851
328166
774982
129317
423170
725753
377003
814869
236645
224863
63567
356919
55551
143050
736740
577017
935968
65614
369637
724430
139961
821220
351147
956854
560903
417419
276847
849269
953882
719945
697181
990373
670017
665552
438609
849319
837012
186747
411184
597877
677406
493239
175206
434195
763493
627007
402551
785572
42006
58751
78724
857113
378770
967386
431773
524164
217423
838087
818621
90891
548140
936342
634278
939319
83926
240145
847066
909804
175248
81661
737907
15155
294882
336704
521440
309683
949792
329500
467196
203391
735957
834585
319180
528905
709069
32642
361365
925491
712572
350725
72984
254150
476558
914238
779435
847996
528588
50189
47990
61047
580263
383395
139206
74581
458021
803228
671185
103899
331749
633414
686471
345486
643600
158721
411217
33184
596638
93950
871016
110343
814594
657385
423637
602602
848884
87907
646145
759989
980697
618408
150072
20941
792080
16720
687934
943133
29595
143857
304910
386637
814312
512865
48619
629140
126780
556953
247077
942820
191483
169205
141035
912964
861462
602712
355655
828028
902353
242092
623290
845289
178223
20999
556788
145648
397437
528425
805808
822223
722361
487266
368618
290639
377245
723472
538558
129622
695243
968006
389790
288601
108246
649225
299312
509870
709034
817332
883266
209727
316058
940027
268331
635803
520132
534156
525695
649382
867875
232977
797614
4657
234737
756626
501753
217380
26679
485368
104594
280024
989746
623084
433808
961473
448291
756062
913932
93448
460468
925410
416795
433079
493314
994996
255655
945102
891915
731164
409580
657267
292150
837165
544909
83973
816633
734119
938704
269265
167338
15228
929213
413661
241766
959472
722190
113122
870680
704025
319955
987096
300455
803462
843301
390953
37502
465596
532612
501639
871353
33500
804944
676505
446697
122016
741280
410832
324
884100
978563
724889
293868
518337
33169
472619
722714
244596
521900
67775
355751
272542
620312
878304
594359
534148
464629
964504
646850
629111
581653
782538
794688
974126
153406
194974
331505
972879
672637
472854
277830
872972
150501
658944
717295
62378
954723
336836
316930
750493
424831
395869
337732
794320
422769
878820
575832
796865
149149
237768
555521
158472
308397
658970
137622
234935
864906
887429
822017
532189
735287
234075
590515
782309
12810
703306
61544
493020
474759
737581
920658
220496
206938
466239
275237
424531
734641
931690
430142
404255
439028
404221
8113
146515
166626
78589
985645
330972
959241
661714
622926
700399
302818
848802
954495
953266
196614
887355
795082
67706
384337
726058
964798
820911
142034
611113
459964
243532
109931
881844
769758
922691
805772
394556
378563
882878
294726
657653
655675
363135
163982
214474
239884
726888
461585
204273
708959
204119
599598
168536
147082
196649
650965
791806
927163
319520
864890
802335
263293
902239
503285
442631
603754
340562
828601
745480
126254
478186
470831
859271
825267
574278
563438
877808
96494
730797
29593
66634
318534
999224
758998
525796
829788
451085
758118
438127
804987
298117
532390
907686
653790
839407
310945
858599
281240
271470
553808
320549
527332
691837
948591
466871
460297
686355
89532
204360
825833
762786
411279
375857
635047
605561
341905
194212
374323
162377
992538
603519
707764
239044
468587
40192
636240
74273
118532
849752
314139
401468
293284
108504
177817
188827
307867
225544
282930
524620
661837
516311
838065
182250
833797
693036
393208
200702
978355
11547
658244
255681
224900
892979
246809
900479
395228
454836
59722
800024
184883
931933
173991
274977
120393
488100
853699
934759
604295
680511
874528
292051
751284
970783
578938
288041
386512
312957
649325
837547
564560
455053
13827
641754
285431
73550
175966
212892
473230
956483
601918
323705
116352
338812
517168
357439
190548
439629
528340
568966
853895
346976
933321
261646
978565
941991
64375
650180
925636
496361
839480
7652
908926
208446
142563
974136
800201
641366
861751
947902
151636
887923
835041
323303
277184
450807
900458
534780
439000
419159
295937
334043
627247
913583
650656
635296
38101
952496
105948
662367
683957
981940
911566
61325
913614
870066
544986
317310
589644
907661
357465
842888
23746
792647
984359
549383
841287
309267
826954
307834
456170
466887
583101
114315
815186
359024
176601
722412
401975
470272
197983
377245
458295
389090
527716
579146
615254
354734
723993
245648
527765
770744
372150
628832
327213
912451
604803
778492
645480
957715
445827
456287
256541
625376
488509
383546
438662
167654
334952
703384
218623
640409
775410
980706
371230
129334
275181
731071
728489
855029
936214
918739
28984
490587
392580
834025
65768
974252
564650
276523
651449
162685
386185
848526
355909
75558
155957
359691
728222
712982
813121
588871
926082
464386
584201
163412
661501
110390
13021
586960
434204
430860
782277
423979
962953
116665
700086
170887
291272
393476
947279
415736
725517
314451
891984
819114
62327
419102
210072
585250
280365
583556
150488
822429
190804
463036
291738
967828
146794
948900
292648
800225
866818
740213
697946
259067
66204
532888
442304
600541
811168
570449
678247
867142
27127
60186
25612
561369
689862
5579
127323
100196
385416
782388
652578
275197
946567
238029
824215
696009
231543
492165
783362
890070
297199
849142
931336
983656
559749
959546
697878
947793
383300
283223
201254
946553
166093
894997
721585
669310
436999
562609
284145
171316
981316
548650
685458
949325
889778
869880
9396
227476
456314
266780
288095
315092
883832
281043
322884
559957
485528
719524
47020
775622
558153
140697
232256
954230
550305
354570
392564
276476
736909
550676
940368
999671
811635
954793
830556
975344
944038
992449
299239
299740
206661
399791
927668
145469
734064
14350
604098
862503
928680
461530
618679
326432
41155
1371
144232
864417
469512
583931
221959
115193
723309
820921
285290
82577
595050
158646
419700
318282
730169
24109
830562
395138
479917
368640
686324
526518
566316
268589
80821
778753
409611
65823
708969
592003
414980
66849
11859
295901
820502
122285
852256
401624
684538
448547
66227
4645
46205
496341
28686
326783
554558
526335
147353
426797
680646
190932
256595
740835
67903
787891
122706
126024
31059
105080
359864
64659
636642
6383
574260
381518
633759
96676
498290
994109
149576
901910
148896
399704
842624
99402
703902
474611
821194
431547
228418
129023
604836
475694
761797
159913
370174
880164
782477
126560
56597
340585
960087
584436
959985
109002
504832
49498
692471
951844
423537
959052
896876
321814
758373
276365
828551
418072
212889
879754
511088
234853
111247
697756
387355
947156
679742
114474
931836
371973
574233
51756
564262
453430
806266
383818
247428
983029
180907
491170
502066
268784
70289
893737
725945
750952
651894
612585
942821
817860
60657
179432
85381
55042
886644
70057
670847
346376
742194
752396
212557
449881
832491
137104
498904
680227
268053
228473
609007
930357
498857
785804
319396
86797
872967
591288
537283
859087
292358
313871
89328
49618
13596
437425
455836
724885
773222
649865
672483
674575
486486
913457
401926
417508
491894
51825
446848
749235
331741
141093
881607
704588
934317
548284
81504
183423
758021
77020
658719
200144
764362
793315
378682
211078
872781
636233
313609
201634
46297
992929
570269
428781
299228
279102
618554
659179
153328
57459
711154
204651
329604
450162
533599
525696
66091
635797
263228
537738
876033
888827
94560
965037
429302
111499
377881
680036
722168
168852
623521
555886
112065
3413
787200
760934
595834
637144
288445
715504
152458
466425
76482
965903
884224
676548
442379
413140
247065
171708
281546
620721
954990
278008
955739
102892
421117
123753
18591
22639
491602
719158
476599
764284
305361
573320
882399
851325
459427
68642
804196
983801
45499
44263
5380
954979
234756
941247
384736
873613
418665
464917
279712
967098
434816
137784
296419
715984
397460
638241
193313
389676
961997
854484
944608
15184
479870
733599
150799
950775
30027
20799
814403
46794
933877
809954
909707
213483
229124
112840
661746
390894
974223
115586
909072
476135
223083
852253
615245
143198
66094
261272
10164
273503
601695
425040
5423
916270
740156
797117
149925
153496
255014
334741
114028
626149
336941
812622
853485
734890
18292
959745
822035
172219
216833
245290
72431
542973
231971
905740
344812
768153
613888
89905
121066
916492
844986
708239
404985
666075
966142
464262
418867
609764
389865
355526
844854
615248
805462
757262
978044
884645
194440
107599
905113
213112
447857
331759
599697
951615
921949
830825
973076
195717
682110
157201
257623
949302
136404
294453
459280
643802
995769
920416
738830
632799
409222
800824
264178
802190
50470
123207
129678
273824
500405
936022
528344
265898
649940
102645
434122
565747
822924
531224
571226
538726
440539
724764
873105
746082
998944
783079
440075
897647
83744
863340
455050
310860
651891
228174
274550
672036
9102
131612
824053
933215
852205
829563
297763
995860
218909
99297
685422
748507
480355
328893
600657
40384
626125
746165
992107
74901
384403
187335
417019
149535
116584
169617
954747
333680
827107
391723
554454
350229
262277
205682
576646
842853
161766
884384
95246
557434
904641
815895
258897
612796
764376
967741
962894
872280
680453
857536
682681
752528
433183
149370
69046
181997
391173
327472
141044
938575
836490
550389
450020
141605
807613
730860
242901
794679
890963
936426
787630
358048
735412
926842
802375
516890
767391
308858
975780
817138
368122
891874
56270
274330
97978
929509
984848
159709
378539
992304
579275
70893
924572
247247
918647
243288
962155
922223
887926
676057
275048
914494
165014
758347
118505
154926
327268
357880
482922
498713
527207
996368
493918
920511
151744
997557
758678
42282
998044
882227
920333
504818
122899
566029
63246
40349
364448
53170
391426
926430
345789
341135
989978
325502
497243
25470
957013
293144
500283
692188
138350
796158
89708
31416
100902
367354
216417
70822
955881
346479
946030
520436
410527
401053
760863
709300
344658
606659
845749
554168
784631
481822
948606
779164
391003
835728
574288
26493
41003
671068
158305
490376
210784
356046
76102
380717
734597
683000
871175
629553
860902
716566
12571
767843
24279
335955
395525
202918
960862
993636
788874
908525
303358
362131
174157
59974
613409
918806
561033
920205
258657
905693
624747
849857
96819
835179
892490
848819
220784
575260
639876
639514
315329
135429
945014
344772
768487
64248
809303
961767
159205
531366
139377
644246
29258
378335
495998
674511
342622
345014
303259
425521
728937
711296
52843
825546
628955
209595
914059
500047
542107
636042
944621
489957
443567
884830
855251
80923
161284
834865
209066
479803
497051
506796
274305
371702
734288
745897
504932
750652
995528
573778
284505
120941
237879
699432
668534
218409
49676
28640
125533
195267
162873
269928
14358
849301
998434
157191
960711
285421
765921
391714
795730
410789
810612
531226
129867
321297
166276
297555
814741
951505
440338
503824
812120
869701
498304
983226
589344
383840
963002
462144
749845
435094
969023
404631
997715
655983
279760
346850
360038
244285
869939
773550
976995
686954
646628
55444
959333
796843
107993
257730
173859
994257
193073
159251
141611
177854
393016
255449
444733
194164
645593
686269
476038
407945
172641
19518
767160
855479
236972
599125
199746
423632
855214
785593
154353
982798
924512
159870
240931
417288
82372
346137
41187
204353
701655
635134
830182
808859
812499
925610
572449
341097
433438
29757
675397
344546
831634
874239
345624
403312
111978
653315
522737
767592
844101
302952
989712
618709
930522
943292
863128
790509
635001
246780
655273
108453
459450
207991
192094
749344
188676
90577
114464
792323
435387
589666
249509
593636
883015
669886
442697
883424
266046
459856
827911
381835
650925
631327
507924
326082
156872
284723
361816
589917
877227
667792
116681
357057
369932
993185
852390
915026
525056
851632
656206
784261
158758
443986
917499
356947
78772
410272
227742
457929
677788
993311
958807
180988
715226
863041
933648
419547
891101
73029
467576
448669
671951
184889
578199
842521
359043
250848
886099
240500
541178
883310
667262
772724
821522
980911
749657
923379
278732
97608
114474
948592
10680
970326
637941
372608
569279
675891
978586
961506
715789
907799
188491
191279
400153
995802
866471
375664
271378
434967
153912
58250
993320
126637
67142
468820
249523
275935
460374
300809
900740
177371
847874
667929
286279
83544
748406
68570
771025
578264
895748
202972
791244
718925
203045
111769
17276
719960
662413
8715
465005
727468
190633
214360
11387
956177
141560
865449
558398
3845
627331
896152
146064
866621
86203
996487
839548
853065
973741
602190
207748
760597
853284
951308
917711
308363
853979
843935
173997
461974
178461
335086
206473
897218
675643
669667
612074
635007
2025
832694
969573
529349
571894
272933
258211
166097
285351
578944
650955
346701
537903
972768
61387
844045
722508
24951
929608
490485
837760
925315
528736
436729
427307
566301
797144
62269
652354
190446
646439
727131
912302
703808
927326
950850
616707
277234
680882
755771
529243
364486
124200
517767
721743
577621
562843
555621
571025
308002
483757
474736
44073
953291
255368
890980
856650
389531
499728
293377
682512
40893
636327
667016
125465
913740
702748
355554
167997
208453
380145
155936
760683
266014
658951
509789
675809
522480
858856
529472
184519
924495
565169
395934
156329
336762
128218
553852
288016
412974
679779
800626
782203
863253
881693
999147
685951
693659
429587
995016
560632
71009
163859
157284
892843
630923
185564
996978
427898
219381
765989
969219
162818
306882
354120
119588
820437
672660
900362
416549
509007
64792
649287
183348
390807
912568
456766
94823
676788
203572
208759
188376
662473
158283
1805
614634
321198
265299
11164
557034
121517
562920
22727
854674
626390
57153
908902
613095
607295
848862
193803
975553
202332
727069
437807
943019
376375
642604
91582
120736
915468
819033
834044
178742
404995
331974
441170
411543
316106
884152
111353
432553
547215
426702
559490
107728
980759
800270
726207
755465
27198
92059
682962
935863
208139
454147
618512
477691
401007
482869
746129
517500
160410
306896
913494
168198
491450
117334
539095
886670
881234
115071
216937
553683
290355
672746
168649
237217
840409
412014
470024
98480
821604
291087
855442
730537
410544
82572
545436
404808
93716
613973
331498
82780
151604
187867
997562
305964
514947
363007
276112
881972
878169
280748
411679
302221
851629
997440
708817
8362
396143
690085
643571
517310
888581
912383
935296
565691
571935
801534
711049
849206
99641
803282
411069
244263
841709
471742
972123
469644
254066
527430
133809
769004
649589
931138
976015
438841
187794
421269
290894
9423
490991
850551
593270
845273
903861
929261
579792
281810
758764
402331
547721
477737
67570
337008
81408
871806
232408
63103
170797
803402
894746
686446
571629
547995
588472
23687
676398
549756
355957
902508
834867
791987
754027
500263
743172
12515
91913
506847
542454
805906
231467
988327
218706
146245
866644
12593
480357
664968
81099
88736
686756
630986
495119
847355
118841
506788
911543
369533
464110
460282
29035
209161
739189
457530
762873
983674
677777
619778
725333
798937
724069
772830
860464
945704
467479
129647
806771
96731
245921
792295
761880
281062
207604
805552
729445
533233
980104
887148
509574
276841
423493
167831
82055
431216
953607
686793
878571
140212
586130
336216
225195
755229
673618
770139
104398
792928
423884
127881
120929
990833
347623
942463
153492
930453
376785
590944
522161
444757
707152
110934
649081
394702
874917
290871
147741
234790
517406
313540
527382
952409
972537
444875
506081
171313
928112
948332
514459
454548
952294
207800
902132
345783
639724
659893
106707
860849
965488
757758
379271
621226
867714
628103
489252
819570
465540
37311
628482
240238
599214
890190
253070
120941
728572
212222
987467
814424
351412
58422
153769
152072
21975
102688
334976
818738
917732
157612
742441
392509
87427
629102
93497
195444
780565
612003
646491
402263
29269
237905
808393
76748
551275
85260
183399
563123
471693
209108
268028
661143
311954
273116
190029
399040
455957
931366
316440
279205
245826
832841
714858
295358
322240
792084
695837
869816
731451
472717
476082
219394
565325
735570
741895
757125
752712
334305
201717
707504
728802
684723
982664
308977
375806
213315
403228
645887
931027
340332
403984
722580
591355
292528
534122
991096
685530
308053
329927
247929
353257
119593
401469
827127
724382
35943
405903
983771
728890
708210
114508
359080
878
761150
806084
401770
707819
78350
252136
414538
676357
385623
251005
567555
959171
114308
723325
418863
834565
39507
725642
854651
872594
558172
58767
744762
576830
183026
112181
454740
994356
904162
458623
811551
509029
131865
704515
327110
700685
465186
437638
82789
455967
517580
271474
242743
636813
568361
67766
345895
277238
90227
209978
913602
36971
301706
874430
40782
437663
412441
536142
584628
942955
682902
853540
497496
370684
326119
301274
894857
632218
873122
57546
223828
380629
788973
210180
575411
586702
74693
116651
825379
463839
747610
768108
845843
522856
437206
490844
795896
326327
644222
685678
578366
755859
330545
993293
401944
71653
150222
941404
287672
99588
832051
676488
660955
291036
969824
138374
469435
400121
686713
940654
484840
45622
538218
739827
74993
311740
218661
657790
119484
32249
40647
421031
50677
807712
984920
634384
13859
721174
890929
484637
443606
128960
814328
503635
397565
650278
179911
191500
934420
332804
728491
43797
125242
107373
883656
886308
520864
292380
765722
488185
43038
913433
116182
816591
63840
378117
666351
805119
622781
668226
244788
633906
259752
767745
123030
67265
327743
942185
715400
346795
404033
516769
974655
982130
503453
991930
255193
190354
399525
183868
93338
48863
516065
202636
847057
237242
998528
24758
944025
429167
989866
868125
329723
155694
260657
97532
694641
899045
436581
997208
974917
877558
921862
606596
533016
718490
39892
902480
510463
641426
711875
135824
541192
28229
631819
497540
169434
158523
39195
876329
503034
137844
978541
708507
553386
505126
538741
696933
329068
715154
199347
20391
547044
298242
2024
798178
269851
684065
127780
31396
212576
557942
5950
780235
821513
993663
635358
372983
255191
766758
878068
841808
346999
692834
75915
971120
14693
957357
159480
910639
285035
221597
888620
317962
913608
633378
906345
151087
872491
59675
400274
597672
582238
443413
893146
927713
81152
405665
96030
726232
12779
655824
66383
870368
188788
401421
259336
220305
794832
594648
773182
117455
368211
285531
662037
922229
347092
79210
276175
218015
421869
149404
148255
378193
497695
961600
838172
682696
274
254462
247825
499034
816633
500108
166001
611276
156692
691209
884520
556208
265103
217977
404108
902649
417416
279838
107058
267933
325742
472815
919133
174053
798597
719224
565202
631252
578629
961869
637511
203058
454370
224428
206714
328948
592487
242350
835677
157129
721404
677354
853422
533059
702470
245159
733605
614816
185453
342779
49991
832309
306297
670276
532248
573174
402773
748098
757165
448484
899638
427344
171615
761941
193533
708700
610135
65816
610507
979351
88971
840335
954692
287328
507581
601817
468083
625998
827065
650727
680070
142168
408369
334552
797758
743555
219014
256388
595024
579829
178933
107797
702172
427369
56289
782927
227911
757564
319928
882544
443831
665572
735557
257329
382378
512384
865042
681453
312819
664841
248120
788889
494611
455656
145669
111665
313520
312098
630152
484852
291124
175278
568955
915077
27141
212520
608461
446195
296988
244253
869324
409234
151748
592582
152748
248648
897202
550354
315702
36260
475195
448284
505040
677160
246070
274364
420517
414631
40942
391673
554289
83017
51460
368540
72362
282284
805344
271200
41934
317093
581841
123141
235590
307428
949257
422659
767988
295413
31982
405468
363230
82211
444766
894795
441270
91383
570818
763864
793797
390750
430733
822157
142324
674792
10002
763843
974519
75949
372416
346133
417366
757578
536827
912758
987993
885577
839575
662111
908432
333151
978995
856480
261756
583118
600496
177176
90078
566571
244301
549184
994457
304378
277793
935521
753094
459125
657971
216998
6805
482156
235193
354508
397146
577350
929964
269749
726460
741477
406020
312412
797941
862376
194965
593892
497734
566857
547654
379529
392251
204903
476713
73207
343446
575903
281724
102009
221787
149587
439932
942090
873143
697100
11168
994184
581326
728508
702009
501766
896992
149596
638564
99712
117591
185332
67432
247913
989359
709369
26419
651681
974722
561680
29100
732227
203311
822065
29300
594778
857126
682087
700415
608755
266899
54451
836360
365453
135141
654736
353334
55469
954618
157138
765833
57230
420585
503784
867968
376054
196331
124480
708875
570212
706150
474953
531944
53734
31768
672148
140701
260103
33053
883476
141136
459300
250780
913092
245062
572191
188308
4135
51382
427117
452159
523115
605450
555211
627040
44839
439729
825102
430830
170564
371491
611415
764381
97015
591475
971493
748357
552812
615690
440644
247537
359230
661445
998179
676167
367203
845037
854915
525903
61989
298639
48268
927457
398859
305336
363642
856815
178646
851727
987316
562476
695719
570447
700029
513561
614846
712927
142851
770474
346909
180047
384149
488473
374731
323825
635890
998150
265780
719314
703228
665481
96237
870228
273932
363606
269782
250537
449951
956684
531417
271086
496429
55322
685326
176097
935322
474894
688769
397057
494150
9660
890123
799233
225343
968583
955612
990056
454294
548239
668955
688840
402063
996855
873828
246616
51505
702353
89520
713841
907582
751081
541267
802017
719741
784363
929886
926639
909299
910833
449252
151725
128496
341037
923354
355827
485957
716464
14424
827709
893651
137364
450236
432547
786238
955276
24365
865009
437441
643078
838845
770018
750363
503546
493032
993726
402600
151378
546169
259149
169546
699126
793676
644023
108806
582067
431982
814329
762411
954887
663648
291078
593772
894539
917307
206648
650831
289981
221805
316785
631166
945898
662497
921171
92475
101748
577661
798679
847345
78405
584069
290638
306917
754897
241245
185714
537803
558913
793707
647848
735413
916993
38683
37845
156903
657831
578748
166618
533381
300734
664392
945389
471213
373167
430784
534741
325025
485899
914230
428738
891805
784184
486756
945670
57032
644469
538810
940980
62341
551307
378677
268500
79784
998802
790827
385599
999302
150045
929315
190301
217317
653379
274528
775801
932242
364043
460863
378174
710930
284403
563830
269201
487664
372829
989372
332106
288245
394391
824840
532880
543862
374085
572657
621583
49031
637037
704692
89625
222669
386591
832084
754646
861938
647039
745948
426217
953457
732976
499264
64354
910993
692895
989730
501401
300398
754537
583600
714349
774514
943146
158762
757657
349411
804515
121665
914288
509207
268551
854811
242293
476162
639138
435507
378969
49840
223847
408926
867665
947790
552212
576680
142739
960994
109572
58461
201454
301531
411217
773603
702020
887426
239011
510340
665061
128912
228058
317898
410056
163866
367892
435715
977384
903656
245915
818148
670905
9955
234094
910090
551365
60716
123626
509532
388712
630921
850389
938123
82148
55418
912392
930555
650594
203946
529654
565372
360966
311105
564508
801457
357485
646550
599175
163921
779654
114306
494141
972108
291722
561808
992969
514053
547545
593488
650919
208382
934834
849674
784071
603026
325455
96464
308737
971227
630299
386157
232470
89523
208721
118457
863519
941720
50290
935182
562453
771625
82978
107541
767356
63181
106080
300793
674476
448563
404833
692350
968445
731251
116679
864746
563342
653779
411011
197089
824946
151527
770500
525775
160185
75792
556570
653565
860374
834532
505452
84935
138034
203118
55506
835813
379340
160524
865616
151845
447883
838775
602864
234873
454050
176480
480699
49132
128798
841845
166035
333680
364815
69634
41520
309716
130960
966453
27317
184401
972213
107962
723374
184899
490705
255749
26217
721781
91169
628589
331694
597
902297
652341
692764
367815
514888
255079
637473
443221
907114
811418
262165
353987
348362
914898
379252
101376
31890
625926
301366
853881
418033
598588
82573
214984
992039
505361
294714
747850
733104
923157
128205
725647
762826
102802
579895
438314
806309
604526
760653
460263
281895
94822
901019
342492
812121
377274
443427
842968
750641
388136
945649
170041
746428
967184
349084
224730
515176
159926
418907
500137
254891
762214
968129
791958
411220
743666
429078
962151
925612
494615
931284
261416
693448
841598
12091
458304
488622
737118
555153
389919
76834
854782
735930
404180
872652
668568
304047
216123
549575
230361
885918
882899
684680
472006
610142
376174
181737
569848
195726
854529
936977
693000
644169
294363
658370
219333
123015
667251
436479
262690
751763
633626
987928
833517
508644
736911
268691
279098
18715
962801
171897
596830
424408
689295
999994
355095
639929
922268
428798
548169
942961
959550
822217
559267
512448
697733
705481
195360
676756
913785
780479
140842
668092
605324
290376
477977
571525
926638
368327
858200
616819
533247
869553
294120
85662
842592
521781
233598
628710
680034
951622
867784
39380
678688
697286
43982
395854
25705
911440
859379
86583
88981
67682
813530
920609
851961
325158
502309
545647
13365
321435
922264
880588
684970
704037
954140
867970
591817
220525
334560
469304
353799
543478
586970
339019
930668
634494
334507
14599
583691
287308
643297
205250
601868
955549
298454
801621
793189
865061
695669
831672
741159
995972
165149
180601
642548
359622
722205
306009
763407
930967
128479
605763
635852
28738
450786
176553
726694
570596
307680
52349
84207
215729
631054
597385
99682
424866
850114
541740
801300
658106
962158
56562
466889
67572
725642
347406
419619
433739
363152
505399
32694
27941
830113
505948
784695
489949
588741
762948
495314
369643
211024
777542
783002
837171
249312
644322
340507
448615
350274
398779
327691
162713
758836
530034
205855
167520
587077
317920
819067
292582
4761
109551
702337
141645
787017
994966
669771
204732
481447
108911
218867
102538
183518
153782
549839
872325
80824
1184
763898
381854
777210
249493
752269
412661
346602
648780
261805
503869
720113
207234
428094
972172
842075
809815
115062
72386
791994
413317
410060
550675
258218
570813
90638
768754
455856
854112
386834
73435
411516
337367
115780
840253
404366
975055
213983
622851
635381
572052
961143
377406
226865
736969
644338
775473
191610
657090
893463
457336
21658
406974
381054
38293
681909
669700
598055
816536
357545
411544
266983
399211
612816
945626
869437
103415
339426
480188
229699
244983
809464
99742
971520
465111
777259
539976
827674
882248
891995
563907
944937
153123
997004
738388
815590
697527
562794
885590
126594
236081
585261
724403
132819
367719
126871
765375
700777
686721
47514
473329
777855
542020
932696
305470
659213
253180
948610
756180
966715
589574
538145
993520
810031
174199
268211
278492
289415
272172
892397
724872
22435
287664
245344
665220
117145
845443
254326
529304
628876
437965
280219
716929
654103
899999
948280
52040
161698
368353
53658
119231
921943
663198
578225
872155
677807
445161
376181
823401
415078
120682
791907
442863
561357
319112
92133
560800
793086
236341
708496
487738
792553
188049
537799
751360
775373
207676
625725
614735
368195
26107
224663
301600
216244
286853
342255
753689
777323
272363
865333
706576
289733
23011
213232
261469
958149
799984
638562
259482
391492
688815
292234
289017
506693
926463
355459
990851
854055
555278
967818
834153
746227
860797
436893
136008
434774
606063
802686
560318
468840
367859
762455
235683
85866
144779
36407
987303
798607
896025
462586
716742
367793
833509
406599
790442
791076
210701
704563
260317
373416
902986
368516
180648
494392
421722
984400
807885
590463
837200
782979
222814
711146
174388
753982
924921
141208
907480
337885
928673
446639
227640
255057
873657
452552
891852
263980
639711
178954
904238
185212
802338
514900
68515
910734
413730
959380
436680
698964
244291
680629
69147
545313
347725
228597
422562
927440
35683
446292
48699
538821
343838
972072
299458
194251
282630
182286
831768
802205
270572
645307
246550
784704
626919
419376
266190
415053
381993
575436
355898
752141
22909
143803
532100
597372
235103
472524
178417
982384
847288
762017
522987
822355
769908
890047
401321
61836
25986
234117
475901
368509
152615
684026
702650
9125
429503
851199
965119
562917
25554
937251
696165
167775
59279
56725
591681
41786
21288
347764
417494
136322
399561
134851
207194
365485
555958
617336
860259
620088
767360
887859
75246
653552
873507
21132
210060
580813
204607
679877
618986
221689
264305
878943
534523
303150
650574
198856
275588
595580
41403
864369
893059
598250
318316
911230
799293
807220
603831
125783
763875
697843
161364
677468
900704
748123
671604
25973
623554
378142
107578
313607
976578
425965
703130
817282
285810
204126
493837
373399
878402
152297
415022
776455
563566
475532
661748
378519
652488
80399
698701
763616
805789
119458
363347
751682
234631
613410
637485
242104
590031
71994
397509
434055
551356
109798
797793
453841
407740
928915
897248
144902
778798
79522
884243
309754
477770
993676
366070
192593
737390
996128
498250
921046
445893
924263
995536
456747
380310
92200
365860
616155
751975
553607
595571
133963
318923
364360
811994
257744
997391
582321
514908
702554
687741
862862
260480
909005
441099
51342
712069
13744
23140
159179
209731
765630
931024
200103
533408
948442
718594
817297
439915
297312
570366
862887
888024
421399
475429
511926
940760
438146
93214
900380
856405
205461
141795
681551
189063
8645
335909
539190
809142
510968
502941
86965
827532
821916
244913
854534
795606
738772
520830
693570
137111
683852
770504
522560
548425
126829
423867
770708
806769
115564
286685
676281
189085
384445
558227
879561
973501
888742
255693
608424
231068
378350
253006
306625
607673
653556
336795
967400
370438
624795
37888
277215
614588
40291
341881
954548
251673
144147
952132
572488
221112
917522
6785
56810
829579
429590
789954
41313
848374
874356
613301
605064
120203
399701
939691
8532
102814
873353
377412
146482
982405
133877
796409
277707
348718
394280
30150
655017
341853
41804
959090
118259
506304
322104
695868
163732
180848
167010
471204
322618
213766
849074
677587
19323
345304
976241
392744
743314
434191
288480
326367
915462
958822
351078
524000
793451
890753
873313
513954
484354
959208
622365
503226
37627
541598
7586
527556
847324
903778
652199
248556
255417
703873
13861
84058
518947
807638
637127
855672
158942
156768
275517
265249
457801
603774
164848
26919
833634
523785
1040
41153
846626
251726
688649
850255
737156
527142
335507
663180
470500
89012
470824
802703
193282
929723
927377
773950
612133
669914
143834
524239
264988
263205
388772
852796
687264
574048
509337
951427
57429
719450
786234
749911
271407
765988
438164
777894
532338
52205
356177
435784
857809
628731
841642
337345
910584
23368
307962
390963
296293
184439
864814
343843
835057
330097
263833
964069
478125
776864
992292
661159
217639
365128
804066
383768
564940
537085
933314
43123
174183
398597
78430
654444
85704
170442
172144
727989
227968
209020
698851
590061
401800
640321
5639
742182
205569
901146
492767
288145
189334
720531
486869
932745
854397
987110
717198
306040
781917
874158
232599
975786
355658
180867
65598
287084
12523
238006
252798
236000
340541
241066
247890
803936
372528
811789
945898
359181
245423
881778
572539
273331
995517
386893
109041
832858
693307
613450
494848
359148
733894
263242
113944
751038
678141
221690
361143
747261
911392
418322
805912
431606
139667
999847
481289
437889
225026
362030
398874
941131
787423
654350
694257
514559
446536
589408
773371
315409
875395
116422
849661
957863
932779
63845
459016
337187
434212
698624
904011
624849
810121
133490
483779
969578
270184
274440
191885
104131
75299
558841
808795
650325
681527
851970
89285
422889
284825
238562
389111
160
277052
358191
790793
674652
456495
708372
262380
24271
366820
526056
528383
987998
803212
93099
443457
802801
181213
284959
576162
604634
164341
200513
505458
473503
826200
271139
830651
918950
40342
321831
929002
867708
661768
554458
296679
862721
282424
244330
687175
791540
826528
73925
34903
579927
332491
331984
468953
634046
879704
875521
943627
567866
65758
402586
96418
176604
272553
344899
511446
310376
883297
562050
974871
808856
536331
186585
169437
934665
641129
961148
360093
641223
937853
187053
977111
685104
596460
444470
186380
838343
710269
995778
249805
383127
424832
758361
67503
227521
855627
434679
542043
807653
254496
306695
5122
384681
740714
33601
74349
162473
641638
228957
647474
222139
516511
279602
388546
308509
222610
207856
761120
623550
772336
304054
332396
207013
167105
614993
751709
330562
447525
68178
775246
609487
237109
840843
518767
826531
258761
203622
211932
969619
47827
3745
719754
517701
61161
991785
192350
89682
937632
82258
818776
596119
978067
477297
167276
169369
49091
370519
342897
961618
574169
995946
684850
659292
189702
636705
639715
181305
246219
383259
560622
38845
424469
28125
113386
372825
77824
339943
682349
948100
984252
714161
717304
179527
198541
355207
16977
912998
965932
370110
892334
998694
850123
808466
453901
618368
218806
157662
975840
278432
377685
439286
464614
101338
172750
633060
982997
889002
897031
879806
555827
463334
568649
989280
559301
888834
919872
627660
278878
652991
568478
790554
899096
738674
678944
692061
100001
248557
232873
598868
736301
874828
312778
499914
694217
188766
98979
915083
883728
821805
274594
944899
115894
699116
603562
801716
588161
876156
732880
356307
742232
20762
866239
673024
687092
623913
189819
843425
961267
175128
548354
698714
972811
523440
964879
93994
720539
697533
938168
285541
825565
330198
615927
734602
992824
435146
416581
437824
906163
430376
685538
104882
446787
591211
910834
362308
990405
936832
119617
121072
801095
608182
880935
970498
948352
136129
987207
417004
207968
621547
279985
977094
825154
662872
951271
738982
485951
39028
688701
996505
412892
329531
403545
420027
499299
96484
530714
708792
423375
491755
284054
126495
691808
313466
19707
874144
342415
433651
930647
204002
524764
309788
933234
602115
147843
745448
854617
333421
71692
778654
586998
489617
163714
853096
720858
790019
491643
871930
244509
546098
28182
909213
125085
718466
33476
25367
402850
702472
969212
311993
331490
598561
602258
810629
823520
406704
596258
704697
891502
677298
270502
127548
833236
495167
399528
973988
529289
633887
425873
374178
127518
545926
158111
985611
683898
891630
933365
789187
212736
629519
332428
259336
692941
210430
197703
839065
780381
158367
554533
228225
363341
396936
974288
641475
228219
39668
94674
530595
556297
637601
142759
29519
307777
283143
150893
383721
748242
22837
622456
647474
536057
538825
274690
787476
76411
652811
571135
716235
792206
278374
13647
959282
998872
539909
452877
213542
948559
484230
78020
578521
525375
120670
806338
219829
546090
194441
108804
196522
523465
128939
781648
608470
977969
177288
332770
201296
651985
784733
114942
931857
666968
673177
287012
694336
171059
829947
820962
515033
815540
574409
123139
336825
564750
396970
891941
467976
896572
263585
566952
184707
699906
361510
355971
220261
341260
376419
769264
964465
80690
916680
782984
293407
775197
646987
387049
34016
832195
578751
798547
298384
918158
42832
356946
699512
96795
486105
713878
793468
385757
83874
399134
403879
821986
996665
860243
263505
792238
180907
342705
984939
633923
655903
505120
51047
518914
29776
444833
326
588907
512869
317411
722367
175553
990063
794038
341513
41161
851710
71063
300294
386672
130848
317545
21772
471884
308984
107333
49872
575291
626358
688744
882225
562920
394872
499403
223774
529964
33597
274384
911014
528080
773826
2840
251995
704561
171067
967473
488033
818748
588399
203373
385944
913369
895856
322638
459747
140453
907830
427869
453525
148759
744472
439769
239864
623620
726822
955213
901305
594301
742565
659899
383731
84566
767912
403252
580630
93954
59911
619849
212980
767514
635647
513115
797096
610428
877030
812239
404195
559888
761544
377950
417492
934886
897251
471945
323315
433339
635260
646761
649067
142171
782109
558692
48290
692512
189227
193212
348838
712728
918183
843649
851701
457221
760449
211687
175657
793725
234900
379186
945982
625522
331203
323854
709441
72844
240558
472443
783064
950130
126928
433893
405288
627752
654584
157905
806950
27538
892385
124340
696126
598039
92592
929054
589977
285217
763147
953363
967823
22656
887185
915386
171561
844782
39417
678255
766801
105965
33034
503283
306776
267597
475188
176899
644708
892938
803210
846918
417269
999826
36573
335135
511314
122467
767222
693731
36500
905747
353903
41444
921614
305385
268206
84268
882135
375273
587071
366278
725879
737454
107085
369013
289386
179567
619453
87688
354515
551395
276968
43525
590272
305345
432114
506818
934038
208225
43083
389268
455257
652862
768706
268702
332954
351901
560193
256267
731774
491910
703209
426710
925862
683825
119819
177222
935872
831293
527871
880504
760554
127833
189221
870420
378494
793413
740150
927138
136638
124467
890566
671349
79517
182407
121432
552197
429288
878334
589213
459867
591695
773994
808267
39269
276692
818843
482391
539369
316559
689562
814158
6166
545627
864719
162837
685430
595681
843330
907515
753024
324479
93182
978232
113867
602068
74898
364613
300508
599850
573553
62167
442848
235393
623225
12345
490805
520052
611408
683781
415394
534987
828267
219582
522344
687260
382312
699853
109232
493662
557339
807575
246627
598411
347366
341815
786777
583537
657474
600733
255209
18198
986202
631938
552863
700870
567062
124935
149323
354235
788533
162153
311222
168423
754899
898147
243568
787552
744522
988577
259653
569000
479029
828828
791950
388504
514128
413206
443299
200489
368507
453172
286766
823967
204829
787251
244570
620883
409381
868872
827883
419419
808620
21593
440168
370008
683319
599633
847411
571547
574296
86180
483449
561396
644403
22303
754052
331673
417374
536810
672749
395248
341282
754974
344559
213241
909407
374461
536920
197595
2955
269266
254424
761289
43483
8998
786300
243537
831098
590428
842164
295937
509430
636842
360080
549174
642042
229428
733322
236930
754486
584262
244476
718329
850459
428078
844978
342873
117826
238388
998874
47123
581804
632184
349720
991546
287012
140134
98998
977991
97729
570327
523385
457095
289672
383623
202958
269217
522286
703279
564195
43592
192570
736383
352019
736121
239241
33210
82809
921393
467307
331565
168934
721199
649963
116557
62189
541217
939884
683948
403931
640238
447279
130904
661124
827679
53425
699536
316344
533995
617393
906532
741653
187229
789648
428904
564726
582116
29456
26580
276937
32119
576319
360763
568511
196834
266605
190182
207068
159922
102680
279693
863470
145721
475689
955121
372250
276223
265751
10457
684305
938437
341546
606567
141218
89399
933530
269205
261354
40685
512342
785361
992166
995678
490464
98163
567337
912290
181909
417303
633513
795361
214218
314204
55411
665309
715219
944056
76287
915290
568541
655477
513438
533094
901819
179979
617679
604168
958462
214939
607602
839817
718460
307270
744404
144601
725235
98984
973545
869152
656712
130292
526871
496739
696424
660909
830062
497550
254351
986751
87286
130724
967655
188152
207650
885248
341832
345062
446368
457606
893918
240013
179154
345580
57641
613509
14678
571934
778269
632814
344961
280723
616553
629138
6187
920426
177109
450069
938468
828032
480388
369755
34501
292305
171161
82486
33185
73607
176246
423818
28697
742180
407520
746112
63246
145417
566974
793123
381106
791905
434688
988698
574136
155693
653021
68802
856874
55788
104820
749800
140888
150374
653844
117216
690158
959957
199127
879812
477343
38257
194409
679117
22013
789655
749286
461575
573035
418709
828834
979636
543338
858260
378434
510272
743631
42594
228679
972507
624021
69595
974315
925496
348047
508916
56484
650530
109686
738660
497349
773110
617568
962288
985668
50561
799122
327825
504470
634870
473196
679811
849782
223820
112130
943725
596677
4658
575180
742248
794700
949232
677363
658029
42205
746524
79115
723168
167383
731381
440672
112563
551559
534111
667881
426936
117483
579963
750362
237767
347731
35554
301973
373768
740321
847807
676928
795358
221039
914118
959794
599217
46671
422677
767686
713494
522413
687653
403410
695580
700049
338796
266290
411445
423809
557715
633789
49343
937092
751887
366298
209390
56833
929694
753515
811800
290117
858848
573158
749149
96483
828752
820101
277617
158517
727965
103956
982664
853569
75881
780583
570268
151223
280541
199214
272734
723927
118375
144545
57335
575024
327569
261077
644665
494979
928191
607601
24871
827718
66437
574714
71453
688900
696547
53641
599582
121890
572638
242015
392184
446204
850235
966287
458710
956013
124059
591769
333986
986798
678382
812119
248724
121237
806485
910992
197532
434431
31576
752363
309864
557513
553408
220734
794258
400248
505299
553667
966186
30969
414442
624811
594523
371074
683312
136461
81788
474838
639737
947511
741045
680936
637052
767525
273164
552151
315887
915472
208651
865112
809342
656285
308304
181170
686887
551222
8113
542498
112821
49270
259273
603550
817878
966910
436196
305270
232155
142501
397058
521303
367500
899980
501132
426666
419238
371023
527441
568665
578931
907863
809530
530034
95875
613068
777682
865508
352396
960616
583468
366309
483612
88423
227632
484022
498614
643354
326022
608766
718161
148571
756830
369043
597609
925595
618905
812888
37439
903447
758871
995776
376180
955945
888798
43825
468094
272251
862627
43907
87556
41942
833337
166759
106524
971160
99347
880741
510174
20932
493047
338621
701733
556404
404290
299503
220066
689129
659218
685079
156764
562243
216723
929648
987592
161292
564330
205369
174272
40814
58679
727668
693668
999877
88011
960139
433354
694863
998630
919886
183906
826496
46379
360919
604203
671987
147618
465167
406476
992506
412970
770249
920912
405910
126201
929931
324097
781058
295505
828142
262815
188778
159554
454683
165118
505337
309206
270517
818553
849679
588828
915477
433238
392274
539156
884016
973560
463516
790388
457237
29691
970642
120469
354899
346416
570452
194109
606712
327093
32272
370505
928180
874799
407537
446071
780763
809254
217078
550862
872905
94334
75101
585322
323167
105550
454589
752680
122220
981087
28531
223594
188776
530371
341556
863303
365338
92367
983298
338962
540121
90230
804090
935621
815279
442115
555849
374923
506393
618674
646719
844903
875115
97836
950332
43652
61136
600222
313223
599129
831727
694517
832189
339384
318762
37688
968934
801140
886528
183937
283811
518189
790802
445337
216068
46778
476419
827375
276790
378289
315320
735861
788889
678933
978238
382744
994864
354013
63819
887129
576882
597277
493341
516685
942141
573715
671487
453293
799082
805969
214122
627739
823035
877890
128584
9010
502641
230362
25940
722248
416826
777758
828445
333763
545736
251725
304744
817557
488381
592746
170037
536597
302018
564903
883802
466107
198071
237999
98764
109560
790213
777744
214205
464624
870031
803460
851999
856853
743622
549915
382534
987553
766811
841798
840619
908847
334800
255234
725324
884663
466280
711006
891121
986276
586941
302443
810250
590356
861488
512384
886517
103659
216122
873831
830683
714324
766625
456296
391418
109334
986311
84015
365821
349902
56029
343068
587207
88207
171124
114279
916878
513235
632628
335150
219108
368540
173733
140509
684242
221355
553003
293433
571485
689564
282319
99721
318634
437404
419575
113249
503037
145289
533752
138956
797725
392932
333570
324693
840724
914549
769210
589234
821139
318588
736165
567822
27506
58447
54527
347826
291604
363477
284332
539919
269608
600605
894534
2858
592589
878364
192085
508516
632013
243393
853532
676389
343562
552247
119120
366373
226551
998070
700964
418135
285373
604294
510911
433458
577533
298578
373007
370333
401845
956261
875895
636534
61692
756995
445348
54782
13351
889574
198141
592741
480910
302228
70969
992110
292521
274137
842954
26751
114003
309735
122551
805448
816305
221702
596167
644621
388012
577145
591897
126929
507993
720879
756561
673953
178170
740387
433069
874746
28126
50833
898101
65624
780003
602772
984721
191580
790428
792481
702516
334680
144717
612506
844662
15675
254483
192208
923008
176276
406945
468504
726752
423812
53157
397576
247101
230469
371976
71631
615076
788816
830932
357166
548032
587376
583025
969623
248553
465633
881096
971296
128339
973092
336393
730212
749671
650082
659975
637878
145582
95482
415936
357763
492906
7209
140347
566851
356607
168085
639562
517212
829902
714102
490799
151315
244643
567458
411931
105455
624580
450355
450897
863596
830058
831894
274794
519769
388684
642739
282033
991183
55254
748084
769006
627790
518713
283765
310784
927029
768284
283014
999203
871837
33648
280351
518482
304340
947873
632161
443462
389617
337256
517957
596380
303192
870013
31459
495572
903052
409130
972385
478453
94828
457787
102710
44111
566796
308434
613914
772761
57457
83478
101452
166520
965928
972427
472895
319201
379267
327998
898402
479317
653745
466135
798987
346059
565625
251536
118911
437996
249299
744005
28192
333368
998947
66081
517172
669318
352787
500344
305613
666280
572684
255092
13403
836333
280080
389286
734986
665663
690039
557694
181081
892717
519619
21142
841209
805252
807330
763752
284061
875926
431617
115296
240420
322844
99336
954061
243937
272375
373045
194608
664707
425426
572952
82999
904614
763620
391976
612420
885813
671570
441601
346853
39353
522097
263099
474857
614275
138729
959464
595784
780850
215029
619561
782721
201442
482694
587501
928001
645425
423175
424264
223551
229295
431228
158636
29669
322785
97988
357318
579752
785330
7421
921911
85880
370935
475782
691245
108115
314589
976416
818206
272885
270322
136429
647713
541226
345996
787611
758121
393603
828250
485146
764062
295463
60741
23880
790041
679553
76482
386415
374140
630359
880183
911140
200237
2810
328967
269328
61869
681817
352444
238667
236888
976433
81680
73892
316539
610976
376536
934397
948429
304023
987278
506707
206668
277036
865849
641948
456437
355151
786555
829513
250336
444821
594551
212075
583029
625136
107037
37362
918159
372992
41235
770128
932843
538690
616897
553787
654796
128934
829561
434642
531247
21887
554178
639895
455526
316628
914048
771866
879764
925907
1089
787831
801732
105253
922214
280630
157862
157341
308396
529040
678310
782345
246934
942225
879722
435883
353273
917657
146921
147394
452451
497020
925475
196865
88489
631753
414656
426273
432908
286056
207433
355538
132039
541661
922557
369677
445304
991273
643985
228549
987112
563535
427656
493499
543417
64244
379946
325233
505899
423903
372900
168694
8714
735393
692924
204384
554936
359246
867758
649816
896787
813353
256168
376783
537154
202782
717279
967951
619681
996712
781900
457772
822471
498067
47559
703705
811696
795739
140862
227478
124556
52212
678546
186887
704419
313699
201678
985440
794211
855177
136068
526269
48519
79808
48710
871886
423590
461470
174014
759216
454294
662615
545899
971030
96123
927039
612216
86118
959471
302124
678202
704288
563087
948730
323655
781945
330464
204072
244973
447558
314589
959391
940438
721044
526814
863571
614134
380500
413158
452738
481070
296435
842697
666330
797505
736072
540856
975479
475055
978279
568235
444298
10675
66707
219690
894101
915286
204559
993335
45266
906479
848597
375131
944628
405688
403360
161292
338373
597389
509540
798455
974190
434115
834206
452080
452373
23522
299909
770100
987104
819265
514720
78935
744153
329021
742001
166030
961322
515157
127951
274267
532551
701221
709009
422417
218602
752829
340582
291459
96506
903518
143426
140493
855813
872016
161907
133630
606636
736994
893010
382817
446942
185344
471316
905190
802364
956202
606144
661746
229148
64855
644987
264320
924265
61029
608831
106290
615208
2747
156970
884152
462293
798269
785203
942747
66924
719659
396471
504871
799939
544535
870897
165491
141972
593600
537417
732238
557465
700304
958339
943304
587216
387055
677592
576922
112542
677378
676642
845363
631120
563972
858416
125856
66812
592447
181689
183062
105862
608486
731310
471583
68542
458322
587816
682080
941863
192727
495937
579907
546259
596675
944830
480005
727530
988210
17002
883485
196233
927121
865150
487880
800582
668397
103356
231725
196754
717239
948698
503730
545080
620375
399580
438043
533186
841769
607803
150361
686906
274392
987841
116727
841998
911958
722870
406236
129549
469941
259956
262974
297870
449957
886039
875172
15599
756490
641553
343957
888187
383289
676506
95906
924389
576528
822532
5901
749425
501743
798764
418837
924978
75543
929868
254431
124718
217245
459502
453571
813405
807306
408443
41840
784720
161618
545906
82236
566063
743151
950004
130507
278107
81690
839163
889371
217842
900646
874091
230571
267568
61625
796673
197318
559474
332263
582056
928176
462039
559596
70506
673579
504959
654022
914435
644134
701173
837037
643346
77251
961769
134960
618473
858692
766294
799534
282179
920273
681474
125229
814165
562472
307556
350106
836413
740897
444383
588638
6871
287965
58605
251737
408623
562379
568983
481853
839120
284822
121568
907210
332539
541871
605186
126177
997555
365362
918608
946567
997685
422455
856442
423097
338182
182264
356015
136231
952740
532890
923037
806222
374366
428634
846803
792821
675584
394133
452296
426819
326310
640563
779765
499003
982577
110449
664349
513430
949208
822091
566125
61820
543382
129474
822205
167582
877121
602703
165686
461938
96955
257636
699535
212172
109889
531035
46128
923734
119905
570750
313271
224300
1032
43570
553752
335830
503289
188288
927326
621859
441562
429633
776529
296734
683561
849254
637808
328624
948364
115425
193374
608274
41925
255924
235609
447980
371460
770708
531109
780751
540246
696889
161287
47180
904316
456709
776045
979375
813974
352334
176939
402779
729854
587274
537696
998403
575794
216726
680375
54146
207977
504355
636489
855320
817286
884733
963808
473218
402410
859769
102487
569269
787108
671163
182557
334774
934915
102498
850072
834073
66061
749136
96101
706324
447048
213465
666366
167423
375925
235463
426421
283562
135580
251208
228253
294043
736771
745141
575175
286242
631928
938047
181418
81179
226702
339128
190364
524800
376292
742523
143293
361832
623136
977146
922355
241952
600699
704866
592527
113956
257910
899181
744846
997499
453355
262339
598780
915500
668286
429006
959732
785440
814386
679193
923266
536086
915736
325987
65449
357884
930530
290630
382528
804785
794901
678847
756918
66773
159389
46681
238071
373961
433722
765755
796263
466952
46809
218506
41996
817377
314365
35708
417672
578256
236700
229691
525507
331576
189318
947441
418919
954304
223040
978422
162501
536519
361199
388308
819157
343493
545392
528691
869274
274559
6340
512998
149668
236774
685097
511376
332079
622477
669956
691316
941609
963462
513529
781081
733201
150040
443421
685782
859771
626782
977731
207359
407536
757823
719155
735724
453682
142533
553401
128930
494492
857692
855513
414241
701672
461418
857568
672138
782219
563589
621397
968618
736827
181333
581327
458727
440464
876424
879520
358597
223304
301995
15791
312918
142693
566188
402148
940092
952049
481065
306300
470364
202978
518324
389308
893793
714968
622182
180929
968618
967362
198556
559222
727826
361633
902483
567648
40025
940453
3356
345684
172851
182131
259899
990344
171949
54536
689954
320006
979000
28983
438917
636988
928852
179726
804698
779377
936794
757463
531311
569810
978150
303738
438887
812010
309087
556672
148114
571889
760228
754994
232744
754299
700500
105504
998114
42833
336570
877693
727030
207517
210068
374823
962349
958206
928574
465221
31266
578364
578944
695242
652185
494293
747184
63446
561401
479606
211077
243387
285415
641413
529466
694492
113793
14491
125019
399346
381428
417295
625712
701864
466491
343214
604099
182630
261045
74758
290638
554732
602721
370081
283334
553492
288120
484495
639230
376634
82470
538333
154106
211447
421671
724514
368209
79240
393851
122935
893117
643661
916357
872454
596035
941102
649350
509179
462585
718808
991088
483736
220089
226149
150698
703717
880801
529370
669023
107652
507907
701449
197059
541795
531184
975319
487972
465930
24988
863960
405672
154900
637358
563478
343529
241018
470503
805297
492074
737483
681516
548256
351284
649848
25969
76565
767121
642571
397380
291071
710436
290360
721844
183465
400483
913804
309020
738048
688947
135810
910671
283506
102110
962740
53025
411633
806067
368559
77136
950294
583867
715871
81294
123171
547219
219689
283564
901857
82923
80472
412580
428840
735834
695086
547395
999229
387547
836892
800625
105941
93032
760974
796767
238264
676273
905437
529547
668737
819449
330408
147315
81154
866830
110909
250260
124484
783139
178416
860509
850411
639627
90958
853813
741240
518484
794668
605222
687401
970878
412824
436900
910459
203223
709745
248510
168015
410868
507603
670752
154987
948173
380970
558850
217687
767862
354152
905265
101543
458038
592529
352376
707289
779270
756723
837995
255124
90344
33780
658895
365905
858400
706115
279017
264661
504851
479089
338338
279964
884091
443864
765907
877394
153093
730105
651187
494906
249928
541988
831258
478898
438625
164240
800369
116045
572463
253835
367545
753824
484968
721099
19508
903961
384598
190370
660595
243208
575602
484368
61437
134402
149979
256498
338905
419674
845555
535577
772793
625744
498711
249462
854275
730502
20152
339248
949308
930989
715739
579736
655315
947839
182057
41140
511240
176357
199027
12216
87031
215160
754311
953299
548037
199012
726247
914788
360806
518505
226668
755277
998792
735163
208503
777888
295327
470090
611279
422327
722318
441692
401628
85088
754863
408469
551423
731380
85631
527320
359564
174409
552041
898440
724837
567805
43181
662696
844020
820211
605933
567968
686212
699162
564436
536417
209149
643497
523107
774367
361530
533735
235802
727933
674377
969510
303295
660295
482238
879056
316941
931096
801140
634649
889340
583452
789537
915732
101481
799792
766677
777250
475107
22950
133839
957316
436114
395044
953852
238226
20291
775212
676301
606149
31123
435958
307443
261038
151224
683769
913594
932297
193383
911177
856383
610988
861669
947546
410640
239514
65710
110178
305182
737077
511483
83549
226401
478671
729012
538794
798985
247905
515954
131858
739868
934996
330223
168809
682993
661373
556237
380430
197511
314598
305792
607181
20930
999175
866712
620387
604740
805396
342126
878945
788068
925104
514347
762089
691086
58559
98800
286101
432183
438809
566181
739384
598906
507674
56993
232572
95060
358486
198067
29994
814201
704554
717707
18633
417809
447533
314952
405597
23442
660806
763423
93712
842363
94231
214693
845615
995626
493271
496313
2251
935834
5374
815248
219072
711869
435225
366238
643858
87410
803133
404446
808179
887075
17048
749246
43553
342974
412963
140778
671532
305358
659443
10036
814229
596469
325487
548765
659218
467144
143452
543427
361519
737223
351700
155942
226830
699127
810070
905688
878735
796830
354614
67841
681930
951899
435253
605900
112185
575327
587051
116338
332915
277772
70753
922849
932307
177640
954363
140552
208503
470654
99090
624770
49572
226769
917856
472348
608903
689790
568085
69253
817495
265709
923142
805585
299990
336371
693125
692202
99189
833288
688843
37011
197847
364256
646418
357914
704174
664104
913728
153306
737346
454430
818749
633322
673744
426445
505381
477990
728463
451044
711321
114135
143437
210994
546864
359938
457080
15873
539531
933834
896377
414092
78663
938562
709435
292893
467467
194195
803978
782728
333248
513543
17622
505981
886752
13616
982742
162766
98536
521975
704905
368894
149543
589316
741271
376898
318329
208839
455319
46935
158541
686498
231210
528703
320353
153203
85508
10457
150288
588993
215115
159452
940929
536770
603287
356656
179201
328006
621274
806313
602987
974148
405785
538464
836996
726015
647640
729520
343715
383893
424788
738506
32973
234980
80426
721334
597279
782873
49173
511655
415012
419094
995540
151736
368327
729471
430890
798729
180642
185954
416127
581233
276468
578241
187940
960414
626097
237629
484916
366032
665972
564448
253910
270126
182352
813574
943902
631748
913220
11433
244883
776218
45516
198536
979019
880946
127060
156340
188211
616541
193224
794487
713515
924922
913350
933089
522062
879628
703797
303664
898063
618615
442735
313499
864511
884375
262362
216699
197291
293117
826900
62999
212641
104711
15564
985866
219539
846747
521710
16467
192853
995520
761910
126393
927745
868633
204838
458201
333754
877182
941075
192077
56525
971064
284377
138747
31283
755161
751278
578039
625011
674550
455060
286614
276644
78531
621032
251664
149648
545225
266712
137617
940853
314438
926770
454876
977637
50017
532951
938332
162637
941064
825102
98313
642834
653800
330484
211827
709463
397576
703569
445551
359067
857283
296583
338011
279488
49440
941796
866383
671270
963343
523286
712161
714294
964610
658622
924181
516027
164838
809309
3360
717802
839229
657387
942871
808130
986138
453766
298233
743374
106424
303048
770261
703880
455542
586801
683929
328920
540723
80771
950329
91258
364546
156717
565560
342589
35978
703519
388566
981607
566973
165948
768918
473334
504115
432686
418283
712513
560482
686035
959871
730365
616188
499540
223647
465052
154725
923799
105414
422864
792336
183562
843972
571182
16117
799200
601098
55469
644593
126937
934421
992909
856633
370809
994101
889108
203132
983898
674489
548659
977557
837021
968313
200200
658858
216188
650816
745917
945188
712315
7315
472525
766731
78653
71202
225639
691325
361971
195402
391531
479818
586927
88965
48273
584175
62551
138287
606249
720622
356788
57397
601213
5318
237162
957980
819026
292244
934594
81196
633549
538758
141283
759479
269171
651511
371168
710345
963721
146028
673131
384685
812954
541994
84966
712090
633367
425778
513818
163961
751512
293083
254465
551252
756737
321610
222269
740956
654080
675216
170732
907735
385266
480863
364499
262372
365349
502634
189879
405292
815480
853721
532042
969063
343071
583462
216835
607496
987523
540119
991814
722311
699974
621272
456963
306888
565796
713204
807579
410797
848501
515312
295996
427381
86351
863620
182221
191567
383432
188215
133061
268031
550616
198678
52950
407596
328349
354512
966599
300611
859385
298801
516512
953996
462998
570169
663422
808391
886410
695064
38278
140674
258773
479625
961590
680890
161095
381704
573079
917611
754943
636401
573263
388599
265806
960247
810707
533295
870393
905533
98745
52160
535837
230484
601707
254460
599917
462162
309368
740100
916119
200459
980356
737808
665798
408879
90080
686619
453184
825664
981620
457581
370863
834798
324441
269126
264252
706192
857475
255076
284247
694081
380827
5810
147667
920533
106283
654413
624175
639863
937395
328499
838128
305760
420633
343178
334121
847606
150140
842827
192093
983423
136041
781897
48251
552192
635302
767202
1991
542582
410732
465217
194010
428016
182259
571468
895680
542599
453861
262961
63999
974972
346740
482568
405111
248108
370631
501989
275621
861170
547535
822078
398017
77337
654265
120115
685832
491708
61372
159550
195604
223677
477649
319288
752870
517342
158339
459012
939078
313023
511708
547933
886721
228532
910719
925368
104401
673986
501652
281301
181467
881463
103069
634152
270930
445923
82088
72926
974265
420982
81501
518798
545733
618359
314295
466877
435040
811167
408527
496718
400522
675280
223572
424132
224794
906293
771159
640437
293539
213367
30851
758414
607602
545112
744874
631997
50867
342896
170618
690431
926195
995394
691214
308678
589311
52923
10529
556678
468460
8774
785373
34716
320880
923598
516242
695131
400046
383697
939074
178613
884495
637597
120280
105475
508363
756587
353081
751601
280584
497237
232947
971081
895577
845748
740499
259610
265703
75802
589587
12484
388461
839465
546863
100451
279709
811342
992728
74070
602464
75038
984898
861419
932859
375563
47064
593897
860109
260162
786128
596793
23092
274213
158360
745137
933136
424416
633967
979070
997087
386090
298769
345198
617736
334746
741194
753624
612595
441955
284716
819624
161557
774126
151324
492043
455561
777106
984646
547827
51226
240563
928625
307015
546973
564724
989420
978795
761915
795802
389928
907751
31821
445630
316704
670326
265376
451054
451314
578670
130712
948450
191634
238407
276016
169942
310420
152201
571807
22153
71526
799190
558358
726800
600736
368145
515622
308311
705652
11882
827327
825525
29120
814280
367443
156779
586306
565265
435866
752122
157419
925785
437230
422750
93452
449700
303254
50154
637677
186457
676319
809793
574717
608134
774566
213998
456419
526410
997107
260833
537395
183523
163520
608263
322364
831957
805847
92932
162430
459123
208089
990928
155449
387597
360410
280747
117408
983926
121706
516094
999532
952304
746479
405648
791630
601398
189102
284641
546940
325222
559720
814055
486253
875018
712546
351519
1346
169852
507294
750613
584335
673346
620485
380959
795454
434497
779102
480337
996271
536657
951014
25109
332545
34610
691209
46685
143387
621009
964157
200304
548890
737193
707068
408422
457042
26502
631516
429359
289475
586533
247244
113357
75290
192440
884077
903458
614880
464581
935050
133987
92035
758830
614262
891436
340479
345099
702273
106222
110697
902451
879702
820675
452760
481498
626100
271906
654064
980372
83335
349102
82188
579128
963299
183849
145096
515552
736220
375174
409704
139276
212420
167707
87272
795686
923330
858293
971040
827488
234763
910150
844628
99513
414912
3705
900246
50719
310628
492966
362136
375343
968504
25569
800274
127576
354485
661677
376652
833757
761318
503118
58185
727353
512543
965052
315728
562652
714653
65587
915799
674516
743420
885416
343631
568263
955279
317142
573703
302748
998815
897397
302141
938362
725891
367884
890632
406824
512089
283294
91867
209684
86558
606400
586870
436655
447728
19658
969199
939765
421213
400492
785561
565066
504103
125272
601038
228160
743958
37597
419230
620278
379258
826452
126420
384538
378364
158259
392161
722702
430624
443646
867880
612776
776154
98718
789157
177108
534089
119498
147707
352021
581716
725217
98712
332200
552608
986842
829895
539913
246443
846931
903698
496335
398408
416645
975313
768818
879031
547865
491155
60141
584480
590676
549672
758846
23596
637869
494282
116811
921665
674047
616038
524062
848344
789017
646346
376081
690876
136243
185900
315141
772833
903036
120148
332876
541598
827982
872615
784807
728840
689603
102354
698153
671789
585441
991439
325306
505130
716784
490199
93175
789161
442541
400932
595063
777019
755543
852065
465513
982286
593766
991921
66969
929099
739419
640025
547089
616910
842291
54603
458204
378435
373493
955856
117030
907610
606187
327057
905279
145702
274413
776769
751742
210583
241624
741803
924290
567186
610654
894099
637204
248938
128503
362508
774184
875006
735414
311894
243586
718319
344566
268785
721974
770555
864371
95234
357832
517051
116149
838497
82673
137333
362598
792957
219907
72031
250309
234924
420388
747633
152883
756691
967286
992613
103979
395375
800791
607246
800719
741565
612548
920594
625373
391756
66008
477382
193152
45021
190450
228645
506115
418740
951797
278763
898208
72446
344810
42132
745271
814814
267008
99244
282586
690966
604083
964883
836741
828302
65609
173135
114219
169668
89977
218894
631659
16785
388647
200438
683105
873044
766666
33067
88153
665341
535919
920349
824095
389624
982486
174410
269938
445427
499194
752727
971863
441550
476911
448327
726089
485022
916323
269269
626190
194142
727558
422132
522276
7668
955398
349089
962394
242267
114483
393057
345852
84849
486850
648476
388007
268575
465645
948822
495546
746656
263543
843398
885997
46192
396942
415829
576635
578963
769929
90868
712891
693952
612048
3610
171917
277032
141274
726873
113519
586406
986641
202332
150191
862468
134419
222399
412091
531495
508242
945227
352468
297945
929115
340941
947297
852081
768692
237457
12128
511649
457629
49728
365623
179484
206841
872723
430697
243490
698567
100211
956196
144233
164872
810159
519351
160809
529541
570713
680352
726468
288681
505086
337155
680977
980233
599743
288823
974340
758981
298128
245627
627067
336134
357325
630278
925927
710375
38516
397564
415125
390000
424003
303612
117656
569277
115055
507670
245525
124605
236478
153178
496555
35222
541441
703820
461117
727334
437042
215923
69341
527461
744614
810128
493398
70694
345710
744876
951574
205884
325136
965707
135478
16505
949597
933884
786600
405202
854959
638546
911100
29214
816577
946989
893647
306365
271723
249969
391568
348757
964344
688473
681008
849208
561574
678244
75302
799010
300729
265965
230044
507870
750204
283672
103033
424839
22357
534888
551436
17132
933828
270254
766226
452301
751608
173661
248100
191682
164238
470328
261952
38011
528422
196460
222065
478754
776932
473146
498974
221597
385856
89228
329197
218159
216715
37545
307922
458878
663487
429700
226552
714671
493761
800047
950154
654189
142709
930605
754206
207625
742078
337316
329342
227259
209361
607217
11925
259015
28980
839638
609651
883707
627417
328143
283965
864213
704337
746946
905652
145473
4975
144596
516192
50815
376378
88600
28760
601379
598797
666978
225905
179190
633423
548026
713857
367226
140747
504108
563982
488011
779179
619068
769048
154785
572182
635895
830464
992306
774243
202213
573460
601972
377976
241307
708728
392448
460548
722733
1458
98578
914517
315008
633745
849261
28310
717885
343995
168860
321513
562273
929554
30483
788573
988145
314435
432179
424588
999819
4843
146732
704148
529880
607461
47485
188912
220766
363892
877719
905714
694706
291594
721567
713183
117578
713971
310290
832743
40817
546401
983172
151807
186899
193108
334465
952477
81464
290341
754964
823631
266510
874480
803878
806073
432030
116892
19453
226985
494881
440457
345510
689816
207212
527572
129198
247488
384454
424265
810826
131156
674074
923750
191894
624033
352072
605896
963834
71743
28885
874613
282281
197491
237571
379205
388547
890661
923132
991853
243035
981432
364392
384169
619090
20107
443998
692998
208930
838156
879350
889865
900727
58804
295229
73279
572791
558050
251202
321826
617571
792984
345805
626149
410709
692428
77807
690397
532585
914220
306165
902732
640376
4658
293686
950474
81984
169375
564300
165650
117855
568470
586591
712678
755006
851672
416540
626144
839307
171416
17221
288087
312158
870907
967203
230762
854269
163054
163222
614700
448443
419491
260685
40428
672571
768745
60880
693151
353298
152358
564794
511020
640906
231220
723077
934292
581635
240918
35006
898493
154869
562966
254359
287065
305424
952444
889307
781303
69124
351340
339580
228198
675868
479261
490312
986369
527173
84210
655802
769500
575405
180407
365357
197386
895495
400697
966315
165768
77163
704705
425316
608649
174361
47791
770490
518558
379742
526384
618553
974146
353487
963484
39012
744511
361778
884654
482154
806977
383677
495777
667704
58613
350134
152547
827752
679902
505
757112
640343
338612
966296
450094
752148
42488
642012
536377
539316
13145
801258
2346
228162
807228
292225
66320
356243
391340
815136
614251
87288
212510
975493
207689
839118
916319
934479
826688
998127
210012
444549
634183
954187
367822
589295
219633
374417
866688
581858
19846
830406
324222
24026
184191
123897
227164
680447
799838
499213
455520
758538
802600
402485
456717
66369
633216
625791
726861
790494
543586
667975
726457
934926
753720
198220
272584
638741
926108
485215
390163
495566
877355
601783
829185
815440
970882
548258
826964
602477
441944
166614
173006
273044
989560
538406
333569
517654
244761
471824
803826
623621
598235
773363
275369
43961
667040
574813
627288
911404
46597
894659
