543
1392
3523
7057
7076
8628
10166
11640
12022
14171
14754
15203
15315
16112
17446
17774
19231
20169
21652
22203
23849
28485
31525
33120
33980
34065
34849
35742
35753
35786
36102
38871
39481
40994
44481
44781
47141
47756
49651
50709
51319
52298
54288
54615
54682
56640
57420
57811
58430
61233
62258
62386
62643
63652
65470
65987
67314
67327
69061
70278
70371
71019
72089
76029
76198
77038
78218
78384
78756
79960
80395
84187
84569
84625
85455
86635
87810
88836
89155
89481
89736
90374
91027
92052
92324
92655
94174
94254
95022
96848
98186
98573
100100
100767
101110
104089
106314
107256
107407
108903
109171
109308
114201
114226
119278
121303
122007
122050
122343
122657
123049
123972
126616
126993
127218
127351
128435
129693
129888
130033
130663
131884
135448
135615
137620
138644
140717
140758
142213
143023
143849
143862
144352
144392
144541
144695
145029
145122
145637
146859
147998
149978
153674
153941
154251
154313
155995
158737
159329
161157
163839
164600
165803
165833
165855
166254
166530
167437
167711
168799
169987
170761
171789
173652
174140
174262
175139
175415
177444
180449
181822
182609
182665
183588
188659
189651
190199
190499
193355
195167
195303
195677
197654
197962
198289
201164
201364
201369
201772
203842
205367
205377
205965
206744
206982
207363
207549
210247
211299
212450
213197
214103
216305
217671
217908
218044
220360
220511
221494
222500
222842
225014
225300
225765
228379
229077
229766
230310
233157
233671
233874
233910
234413
234923
235274
235829
236324
237007
237135
239125
239819
241467
241476
244975
246775
250311
251449
254576
255257
255284
256150
257815
259171
259411
260112
260613
261263
261270
262243
267991
268201
269782
270083
270675
270731
272257
273591
273755
274272
275558
275675
276621
279365
280627
284512
284538
284776
285441
286292
287168
288361
289424
289773
290230
291089
295980
297189
297633
298065
298831
300118
300309
300646
301491
302001
302167
302837
303313
306771
307145
308808
309505
310966
311655
312952
313284
315409
315640
320471
320656
320878
321902
322527
322881
323124
323269
324198
325388
325854
325918
326323
329050
329882
330660
331992
332409
332739
333379
339982
340540
342338
342853
344223
345138
349683
349733
350887
351579
352107
352383
352756
353001
354026
355432
355948
357209
358059
358762
359038
359787
360721
362006
365240
367060
368779
369943
370949
371502
373485
374150
374668
374877
375364
377507
380007
380332
380421
381129
382545
386396
386424
387417
387765
389182
389460
393428
393844
394389
395628
398047
399864
401156
401297
401582
401701
402154
402993
403744
405464
409755
410113
410130
410629
413310
413359
414534
414772
415418
416293
416738
419616
421113
422005
422007
422057
422471
422716
423747
423885
424049
424571
426383
428735
429113
430250
433755
433881
434297
435938
437231
437717
437835
438548
440054
440174
440723
443244
446566
447267
447708
449013
449050
451963
452182
453074
453342
454213
454971
455692
459187
462405
462723
462759
464216
464290
464439
464851
467867
468505
468826
469954
470121
470266
472551
473064
475208
476053
476101
477972
479215
479242
480535
481977
484043
485128
485780
487193
487388
488892
489102
489341
491501
495726
495930
496333
497159
497875
497957
498434
498776
498861
499880
500117
500303
503006
504744
505441
505554
507538
508634
508960
509211
509421
510105
510259
510461
511480
512076
512469
512833
512847
512923
513583
515046
515612
516839
516946
518441
518532
519153
520313
520864
521665
522021
523588
523904
526741
529120
530064
532482
533750
534912
537231
538959
539159
540672
541569
541727
542539
543160
544074
544685
545117
545905
546977
547328
547403
547631
549882
550823
550892
551154
551391
552474
552882
555132
555925
556229
557031
557068
557532
558184
558682
559215
560961
561461
562173
562508
562837
565264
565441
565937
566563
566984
567027
568295
568782
571587
572595
573515
574597
574701
577898
578914
579761
581582
582192
582194
582440
582696
584664
584708
586698
586916
588720
589630
590715
591151
591438
592209
593222
596174
599842
602885
603719
603838
605417
606261
607269
607683
610901
613430
616147
617732
617767
618933
619024
619185
619582
620135
620337
621508
622671
623738
624342
624372
625587
627839
628750
629352
629910
631488
633066
633254
633780
633892
634354
634455
636405
636976
637918
638843
638977
639375
640191
640704
641273
642660
642803
644104
644334
644689
646257
647148
649628
651338
652107
652910
653658
654295
655670
656345
659097
659589
659915
660364
660760
661553
662357
664530
664540
664719
665066
667071
667712
668455
669132
670030
670176
672927
675185
676974
677248
677330
677488
677569
678062
678877
680383
680729
681410
681649
683023
683673
683871
684898
684967
685703
690008
692070
693302
699520
701467
702343
703609
704785
704910
704975
706942
708090
709048
710141
710375
711214
711598
713838
714469
715747
716048
717347
718372
718871
719049
720843
721646
722420
723287
724483
725747
726173
727616
727920
728237
728690
731210
731508
732606
734011
734682
734816
735551
736428
738527
738861
739566
741560
742056
743913
743959
744586
745857
746345
746459
750335
750890
752534
755856
756687
757955
761363
761463
762986
763568
763730
764077
764284
765084
765608
767372
767572
768171
769728
770301
770891
772031
772224
773938
774652
776239
776695
777856
777897
778622
778769
778796
780983
781083
781646
781690
781981
783562
784045
785284
785976
786706
789988
791754
791915
791988
792762
793610
794028
795333
795571
796582
796803
796893
797196
797552
797590
797642
797655
797715
798625
800136
800407
801164
803202
803975
804449
806487
808174
809346
810795
812600
815542
817338
817719
817984
818432
819870
820865
822291
823257
823815
823825
823970
824532
824699
825860
826779
828899
829354
829984
831410
832338
832941
832973
834241
836010
836140
836783
837145
838242
840093
841347
845981
846655
847376
847405
847768
848193
848874
849191
850731
852995
853307
853992
855050
855943
856891
857147
858089
859148
860910
861009
861307
861602
862308
863096
864805
865389
867526
868877
870973
871595
873320
873685
873730
873805
874285
875693
878971
879131
879398
879578
879601
881337
883198
885677
885753
888368
888386
892462
894093
894514
896427
898604
899647
900458
901117
901975
902296
903592
903777
904672
904818
906159
906980
908158
911165
911841
912377
913771
913905
914687
916904
917958
918426
920743
922293
923178
923389
924536
925141
925973
926204
926363
926391
926584
927125
927147
929255
930566
930662
933059
933212
934287
934526
935641
937369
937982
938759
940036
942561
942852
944206
945700
948222
948670
948982
951276
951662
952569
954656
954769
954843
954858
955000
955110
955740
956102
956689
959789
961971
963636
963858
964596
964668
965243
965394
966881
968517
969006
969302
970729
971635
971897
972621
974570
974948
975663
975690
975895
976085
976433
978349
978387
979131
980183
981010
982636
982915
983361
984376
985564
985784
988629
988734
990003
990548
992736
994214
994648
995361
997247
997598
997714
998942
999234
