1475
2635
3237
3699
4372
5909
6384
9429
11589
13208
13295
13356
14202
14682
15028
15836
16500
19381
21751
22088
22149
25178
29392
29998
30624
31665
31688
32008
34874
41780
44222
44385
45207
47788
47918
48049
48378
49270
50416
50764
50945
52659
53067
53075
53237
53672
54327
56335
57014
57136
57770
58361
59913
62835
63049
63662
64167
64897
66693
70671
73851
74950
75739
76366
76548
77916
79040
80944
81822
81943
82567
83361
83785
86601
86815
88177
89675
90226
91581
92031
92939
96014
96734
98997
99067
99511
100221
100384
101697
103081
103193
103397
105608
105781
106183
107322
107895
108648
109824
112482
113692
115146
116835
119949
120928
120937
121223
123539
123677
125266
126094
127669
127912
131216
131342
131762
133561
134241
134765
135530
136239
137210
137730
140929
142149
143448
143451
143535
144378
144483
144635
144876
145365
147990
148415
154862
156454
156477
156960
157124
157847
159470
161190
161637
164068
164415
164526
164913
166899
167940
168066
168437
170821
171202
171424
174154
175325
177676
178382
178636
180304
182397
182577
183213
185253
189656
189750
191117
191902
192382
192579
193137
193240
193242
194261
194344
194416
195053
195831
196296
196563
197386
198715
198873
199661
200605
202871
203905
207296
212173
213726
214146
214385
214525
214891
215323
216425
219780
219985
221860
222913
224317
224975
225394
227478
228216
228932
229750
231084
232264
232362
232608
234788
235547
236690
238154
239214
239969
240887
241209
241357
243020
243681
244087
244412
244880
245643
245932
246238
248622
248659
249193
250066
250427
250940
251392
251971
252857
253844
253954
254021
254340
255981
256294
256314
258467
259890
261272
261733
262357
262714
262752
262793
265661
266448
267968
268249
268250
268481
269365
270336
270485
270614
271746
271896
272035
272928
273851
275147
277866
278682
279912
283274
284353
284862
285038
285858
290132
290187
292342
292346
292778
294822
295938
296976
297711
297998
298530
298733
298875
299448
301416
302628
303213
303826
304408
306585
308344
308447
308683
310781
311291
311651
312135
312987
312996
314323
314416
316175
316255
316375
317619
318783
319318
319353
320263
320927
321975
322158
323779
324123
328497
331548
332958
337149
337730
337932
338717
339253
340651
341042
341110
341192
342283
342435
342502
343663
343695
343836
343939
344850
344931
345859
346378
347339
347385
351833
351854
353028
356500
356715
357876
358118
358207
358986
359025
360505
360715
361216
362728
365493
370164
370484
370583
370618
373076
373104
373970
375077
376916
379230
382480
384133
385275
387004
387928
388156
388361
388799
389229
389282
390488
392547
392548
392755
394034
394300
395753
395805
396483
396904
396950
397860
398236
399219
400989
403715
403937
405034
405146
405999
407477
407670
409921
413395
413909
413909
413987
415079
418315
420118
421672
422518
422937
423139
424061
424543
425577
425592
427588
427720
428019
428870
431923
432723
435153
435612
437107
437660
439854
440181
440325
441187
445307
446472
448128
449704
450720
455123
455664
456345
458282
459120
460710
463981
464703
464779
466686
467484
467809
468239
468970
471104
473987
474381
477423
478232
478546
479488
480417
481002
481692
481747
481923
481973
483461
484072
485349
485732
487423
488049
490136
490581
490789
490795
491853
494151
494166
494624
495605
496811
497371
497486
498347
498537
499223
500855
501052
502398
502504
504725
505191
506233
507709
508171
508366
509386
509387
512965
513871
514588
515829
516127
517330
518246
518329
518580
519490
519762
519796
519846
520192
521601
521647
522386
523039
523596
523929
524211
524807
525588
527194
528430
529452
530319
534004
535653
539649
542451
544289
544367
546415
546703
550327
550978
551111
552636
552704
553179
553964
554074
554141
554244
555644
558439
559007
560653
562368
562483
564394
565257
567091
568995
569511
571025
572922
573007
573753
573959
575411
578244
579666
580480
581018
581373
581471
581685
586500
587205
589138
593165
594241
594942
596202
596633
598596
598929
599151
599224
599813
600562
602288
604098
605711
605747
606677
608250
608549
610322
610715
611282
612160
612765
612838
613839
613995
617100
618046
618208
618683
618697
618841
621359
621493
625187
626303
627377
630534
631313
631394
632549
633296
633741
634035
634230
635369
636075
636259
637267
637795
641124
641594
643237
644802
647603
647828
647957
648323
649597
649620
650328
650861
652354
652457
653115
653248
654844
655316
656329
656555
656797
656931
657959
658387
658884
661519
664667
665851
667108
667167
667676
668697
669795
670265
672607
673518
674124
674595
674649
674861
676483
677227
678029
678378
678906
682474
683124
683199
683600
684401
685112
685506
686764
687836
688248
689945
691894
692010
694353
694401
696668
696975
698552
700366
701142
701694
703699
704467
704991
706609
707591
709389
712128
712975
718993
719982
720736
721123
721433
724037
724510
724972
725871
726164
728721
729309
729628
730547
731908
732166
732697
733648
736042
740356
740906
741613
742537
742542
748717
749077
749713
753260
753315
753468
753926
755592
755977
756637
758518
758789
760010
760020
760351
760687
761595
762739
763560
763825
763954
764389
766747
766750
766912
767072
767168
767935
768984
769278
770282
771298
772998
773158
773562
774364
774876
775403
775596
776649
776737
776977
777440
777739
779664
779717
780010
780552
780677
780860
782155
782570
783203
783252
784077
784389
784709
784955
784967
785340
786654
787129
787426
787522
787779
787956
788256
789123
790076
792448
792739
792890
793112
793644
793683
797801
797813
802382
803254
804004
805788
806346
806410
807616
808701
809424
809539
810123
810136
810661
811309
813012
813534
815876
815963
816669
817826
818464
818760
818781
820100
820134
820918
821568
821842
822424
823340
824990
825184
825447
825526
825532
828077
828413
828542
828765
829161
830491
830748
831028
831038
831122
831664
835581
835762
835848
836314
838213
838578
839681
844660
845570
845854
847041
848234
850112
850151
850278
850643
852471
855461
855661
856460
856949
857178
858401
858508
860483
860628
865646
865775
866844
867523
868111
869166
871031
873636
875129
875432
876118
877205
877265
878111
878330
880662
880782
881795
883251
883902
885174
885330
885627
889714
890579
890998
891168
891275
895093
895159
895305
895464
897364
898597
899088
899461
900078
901395
901765
902519
902671
905904
906624
906967
907312
908913
909139
910289
911764
912498
913573
913882
914106
914190
914273
914442
915025
915295
917404
922360
923154
925331
926295
926557
926837
929216
929666
930567
930879
933766
934595
935957
936882
938183
941426
944430
945413
945823
947910
947973
948198
948843
951612
952141
952463
952774
953667
954744
954931
955011
955550
956965
957189
958535
959017
960871
962625
963176
963674
963791
963842
964102
965445
966333
968876
968889
969495
970453
970721
971017
971405
972223
973206
974656
976220
978053
978432
978859
979059
979868
982479
985181
985822
987637
990226
990524
991353
996371
996846
997825
997954
998628
999598
