2080
3755
3807
4367
5099
5432
6270
7579
10800
11649
12266
13678
15912
16214
17074
17525
19045
19581
20588
21228
21308
21675
21807
22295
22731
22833
23042
23117
23479
24005
25168
25216
26483
27512
28790
33080
33295
34239
39219
40097
40581
40894
41791
44488
46374
46544
47862
47869
48472
50824
51459
52262
52281
54707
55842
56185
56434
56801
57351
57362
57668
58598
59818
61908
62024
62907
63823
64201
64208
65399
66470
66667
67434
68038
69682
69684
71776
72063
72109
72586
74372
74529
75723
75905
76567
77412
77631
77672
78380
78926
79421
79634
80447
80796
81834
82548
83453
84028
86851
88118
89552
89618
89998
90054
91757
91992
93171
93547
93862
93889
96409
97697
98290
100098
100806
101769
101843
102638
103463
103548
103988
105846
105939
107274
109028
109879
112061
116233
116538
119880
120307
120527
121044
123813
124023
124426
124428
125500
129259
129442
129611
130088
131602
132258
132420
133569
133659
135216
135331
136172
137120
137713
138637
139999
140173
140898
141017
141791
142043
143305
144637
145824
145982
146492
147010
149015
149080
149267
149447
150204
151012
153705
154447
155929
156596
157429
159680
161876
162715
163172
163497
165040
165611
165759
166338
167004
167550
167685
167831
168303
170627
172651
173153
173710
174195
175944
177240
180147
182798
182839
183592
183729
184740
186331
186872
187172
187409
189344
194905
197438
198199
198242
198594
199486
201205
201916
202410
203830
207624
208557
209157
210579
210606
211125
211996
212842
213692
214682
216728
217799
217986
219975
220089
220713
222779
223145
224822
224996
226570
226691
227262
227305
227407
227458
228302
228856
229645
230858
231770
231776
233211
234436
235964
236004
236105
236241
237848
238340
238758
240015
240160
240999
241291
241768
243272
243681
246137
246329
247398
247828
248522
250840
252464
252652
255786
255798
257804
258473
259377
260229
260379
261116
261335
261714
262062
264115
264215
265770
266594
267636
268003
270421
271860
273651
274805
276542
277316
279432
281519
282550
283381
284201
285758
286479
287622
288480
288804
289429
290067
290276
290807
291053
291249
291539
291669
295475
296912
297197
297866
297952
298474
298746
298877
301579
301741
303260
304903
305198
308548
311834
312739
313489
313537
316881
317122
320267
321278
321416
327106
328147
328728
329143
329594
330438
330729
331144
332784
333740
334121
334273
334668
338398
339649
339650
342367
342853
344292
345992
348572
349172
350906
352312
353204
354299
355317
356067
357441
358047
358310
360585
360829
362389
362536
364292
365741
368834
370138
370275
371058
372640
374682
374964
379791
380011
380337
381106
382461
384537
384706
385792
386462
389462
391061
391629
391959
393126
393170
393503
394678
394891
396646
397368
398345
398549
398649
398796
400077
400996
403616
403723
404020
404129
404410
404931
405271
405608
406027
408051
409906
409944
410424
410960
410962
411259
411833
416804
416952
417123
417304
418869
420377
420880
425369
428128
428152
428184
429286
430673
431021
431777
435432
438483
439872
441762
442405
443020
443975
444114
445540
445713
446041
446808
448184
449054
452603
452957
454603
456606
457939
458450
459179
460831
461031
462728
462735
462931
464400
464414
464729
465430
466193
466781
471080
473323
474297
474527
475758
480439
481282
483191
484003
484062
485917
486031
486080
486441
487654
490339
491876
494467
495264
496360
496712
498627
498670
499240
499521
499593
500383
501186
501476
501500
503269
504483
505050
506028
507180
508487
510629
510690
510728
511825
516464
517202
519396
520255
521527
521713
523250
523689
524724
528722
528938
531131
531368
531888
532028
533679
534920
535443
535852
536574
538915
539470
539693
541220
541610
544339
544573
546055
548327
549783
550572
550753
552944
553033
553129
556311
556538
557012
557509
560076
562492
562929
566233
568714
569014
569885
571036
571274
571500
573639
573776
574596
575129
575834
576201
576730
576731
577271
581297
582298
583620
585898
587866
589467
590595
591463
591863
594596
596453
597570
598796
598822
598996
599674
599836
602342
602396
603006
603422
603535
603642
608219
610043
611533
611974
612520
613586
620523
621219
623681
625028
625923
626378
626540
628571
629310
629343
629377
631157
634108
634600
636263
636663
636878
637372
638340
638548
640999
642220
642724
644280
645255
647851
648268
651198
656885
657322
657446
663220
664357
664778
665272
665813
666105
666176
667595
668573
668700
669613
669748
669824
671535
672123
673173
673387
673625
674122
675359
677217
677389
678128
680854
681068
681407
683037
683835
684264
687171
688415
689041
689588
693432
694688
694860
695331
696580
696832
696893
697194
701356
703558
703872
703988
704614
704914
705518
710909
711251
712197
713520
713557
713962
714606
714813
717039
717752
718449
719394
719531
721180
721287
721393
721628
722973
723779
724698
724830
725268
725295
729184
729315
729999
731203
731579
734089
734795
735139
735866
736482
736590
736848
737190
737483
737820
739066
739954
740460
744191
745765
745770
746194
746795
748084
748370
749690
750002
750410
750847
751386
752334
753531
753532
753711
754681
754990
755922
756070
758029
758460
760048
760701
763236
763314
763516
766023
766614
768651
768716
768926
770334
770829
771721
771918
772861
773206
773506
774171
776889
777436
777584
779145
781951
781961
784164
784444
784822
786205
787101
787421
787472
788306
788725
789776
790088
790131
791419
792492
792783
793004
793432
794687
795704
796250
796651
796714
797132
797402
798867
802252
802500
802606
803136
806323
806548
806763
807210
808779
809393
809547
809967
810137
812095
812306
813896
814304
816176
818024
821980
822750
823873
824570
825361
825368
826037
827242
828533
829942
830806
831423
834593
835782
835942
836185
837325
841579
842355
843137
843605
843631
843916
844343
845745
845820
847880
851428
852383
854429
855453
855975
856114
857662
858101
858651
858834
859576
861998
862534
862741
863795
864297
864554
865985
867684
867726
867737
867988
869214
869936
870154
872114
872517
873699
875873
876065
876516
876803
877683
877860
878494
879748
880880
881736
882828
883042
884546
884641
884733
885865
886001
886285
886384
887391
887546
888011
888234
889075
889422
890094
891093
892067
894763
894783
895098
895190
895738
896123
897531
898223
900015
903119
903796
907588
910613
912054
916996
917080
917801
918441
924000
925224
925233
926030
926713
927051
927724
927909
928532
932129
933089
933981
934075
934896
936662
940728
941853
942147
942493
942690
943109
944140
944298
945080
945348
946428
946463
946935
946954
946989
948482
950769
951441
952963
953292
953794
954762
955684
956218
957618
957811
957903
959075
959179
960125
961471
962508
962652
964317
964559
964898
966915
967152
967203
967375
967763
967796
967831
968607
970153
970214
971485
971872
976527
977073
977290
978859
979278
981270
982365
982537
982546
985448
986320
988276
989060
989145
989404
989616
990509
990569
990596
990657
990923
991370
992125
994521
996947
999319
999446
