455
1598
4900
6317
7432
7478
8266
8277
8483
8815
9026
10102
11926
12449
12987
16481
16599
19597
19640
20013
20062
21473
22219
23790
24793
25262
27345
27432
28338
28494
28582
31394
34016
35022
39823
39914
40951
41426
43715
44285
44393
45595
46661
50046
51691
51706
52837
53261
53306
53829
54809
55605
59138
59342
59651
61204
61403
61679
62150
62440
62634
62968
62985
70756
72335
73727
73959
74169
76157
77066
77925
79019
81053
81266
81908
82171
82504
82889
86382
89081
89388
89958
90477
91395
91485
91758
95617
95680
98749
98759
99390
99883
100526
100627
101648
104287
104718
104986
107384
112721
113090
114425
115568
115636
116375
116947
117710
118055
118113
119808
121679
122025
122996
124915
125486
125887
129834
133194
133758
134627
135324
135440
135756
135812
136072
137124
138637
139235
139994
140987
142576
144162
144166
146751
147068
148902
149140
149182
151697
153573
154241
154717
155833
157074
157681
158170
158203
158455
158755
159158
159314
159907
160179
160480
160609
163924
164507
164842
168100
169052
169536
170338
170716
170888
170930
171593
171712
172190
173701
174235
176336
178215
178740
181044
181212
181747
184025
185121
185640
185868
186537
186539
186918
187685
187909
188558
188734
189078
192026
192105
192787
195315
195401
196044
196558
196664
197224
197908
201814
202555
203373
203481
203713
203859
204487
204760
206637
207045
207091
207163
208310
208733
209956
211065
211554
213154
214262
214604
214623
216009
216702
217100
218345
218833
219650
219654
220476
221796
222011
222623
222736
223576
226688
226976
228613
230363
230374
230661
231474
235399
237866
238056
238491
239166
239386
239405
240777
241093
244627
247182
247333
250619
251808
255163
257333
257494
257618
257765
258720
259861
261258
262837
263266
263320
264191
264850
265024
265364
266373
266453
267603
268036
268960
271382
273517
275715
276396
276598
277672
278057
278335
278815
279150
279212
279539
279645
280540
281057
281552
283376
284052
284487
287328
287501
290087
292936
292941
294412
294966
298202
298257
298526
299322
299336
299971
302237
302895
304813
306393
309351
309690
310266
310690
310848
310889
311733
313243
313940
314176
315198
317149
317372
318070
319250
319542
319695
320201
320575
322237
323216
324300
324368
325598
327832
328123
331020
332310
332334
332606
333988
334049
334734
334768
335627
335632
336707
337920
339047
340148
342955
343054
343492
343816
344820
344882
345053
345524
348049
348379
349612
350567
351896
353088
354232
354637
356446
358537
359017
360635
361691
362662
363542
363582
367123
367149
367169
368501
368505
369346
369579
369683
369978
371340
372048
374644
374773
375455
376056
377139
379947
380323
381191
381570
382643
382767
383140
383918
385036
385178
385347
386714
387111
388148
389473
392097
392835
393092
393611
394407
394526
395359
395386
395720
395737
397504
398975
401530
402029
402538
403513
405208
406007
406778
406878
406925
407438
407615
408871
409302
414900
414974
415792
415965
416872
418893
422355
424255
426360
427524
428577
429029
433960
435230
435338
436312
436459
436666
436795
436925
437813
437878
438109
439511
440366
442388
442869
443277
443932
444589
445285
446344
446949
447533
448719
448799
449564
452631
454312
454617
454979
455037
455310
456084
456284
456783
457024
457443
458134
458358
460665
460939
461503
461603
461741
462161
462438
462817
463179
463497
464304
465437
466373
470509
471538
475693
476613
478543
478657
479578
479769
480820
484582
486197
486351
489069
489149
489455
489960
490162
493459
494219
494876
497401
497696
498100
498144
499214
500045
500503
500885
501602
502545
503076
503436
504530
504645
506569
509411
510077
511041
511500
512658
516262
516580
517791
518233
518478
520328
520334
520358
520898
521505
522132
522825
524762
527118
530594
532329
532716
537630
537814
541578
541752
542455
544766
545862
548100
548209
548445
549020
549262
549470
549580
550869
551521
552269
554933
555228
555622
556981
557709
558990
560240
560362
560484
560766
560794
560894
562422
563749
563796
564227
565963
566048
566967
567504
568732
568871
569440
572493
574659
575322
575495
575510
576385
576517
577784
577988
579525
581300
581363
583080
583572
585002
585725
586067
588238
588407
590383
590868
591567
592661
594253
595125
595151
598567
599068
599206
599510
600110
601711
602656
604344
605887
606472
606761
606801
607933
608855
609311
609572
609706
610584
612690
615446
617653
618212
618807
620236
621035
621186
621935
624484
625157
625276
626674
627012
631697
633251
633934
635326
638535
638561
641814
642000
643429
647548
649120
649363
649446
650268
650922
651913
656369
657037
658070
659235
659235
660221
660843
662110
664633
665144
665309
666610
666823
667806
667829
669872
670051
670982
671967
676157
676836
676855
677011
677575
677686
678288
679231
679613
679800
679917
681220
681413
682995
683509
685487
685579
687490
689611
692135
693155
693445
694946
696202
698226
699557
700261
701837
702079
708738
709362
710610
711177
711827
712653
713690
715332
715338
716367
717088
717213
717449
722172
722412
724827
724942
725320
726693
730006
730775
731929
732581
732663
733076
736456
736637
736887
737342
737950
739339
741374
742413
742675
742735
743356
743670
744956
745046
748974
750038
750288
751003
751218
751607
752221
753061
754251
754315
756505
756714
757037
761686
766291
766921
766987
768396
769082
769335
769854
769872
770270
770604
771420
771594
773626
773946
774082
774242
774267
775288
776225
776266
776281
776584
777490
778522
780060
780510
781213
781597
782542
783915
787294
788463
790746
791228
791607
791846
792360
793641
794400
795015
795120
795304
795937
796009
796677
797893
798472
798778
799700
800449
801520
804168
805011
805259
805327
808222
808525
809278
810089
811703
812468
812814
813427
814899
815396
815435
815492
815990
817560
825403
825537
826912
828835
828919
830861
832254
833054
833342
835058
838029
838429
838797
840324
841365
841530
841669
842717
843783
845031
845684
850118
850542
851168
851577
851970
852328
853200
855491
855493
855643
855649
856009
856869
857105
858127
858674
859172
859809
860394
862838
866812
868091
870076
871829
873552
873796
874024
875418
876786
877366
878409
879209
880481
880753
883148
883537
885321
886984
887792
889653
889658
890914
892426
892732
893380
894094
895765
896014
896860
897978
898320
899252
899284
900273
902011
903106
903343
903782
903949
905897
905948
907687
907966
911191
913182
913355
914281
914315
916543
917024
918039
918500
918767
919130
919719
923505
924048
926740
927039
927706
928808
930964
931289
932535
932559
932744
932759
935050
935576
935591
935627
937149
939216
940166
940596
940847
944302
947225
949588
950859
950951
951931
952147
952552
955555
955613
955798
956843
957562
957585
957637
958717
959332
959346
959711
961850
963958
964850
965482
966220
968260
968561
970765
974555
975036
975176
976940
980046
980768
981323
982782
982955
983077
984043
984148
985852
986130
986207
986443
988198
988421
988534
992007
992447
997108
998742
