165
723
3786
3920
4042
4519
5189
6050
6944
7537
8088
9476
10507
10680
12057
12589
12703
13235
13779
14033
16265
18296
19815
20146
20194
20398
20519
21542
22193
23724
24112
24707
25563
27838
28598
28627
29009
30536
33120
33561
34143
34445
35873
36616
36711
37466
37756
37878
39058
39765
39861
41972
41993
42536
42573
43474
43740
44082
44085
45137
46006
47520
47871
49590
50795
51181
52411
53765
54985
57174
57912
58966
59387
59612
59905
60879
62450
62570
63126
64443
64698
65074
67138
67510
68849
69509
71259
73910
74100
75303
75748
78926
79030
79133
80050
80308
80921
82973
83223
85954
89049
89128
89405
89963
90443
90565
90976
91550
92500
92710
93038
94414
95226
95997
96099
96656
96931
101957
101972
103562
105559
105560
105804
107103
107677
107897
108729
109058
109554
110236
111680
113875
114148
114790
115469
117931
118382
120604
120667
122049
122948
123868
124030
124516
125127
126291
126708
127743
127941
129908
130157
132391
132700
133208
133246
134555
136128
136504
137307
142785
142834
143621
145118
146399
146502
146649
146974
147128
147842
148037
148041
148568
155359
155893
156668
157651
158725
159857
161254
161664
162306
165728
165841
166080
166933
167422
167524
168232
169957
170475
170493
171617
173350
173603
176634
176986
178249
179610
180140
180183
180921
182254
185296
185682
187000
189031
189635
189702
192918
195194
195421
196244
196410
196964
198107
199874
200329
202072
203468
203593
204060
204235
204977
210373
211032
211764
213121
214342
214510
214798
216404
217383
218728
219195
221467
222135
222358
222669
229207
229597
230321
230874
232513
232558
233077
233916
238718
239137
239186
240051
241307
241409
242731
244243
246522
246776
246921
247891
252703
252795
254081
254121
254618
256095
256621
258556
258592
259865
261069
261810
263720
264235
264864
266983
267558
267947
271974
272585
273355
276035
276733
277930
277935
279277
279872
281880
283010
283800
285063
286181
286233
286561
286592
286893
288521
289274
289645
289952
291335
292983
293897
294300
295466
296885
297129
298123
299264
306919
307651
307773
308581
309124
310535
311223
312165
313817
314262
314824
314930
316854
316873
317966
318570
320031
321738
321946
322404
323233
323766
325672
325678
326822
329994
331046
332527
333184
334644
334754
334847
337038
337972
338459
338613
342366
343519
343716
344540
344796
346619
346755
346870
348117
348170
351584
355609
355785
356841
357316
357319
358363
358851
359253
359435
359619
360074
360694
360704
361082
361829
362842
363021
363310
364650
365863
366541
366605
368112
368940
370282
370415
372621
372894
373440
374527
375756
376464
376548
377275
377463
377468
378079
379341
380778
381158
382070
382447
382458
383291
388900
392881
394760
396231
397317
398415
399011
400119
400297
401230
402157
402814
403086
404851
406071
406106
406238
408489
408706
410642
413218
413712
413727
413784
417352
417813
418035
421420
423233
425705
425782
425910
426073
426588
426955
427526
427911
430225
431720
432589
432844
433164
433763
434033
435453
436047
437189
437557
437593
438972
439471
440220
440453
440572
440913
441664
443428
444483
445548
445909
446633
447319
447895
448306
449518
449617
451506
452304
453009
453633
453924
454409
455280
455285
455416
455755
456013
458038
458963
461111
461383
462244
462551
464176
464586
465067
466105
467654
469335
469767
473277
475237
477206
477684
478400
479155
479217
479639
479992
480205
481861
482841
483266
483520
483710
485110
485203
487214
488023
489243
490260
491254
491664
491863
494304
494360
495613
498038
498291
498784
498884
502850
504233
505027
505488
506215
506852
508161
508316
508772
508825
510502
510542
514477
515086
515845
516237
517144
517823
518475
519037
519932
521368
521477
522322
522362
523564
524063
524875
526758
526853
527007
528463
529668
529897
529957
530615
531876
534938
536300
537158
538223
538270
541364
542333
542904
544226
545469
546939
548830
553553
553800
553950
554572
554973
555318
556556
556571
559537
561725
564682
564943
565136
566429
566635
566668
567371
567511
568464
569207
569853
569906
572781
573121
573340
573512
574909
576943
577032
577639
578190
579151
579243
583395
584255
588658
588768
588867
589829
590096
591536
593119
593121
593178
593677
596325
596988
597530
598848
600358
600894
601749
604864
605532
606914
608106
609694
611909
614306
614668
615180
615323
615972
617954
619436
620752
621217
622220
622616
622869
623004
623291
623400
626442
626443
626690
628759
629287
631336
631541
631805
632728
632888
635659
637354
637881
637921
638464
641301
642103
647531
649119
650186
650781
652308
652499
653884
655036
655195
655548
655643
655967
656643
658051
659173
659494
659624
661016
661873
662733
662787
663242
665399
666078
666438
667157
667620
668811
669577
669722
669740
675046
675705
677012
680374
680779
681262
681686
681906
684288
685954
686526
686629
687291
690963
691169
691461
694592
694773
695391
695531
696147
697198
697462
698636
702072
702237
702277
704257
706292
706998
708014
714015
718226
718834
719774
719828
722059
723335
724088
724213
724756
725642
725813
727394
727664
728371
732663
732677
734344
734959
735791
736398
737148
737920
738204
738632
738961
739056
741111
741413
741976
742022
743899
744061
744066
747639
749078
751487
751636
752843
753617
755940
761756
762040
764123
765060
765224
765719
766029
767862
768755
769750
770159
770423
771059
771182
771188
771804
774474
774524
776278
777202
778192
778229
779125
779344
780073
781727
781804
782135
782846
783896
784601
784614
786648
788258
788455
790523
790552
791198
792760
794609
796125
797608
797898
798655
800656
801582
801717
802391
802629
803074
804593
805417
807217
807389
807691
808302
808556
809320
809565
810089
810852
811579
813085
813184
813188
813845
814231
815087
815856
816727
817547
817746
817828
818765
819213
820811
821794
823210
823330
825828
826377
828575
828922
831053
834895
835492
836958
842095
842521
842800
843375
843544
843657
843838
847362
849034
849929
850120
850238
850680
851217
851246
854077
854745
857076
857800
857893
858888
858984
860377
860715
860914
861068
862505
864359
864952
866310
867607
867835
869347
869419
870255
870572
872039
874119
874290
875794
876066
876810
876864
876940
877147
878152
880944
881663
882055
882430
885166
885442
885602
886383
886569
886804
887589
888669
889209
890028
890479
892377
892662
893426
893729
894359
894974
895210
895284
895805
896840
897308
898149
898659
900538
901203
903194
903754
904979
905035
905694
905821
906490
907003
907363
907395
907415
910491
912015
912828
913260
914675
915004
915162
922131
922339
922760
923482
924241
924506
931526
931750
932212
932401
932633
937209
937369
938824
939355
939377
939907
941535
941631
941704
942753
945543
945975
951731
953290
954205
955299
956021
956102
960188
960400
962702
963478
964511
965869
965904
967433
973932
976008
976561
977334
977936
978630
979001
979425
979836
980021
981614
981642
983152
987628
988793
991189
992900
993754
993928
994332
999062
