608924
666863
711850
207623
648443
681334
908211
552724
254961
939221
610123
250523
413995
679105
278514
266154
432570
201010
312241
748371
255323
623306
933746
690978
855922
676575
872780
559738
751894
966311
797597
770062
252613
302527
118033
460217
14776
936536
351487
930939
616914
256510
55666
253393
854578
58054
566532
729712
255015
610004
108006
657885
645059
565766
657789
375788
491720
273025
714919
518483
973312
923478
651356
104553
93673
257808
53103
336513
379084
328412
93682
861469
769134
685269
260537
185233
68064
275180
936503
557430
703921
491121
427782
749511
553604
758848
132226
583643
59772
41482
539412
963199
119059
76479
687309
661807
832842
787349
316008
799857
855163
582072
48178
152591
425482
425422
566213
831087
600506
509094
814896
94544
97500
135612
737906
232611
3873
403947
635429
439940
774033
928496
230904
83
653141
707862
206677
362227
292782
69252
210401
977887
643976
683679
296033
433060
283753
609117
453690
140735
454340
446951
304977
963667
796138
884522
448081
53767
931360
604987
784842
431738
467915
647844
103287
362020
417096
924112
809880
663946
885528
211790
792126
793181
688568
464133
386085
570608
450767
172725
374779
661908
334529
405733
12415
818771
723233
572079
727941
389445
97667
285924
580438
619857
225071
819677
841395
112580
483313
653791
925050
937415
367437
245354
624930
684544
59663
478622
491809
207752
74049
858635
723309
339524
675319
737364
744862
230242
371460
661694
800882
387634
932687
758683
626795
610270
931071
979533
322707
717768
176211
473401
499679
587263
237903
677898
498802
906012
813777
54687
519608
58623
987330
990546
557235
69922
993192
997862
663826
57302
931287
881804
907901
103394
942215
559442
210222
902709
480897
231785
126265
161924
355956
362513
146284
401604
843812
388451
689233
916486
261890
930490
721040
872170
13590
731391
362545
973953
602200
785872
728768
82307
355871
652429
330441
716073
593265
935359
168963
31273
194745
936484
568777
235148
451798
417435
836739
99565
611408
698600
597347
896144
96165
414437
256460
960156
961794
212870
568077
6838
269965
476039
207946
132412
228063
298996
599611
195163
830223
468821
716558
402382
118569
360755
748072
995699
78078
650763
534281
753419
565653
134863
996366
255374
508991
134995
648143
104105
150344
631259
265640
803221
974410
589054
834325
946773
818523
736758
182647
156620
970598
581063
443827
637304
951191
912650
597370
338511
530672
109206
923235
310836
395257
401737
142580
754134
555604
409976
250239
412582
591534
149425
1193
309939
764690
991145
544582
47459
142167
426119
2912
389840
846074
428044
692247
481212
758022
986717
77730
673267
349743
495534
625459
409980
419647
274573
976313
359099
639848
526152
608191
590118
800824
379580
254962
653986
788266
246588
59391
774137
173016
700442
240923
509690
159630
355541
302172
798574
893115
646751
864964
388466
730241
847177
416415
425526
454443
376077
703746
351504
694462
801848
351347
640126
750760
90482
254247
347255
258645
414123
301542
420588
926561
430180
99723
991776
251496
648407
667047
971552
355000
632836
76614
810593
580456
78682
927945
840246
95234
36158
952370
918059
902747
527162
458687
946753
384324
979013
148141
177413
687385
381931
204381
51343
864055
26777
334932
300052
15754
904455
998941
580969
23811
591106
526089
432917
264809
900949
997847
651281
612423
68115
823662
508894
794627
621764
508678
470595
854671
215274
162087
951906
56760
646510
488906
256630
98908
881004
232795
750508
193081
186136
678048
973914
626528
595083
565939
606688
190920
55278
277227
265498
519102
13697
519385
933311
171514
719369
367662
545369
258894
568404
728826
26209
158583
662826
798479
816374
859606
977554
836548
81658
363192
666046
617302
401353
936337
20564
974632
149143
401032
87705
713579
462245
266348
984380
316056
544
85444
2493
378714
468310
65475
789560
886602
939925
37210
671058
122322
106274
401896
74879
169842
212051
313421
795501
743649
820362
183772
163024
367051
381198
138542
274635
644473
165319
291412
193528
243855
800214
548900
849428
923630
658831
264692
510218
235514
549716
533285
29210
740149
994703
530327
577638
675786
286347
74298
319769
527142
37424
381828
110452
99457
369369
935231
154166
217915
380435
578874
313704
466529
396981
298911
845954
485390
127255
852965
430333
226542
753712
768156
55030
553694
579792
634469
778172
71279
842998
814916
267318
593994
679887
568526
973172
861677
342668
477372
790480
201300
589086
25634
557568
398450
393809
324537
609276
149150
995458
334488
603590
492363
98302
507010
373787
128688
639353
367192
19508
645894
205096
987055
883833
485552
475771
290492
852739
149300
764667
705132
513100
306343
497211
867921
838646
620776
745918
964982
362228
87362
262181
458707
463449
347317
107219
299164
775355
385358
764383
288564
194691
714419
123637
263679
23893
337723
230922
709652
586070
423098
482425
625425
905566
484378
469183
428490
400956
920292
443343
771097
450528
385310
685651
876953
364521
74447
911233
948014
60812
450334
976469
151803
455069
193817
127600
726199
454717
320785
761677
630810
326753
632098
595996
809009
367098
384784
349309
23953
848646
643724
640410
839400
544883
14295
492641
714798
446507
767230
567453
470715
431041
575299
545136
154867
182
235740
995631
362460
650279
515988
8538
152336
901591
587408
921142
666446
374613
652972
739721
897962
291658
789188
843122
974885
720737
47119
524962
965463
46163
343909
326395
93193
348494
249761
419907
932191
11201
16161
548996
846194
432071
905386
72644
139644
422573
503465
688989
826540
252321
358804
862008
125210
793274
249583
256042
908117
902750
439467
794155
282583
850068
345449
908782
29210
391911
478684
215138
799491
567859
613259
598853
561789
263759
511030
335136
354465
157719
873680
191715
424465
190740
846315
809821
894116
450058
374898
736151
759355
56095
249807
120782
594034
628131
775277
828236
98547
682304
607063
907682
934948
839743
9727
116676
943232
163572
483868
244609
439619
820872
742442
894109
328831
355041
746581
901581
727628
871792
202800
644558
524253
193430
327071
887586
213229
224244
140886
789096
678295
236494
374776
21911
297093
195674
150625
558998
91073
368683
342015
474875
108647
989557
631643
294943
441979
595644
797430
940507
729879
581214
459086
83169
322941
808569
338752
40760
124299
611322
733447
482965
525964
859203
518370
592979
799210
38392
158356
513424
572738
297191
354949
718115
27408
941777
379910
352317
808393
829913
375346
476635
91080
559048
840879
414757
252448
962299
946644
852263
895568
719850
494821
525801
902996
93525
635833
68396
965720
171789
701309
949892
246151
418716
331793
175373
64066
653586
120016
691531
345389
542445
383277
557922
749091
512612
357112
586222
420745
827600
741248
152256
701504
781751
573523
310070
635508
546423
598305
987830
165202
311692
290687
695111
521430
200574
104583
257291
132930
248298
783452
697053
447338
891050
268875
32387
760172
387812
631629
382416
649534
952428
225705
420697
423904
964119
631606
997457
795568
887069
544894
633924
939868
678250
927231
741164
743985
864449
95499
727475
472083
992013
161423
132294
564998
996742
980400
273939
342760
670140
747217
901407
227841
465539
754609
447173
992371
649084
160626
426638
581324
703867
718772
395946
780858
666458
127072
515657
532062
153241
931905
572441
449465
904304
427596
29020
821891
839412
987648
910181
81370
216481
437800
476654
948823
418122
358846
784473
738621
323674
162986
579842
137803
936198
722855
751613
98097
630993
264774
665905
235679
555579
47245
699728
868152
784391
864439
973746
958629
206696
273247
6605
868934
72135
436023
336979
779140
650228
623410
705000
408322
83110
260610
611647
60210
844720
551355
765520
734084
847299
811863
222903
833656
409690
75027
395308
251029
336134
436854
892699
928754
928406
872625
383584
492913
269602
685346
131681
549900
793012
934899
49031
284871
522068
299807
371161
936005
909231
655381
336567
894263
874403
892533
312049
402991
13994
97847
674562
141010
904736
602091
652012
273452
131442
384346
742577
927134
547173
544012
840619
541810
730368
651171
59465
519759
977752
252645
839270
118536
781430
817111
445639
366606
257510
251204
792689
608070
133407
75037
327141
413366
116042
65082
58362
115096
616753
94526
376085
300113
631045
17049
934982
961083
261771
869608
493954
927710
709989
98167
837241
826878
714297
443558
54164
543310
665024
504553
280909
245890
545069
354281
339050
472770
94839
508424
772951
995066
2053
424450
366687
536398
888182
463790
439367
244139
224522
954020
919751
53817
531248
229049
486885
640749
46380
152550
682800
764410
201828
354439
748311
778407
332616
780095
623076
207740
781980
562104
625944
814038
241316
639432
788067
739802
575403
718959
793600
998342
202735
725565
122411
770851
308268
27409
876672
805271
646339
974523
542897
528919
222407
503555
504036
888185
834341
206403
446567
600871
248749
649775
360593
583855
589889
848181
780662
667896
426521
787391
517766
26256
891952
830550
246274
83168
331854
96864
610204
898113
379699
650314
733611
864359
967389
146432
687368
151995
438006
383961
847432
612807
495582
911249
163350
798219
430032
648942
858219
464748
802995
501379
807789
51340
919679
386706
630561
911733
270858
343628
593359
855534
568559
61109
188017
661936
954649
548707
627223
639602
767921
637413
616666
467297
927906
746817
721786
614956
927621
746005
376407
99387
862510
71774
385161
108927
288850
290007
730076
183844
765395
870457
507563
229988
506218
368865
103127
751861
357360
234448
326693
565090
463945
786380
334514
882936
120110
823331
552147
657111
614677
598543
846797
382632
29438
765237
695469
507821
375324
185480
345990
936691
735071
981259
652549
2853
866650
739827
53490
780795
652950
908906
200005
543247
738290
601456
522211
869520
1909
185756
403764
691023
835762
523457
896545
787767
614039
442539
426479
653402
548306
680329
392179
529382
875487
416804
89713
948854
266994
196749
268565
960260
579134
211350
418189
251325
975201
791670
167489
536493
103916
830480
802288
759706
636562
412301
73448
882284
380716
157605
440418
728777
763046
770109
938935
999615
575434
184747
893315
170075
241255
668693
364757
35414
73437
883191
154319
728559
271944
141315
45537
786132
807367
449506
767900
356730
901864
869529
263990
981708
454321
166663
895001
753791
743757
441802
923047
659652
996562
137090
349455
148951
203499
620461
855685
124789
938023
315249
855713
662826
375517
694585
381014
215048
267513
54646
705037
506356
1128
415751
440413
447194
888092
514484
393129
247360
367740
489939
488087
542584
697644
109261
295593
454511
985780
814203
698873
878499
389903
346794
317589
667890
593362
958781
691061
253261
112247
354354
819925
302411
265222
177725
118899
237914
20575
481680
739559
6032
861734
476924
540122
349536
454027
421105
891492
451240
398261
814177
6214
892966
499978
90883
947200
162251
132509
802484
616529
995240
494261
428791
389513
516933
323574
643357
597708
590865
526895
674496
758949
518579
395711
37225
999044
567294
366948
743249
916246
726596
618785
427461
758143
25857
968396
913378
698615
238584
445425
306880
352446
464732
918438
222956
427389
471332
854253
838029
873723
890049
193599
910247
753592
660332
390779
194942
134506
217688
390059
5266
111185
4807
349935
600393
812409
902137
108872
405547
779724
585727
389827
763015
132113
375341
291967
305330
717445
657197
710813
114991
306260
244848
936900
745258
924404
860032
708174
57951
760991
195634
342035
152856
597931
197559
256464
538387
818439
836689
529075
222914
95316
335842
460613
753003
146909
873951
815092
444592
891701
37860
913020
883433
573740
257762
962738
380205
78765
95475
650477
590832
353975
238926
689233
299654
146102
39062
555769
412294
975357
980749
692928
205129
717091
644005
868461
762706
232311
361655
676344
451848
614240
517837
530685
368862
344918
435929
817404
593491
654455
394377
778507
117205
123335
617522
879833
826177
679687
792617
535903
255429
662896
401265
277093
878439
285964
578510
690541
394718
891506
134008
457600
357278
5532
772907
464084
441969
661222
857435
998231
699201
612198
131333
540443
64370
975138
676577
62494
938796
633074
90612
612148
930806
915955
285953
56531
853630
990373
259935
253435
178229
503458
778662
958080
335959
172860
600899
52085
414408
66353
448683
840375
369562
677005
829997
200275
404651
496093
426015
127573
77739
931275
846010
343854
387132
353819
179394
806273
24818
829697
245533
235338
881082
581148
810566
630059
484438
850323
731225
125909
255878
577803
967502
708943
63747
800962
761347
127526
724580
728267
271281
263666
301476
917926
264577
571584
272443
789499
312119
510241
180072
970035
776844
385998
33168
952627
548186
982582
862848
759414
89713
406950
588815
660358
211783
270996
804831
171031
596235
902665
572546
482816
856026
385768
36472
423831
346827
867358
65431
424551
411685
390056
412868
966865
239920
64060
821213
221180
194601
80533
289657
530106
456783
801182
359111
270457
417498
138298
661203
274786
239563
202030
499687
993041
496926
947948
385102
685170
235997
752381
949939
240372
253902
339017
461737
47341
939725
326726
325700
533834
257716
77115
532772
891569
809846
37616
800785
804405
235083
622644
896258
92917
365893
465738
732088
106450
312194
209394
537287
918602
343162
613391
174453
876854
467128
659706
334395
226780
636198
836834
547433
596274
691713
743581
638821
292592
346475
752400
240211
84752
26015
280183
437009
866021
38591
541330
150681
783445
942217
466733
67338
360501
802024
935562
736512
223871
789287
690412
827359
550194
394496
354946
776239
61511
697747
65071
789601
504203
708146
884274
30768
832286
254105
633719
527331
890054
997691
495929
386095
135024
349431
510802
687353
348613
897065
234016
584824
81893
996189
218838
911801
553539
615135
16156
814716
714013
409390
866404
682236
972118
564622
515659
392460
45361
647933
684007
85661
16876
678461
756979
639452
767095
341136
696852
755000
416911
141506
818247
433729
502716
184480
333674
949484
497187
476422
257316
446003
929481
688278
471281
952857
184101
137285
57805
898315
544735
392591
49980
894498
85355
251531
683124
265285
663805
557081
337320
983148
400168
844983
255155
389695
101207
471155
30749
291293
688294
589499
398156
854712
897374
320848
456841
705757
885259
279321
267118
734929
876668
739732
479722
879895
57559
459111
849201
433231
442902
278101
995458
289400
100770
978188
534166
961238
210698
302426
257058
189487
673504
385792
36361
193775
282608
808927
761762
955243
661086
462159
801761
387778
668955
65167
892260
320864
216324
472790
597852
584540
568343
666824
715990
782081
416210
396420
159909
946282
845866
728218
742062
641607
487844
429658
998416
202556
519188
528711
667694
271080
531952
737003
478618
806338
123216
795716
855519
501600
355333
547420
665003
65490
451283
796726
705687
435179
512460
261988
816149
833759
123722
965878
201461
31752
192200
783565
71700
970883
543006
32653
872609
336631
235479
668017
488781
641142
894704
398072
46031
973499
710448
663869
293969
973843
959262
178660
271098
30553
588836
636208
891864
337370
41150
700594
877290
638103
597791
396572
874120
623528
254688
752436
535600
677885
683877
756964
993262
476992
944847
106094
242919
161878
334487
967868
874370
698565
977293
493973
951474
43823
8878
8620
258468
607101
448923
773139
966850
486871
762876
127117
988642
699663
290800
746752
60751
788829
560111
290441
677234
7301
42943
873642
689180
725
598799
779486
880370
90826
279028
374157
228981
26451
153533
512155
229292
572909
709301
120667
871601
170605
62004
43810
686294
616284
655906
850166
74482
460412
441866
129508
488267
433513
946262
935024
536289
108379
850861
333287
588437
975432
319014
870737
401396
251622
91303
689987
835621
998862
837534
104848
236778
816700
60187
589472
495830
179443
532169
513944
821836
989501
809608
601785
947567
27664
974568
525573
172459
860429
551491
89115
545375
777186
531255
37092
261030
438094
905278
431974
899457
924164
908716
93046
523554
602025
639493
441418
296471
597688
80633
466220
756242
107781
967998
721483
743313
116255
197639
504172
85166
3534
51750
740862
44805
324155
548859
102410
256253
868655
517016
913737
742965
108980
432179
296015
659341
97624
217990
202278
191886
223183
838279
449654
966455
790648
753279
930143
766181
710904
402762
325225
189086
231875
914858
828563
706746
380345
733767
757576
877486
292204
3783
574511
792758
318080
925830
54881
835102
799788
253810
336118
103470
213277
557702
876536
862384
753337
317537
747065
910623
462208
838722
494337
622894
722767
910499
662943
65650
2431
791087
164000
271084
416682
445344
457374
788151
380365
137913
835568
864458
785545
423325
386047
14059
436100
322443
692216
181745
343404
117175
71261
932788
842140
92613
536950
462419
216663
972388
173414
810593
782512
726213
459928
914156
701964
329527
261208
400620
380544
272481
574398
140741
489108
51739
567941
865529
198505
457769
410681
222893
669494
978260
131471
8790
584238
873959
254479
517120
990910
860931
584876
968507
176562
239392
440628
33634
710903
356512
820450
973577
946811
927697
763857
286658
20977
701440
416715
786700
930608
168052
489280
463897
61051
398798
767570
316923
450460
382587
9741
75626
894249
240083
665140
321332
784296
12113
383222
151682
145871
30831
427392
640642
187044
103262
20332
205686
157059
45471
521303
811609
980094
100417
424655
342377
247966
378807
360043
901974
223112
2069
463414
472965
856827
590119
703043
733505
838646
529070
980004
211839
90614
874104
935093
564236
368157
371611
712147
473237
870446
767950
730411
542546
461237
700387
540653
421585
452932
552741
992734
981723
892631
191370
692621
417540
781081
952853
24477
164308
522752
242891
383681
125837
937619
105359
317319
101721
982348
52828
167691
129554
598616
978527
865228
689005
246394
199471
628251
331716
171024
751594
812719
600958
233966
185709
727830
492637
620711
930991
271814
688675
914794
627258
393810
90466
389960
458440
427320
993759
785427
135094
460182
197922
438818
6631
582781
682205
397746
689080
212062
933942
312935
481819
139809
211315
578800
281170
635413
384961
677000
134410
253954
555681
113176
801746
689753
972272
763129
754422
213645
127377
672984
264252
641723
219065
595251
677050
99076
616470
872319
179218
701563
841437
133548
317580
773178
500527
812864
641102
404047
353127
599584
880570
43412
935362
87662
430564
401052
527724
812299
454511
683849
674083
397821
315395
750203
445450
852524
63404
128291
651724
52807
292562
168885
679467
909700
529937
498556
860068
248964
457333
376775
423169
800788
825491
160385
605115
227216
127622
946335
11337
892258
640901
325234
835401
805096
582622
167388
84490
719156
206609
649055
906356
682476
910603
913233
702484
403282
923710
407020
389640
659678
280345
486913
307652
247368
267113
389389
775358
130146
331724
405860
299132
159137
108941
757130
94264
810620
165281
135393
234348
113708
729469
370428
778496
429652
455186
815377
84878
818811
198694
250829
121806
54964
155216
105026
19107
443807
928272
330044
469249
25544
975497
162609
752889
973996
501723
291158
393954
864156
841569
336910
254182
720955
965316
639421
692262
117922
736570
446075
601419
670242
518559
225317
397930
946473
410158
140685
305171
694909
26524
515025
427191
920678
689873
913481
763251
995369
327044
788442
921021
286702
687665
19368
957801
857987
80890
401064
239705
324281
207960
768339
79487
371180
800316
722422
202640
997025
832582
271654
98184
429127
660064
294865
696211
994144
449465
596208
837407
957305
696666
392089
299388
445589
184230
150129
143660
624808
33394
698111
911245
290175
982782
338907
44768
316093
498896
157445
362165
320319
366956
362450
982709
95521
29554
740864
613324
133210
40916
686379
980081
103682
398897
72985
904787
868981
584787
697392
464609
434063
685314
674247
607350
265878
742083
972761
818592
357880
628656
54870
733899
747561
330997
108435
128463
859822
74148
798498
55507
651512
586614
377469
233564
693544
595359
632604
492278
779953
738765
425766
764797
857948
106236
600580
255048
906148
273848
4944
710643
136193
927153
789164
998216
580802
55540
320240
110346
455891
263564
73403
567325
347167
375028
32874
667669
391630
47287
773863
623961
890095
176422
752153
527411
886962
97846
503737
623928
909900
516915
400964
696015
89533
190437
715468
735839
411310
559102
401002
808345
385331
935164
737038
722463
577713
680993
168119
921167
115481
286157
857918
762609
743506
648437
149004
985785
54901
520386
719147
926840
514930
720456
431802
671270
318096
652513
759035
943940
875601
744230
111110
776305
207091
787081
646688
428299
159123
56146
705063
964224
669613
895604
728996
681840
803966
992779
738691
763584
361226
162421
529566
5630
269369
75338
942773
743916
842973
150777
492666
837803
574607
14080
296841
10694
240631
367303
585141
849943
896105
478490
109118
895962
483436
770370
61662
123980
59799
423550
689986
112959
510613
444771
859606
785213
690887
493773
474425
519126
872712
302913
672912
705673
734284
894433
520950
188235
777313
686090
132945
924470
936472
423054
380224
159249
652605
806665
906928
225400
920961
16290
420110
845288
244217
314912
957399
345385
235327
344486
428235
968920
276918
920717
231552
402000
258284
755804
787986
48821
254424
471526
725752
945564
593282
373441
574002
561690
953282
896606
695390
607784
52064
811466
278762
729072
210139
262976
99556
810039
87685
303464
764206
847654
903691
566192
274893
24694
907603
279366
942624
534711
453758
352175
860589
574846
154573
868935
398679
328297
127135
543381
504620
884048
79384
49034
194331
645834
409246
175382
348674
305049
197117
258344
194214
10099
104106
213760
505660
583598
290533
735538
293540
42311
630135
780985
487221
185230
160859
796277
989363
476722
949945
845890
750877
764773
168397
406711
31011
115051
925479
826424
850485
119109
330507
230264
292791
53812
747704
22031
103633
500140
692166
940980
393954
44695
148136
533463
483028
49218
23057
733342
856202
675112
211188
816697
596022
513881
573411
565540
940808
707911
67993
560313
118145
194861
755603
833007
783526
667868
216088
440627
159695
98212
1626
446497
982303
343067
630517
136415
796622
662989
755348
668310
330017
487936
91699
807822
327803
168354
443262
164709
746573
313745
183321
741996
856170
626759
328249
396767
546677
207777
51055
164926
954171
729994
576965
566860
726749
139912
33089
34467
387558
660707
466695
188978
730875
973613
615834
851605
4400
394611
599107
501903
901687
680830
690058
333031
935027
972870
987169
982044
449579
303796
64481
556677
272218
89235
756843
994378
933603
642962
714928
301625
507745
315576
549069
47558
615900
768229
272782
142114
490585
788800
731796
335478
62537
842562
489233
334332
94689
736926
907567
90874
865545
466508
102736
912540
210670
675825
728113
319790
772146
170733
49512
443443
73283
532992
526220
711972
168265
135513
326835
529736
209081
748349
891478
785004
172231
981521
244369
157760
93176
500804
611335
817230
466517
693083
658403
649432
374779
735258
523833
587852
299856
207116
449418
678822
698128
463152
115494
808994
214469
724928
780460
411037
512469
238366
462189
784584
575349
982686
553583
609863
485948
841706
866893
178412
285970
234326
718268
952266
599111
545601
926248
858361
487680
408484
382908
508646
334539
220218
81025
939412
317396
943180
542686
762611
992305
678360
912318
314395
291096
489949
311503
608229
203120
834374
382118
303846
408388
682544
105791
593225
156436
179354
81954
769160
241926
657960
869474
149575
287930
573780
620096
97613
79419
164658
701228
217375
55952
272862
644523
54203
735731
684484
773908
91758
19161
788939
901364
452051
157936
900063
798225
475048
810919
965657
342156
457422
229990
974093
65375
254685
413343
746865
573574
783329
972220
842725
65339
957814
506040
396963
359897
815099
603402
500997
517858
179894
140539
737325
997468
754180
717465
170452
836310
796795
522820
9139
880520
162782
800805
532103
131928
15612
627839
382469
816697
717797
827613
41690
263342
978698
158699
876701
815917
974960
679905
663956
235358
944017
751258
24480
365954
851151
795779
641350
888497
780117
448430
23578
634236
737804
643718
55882
775537
35191
859229
904068
375804
448300
534946
902341
78186
486896
242414
455167
967817
594029
945661
96294
938860
107666
127290
680856
265163
741000
757938
604455
48006
665164
9771
476932
440906
545965
123854
773513
619532
130660
343423
560994
110963
811851
686925
946393
984850
121596
123077
55358
372947
566919
931745
599023
451247
97295
708894
383370
942233
3457
287467
1708
611450
750642
873981
247396
14999
44949
257791
678137
731408
874645
456231
514964
804418
450773
497444
928972
762251
507842
391411
228748
272877
552849
397841
452387
824012
218074
905355
197608
270417
332881
93361
735944
992177
670813
2473
74478
22024
208406
496543
32205
916447
550368
697562
29709
782220
56606
798634
431887
307001
983317
276606
531423
193213
778783
426770
418741
72614
114825
112325
490280
725080
252169
403720
822192
451662
200287
478963
390294
155775
18566
534386
595322
199453
811927
406300
603648
810871
313083
630052
554009
234239
174795
938664
373353
770213
235270
677415
888986
225569
907054
559696
524797
799952
782207
798517
278040
743606
393869
21726
625744
280610
379065
924986
448308
105583
922319
594864
852835
207014
51071
488852
342428
451393
780535
86966
926048
709579
196121
537876
692358
370595
27358
953839
227099
82207
357703
181819
723827
863500
607035
274735
184337
929620
98626
305149
802478
645625
983964
416348
787882
124029
357311
172096
738956
519012
202348
346731
52407
357585
647149
84189
402604
916365
250285
917671
216374
251431
502323
60446
983542
776309
465917
201258
603467
64056
811317
876798
176221
485918
394130
267682
324807
469920
738510
280044
914591
246156
350911
213325
164131
888029
522389
808455
307521
753222
6319
577916
456962
933646
848346
543842
715669
315028
201575
838099
317940
574196
418599
529281
236661
920834
227461
656199
706223
747379
108417
311578
537543
229468
333445
976478
166742
232338
431141
701589
5688
825712
304568
597362
658804
282998
981005
617676
561091
926542
868364
668654
447423
8747
951595
605451
394154
95306
810697
55055
607383
263514
666730
904272
331128
855736
765584
879523
848518
978323
545330
654539
19399
473263
456924
452429
750015
967557
12898
171359
870005
719175
475650
225790
447776
692864
20565
955231
996463
833690
904370
103805
250674
359866
829920
150225
310504
215429
580085
830304
840677
593862
559439
83310
67488
731752
894574
312336
294231
464541
532141
684831
945887
775777
552667
928009
622795
460249
750010
116609
86456
300437
782356
281494
106868
659253
504820
605601
80329
832551
845256
118169
988777
168270
876177
486913
903415
854142
367748
6976
783856
145188
829633
316433
803060
735811
528621
661777
499829
224793
555694
169653
850683
914272
696386
310430
670225
587632
799676
892293
843983
50753
47517
362513
360773
315087
701195
196424
813249
857430
688752
981921
427134
250813
951026
617335
474025
806479
545930
466330
647568
813476
603524
783360
860394
963358
623954
810457
787645
461839
143372
862464
186288
523192
547208
918349
84525
723372
592466
89671
613490
805012
727432
211319
843829
625803
929685
32600
961202
362985
252232
128170
325010
606109
175760
484581
585209
826804
819414
389579
578028
564918
940215
35094
240734
940399
884060
997073
436438
870411
657080
366211
890558
435483
211550
843205
254730
825460
524221
643253
960450
526902
796601
779907
23534
272810
457446
87081
953950
224197
262947
632247
872979
107466
953041
948236
408205
894603
255919
244257
112370
350223
849876
967807
642008
755791
99719
573777
63407
529819
104318
145940
941582
980826
484402
892458
356504
998190
491803
760910
351627
875254
945421
556706
280421
562093
385391
365029
296690
400303
330772
581696
396855
298076
984887
961087
741173
431765
242904
368541
866394
815972
426669
688056
549705
466808
21895
369699
423748
835981
908675
876378
212660
122090
887592
290128
318614
694596
593892
395429
245185
198464
846494
924723
383767
528918
201463
49352
319880
979473
749283
977838
19134
154611
108253
227877
585577
299061
968524
872946
458151
837803
821936
4688
821326
125126
158728
441733
558618
739315
467012
889936
650350
488034
445794
712830
193416
320865
692264
79260
843782
917478
23229
603015
499535
395883
506083
880991
601120
462324
328020
444122
365363
894124
114425
13301
970061
439853
80513
562885
869861
787551
597540
330795
262892
120952
266165
864613
241085
683681
918621
193026
269283
203577
540345
4142
327297
963122
392402
373483
910434
626393
216373
776992
258206
94644
277359
481483
177829
199940
266855
821523
255915
967338
925208
544249
901168
708134
379497
931564
338475
533946
120490
491835
311314
567021
845677
791077
346249
323307
872831
736140
765028
426186
799426
656264
687963
441127
153640
726936
733641
615791
208718
214516
244321
640058
820210
714046
454638
607185
888595
741590
657284
224400
182948
697613
243656
190631
255276
992561
13401
508794
99965
399750
493594
494440
209230
790038
419422
210473
301048
54496
496366
628497
367817
674220
801209
2865
604169
895870
49817
919197
906055
790441
682302
914567
895390
71290
908217
739338
650121
972181
583719
170499
942496
753438
609784
890778
344495
97550
968219
833758
677553
99557
774408
911950
364398
967678
865385
707957
381166
833022
793510
752813
739097
508390
255563
491779
50924
100489
256856
189563
751386
40599
268902
747754
220861
849367
695217
701634
35319
37427
100166
163883
11946
8045
608842
448587
902799
169904
988964
887656
535159
142209
809352
79141
891356
856596
60961
137257
487523
58171
455003
233949
775473
414649
308234
169619
898407
923317
988858
552900
575675
260426
223700
906354
980212
162043
620073
2348
13122
413444
917598
647280
341239
865995
786228
919338
721574
766006
618163
573403
903959
330710
197683
192597
570404
905408
78855
672866
100723
996221
817030
260741
332751
917143
999031
955032
485477
192916
708888
197972
128793
532159
342667
931119
825027
977121
819998
410464
82762
454991
847798
858046
3034
616925
521943
630470
779141
920432
438225
216827
828852
69553
344266
9576
913351
290206
102053
858305
939921
605498
353741
915752
578345
275621
240224
568779
801326
635014
348858
883882
520155
7780
15132
441654
703939
314772
733561
579413
837097
227661
302237
884099
17022
74647
1274
86482
668791
885218
74129
124818
388619
591667
827833
358027
265926
705145
636623
916647
481037
394174
734843
821933
351535
897017
859482
771496
969315
393472
542733
302822
545636
794
357406
943516
447782
128435
880906
593703
142387
656873
326639
692333
347943
134851
365267
882082
413188
127745
157134
810534
937203
328270
69782
212684
535256
767122
520357
544310
185104
904228
117833
246684
28810
142685
8711
964395
397183
477703
164077
782986
273679
464885
296819
883319
420473
173100
345101
570192
777335
440639
903120
727918
557556
844472
111038
848364
224427
96370
165680
185797
802269
910980
897183
984219
233391
922904
43278
978580
137373
717081
128152
368031
290527
214154
660242
811093
559063
954996
940828
17018
643123
333816
144905
483362
356197
126082
376296
87280
174204
668830
965807
266042
884127
190564
384323
961352
746726
311567
817127
275515
136533
793644
152574
7819
612662
806510
243646
854441
238226
715742
206003
821443
774667
837743
343213
395174
239065
716336
851784
395901
867935
441370
187862
821623
497321
254793
184939
72263
706949
692744
484804
728773
763387
154437
823316
153586
24874
645859
543469
680920
111168
349870
207047
910224
912277
474410
920881
370781
259365
116036
506705
485238
914664
736874
766681
97314
524752
690998
445513
166587
161822
757765
974106
690196
558242
778727
936462
66679
894349
536687
944722
109703
221300
953193
559500
918916
523428
589995
10311
430637
212316
202244
773944
292800
329003
701714
832557
579997
707687
275440
50001
353993
741959
778123
69086
480909
492254
804118
731423
363582
174004
685012
865697
268376
633987
394066
978742
535428
902539
192759
787685
281657
154450
595379
902385
780862
369788
252949
748292
1230
789698
437881
414456
174996
527954
607326
368963
998997
440387
102806
506940
535597
384564
961878
799246
491185
557376
139437
815928
868148
623007
750546
430078
165669
491164
683862
759152
390997
875566
675320
782932
664727
209910
531735
261682
183616
650132
382466
224509
825934
446374
320875
819545
675557
898975
334715
312589
896756
112383
339135
510279
678583
821684
748223
528518
790101
276237
342447
19816
151401
158871
289727
614928
807902
996182
389965
575603
232755
984098
732730
33984
449694
332187
31258
293737
15693
205578
142981
714771
903495
781077
903307
59286
736689
737503
302852
640305
246253
628666
242692
226765
891421
913673
738798
922924
575749
756663
719264
699182
883982
291470
458700
581952
568359
648565
767974
785697
705222
22665
894521
878866
875405
700438
517973
19738
40711
762418
87843
493491
715473
975926
209945
399061
854165
648922
794888
2204
741362
675052
263634
932184
872888
194797
783994
286705
961359
773832
43220
354933
78967
359087
971611
182784
542057
118164
588321
814087
643357
99330
667681
3585
293733
218325
786928
379634
89271
553500
366930
370645
940680
833161
355305
788837
666131
375635
143113
843400
441208
937
572774
975000
387714
360850
374063
572112
712513
144805
571060
731152
342486
932322
272449
236749
636813
916012
458319
733976
472676
83492
964304
818569
170218
406371
718697
820744
753923
926931
959868
939319
340168
321835
157218
535807
764875
234565
921080
741558
796088
733341
365329
683114
912726
334696
950217
989005
174829
298959
369337
484285
990210
850054
908614
95278
315390
702733
530900
648758
837997
346819
543768
717684
175522
520226
418636
199454
425975
858779
326651
20198
969905
340623
478204
656841
816067
140263
675579
377332
180073
750544
738034
747923
968309
647830
969784
941367
327335
107676
931440
363874
853108
464694
846178
346290
751657
576099
774886
400488
300649
504874
348156
277205
251410
914383
797817
888800
387966
872562
770652
210294
306086
212229
474175
374862
830176
529256
782761
790424
208329
388707
239488
816961
400381
812479
465244
498213
989827
927681
524086
363218
381126
180420
422975
531381
152254
45746
592013
316068
986094
382623
765872
978119
208966
545474
713827
391332
602856
306832
139486
332869
835015
258551
38600
244807
981484
444532
477898
224770
194707
430737
395583
99920
306994
761982
83975
711996
367961
996363
245435
201865
196340
962880
736763
14748
312878
749338
691362
958790
466096
101282
94171
200114
721031
527210
936205
203240
579236
719079
455218
805947
983228
757030
145733
56917
862672
70509
608282
927197
401799
178479
993223
906370
386999
104234
982400
115815
919426
168033
625281
106411
215645
30257
943844
543572
650156
865299
419538
934679
202569
44653
370262
509446
748324
392021
103821
143446
227524
736163
379514
79948
740780
287601
138422
159108
934680
311026
532676
295902
944870
168620
228867
44293
88466
714003
22204
733981
732506
90883
641051
944649
614400
104410
205627
392598
784942
686192
181018
441095
975155
169269
417900
828029
580332
273637
135179
149571
667582
461034
742539
550772
288639
547022
332780
733833
18740
19674
885097
988291
331253
361936
431085
176241
638317
496386
388069
914783
303806
505614
509360
910491
890753
157175
271027
956965
486635
833824
155658
282930
627659
870567
616921
726173
58607
665819
263296
489771
353894
589916
211181
535097
797921
499854
690955
680964
66419
367993
922840
592725
238264
805312
962004
65991
635729
181692
359893
227830
222093
973045
39095
721286
984739
322813
673585
522445
845916
222248
70852
421150
517773
159147
741388
256691
790786
996560
464249
18358
145975
15507
969559
531692
971583
932701
623625
778431
132296
715290
849108
343654
795894
471481
240919
73651
687787
735871
85721
893112
307496
166216
743163
322199
421261
621404
384524
869669
689276
54570
617467
151994
347100
412388
954279
966872
791929
304758
985491
529526
311689
401380
488757
103272
906634
870591
680365
936876
398918
859459
813395
710099
412600
379344
170537
434825
48969
369539
747183
131204
271347
343345
871830
41541
382215
669887
737548
164302
653321
266209
378102
827041
549625
180653
849596
222832
544621
915483
522749
938150
99161
193052
629220
790224
349873
954963
63058
693738
760677
967732
509691
453058
388747
272248
640653
731211
284507
106362
835018
397377
409555
935921
95799
6195
596219
654347
562604
181234
920835
130082
409292
824660
9672
769181
34767
253733
680181
690086
169019
745068
572614
448195
579186
123029
839848
947091
766948
101568
156413
19944
46884
668453
223291
652539
340696
191841
29620
589776
566347
798626
588272
587047
105245
407660
119286
772636
71194
145989
248106
760092
994279
643843
447824
72004
186840
32240
436591
675991
386719
248535
911696
200732
303392
55086
317285
924690
891296
679583
236807
564689
325979
289781
889944
588479
111924
619103
609288
24811
569671
423908
626610
572681
241115
63332
337446
648715
245875
297287
138178
675160
274243
362244
302009
662699
821056
997584
711478
464075
41360
59425
81625
721186
831137
763101
664671
377853
697045
389988
786401
689503
230619
721911
934835
222786
682585
379459
812845
385515
522885
519054
280774
840360
443859
298493
289883
500649
24009
269695
524240
272185
165358
78490
387405
723863
408864
416528
181418
213685
856261
641261
43813
7372
208154
482608
287184
773914
18023
234388
448648
197050
298899
485433
586527
554782
521172
715444
320667
646762
776062
315760
357592
228144
783101
795327
204936
860228
119198
277185
396827
252412
692999
612783
748666
88326
39687
867013
452012
558694
353352
844362
862044
126538
229281
863549
235890
824203
468872
804829
973597
72322
828837
623829
344690
828293
571073
636803
895022
247229
965789
252388
826839
400549
311263
886621
124865
379745
466280
996776
108909
338553
342401
982937
823116
678512
78899
917644
973985
317765
631029
621102
897348
889029
96960
367140
52354
394187
356607
615771
480034
663702
238242
44525
454083
786757
28626
68525
127777
159921
212607
41359
544502
900839
953044
577655
217661
811905
336012
798236
90961
121567
33886
70489
157428
124423
698388
179664
274796
366935
771322
385915
359112
652451
669489
540817
118529
621423
651235
261840
281531
543818
624977
55469
816043
547781
796231
531158
982930
812047
119665
660704
789223
561390
37832
301778
900754
684316
854501
716365
551573
135356
76726
6422
161541
117431
757582
936130
845814
545336
36310
781373
89974
742976
203553
694134
739055
186406
694302
639403
863152
757615
514854
35020
424645
770949
827637
567695
915714
989336
326390
831184
158495
466830
910711
223714
610941
706920
739004
879734
305991
562098
749359
979814
181300
223270
639797
259807
22632
81375
714075
701609
752442
546357
619439
475861
651024
616697
639404
259074
58471
412942
972557
441611
724655
890210
657154
685008
494931
659080
406272
420512
758998
296116
525235
961280
353369
633170
35535
979930
163385
241475
955588
792709
726677
352244
502480
849389
889453
48029
342126
827871
992998
811796
777388
690868
838762
746827
540186
832471
580204
531628
577054
328948
483401
481487
758501
374718
640138
629846
856180
198301
454342
632550
936412
211187
793572
641410
103244
63946
864446
771333
886784
726364
280994
890300
902936
116797
477810
258974
603203
180137
116715
393897
760410
864742
142786
162009
863049
545365
180650
443079
967464
345947
817907
409629
19048
40358
717260
750322
230952
404702
268777
833094
881127
908138
916352
657499
793236
765532
130733
553902
249026
271418
450805
706769
572663
888490
929767
122086
628324
686073
436190
918778
275502
211336
204708
426427
597418
450451
110129
440983
668712
665055
76817
494131
744550
992448
562339
201797
752870
730116
842493
934223
762906
601152
96621
410297
383099
288181
353306
126857
412088
61150
464714
202177
162956
88216
751101
862165
744680
581422
82806
985671
410896
78208
19289
45601
890562
474000
913200
41678
741584
601194
116679
456662
847631
54701
334712
117429
94824
913273
385409
295126
911563
99255
576145
482417
946756
641023
731490
93054
652838
166570
259519
261396
906595
463734
641127
465187
972990
79759
13194
376010
832471
440768
575024
822614
43365
958774
497849
384600
286275
823596
349247
379618
222049
975160
561303
376798
615579
196978
7671
99338
566374
704188
671729
890260
18278
141619
102493
335181
741534
171185
863574
779533
664191
635323
959067
93412
839457
67534
653205
284664
389775
882305
552183
532864
990268
238679
334401
245596
7124
272099
371104
829582
376878
951768
147952
422233
372061
61293
464801
411444
830246
293481
52407
928747
458635
239312
954155
168339
154630
709482
873647
991272
779794
278124
209295
111237
789794
297990
149171
826430
461365
523912
513025
355229
391553
902833
549151
433016
586700
763542
752598
159915
835226
835692
959762
707576
483585
165298
904646
570999
312920
836925
585260
51131
414606
457057
595434
448260
205655
499193
195856
668378
815488
839956
142206
596876
148260
86332
500323
311493
763383
73764
114912
9415
161727
706989
181962
310727
727971
446229
769678
514789
551516
752573
922224
831239
740488
368917
36844
600657
42909
92966
739133
983746
260346
500155
410427
906222
888089
963117
483999
380500
403297
948234
82594
251867
676824
672865
884036
824942
276854
409773
388393
923889
606100
738716
157918
72222
927300
90618
505
129089
793466
248383
218653
234188
218471
827825
420188
56216
172582
416055
364536
739897
102351
313340
990530
429884
778666
354684
985700
709823
644286
663151
214650
988077
50119
330830
176090
100309
654021
927814
702900
269863
226865
953848
857813
618122
18187
561707
72838
250396
93070
500751
856081
410247
91909
828911
77603
502588
140471
692914
726477
821968
740478
702605
714021
287535
973174
526473
952841
243521
676624
311532
234755
272151
239302
965191
202440
325202
40233
618523
998939
442321
108310
838953
388623
231508
236551
742613
653417
433394
871109
73718
31651
273267
633339
431485
713933
33227
864295
187647
627727
259316
658473
525984
74377
995366
761214
189918
716763
757494
209542
543863
730944
157832
990593
658104
885013
545970
99864
766564
459128
137775
350424
115453
355467
381565
173241
943217
448792
230100
605405
247652
36623
548227
135892
525718
345898
737448
21212
634993
276593
386891
959526
33458
88921
274583
949203
473585
485128
119863
728894
816078
160436
271242
95602
438650
194345
37250
346748
23583
74601
21278
545756
209517
480877
444353
328021
838659
400714
872367
352228
78198
236143
644645
57869
913856
259531
108178
829648
417096
213707
430965
924859
450505
936577
860948
687833
612258
175456
965974
813704
368826
911268
987774
908584
997966
761998
644676
434671
140249
980301
555026
706842
630047
359353
28888
323070
807957
571704
37324
908477
887600
980867
96769
618068
176200
750531
941027
213648
730537
331669
21773
467616
359543
23597
112839
311430
423099
550742
329695
974696
495246
865751
398882
492803
306720
906610
531703
784255
358054
998278
533721
443741
103134
526292
635952
892620
320768
264286
286282
381019
453634
271979
925370
466826
779336
693480
669133
298553
677479
538088
422886
481538
107093
625036
671925
372450
977198
971518
513112
248082
388453
256215
567438
624820
40581
925025
50260
49897
834851
886262
862174
502975
293283
799943
934771
838024
925731
616313
221477
692677
346823
371561
410668
239297
833058
232528
916319
447739
935869
587522
247438
210812
305480
312657
547838
892358
374427
808014
608898
740077
279655
882031
275058
835839
943933
296780
993739
583262
182202
504964
199587
285871
486799
922492
464711
990443
723305
368007
151794
507283
816641
986466
531052
242880
18817
875094
25534
690264
738065
46144
387917
295965
62142
715309
422363
588767
662791
938015
845269
392018
564227
516077
70041
88122
697074
240518
542985
520514
325726
71573
502725
11821
132525
143361
315336
202276
805894
221964
511649
457005
500446
90523
691979
520380
921374
583060
208427
418724
858803
387363
622951
209574
177393
920408
816606
496810
810533
35242
309511
894348
432949
12639
794473
723469
542262
120259
15476
985834
442891
115477
25403
179786
799860
318402
616655
643152
760634
853833
878521
596752
148789
258749
309203
573983
133177
693609
895875
154692
514331
616205
967445
373066
660515
245639
220596
138807
389584
434701
295429
494871
729730
636631
340769
89905
642120
198874
944045
411547
567174
412782
516631
561578
171587
924752
285870
776641
344077
416452
239646
16202
102473
974483
590727
178819
467227
481714
979322
369520
453166
456195
594127
204143
699936
873524
830630
437352
837645
78662
342456
637730
226807
8040
96025
275315
287567
224001
751692
111568
939938
931981
830722
200386
160227
387999
140145
260410
490321
330756
301006
506747
452869
729160
578791
945141
871642
211730
977310
570098
355769
624170
801285
977769
589631
242139
693587
802992
650638
64052
584961
758991
400109
410216
358148
601200
445468
4949
625127
4786
839161
157538
92036
916636
635848
774849
692318
260014
503587
477972
742238
798292
583357
949036
239145
716724
201684
662892
773274
374054
100211
759692
785633
45059
274081
235193
766007
251734
636458
565402
949949
80240
154695
359150
518769
405144
831532
950545
503883
67935
506734
489629
889402
275728
66064
946989
157878
203526
353129
695549
149698
602265
876595
332141
199104
819504
814194
619685
208688
347706
694782
617362
807559
316664
209199
674765
593448
928497
455653
689629
277505
738569
877234
235539
618885
149868
23076
179412
691841
775589
374130
380084
955421
540427
319873
125436
884850
307546
549652
173070
539970
188383
840015
772896
839576
208077
722726
14820
183805
74798
15847
831624
474644
576115
203232
815449
768659
631020
409902
99010
833886
431315
214563
596915
386497
155138
163283
351005
283082
628805
772603
196889
437505
129610
845199
40488
360262
157877
170783
355221
671813
705744
566309
300407
572887
259488
758445
429011
908216
911826
336417
795486
540257
959636
722352
646815
386306
440129
973595
302259
444510
77876
547292
449899
28418
101438
172979
164751
797603
862706
423182
85574
872595
787741
147667
421453
236896
627667
571470
803301
320585
5924
902130
462858
914078
235694
172942
188445
623987
982348
702349
693603
705280
751788
16809
960934
19480
7039
818094
75065
600260
569865
825063
840665
184252
383128
724967
587247
223681
872145
827125
571763
425242
887845
903061
650410
980329
38947
693615
595471
378472
813800
253279
571344
228806
455473
363736
23855
557336
169873
23221
759817
155965
793469
527326
949492
514195
412549
529107
496321
738256
139934
400152
58976
187518
519386
537597
908259
859541
553784
226377
736731
266166
970840
258691
898079
188994
306951
2972
240299
397077
891064
184828
798628
365091
649428
357351
785785
887341
962984
510860
805862
138079
609085
433514
631314
289033
889797
467615
929113
565688
908913
418383
528804
390576
19104
872045
643571
656841
718641
846697
31932
833571
760697
116022
967341
872840
387536
971831
252430
379868
883270
67525
292546
277187
294899
81759
322604
513551
648108
264111
601007
686436
817490
181749
9741
753835
220484
671378
32753
259247
529332
514099
847688
522903
242839
113880
690313
989312
189558
386368
167382
702135
56098
463923
74106
460752
41221
168172
123794
730342
912787
822560
392713
851119
256030
50095
283324
639226
214793
709734
980092
992136
675796
384303
454961
517509
530839
736598
278043
653729
680778
467064
652660
558095
375745
526026
175602
973914
46197
588739
482216
60255
738940
228199
813644
852139
374875
786225
722835
771953
278066
676445
484857
674984
720725
175823
213213
224127
512827
417827
44808
119230
93072
700754
268238
268347
755109
996221
607373
155637
187591
15450
13907
868240
566637
329400
108316
135853
800267
721136
176184
934565
644611
460138
729099
370339
467337
947886
928283
785481
372596
564468
329003
206859
410882
272903
104268
551060
677569
114736
177652
431617
91683
425525
644236
941225
55302
541660
561353
298802
827807
626766
844266
340289
182338
750999
117708
972681
163216
519306
470509
516357
758653
871681
300411
42688
899196
277186
853080
51793
239690
46910
204909
328741
181652
67571
357672
829237
278022
467953
881555
669974
173490
561337
1234
661294
436568
271872
795961
584580
834968
246612
874632
903537
129393
866710
814916
200883
771445
605029
192114
88161
813643
126619
842867
821944
677344
828017
831159
461011
902764
957886
524895
131897
459613
309980
798835
680529
932642
427
816444
473008
72853
673839
62400
647379
789381
567509
599640
852712
417823
465747
679535
452294
281145
822573
999001
76542
441276
42771
326157
899721
149675
660200
648385
451488
456532
903773
637537
719595
993617
803260
879211
407121
262459
158337
618282
856046
179821
598114
782028
706659
161072
318384
652386
505607
221960
8149
514804
7994
257690
779261
245951
686170
900088
835922
974925
437007
558603
544799
653551
77314
425244
607318
76312
970603
822399
703213
91545
28550
330140
557026
450612
331879
395803
46368
642976
783397
751851
870138
179289
962098
837808
718612
214112
628235
299911
496353
836566
273162
815862
273734
712817
593049
656309
783069
574552
758657
866963
808342
446625
406176
404935
40121
776293
587577
526292
906311
800700
566821
887895
972862
996634
609512
964336
280122
524997
215135
460107
295416
616498
702229
373450
733430
274427
15604
833233
423159
128960
791064
264493
401890
887255
983167
153506
190730
501361
860509
411855
156297
315850
386060
288000
186821
900748
345505
673680
409748
584193
78234
897977
558460
331571
596787
583866
581011
133859
657879
185571
742021
175714
981236
284224
823092
377934
402151
552864
257082
727404
375703
28929
138185
234399
360030
164953
190964
174915
2145
446595
127239
270057
756544
526469
418256
515439
247657
494266
610433
519290
889799
764000
632621
821203
527000
958976
467312
186331
894365
353334
193260
234476
27882
157084
843181
438286
212573
378455
839470
351059
614763
534653
220917
670736
828886
416994
250969
987512
625211
392126
810980
67734
433351
30972
376851
796070
906442
650785
867898
475857
686372
719511
881988
197252
475419
863510
62233
434924
863567
832494
167576
297744
919108
360563
184771
840394
416159
110277
186618
693603
872236
373114
365152
186954
946844
340203
284122
370801
344524
332376
505718
402821
451584
453688
786472
72712
951214
396962
437935
730444
343671
50705
712854
271437
935473
472535
303190
898220
148383
766113
305048
46852
770178
320163
729
650027
476680
138016
163495
687239
401123
6167
55496
845514
679221
183821
256761
244555
303399
461940
199380
241090
833049
991669
475531
672864
185395
990751
10704
564873
305626
246699
4503
791279
404223
35563
184115
837324
165649
217039
756701
698811
480787
871828
843476
572468
218888
68554
297886
708322
203914
385984
216748
543075
311162
525838
743323
766620
707921
771390
366679
721589
103573
555223
539354
881976
285416
267912
765970
982210
279674
109998
775777
330467
914847
115010
741886
173464
30012
146658
476152
447842
685018
85434
222491
775042
108508
799567
457195
138580
544909
997352
837709
726853
571219
822489
763142
953331
220673
761261
17178
96863
556488
470447
679574
894481
645132
993685
274730
233481
721365
654474
705454
950493
778268
604182
483077
444404
324166
613613
23391
534813
25901
970193
645912
370189
540505
34340
524414
124019
607117
362638
18992
32634
389118
273479
858657
627867
283807
512961
676732
916571
426263
373301
786210
381096
866964
221961
473806
690060
759737
688731
182746
987340
587443
296045
490330
34463
809833
307117
653414
168014
23377
119071
927158
155109
749536
323497
624486
485651
389273
881147
647256
243619
722567
977497
857016
378263
886342
364550
102299
677918
817211
592910
228161
386803
875619
305456
252473
462610
870473
485671
732387
695318
630738
236756
688337
990196
12530
163722
672391
186574
569153
103349
57378
714613
502824
576039
886357
993022
590069
920001
385998
256575
651599
359482
377463
727527
899395
481679
624024
380023
806844
256711
973081
476705
518417
873122
114149
779259
519737
776414
734379
932896
799322
774565
351934
853732
954622
123990
789596
864369
599078
389486
260108
425666
516409
414035
945376
315836
369045
475709
300442
492452
792391
519297
361515
163713
309653
529403
309399
325391
462136
750232
738420
768157
119079
559358
421073
255556
425678
929304
553330
857220
745630
509569
708730
900860
298493
675852
670882
265222
732574
31662
384165
568493
693932
852425
197374
54539
64736
308821
490633
683332
117171
107501
190278
256217
476973
452788
650429
299369
817371
676706
821499
35402
938078
610990
673594
556928
213024
837338
876382
274904
233698
342294
549916
184996
369713
207058
744053
484115
706488
906083
355104
369452
404334
696721
643590
830951
534512
48059
440807
397288
510185
128679
685082
195161
935341
96042
187889
65571
204197
981488
749563
375112
380389
504169
870563
786016
494170
662544
560757
96557
62815
331673
996673
186461
599150
244983
614488
820061
38771
748935
939187
681557
268540
81884
900852
504771
223821
972584
254980
666039
506065
311939
940699
890345
206058
501083
823326
241138
43689
538297
977954
225453
882649
916524
117390
731691
143606
877524
911519
204941
120187
890764
141126
872834
128473
131509
215596
417246
705923
121116
83029
941203
974502
704711
831714
689486
588471
352545
54640
651952
472612
373631
287583
738279
246956
51470
818733
389289
418762
977051
213888
603725
871821
871679
818946
136710
781059
370917
635750
591036
425619
69434
966410
497480
415786
372527
669749
529996
328590
659694
776319
403182
870350
393687
527568
988655
626074
207093
910528
71403
162863
830338
130398
957679
592170
610643
337676
88498
971390
88545
384264
502066
818177
565750
555717
166573
882529
416241
143543
361912
221747
512501
985774
331134
906860
359860
46490
650969
495656
171987
93869
541382
400680
163643
990366
375368
891225
113788
100553
139100
458703
498205
319219
809044
800721
110340
741868
274579
835405
874366
85965
824036
568620
532780
186721
38711
275584
259147
597152
793656
115290
604126
530902
257037
985657
563514
566179
229229
656285
302190
627547
119960
795833
146509
908878
148470
419654
220249
477857
236688
272244
757837
70299
281701
900539
441990
515708
909482
793936
90576
824775
187682
283956
284297
288609
992149
169638
655604
658642
540720
37625
431581
132648
863545
284288
190180
184826
330092
953381
816039
149194
866423
370073
33808
420100
958607
889893
862968
434531
882797
648416
327030
538803
919081
388985
133577
234865
396273
138228
717917
483150
872614
71922
904317
668754
801299
879464
801430
964126
413002
924722
694436
12810
428701
349248
143740
374444
126582
893102
933876
214010
280788
780914
539570
190023
785762
235631
30992
677673
332790
351718
150185
16764
157027
227404
444355
255
680635
526198
57689
271579
731236
215792
188419
504772
891093
595822
921476
601337
389422
129626
672432
532709
880050
288844
631736
935080
932962
817304
813459
587503
220662
171776
697803
47999
63290
5002
860706
297938
815748
58925
410335
678168
701902
929061
913208
714590
49716
326118
12893
735692
155467
42605
348575
317960
166043
613617
334459
422649
305659
350072
624967
13734
539976
260999
564600
220220
621697
141106
657549
176046
875714
597585
703196
323255
197275
998035
634295
793723
657101
124012
310011
330891
458976
262826
476597
348999
217700
710246
310960
748766
790594
247829
931679
567858
439293
366334
992739
392214
681419
219142
618362
617081
239114
926375
188294
820252
117665
446015
868533
367167
71860
471364
272209
514778
133763
885142
783014
422535
356512
907181
842379
519357
240651
296305
304527
133494
925035
359017
986178
828850
297259
948171
302109
9813
336879
335538
542286
427820
44594
910829
476452
42765
910334
85747
360020
797596
819270
119285
793894
378538
360419
394444
901375
696375
156137
767762
580299
159512
283494
109324
83014
774324
146807
784900
546152
885736
241542
60470
76395
6411
676515
432096
922234
792779
605566
480252
257912
166134
318911
867594
12393
688469
925826
271174
93889
2099
764786
898042
561287
532795
470401
650540
820454
855487
941825
837175
332176
23445
499426
602103
750799
756700
148616
824606
302890
14940
582728
3556
275056
460619
790848
291611
650340
805612
857936
835936
21573
590674
693241
108077
707896
779395
184080
210444
117844
384119
124766
12774
207882
316864
372759
95546
996975
259715
396789
412329
267112
982116
309169
814637
502385
808896
643870
658410
884618
274068
763938
338333
643198
277819
684433
136817
853457
649108
69672
950256
64901
38338
723042
449686
457225
142220
292026
723522
762751
880613
693118
799494
252392
324295
379149
919517
663983
55928
560045
659452
249358
403631
154379
6081
376865
37776
710224
565768
912005
577490
25180
120157
915436
246721
521121
322507
473601
743583
652831
563603
430706
826982
323639
165816
873439
611753
604015
364663
822877
701528
509889
107285
36582
768738
14688
631504
299297
156533
260744
993335
608266
629409
605888
471317
100734
664154
292271
217737
365222
346076
404760
447537
991997
668905
404916
337157
171007
839726
104363
139584
519536
153540
828910
72056
348998
371410
170419
204559
85940
972431
94414
796994
684243
123813
46953
470047
448431
801329
929888
532371
83564
156839
952059
803425
413652
29907
842889
576559
888126
981562
825877
883258
960987
718175
64648
395882
30432
464737
802523
366913
80843
920193
935734
61612
644373
452610
449770
350204
806579
647849
540360
474094
529288
610020
879004
575398
6570
576135
12297
601659
541327
57841
122562
70827
773460
356749
172515
97967
26409
589428
207274
749034
9245
613296
829972
932091
493634
449948
455704
434
618493
30759
500922
953950
534060
81271
405326
28036
856180
889002
931210
224365
290342
724919
730950
553175
929549
48755
933074
673931
328022
918064
26356
611982
819932
680704
863868
230257
465168
439255
247110
558851
575746
999374
511756
113319
270798
231812
215397
660992
155685
603359
254238
896776
413495
314032
426164
674880
533242
84853
947051
933058
444058
99831
950541
535730
850173
256404
124994
561491
289905
961495
937609
940662
483573
331075
547665
357837
285089
920111
50166
491997
830898
716555
244507
781266
901686
4288
872736
646956
263120
384438
171904
984471
136297
27439
828106
248665
891508
608848
379962
38437
423003
83072
224244
105932
139019
161513
803996
443859
693401
645020
672852
966431
904143
875601
564307
177741
658071
864460
771742
563358
477187
677722
3430
408400
872375
588155
116031
536328
192564
488602
122104
141610
812289
803191
108763
129483
807032
284837
607554
424702
35178
105583
466580
784331
666096
900630
77211
991422
914447
512310
784451
704987
204807
875910
644210
92719
221688
853374
481214
905793
911794
583187
305295
66280
721623
786142
717267
658102
356463
833051
772695
492818
4296
390412
85641
288547
652104
959421
854407
721320
122513
806243
588771
258533
185807
240478
755446
189176
34273
219614
548253
133066
860065
722849
381845
271649
867346
480474
254383
104465
444965
403374
922415
903762
605480
603863
156935
737645
877388
305259
290603
776657
159953
409207
744913
133506
763984
609733
912007
767601
431908
955325
313584
729638
856694
677160
640988
581722
871268
46735
637571
130273
331086
466626
738270
279748
771836
219893
2339
238061
909423
535044
940507
412091
44099
515735
308321
30582
409533
588000
602489
8028
33143
829953
287946
259354
244517
669835
269690
324950
379587
417378
37028
62313
735261
125500
724344
772970
440058
872712
960304
44645
617446
861675
432171
958187
313243
32997
153704
59075
63179
275730
254496
287038
735821
952589
272511
992680
534753
33455
197697
156379
981986
870901
357350
466925
877063
833727
383697
281481
988629
358773
179331
389659
340901
37508
35502
703397
529997
245126
529977
285615
109230
864128
870351
605787
955546
438149
830628
58454
341728
582391
730310
918571
894773
418029
493979
173746
594048
268913
392509
237413
813569
108256
657839
360018
284063
612212
922106
620333
452302
578719
940776
119357
137626
868813
269788
461303
101522
570572
974988
704104
800211
609288
965405
86923
862448
185775
433306
941498
956987
329779
186704
382337
521907
286126
526984
688527
682442
103327
531233
580038
777425
269842
608714
308273
433026
162590
910362
673941
442922
793544
452300
282272
338033
50693
900058
351871
888711
966365
421876
703883
646573
770731
513565
598627
491613
944449
677987
626069
260759
657832
528953
574069
37258
615877
363314
157520
122075
196311
765788
461883
179924
976220
243383
345924
382252
341651
968593
752778
604143
25693
168575
777641
342858
764605
592058
727949
434805
804286
795923
825896
528125
920756
618708
842814
681069
808730
596341
875229
596760
469787
782008
151659
68806
114028
275233
691863
2361
472150
623061
366961
45082
364049
730382
199766
163589
913420
878393
994820
778350
474378
443693
14540
299374
845734
167111
495269
178734
542199
91750
205788
210414
739854
521984
521257
506419
598812
250399
807070
388939
85361
959612
746617
3774
752735
561910
157720
827859
925693
734639
868236
211259
495623
781380
34565
20894
483683
360998
714925
376833
429630
21146
125138
53585
478485
159305
844667
266831
309584
721028
165339
883799
973960
838233
714659
822414
321065
52298
352562
286887
356211
669872
528360
885971
658843
237676
477720
420739
7758
147013
130076
358875
228437
199395
405314
133364
969939
405799
19939
377230
239916
280229
410388
263825
3776
15679
6582
307518
919253
742239
585897
629175
77779
837200
320349
368167
664680
816698
173576
381455
101964
120696
999156
74734
195038
87512
561136
599884
821485
657134
947750
868004
560404
965397
389261
543596
853757
353539
271221
957378
900870
740936
279743
838324
70144
750499
231471
207788
638548
422273
366682
137207
971584
812563
142265
990576
312063
572043
346016
376269
949639
974322
960776
309253
570604
295209
523144
646173
863138
941370
303075
924302
262943
110618
154810
374293
300639
642557
486178
840343
955009
686806
683792
308078
429839
825578
909745
893524
260443
328208
146263
352107
594436
577543
987213
737830
216856
583987
708363
978200
629523
425782
829765
257239
271046
901927
325342
254476
594963
657394
954
462234
368149
981132
822320
578793
442844
467729
93151
363982
616598
155771
179224
398617
325577
332481
314168
756346
466876
307978
358553
3984
99702
123788
432927
879184
343902
934854
166829
245646
763201
618582
538874
883563
434
347191
479806
829084
299852
654235
873286
370002
343571
865953
916967
561803
396729
10611
52495
186229
701180
232639
42423
560378
640300
858448
926132
361324
422987
1608
18541
621135
748685
82684
272999
256829
153918
546284
102716
908474
307203
304862
96171
463893
572664
42965
117576
77303
287929
894835
234196
696523
412220
689960
295399
301450
855899
193238
546122
850209
699760
364099
142561
643330
319514
99514
984069
783108
914524
128254
229104
895416
944035
76268
233233
100873
580904
389292
49280
399695
563436
740819
996812
215664
116576
551385
543215
302195
34151
290610
953891
889763
213427
189707
583053
447900
626316
126690
183384
392245
611375
132610
748701
804617
770643
40410
989566
174436
59015
527353
936658
700679
303223
50985
112954
639129
444045
350757
68562
373802
338355
169271
147204
847268
871735
765299
216630
202384
975624
749130
320931
851458
101917
712459
338631
491299
86005
214332
759924
26585
189689
286801
83330
930773
431677
638791
410596
320056
858021
102880
220501
472546
45284
552955
150256
783257
309600
231311
735647
797331
83954
3780
49516
233505
912073
423086
136691
519992
919726
552358
216440
805596
434593
480903
184021
669995
201699
701890
87564
502915
781709
304799
666939
303889
79518
281425
65709
892663
203474
930548
855308
131929
227373
476581
926965
493125
555031
15102
106596
34044
387617
724268
580558
200545
98981
684911
247694
189245
379788
858542
531255
409325
93994
83637
824456
601961
625731
698508
1981
808113
456241
924213
355586
481237
28381
102785
756098
304930
450347
794127
353374
687780
120050
904930
255610
588765
154088
19870
357233
718912
266397
601695
869032
815978
711006
559862
847552
55198
37498
955201
781157
605307
674337
639014
477764
490621
883559
641388
362777
976876
341800
1398
450854
128420
799238
898972
463743
978306
869838
389351
458434
477224
835513
905641
89253
284718
504654
906167
762536
907365
627813
100485
38505
154185
195270
452572
574038
317186
512175
918330
979005
272343
380980
309958
621183
606064
220225
146094
341603
977798
123579
237983
469190
389481
127749
250336
442032
368365
757791
974604
324355
139314
115880
858282
135309
590415
891012
671530
46332
783963
563800
678398
96817
144279
709618
792723
704429
322747
813638
708587
524008
463196
68179
762905
385280
567030
507941
576280
861582
985052
21747
233799
756437
522361
628584
773893
430612
132674
390975
931621
701691
615674
863239
336718
345466
959713
93190
522482
816692
236602
339322
557737
88274
304632
992507
647017
902580
477124
947324
911780
668291
219245
412400
339838
958754
507117
38089
46570
882627
667412
695323
696096
815126
948884
747167
626365
2907
54568
831252
676471
249241
539681
525376
777018
666407
371918
959509
310564
257895
323463
686574
414426
776019
905750
923064
304645
435375
147459
305070
182509
492702
64955
175164
535856
59985
727516
70789
858142
367066
975071
908352
691124
154271
394659
812669
227700
368873
403922
767494
70045
749724
248434
119648
732108
728193
509578
77809
494255
239295
859950
609019
915745
628009
648618
963078
377128
694832
823687
659036
945671
343161
853245
585198
503167
955338
606837
110164
65833
647325
352824
74546
364521
543063
131578
796854
261904
755474
854205
699709
675536
767575
571236
98645
851356
605031
689493
763229
883676
650552
691081
591305
591690
374461
468979
263106
357228
28062
842442
106666
590830
295943
526837
395197
921947
441564
693394
295891
81336
498698
211107
470466
761981
246713
413462
814880
991025
700830
276272
404646
551841
808556
743637
898032
788732
556394
158774
141536
503566
72800
462103
626083
141655
744555
109692
227531
927495
623600
293488
793884
457369
15021
525105
990498
836873
428075
62395
783039
366451
941456
857903
75715
292938
728273
619616
509044
768433
192196
116731
312429
789369
339347
769808
88162
742840
908620
642113
601601
746370
796630
452293
245748
380615
253119
262618
859331
195657
326384
401541
310295
136888
285442
161287
105625
695787
49385
269086
162809
592253
433806
254772
967755
362178
445499
393384
332875
183653
978160
331000
758273
517791
250066
165256
41536
775382
778883
748561
158344
698384
37453
600041
903243
278162
133495
650986
394317
423769
794298
508546
600164
961908
847950
455127
272799
332284
178461
662229
746499
625074
214489
673429
700336
819827
391849
293419
622947
702234
199102
577100
273941
755826
795204
98330
841728
154070
586101
76558
69249
710248
927111
202753
653529
638506
681926
218519
640077
743484
693884
534792
685934
861938
653196
653644
357683
852561
797982
328227
546114
720039
672116
190910
933773
462148
107931
40269
568985
842776
739902
365670
176218
406762
296469
495439
718715
310323
989178
286376
250745
626709
861276
39672
655663
727355
782220
542290
722860
979534
935093
847203
118016
305936
534697
854427
387158
426649
970326
580342
960059
182060
150231
153894
564285
227702
802215
830751
991406
356706
389168
273214
558408
721755
72449
299159
332010
184991
773343
883098
51649
951037
141234
533152
930114
820331
728480
410072
831251
817478
187447
637321
668169
667686
717956
791107
935564
129501
429569
311014
151639
93325
301482
174926
393244
634723
385648
550042
372740
498228
8903
81816
452244
387570
312410
760334
965611
595210
728158
363047
14120
39006
487044
457593
669480
554266
840584
337391
409261
657397
56167
845208
394714
560710
781549
272778
113946
49088
976108
197812
492193
636236
292745
117184
702987
494210
134768
515233
505824
116547
171111
781822
501817
104821
31232
370234
918524
227484
569449
35552
897730
590226
642973
280936
230234
630627
248829
109544
909031
117767
693369
449882
321764
691516
356392
919558
811528
100544
218744
786188
839109
780968
734079
527184
769514
160736
167472
475650
365544
458688
383977
871240
996785
134534
99944
294411
307452
655734
914718
763227
80549
228939
55836
465856
634034
181528
885930
773470
867953
735296
131703
680068
23612
713806
998698
780625
858527
768818
873238
303939
306512
734617
553805
60637
557212
573352
633675
133108
910627
84244
135635
741975
509882
501920
352088
988697
286830
649204
7633
584061
639336
190039
979695
615356
99756
161417
596779
934005
308347
210624
112952
890482
807641
567613
85272
560338
385001
405769
704395
214553
447988
519761
785954
143888
556872
140443
950513
623770
563645
762020
843362
971221
458259
117592
305958
824041
389239
559341
507975
713136
752676
714973
535770
657730
397159
397310
706704
635612
106427
614143
563051
159532
192466
680705
203277
339899
690101
32335
108139
82423
103170
324412
328481
711260
852757
505048
440416
158847
498498
43918
924610
211703
241406
541405
700094
877736
798877
440113
150647
901805
612789
36574
783279
452513
532386
452088
702616
117770
615907
304721
660747
426275
937762
527120
164946
235205
888465
345002
394847
463985
252080
188800
817952
675452
292011
86293
344618
842776
998431
581098
180562
293306
219069
448760
373467
281773
892167
222410
433993
283763
393272
896692
342996
988627
473856
338803
167736
794756
448429
985187
529193
767604
101541
701271
202468
713077
52432
844632
996769
165765
318610
828157
110693
185528
951286
38564
530867
392260
162982
378314
586914
45545
407191
767373
989834
616699
581313
520123
164696
684877
479820
356182
312578
717628
464262
794407
487060
93845
775121
329083
464168
821476
278298
743166
521331
411738
802499
302515
263228
20058
352483
535310
291113
630752
549923
121454
818866
238158
239177
296442
675254
683093
890897
263063
855468
192124
701303
100803
7922
200848
369874
426449
598081
186728
42266
919041
950914
851156
993610
753275
881401
