218340
911439
389947
991686
778626
841065
517350
275275
691750
806044
714982
708268
803871
708423
111
383312
265736
331666
356668
912378
81794
346167
341073
686882
449411
835764
403482
557042
311432
6028
117487
910618
132006
267956
350073
998416
757630
256417
58094
120360
465295
996076
890104
389963
129638
8286
440755
768919
751664
392670
792981
783251
370352
868404
576489
43341
318411
544185
812788
346002
545473
436125
662776
683850
248758
723989
732310
642285
586606
253471
431758
251942
812952
948723
929187
707458
815105
820104
165594
333333
608937
664383
187360
985962
733939
466864
368011
776868
481909
600976
400569
109109
226992
857788
186069
307642
650073
366180
463160
750642
814870
208086
882603
680538
669188
680806
206475
57126
238325
367032
672197
683741
32887
200746
814465
623441
8079
670240
144796
531642
203589
810925
929421
854831
981337
659034
349097
876352
701907
142231
684225
111858
192440
507196
242857
142168
719384
807866
823636
805194
379205
528482
678875
796613
370846
518802
447708
668895
299913
176184
42815
997029
993151
807044
606804
398163
328128
40942
687768
140846
988328
880353
307799
242690
872986
646595
453227
88692
635544
524641
819938
872515
443509
252860
890366
131167
187041
595690
850965
654118
563812
507115
761241
106743
805478
257289
838066
922293
666730
40874
156935
272282
910427
637302
847452
625781
568639
654751
386837
658625
863688
895185
191001
64868
743369
113848
109970
704385
412742
908520
932560
764282
476516
601326
495053
409541
629695
291441
880971
156713
421850
380867
892506
491030
19377
378442
396278
388063
907947
61189
809612
141333
195308
815805
941597
276161
961670
882891
250620
65597
650511
768384
819697
630063
974989
81204
522176
419
602382
399406
666820
979012
960277
941485
678004
564215
433006
920977
749319
867541
262051
994665
415156
552515
177927
320346
365267
51631
123887
859688
626975
879784
818433
697252
758684
460826
257316
293234
637909
139685
994327
582390
555775
84058
987870
28123
759290
586642
437462
209215
353525
620970
519274
636606
225008
637662
826078
74650
357981
154753
502856
88068
179168
214230
464799
778890
321142
555023
668332
770396
858353
563359
786845
106300
95265
11454
881208
877250
716559
146681
786861
500169
918243
868979
549956
59066
932581
405052
334901
180658
442272
232523
681942
813523
42978
597403
102639
791012
886945
955424
244521
819174
454776
834277
187045
828148
843406
756740
499498
275221
298968
259201
24502
684962
107956
833027
717813
32398
645174
766575
799824
169687
923520
131618
649244
55048
437194
813899
953075
991336
563970
96036
660000
12611
191565
449931
954676
288210
162795
420737
865717
515145
185720
232509
116534
200446
673550
91566
630594
668401
536968
93644
298610
854396
142242
861978
919390
189720
930108
177274
839344
201225
351869
44780
700948
873383
25940
540069
962251
728011
530266
730056
844383
48082
807892
785987
590833
880401
469588
246281
420910
549525
481854
364583
168800
271829
956648
531397
235425
618871
55899
382332
104106
347003
644535
254222
206537
462920
913138
739270
985009
488529
398784
563053
688555
857828
129423
970918
21035
44111
524586
607527
168253
209903
531837
292500
294686
648662
739448
156474
396391
224984
342860
704484
997540
11442
107410
940766
571011
160536
557003
132932
626024
752474
26242
124933
583454
980978
874382
87290
434023
73580
30003
189853
465652
586098
826216
44647
655088
744947
121268
281034
17846
681264
77042
229512
605092
926563
762675
906478
679559
217804
847810
443633
503861
764889
340034
350307
575674
430449
295156
240274
546218
482845
153301
857534
127510
819667
26212
811444
651737
383585
313730
954571
934418
519218
124913
430394
827756
764032
63743
571157
856280
731863
180092
323618
255260
816066
350310
85724
982661
649812
870566
859971
570488
737556
31347
616670
911271
545798
500501
679567
927391
292882
564676
198033
698813
245140
811567
389008
902017
95807
177624
316196
344058
681390
6748
273196
22369
637385
468176
983299
187778
822032
28551
991650
753749
468551
555185
90002
576491
17406
36190
740235
899140
716604
323872
633390
526653
567432
505101
266780
455974
586963
609443
202225
280178
577733
207751
796065
951240
239330
987046
108909
464694
356185
315132
483841
419781
853929
73523
203693
761511
166256
464227
370750
716045
657234
442744
698681
435861
705538
289265
420211
974305
293360
681989
416784
589379
982479
244192
984342
109460
580674
952587
875949
605604
581410
38889
881525
906251
9582
247325
958724
844702
597648
195785
561914
481021
17544
150002
994115
799178
809719
596991
863465
544692
322314
873760
514003
503473
254657
675980
85791
833290
647131
581346
660951
578768
200608
976177
864338
843436
548235
626899
94122
41556
522129
673076
124373
380698
989842
446832
246370
123934
495131
742875
146898
784164
885526
881242
547857
932992
713423
817710
886287
788270
812131
780561
613952
87998
984071
486457
291756
908908
499762
798329
605875
2702
489960
182087
71649
595878
500133
408792
920298
728599
486754
703975
909698
661365
460294
88725
415643
14453
801452
372651
427324
1475
254221
504059
830587
96051
59338
73892
211543
989327
628953
997683
255796
229519
160713
743270
980211
185382
259699
456333
834349
581177
731455
381322
103181
80491
728528
344119
29639
960595
474509
721254
833081
999695
74829
307459
137180
700914
669918
555286
704103
138328
951027
614693
34176
310811
424679
716983
264607
103326
224434
270386
554242
714246
366183
109734
437255
615881
42279
44195
346153
86238
428198
122372
792665
272084
439959
804879
204856
139519
399415
125236
10223
105037
611891
680563
481580
140598
944951
519579
109497
706130
14421
389165
724922
605636
22478
582943
79299
720852
281535
623932
91924
653467
452778
569000
635570
256983
487648
677762
891107
915422
766409
864098
527429
142320
129680
794306
480779
407909
84013
119672
898517
621893
35600
966369
697131
717494
405351
157850
412695
87184
754892
191784
929692
925133
821390
73079
611350
849436
775706
134272
714159
217428
513671
823043
122427
738501
386555
33204
456881
67691
316412
997874
103815
331516
365463
596146
608617
484641
888359
926906
825749
798977
427074
216202
739350
4984
708230
670229
246170
752998
331707
18924
816434
462180
653669
617340
246759
275986
14505
720046
531251
51020
960537
631980
221475
210299
373534
364868
210887
10375
252225
751397
233234
284330
123926
390789
469077
853408
123781
722725
485331
450363
923126
823724
315520
996882
626648
269680
499355
162393
15055
305300
83621
956429
912824
667659
298428
863046
589530
936955
183321
695214
923306
95548
824547
577744
260474
838143
454893
122506
912704
556876
330899
403805
962431
702371
242348
605859
829460
888772
861484
143328
740255
40650
202585
562288
733772
778099
825384
756128
404413
834811
709172
507673
551830
207077
60826
282232
382948
688539
859251
232185
817835
398637
167215
103377
887050
582197
514058
530074
806029
467163
960366
832937
689359
669365
191461
254907
121930
176454
352057
822926
888317
432679
506219
704333
828344
680324
284236
907555
266567
30013
225210
134769
476025
480108
810427
115994
403212
730118
167023
872251
579638
30682
907061
393400
699474
587895
831709
244978
452262
333611
952069
784469
539469
948389
635666
322765
254406
947580
157965
875480
376343
455305
855319
902390
94559
640494
598730
531326
622903
383610
886190
449547
875780
358053
293845
203283
755677
958902
218068
797847
957203
865092
312030
345334
149985
116312
765694
960221
314993
924082
620273
933849
334601
790883
51357
2893
26704
65239
690290
572095
64705
286645
794588
548172
937771
601183
151394
1852
809570
164692
416670
670384
651974
976117
768409
235576
922797
603493
245954
357889
245424
712009
381835
237676
751503
292014
662433
849465
478786
905162
499974
306850
547741
872411
826572
772740
102110
573740
647215
309688
897174
408310
629456
45313
804466
272035
968586
160605
32486
910766
22259
885374
10677
621670
191857
773651
611359
438160
297718
136895
247206
99180
762009
305131
465855
350992
622866
52279
130130
678769
743890
325259
905518
73281
246973
286604
731149
28786
897925
433579
626558
49752
493028
634519
297461
441004
294646
517074
472875
874284
527408
353441
907123
626080
280513
813341
438555
960184
780419
388135
233979
733522
951390
294009
416541
198295
309370
94231
72136
377797
112798
679267
950507
704839
173226
642384
587875
185792
73197
964911
290601
854374
297380
79333
645531
927179
240528
742206
825829
990456
271218
274906
858892
884274
268134
91781
617943
743262
986585
479973
843226
336448
823273
122316
364256
720095
201944
43694
958388
163589
948651
754092
403148
281826
586789
493582
62355
208976
821403
789392
685138
71154
248628
248787
578042
902005
52607
895220
742288
937592
303217
175290
679669
851080
149049
914281
933329
554820
337346
868787
313244
871200
15813
335822
306120
768389
24648
765537
99598
465748
723510
955480
977812
779915
793756
239767
939896
19009
149118
164618
638460
517963
562452
409307
78926
267329
774116
724925
9522
998618
664445
967269
826830
271284
189261
153369
42770
969841
651232
458529
807682
382139
644469
515225
864801
447911
794622
920424
748283
662711
395061
615627
838672
433850
916566
504395
998680
67726
192893
176077
804535
920518
241180
250120
467647
418854
928920
294097
797596
194955
540353
432722
403360
922984
570604
996633
670060
255594
183599
54796
844023
861245
415033
888955
823230
475240
22027
874574
2888
298260
420503
605149
18517
310314
137203
319134
116771
532314
730938
808505
754844
840247
311744
309112
713887
384895
985199
549914
867881
73337
307651
98567
384672
866359
378206
437853
584636
917179
168200
423272
599570
65974
843591
736625
363455
706795
280151
382125
251565
218163
714375
405398
512773
843289
275376
785559
618417
4261
88210
906017
835980
657974
526028
446491
560425
513480
329976
531830
167421
537430
647265
827550
675690
856345
404449
585100
723240
114414
661916
391928
740242
722005
169427
781356
377291
569365
531301
128436
686347
92414
154793
208690
148874
881671
202400
931150
324487
864533
232154
347338
827445
134621
728552
58163
320003
856288
507450
848051
757638
692373
64980
667396
332486
562149
907121
391743
113250
978320
250484
999955
231136
858029
134215
305297
55253
94670
760915
936227
977837
973441
446618
370909
199640
968563
488564
498667
932306
580592
291492
432042
979404
834054
821718
123732
613756
346119
832183
437779
673214
257452
943857
944758
397541
495062
838530
74689
561059
807792
38584
761118
481040
548849
313035
725746
52506
217406
81878
718603
367818
85740
526644
599477
406127
313187
871731
501164
557545
100574
702904
33515
285780
538382
716143
695843
376910
605086
691756
632071
598439
574226
479587
83716
907876
157769
464384
457934
181872
775201
900452
263958
47840
905401
425853
667032
201569
9681
270401
235664
384705
914958
565127
366860
619478
178075
704130
139741
525070
466921
297754
152679
447573
256470
364265
223576
724125
875500
523983
615285
760589
582656
690162
265232
196744
155067
662613
226518
211864
865717
897364
778949
726391
418685
471353
393338
273530
189237
499710
199144
190043
477146
52256
441637
662625
878114
43549
437854
691822
378366
573002
351211
794788
429119
686547
382909
404981
162133
623823
728116
752839
937842
779710
174989
126784
604748
808547
491193
213363
136770
77496
178569
925990
52374
410067
188036
185151
442520
593619
664795
598667
613540
966790
370292
748651
91522
446171
283106
220316
75819
999422
709942
612321
64875
935254
405935
529295
584994
976471
394508
761909
699940
419780
740034
286182
120640
229125
514250
608804
336350
90464
554705
612906
460737
536151
751699
530454
42669
893406
188994
901553
322658
188984
618912
303580
213574
510381
609004
840922
659104
609322
695224
921204
315072
482549
210969
714765
590909
998667
627705
17026
634583
206551
595655
430653
643963
104721
728781
810647
110948
30129
674977
462119
394654
234383
794293
631852
440101
856217
62794
676306
668077
631536
433857
700709
804091
956959
522130
403087
993456
398968
800597
37455
23078
427405
141118
630457
511219
744136
879206
119459
898699
795432
536644
228979
326402
929176
329978
413891
45614
317614
44556
696302
341290
471357
161003
775930
116280
855511
59504
695778
549310
261538
1124
371198
688049
237461
819772
722193
417103
90576
140450
309231
962694
170006
158190
625993
243250
741480
361075
157783
216836
91262
424182
962720
379006
494116
603898
349993
768474
344624
80823
75832
861514
508060
303592
185987
208603
729604
363587
534010
875251
653821
366660
796270
204217
848783
282659
636124
696531
946257
98404
150490
24266
247584
63757
469341
44811
142331
771057
116581
136839
467326
595115
117701
519097
326265
335591
402450
514311
798445
530650
97384
477186
834850
129105
585684
792328
740008
50727
422689
37129
636520
738257
701890
872678
338085
182739
721817
879029
262805
80213
425826
28833
530582
676048
52095
519087
4431
765667
811552
780443
724580
766402
517390
515617
452309
992590
304661
9303
483508
507711
14988
543415
329473
701821
378306
211131
101091
783438
493831
20193
173253
185962
296852
204878
513547
950891
815128
855951
839280
664544
601503
453626
342590
377857
406497
825075
912104
329788
757093
178314
762695
960878
832848
267394
615087
266221
32782
793389
301998
591170
83100
229235
981345
118132
887983
533041
976946
876095
676484
27197
702513
357796
813957
84360
149070
224218
74645
359709
853169
251810
35704
251654
250230
157816
242850
406285
236104
459813
668251
648800
704601
218226
776331
325518
479739
54455
846312
224238
640542
188497
351928
771806
360615
733809
78853
937129
896297
724241
446365
537474
469058
174786
351747
742829
249300
929570
306294
974077
792223
898153
32027
668984
144248
162658
748617
907350
358952
632886
762097
569640
879972
175843
178472
626710
257060
75916
343955
440065
191329
281899
734190
288775
469232
247970
258681
253796
419510
589422
173311
63925
359367
269756
912388
774168
699360
63574
818954
615152
127036
800118
855360
889413
375318
188347
355656
297864
662269
284409
883043
634228
64397
355819
290044
871503
389135
639875
978958
149840
394607
345506
217778
312410
733142
475108
715528
793446
964772
889362
476674
515584
699915
552571
800008
401896
260811
387804
184075
751257
736901
622716
749738
273126
124479
685397
729274
325119
834291
169580
935478
640275
837652
436354
203907
52752
169118
284643
842717
539141
37912
800667
345764
995625
665833
991560
845565
304117
360852
155979
337318
183916
930194
435224
124442
340091
520651
677037
716317
272890
909680
90400
640869
326930
806264
280272
259045
637177
551092
584573
798775
268057
508689
880884
501860
490192
383978
525667
461971
838160
927176
936779
229261
747557
906103
676691
394345
503319
72389
561528
55705
879525
132186
408034
824143
609394
784239
864018
878157
801084
219693
756152
969928
631174
580450
221282
998200
39832
659106
34446
929151
954397
495032
188640
865715
570474
706376
773039
420874
348510
787394
613433
412001
607908
561029
965559
78697
721557
376078
694348
218158
974331
745307
642774
361925
493873
390880
226471
956818
165606
217637
597582
835187
91392
240506
90830
693325
48412
990488
934000
311281
254836
901206
207028
367786
614874
829508
160995
969701
10465
635176
308992
907581
405402
165139
68765
844003
982972
849502
307209
770599
253917
276102
218087
486565
519965
456865
39834
612686
564514
447100
477020
894034
179325
435156
934254
561511
462443
9197
751850
440825
362808
702097
30388
146094
814462
426216
945999
869460
182284
609713
826251
903274
644066
525531
143644
390536
156760
433922
416007
406956
216605
798729
119349
312801
568221
661648
461098
228813
17148
244626
423055
549528
390080
396638
344235
384757
924683
161712
612080
251150
505925
269996
947890
865680
578584
561014
632946
518736
654549
103600
525849
752920
751540
657809
666944
291539
627704
185887
544108
274640
148465
285833
892823
887222
277723
283491
193769
779781
809892
58750
11078
929924
105675
931683
126081
44685
150628
276268
320174
642929
380280
55808
814548
843785
343369
165289
351425
420058
852402
320468
301688
781540
877
373156
781894
105991
876591
109938
709555
612563
447534
788453
720275
732587
988802
247531
594364
519060
950633
252433
508113
33759
88101
738757
384957
816433
29504
193189
269500
208812
749744
756291
31059
499708
195861
856376
569760
417600
876638
168098
789580
548626
309964
880315
368540
90101
268047
696023
592487
48154
160972
497402
706594
682575
578240
62291
205079
84741
768702
813337
346548
680508
887508
362817
410816
289549
156556
264217
699816
715411
902798
676356
16760
542711
710115
675154
286245
941527
89364
732027
300487
563859
997041
342905
386980
788148
50861
734719
556582
281144
313638
715609
108335
83774
202627
284641
667395
160458
649783
591835
385956
766710
562274
921838
975803
255734
832662
804160
161266
401990
528310
457516
287454
900786
981883
44963
47386
511745
380368
519004
302639
136959
868829
55865
42287
856230
502370
330936
610785
33193
646969
71378
51734
929820
897661
552883
907482
830467
839690
582999
861126
67317
909466
939710
536947
447980
567246
123851
141129
800876
633742
575295
298677
134478
112199
122572
446777
546089
390291
464985
732253
294683
820663
611474
856515
7033
373253
18088
376728
211793
309026
160940
228518
377048
963682
49283
536135
104245
137231
858375
636021
932329
542025
886331
622460
254425
452935
982184
91984
15865
770107
684696
589563
560087
810900
654382
566766
138689
234461
253472
565561
629460
165315
872467
624726
836131
342963
109522
941600
605952
940130
36010
469601
836458
85030
220132
77896
854931
554882
394144
15930
670028
676223
552266
254207
547407
807029
447356
801757
185897
884073
999856
194306
821634
394704
925664
413722
393098
169394
934716
727105
191170
206634
922759
249682
42660
160010
110159
387358
449648
743387
835463
681145
415701
492865
533058
78830
388280
154109
437326
238866
834275
631629
786603
100342
290125
866734
809447
161462
676930
261825
163159
522478
668975
745291
390772
687309
791628
330839
921807
592321
133734
161334
664114
684754
130952
205543
950933
559371
920517
954641
726970
676946
153637
525037
160038
928793
878186
907136
70268
357613
874045
978374
561143
852716
726970
436907
782019
373139
383253
628466
485433
855093
490727
161465
424693
280136
898841
655571
818198
935642
482219
727573
686802
510241
231522
940845
480115
866287
896332
912427
258610
238020
529393
220323
105198
600894
676696
428203
511497
351659
789427
980928
783008
854399
565544
611397
841957
648225
716348
343275
863770
853919
105886
768300
46891
158467
458894
805808
510825
650173
923560
813523
630495
678655
889553
19134
969939
404008
535356
355250
824730
358936
757210
629219
103192
290
834716
918593
858516
751455
34470
168849
756084
480543
730449
442042
177305
325691
242525
707932
611545
39046
803762
999387
764053
772066
235345
382970
875895
207214
963676
782497
745738
923613
373118
689089
864502
406434
242744
837198
974870
35463
191433
820011
105976
448605
976826
981988
848176
215374
951299
893524
624025
42382
284829
573351
283946
893552
174693
111866
826608
750997
991018
638879
891885
811327
52371
829500
939597
550915
268400
125651
84545
811549
709787
999196
729723
837406
647050
188110
694852
123264
289205
800892
491133
676890
369310
232988
500848
384430
604866
421476
107602
314848
629338
836814
282967
103426
440206
868090
516850
759818
573495
953457
578856
290661
35663
846599
593936
50404
81272
245211
613609
502805
869541
996409
407704
900205
693289
770078
126076
855840
922394
51803
354479
779411
954273
953682
984476
135465
352609
646813
44792
895674
67138
642383
463135
428962
43801
719122
53323
78773
558454
827183
960563
728528
666761
130861
866686
620363
714929
292240
64802
109642
483
217218
203038
494195
231667
63504
941328
200826
531010
791883
197491
286935
166917
640463
291641
908569
82861
583392
803009
343316
38584
484016
517622
109942
800340
749117
171971
398968
62059
679127
120886
549040
512208
877951
106608
496451
805572
82027
31302
81399
469092
721191
406456
444070
475571
379477
48524
478926
237440
379157
607366
242118
628468
118783
392453
956235
65466
571021
748413
713785
813323
465942
747596
238997
275925
49077
251771
921159
417223
941896
759892
277989
53563
568724
27931
434922
491073
848902
880170
720773
97668
447700
645292
923726
192796
845506
750902
793363
377519
338177
631101
365969
330820
255858
938872
136254
659046
849224
608595
442051
220081
503243
789324
551431
826108
840120
847790
693863
510179
471558
806312
916034
778223
832515
311882
733360
786916
969693
770843
795474
28776
452093
39257
512132
379147
461646
486606
772911
971319
521372
497483
740220
905717
523287
10884
261539
412121
501558
901703
326689
852812
859256
700762
307592
510324
841221
22065
753840
718530
800691
526601
368715
113623
178214
260196
808343
116052
929039
345761
76908
334717
356885
421367
36469
845896
295952
516814
951355
250504
734385
181946
914717
279921
255680
283604
752412
417735
316222
503351
183059
947432
554025
709268
334915
962226
190366
101555
244364
212882
150936
947271
391352
575530
944470
930860
782066
410910
285083
82815
794644
908476
286607
365146
814622
379333
826563
964778
26178
316700
232018
25135
257115
597834
216355
663120
267646
775404
230154
71833
442665
617722
199822
684178
401817
142132
838725
42173
249720
369515
460380
517419
157874
115689
777523
302779
957480
14270
735205
568304
357758
248936
33957
731566
493647
743326
853252
643473
75328
202553
557711
710954
262130
448319
251028
214744
327889
12238
619013
949630
282953
850658
757750
136422
123545
95939
180993
303666
241663
288910
548937
940602
229651
103965
140123
812871
480816
951574
912304
201323
671309
473613
935631
165499
415593
625815
856911
487851
55397
44076
851578
643780
141931
968567
46158
38788
193420
872894
425373
179218
163304
92969
849172
570268
761094
425457
479000
812943
986500
487206
67148
527794
727464
252060
18735
815840
744916
572851
328227
101728
532888
29634
376584
340450
311458
460576
767943
893145
240528
4238
910443
662447
785894
581572
237801
412073
971611
659735
412288
389849
580430
274435
893307
958074
260054
362075
309716
246059
607991
201546
801011
352267
43376
962885
629204
299053
889072
570063
732806
656568
386345
387944
239119
622430
914750
364947
63533
820535
659926
366275
307959
434617
707346
99617
281186
533270
200987
720380
357088
200371
406932
416782
57827
163712
256687
75495
638464
549944
647899
327673
356334
418423
446875
718975
513325
489011
996146
51658
544579
687704
32507
223209
498465
388228
625941
991796
66405
689052
219578
822133
100793
464073
679153
393012
387352
643539
320602
218334
609201
945624
999719
626705
732068
882152
369322
279751
615721
54720
803080
952604
513168
108770
529229
380349
889186
884173
315162
392239
782823
518558
144185
202553
107265
600195
460433
464496
132918
617816
987316
846941
247179
22880
600086
729484
115403
652001
786713
799284
670055
683164
812995
236670
138167
349991
849617
352500
984735
40169
344421
469255
345485
998578
601626
583420
174174
708788
531000
174581
90080
176290
360451
901848
118258
868644
49902
51550
626568
739444
948653
547962
971019
534872
953896
247139
818589
344444
339723
64064
918330
977323
645754
738351
856250
502570
256482
995315
537202
41905
548075
520184
782459
747015
291849
390979
718026
182329
559154
893178
496254
612918
868138
664525
641785
944906
911610
171648
440741
391989
317951
499351
95256
668328
733534
827677
110418
760603
170069
68368
864739
124877
610477
355308
652010
213401
751755
154322
124536
407282
772518
801557
981266
212539
328147
587874
728341
752517
903549
487369
871668
1510
408688
85932
224925
13106
826132
548803
389563
909913
471862
266057
854612
216925
29826
858950
291089
11758
463245
10554
361502
476963
557135
625571
822824
959063
38894
786475
923395
266206
497269
628914
881646
322915
880291
520179
999726
498208
996896
629141
988054
672248
987083
771152
651432
696308
664622
358266
909078
336664
928275
634990
795553
179297
952240
37719
407587
564318
720253
76254
825192
795304
281062
562286
74038
819520
409116
456672
129773
894339
612615
717000
960393
654540
627670
961883
833285
562790
42678
601659
906202
712364
201632
557857
276646
168448
597325
297702
856871
548452
400261
236078
440358
71672
808277
581554
22192
13840
717087
90728
540799
341425
415755
564624
85880
580137
451996
860381
735374
53960
301149
870783
681924
253758
154618
639177
345231
562067
773098
934084
498457
460541
409866
244431
443682
466849
230150
298993
766529
408361
413296
572093
993353
471806
247026
418464
86791
290530
324448
753099
826663
444269
111143
91511
34166
842466
937571
565849
666241
120558
470028
733028
135773
773308
339023
715574
878144
517559
202363
152288
485965
61469
29266
409877
283373
117181
58880
783662
580248
161293
243752
783511
488884
186858
419929
816538
891220
861676
899423
341702
464417
626277
520630
645115
666966
62967
558234
54997
644581
730319
29178
974387
176695
240258
709194
610531
864081
275714
536632
715883
218194
804860
369270
200438
685016
943762
497846
76122
438275
944176
255156
316098
186449
812045
824748
450173
664873
314112
734125
814370
235379
276156
15878
465949
825444
375658
355484
839771
565591
859106
912413
389262
659159
573061
585231
160413
259065
606073
64450
263980
707430
279170
144868
107395
877047
424186
89523
823837
208761
993389
943181
184015
970383
284563
222307
893971
720887
447274
585868
382961
768549
667120
484854
67785
113675
444602
893751
473087
445434
718836
490433
793219
627746
350518
22516
712123
971125
383934
178702
260240
95210
280912
197758
266642
829662
707431
228502
209353
226837
768662
825694
482265
708189
11264
298884
509393
819603
810416
829425
129616
591359
314134
660536
722004
407963
299167
436264
476320
479793
116080
976641
331018
431586
70462
152003
939550
337538
298572
883169
710770
144545
136898
826261
54024
552549
794855
596685
838937
574739
865980
55555
708676
539884
214324
10346
378195
379252
200659
524036
121765
625166
426913
345296
800446
124994
127435
638305
530792
592545
901591
129674
774659
602176
898946
605750
430064
323680
562360
265236
501014
617582
646768
596399
983695
774949
161697
544219
208435
752401
32228
482443
765183
738159
549415
595904
44193
590321
531915
998108
534754
283229
664028
651349
647856
17045
931370
848901
184903
494897
37832
734877
485436
147144
605280
865530
473126
743374
614513
674256
757033
351383
907815
332675
992352
670522
254102
119060
905958
451857
665042
145144
723457
366236
461741
790533
142828
552325
471438
860101
150400
365630
181674
292717
312446
707270
798498
584936
224635
808139
591481
942284
836585
130538
617136
496238
343422
469842
610753
947728
308674
78470
94964
939385
715514
213889
602400
156126
591788
195571
443330
877116
130767
308522
703795
297991
225169
628236
584201
147388
476932
58432
346125
661011
795686
282605
465364
216720
402187
183258
430268
962297
303593
432501
104196
326114
457152
973103
902729
472164
121636
749956
988569
3628
543400
81560
127798
394031
461929
849213
25833
385915
522804
169233
704063
823721
625557
614021
253349
954927
845629
597112
579419
675730
422991
752193
371288
302072
259015
844748
44859
794779
638727
578139
655081
371610
439936
110574
213447
654890
62841
412478
773525
688425
646015
535907
386789
482195
418474
962005
689271
819341
482951
497743
786419
464543
823591
227727
392003
515903
97859
156090
208330
773960
134474
611677
241412
471562
453129
353103
60987
81402
592758
174962
71907
133898
997785
105496
809043
40340
344984
427970
973536
747951
320285
122947
704920
543396
446182
830915
185624
408251
990377
706527
13899
414510
864289
727534
168767
425151
509497
616287
508325
646373
267668
773310
407589
359266
194295
352213
829980
172656
499284
620015
233331
143641
680308
650936
305309
771046
318783
752960
544556
789935
762731
520862
357457
816402
167487
390129
737134
131391
565891
939778
726426
205551
193670
871685
54512
29620
886475
80446
265364
985452
616209
260801
548676
679183
183998
43473
786070
716264
392359
414122
216212
574241
859519
359515
326832
414326
644185
980618
262053
420620
628187
367260
525805
343258
525761
532268
487897
39109
920011
790200
549776
221130
754501
706395
57062
653909
434481
246644
714328
751342
69138
597798
562786
914579
868567
636281
237629
229344
202083
686047
30072
761899
179445
495568
24754
698284
510265
901206
597938
249753
598442
320997
676195
541712
400738
928610
486063
905518
530303
294852
104694
13117
230772
738264
120619
979913
765033
93022
653835
587027
198608
297745
363771
781983
471942
667140
381502
191720
192353
49960
190352
993652
954716
705386
89377
535298
892380
408313
764529
953439
215390
256101
243652
234968
508160
202019
219203
168265
387688
267437
429359
945812
67413
733126
792898
886766
261376
587227
953508
186003
392750
746565
966534
694873
674901
621036
569183
834466
908648
426821
643521
566508
440193
244027
132119
864579
436651
337260
434366
408918
987337
463050
963260
995622
72933
15778
949537
243354
855897
551737
37049
578608
284116
120658
143402
91214
932234
699597
936881
212342
215098
784618
297715
78552
461405
42282
444610
438210
918312
484246
133807
484467
621886
767001
796039
513869
32950
200968
471275
348264
58244
34435
452176
892355
981894
421939
69199
673749
553197
950514
816809
19522
894278
434507
551003
95593
36
893782
237402
855194
151340
655686
340460
376165
590845
700862
419619
73485
554746
86493
242870
439900
4469
531931
289725
685904
407801
737803
60745
824371
414068
329024
221021
115016
542655
58444
984461
532705
290892
935012
656946
359886
801131
825183
237255
596399
232824
919261
42852
213995
402789
705412
613204
948089
412128
571814
503701
58971
880352
91838
203947
942187
234897
648025
58465
876430
757402
42450
184861
558853
804871
729782
266463
972898
24024
369350
407958
126231
213413
992474
505311
758954
314604
55074
336283
886021
77881
207496
116651
863273
978033
214066
310347
398723
251130
52387
212424
965783
105802
878849
973663
256921
248203
513457
118068
48026
896232
954462
235755
340063
725111
753177
597543
981966
915459
771546
683741
762882
980789
479973
786772
622653
31390
110280
353275
547389
922915
771713
862630
658215
31685
966588
129383
708064
816267
20281
312261
860219
146383
256652
619676
469964
177635
178110
144080
853659
113950
942225
634223
857141
569606
882657
504355
675292
436827
237734
223568
947294
881790
115414
342928
213763
146364
936999
639496
922079
273403
955762
688487
737480
293248
610291
750651
89826
283931
30125
362095
300758
563696
282091
266981
559585
975906
472993
584556
345225
599325
578032
219614
641322
816960
484616
407129
524590
842150
181416
543832
93979
91088
601217
650221
321925
54384
359096
787165
106469
87508
740810
629976
349890
704046
95307
748691
593356
705532
339975
469380
532168
245912
250953
471417
295716
919070
855289
415958
772588
68341
35040
176681
157525
641020
579720
670187
825719
159955
749887
8790
868696
483587
798778
884382
447011
736075
567765
40845
336440
92360
169400
80702
748893
237248
574550
680757
681362
525195
180111
448538
715265
135454
228085
65808
279444
348469
754220
282934
318049
19228
12715
418362
652481
132507
247711
976277
596158
243004
779566
167655
406698
132282
746776
662383
60556
331720
666170
664550
598326
125114
294253
818617
210930
361812
862347
713826
101530
286062
803410
790242
235911
177792
950944
822045
394914
350608
722782
818961
124758
262261
597498
753588
931110
857479
656076
75306
504282
545765
424346
214304
338325
183266
641783
613448
659586
264716
138694
69169
374381
473115
798940
552002
213358
725555
750403
325330
706175
909718
145883
168039
366383
969257
254748
474250
142959
378337
203574
163267
377994
303178
84313
373239
230706
289268
153168
539290
264885
946810
289864
814034
371727
902832
623919
859114
232664
913704
782136
888687
97566
330465
312059
422315
421005
329165
392376
973115
467019
498366
668348
539087
107617
180652
219804
996798
504339
542373
394334
756868
342608
125138
67960
341913
827204
856801
327344
973614
544907
336916
140578
717383
167425
567846
880032
605679
283637
844053
657203
142557
612540
964049
294208
310754
303649
122175
736710
567307
134906
460714
736004
154265
704918
839047
502648
682906
390098
496419
770753
816227
494219
128299
593574
161901
323245
157911
508655
206410
148586
300725
375921
772610
88839
451214
26536
522126
526928
602486
829372
37296
8108
379189
572582
995309
254667
898893
344876
987816
283387
610792
341640
592221
529690
948512
431335
132406
43430
338474
528269
230157
49392
581216
752917
596735
212336
55529
506902
239337
792817
710343
928738
312514
100973
52028
717928
554453
622771
268314
519673
476377
546180
321446
344615
293614
637310
340456
80074
860279
609840
16466
692572
659406
641676
408586
111620
770728
634298
454102
427056
515271
621065
344355
678555
181846
331904
260338
628654
676196
15635
932576
460674
427904
700465
714576
910276
590637
541306
878135
614578
722754
994446
872835
79874
675681
772609
867945
659553
264977
131114
767434
977176
967035
954907
230529
805323
17726
755883
395403
706204
673839
72942
86035
486444
283248
296582
142682
294402
436011
129299
811904
715332
996396
151366
634225
976737
706457
324115
182895
878673
559054
693253
896247
718900
649753
44075
52371
16279
890767
68656
308604
877398
767241
484552
322025
345947
592958
268550
388344
498628
320126
392139
344376
328355
993801
397594
580305
361951
653066
842694
234512
341303
315059
745932
173139
650727
706870
778813
435405
921955
905821
619604
522615
319168
474374
101414
625492
2034
142143
619063
915615
830512
559162
940392
500818
253236
776301
329934
734229
503710
655881
730399
15618
667704
418708
570374
38161
985620
185957
922390
11557
888658
984955
831706
676530
945406
149435
223819
917129
551382
52357
463387
565313
334121
266802
551854
564804
662810
766251
699816
739699
91716
876969
967713
114999
7351
999172
52981
316645
317217
147386
310969
337933
850121
388223
901256
430367
521652
932603
96251
883899
251626
347621
853879
305236
610962
842554
812063
206463
322106
804505
955114
937502
998835
918142
332176
849507
981977
620441
987935
717187
432817
3914
468330
928186
179883
681340
100896
989044
574598
617435
834298
262943
848466
595571
126926
6027
60497
241766
236801
626938
320695
689226
609050
63242
995921
125661
469041
295292
381250
164005
805830
415520
965928
87721
671597
170975
6492
408453
231591
216548
413080
348142
656269
91752
428212
78147
834277
624794
929225
696843
618391
297319
86070
708945
439609
340779
743361
177497
784711
417844
91285
334014
306670
276782
793705
932009
948167
230193
425922
662768
776033
206052
362127
947081
612279
280908
86641
488361
745857
479797
812062
122045
272230
360955
714203
9796
803470
516981
154022
524551
414230
297407
390262
821046
237149
680035
626778
910881
490939
897700
934782
525775
200978
54694
337421
908606
585340
702141
156016
574840
535076
547344
93108
682063
376304
597545
744649
636853
427612
743133
967526
434554
76962
740627
574986
604706
552149
13874
507486
913890
37454
525931
499127
789879
797501
676064
305783
186660
208161
17199
117586
894214
404818
169888
126126
847957
472571
468839
285540
762489
864486
626581
343076
216966
653488
118369
209269
882134
422427
290639
951449
476994
667330
331259
458510
573
382759
72068
896753
387084
568296
669208
752126
27622
977681
400791
419826
231332
381451
856934
386897
137892
679601
481875
49156
305280
970819
557088
383130
168038
861107
366318
350383
46292
47261
711816
163754
396467
474260
838728
220320
498957
992535
516713
394198
872363
126883
629483
210019
840463
310882
171613
410996
797002
146049
686730
704490
36668
341535
840002
110174
536998
227169
377156
279876
403821
61602
485125
188333
136174
194824
65951
352102
448888
456114
662937
842686
881322
555085
555855
873061
180074
927558
928254
200112
885503
377114
368302
615865
387148
893000
145468
88612
553642
249640
618435
323132
553184
504982
721959
567803
357634
297222
20285
90088
161635
522107
862298
571291
926584
248467
346935
726172
740362
8250
47614
12394
291287
63935
161587
699927
371398
617795
76930
763984
181574
477837
836193
995899
636418
996987
918241
416633
106050
984916
639895
346123
992737
69176
671201
850000
78119
776824
979287
250796
780611
249538
462672
65797
850918
298421
298126
1831
849022
665171
948295
141064
641805
252308
830289
540197
630822
606039
763177
89418
545220
590836
845215
292593
118407
65837
306914
911810
457612
952578
992612
219193
116519
945059
356137
621222
939328
706880
701425
650701
544519
386429
877248
930157
86421
585473
503111
851934
953120
662638
761776
850323
553819
281195
178187
78464
330152
871452
440016
350549
105467
270387
880016
629608
587660
951968
828925
641008
668216
897828
445394
640877
957365
104963
166688
958950
156336
530264
768695
408138
549253
150978
453613
956088
154138
35580
806222
562138
303001
845387
472928
629356
406600
803792
307729
642779
528646
492221
813759
764616
755108
253220
801252
919147
2141
254699
428701
435092
550516
523868
776661
615501
924201
969817
453266
796316
162263
652077
723932
770277
235757
933821
235653
369323
431302
784349
487834
777975
83944
210367
34212
81681
680982
288582
98395
265067
506066
530616
611112
925278
348467
735826
160085
256652
788254
673590
701460
414628
932324
545024
901353
569667
415800
401206
905972
101624
482059
186845
478559
626720
846534
164264
528992
836720
518563
487372
559275
91729
403881
87535
152120
636006
827842
227710
500076
4905
61562
599134
890727
152499
544214
567802
695337
65050
835791
350075
157537
479668
875562
997014
23124
858746
856565
425150
934246
898504
16479
900475
595401
490561
986357
136531
70207
639760
682485
829732
297933
258761
946065
21715
134462
124909
248897
595551
527568
144589
22341
993039
368896
856645
126902
1674
381549
647530
54664
741445
553131
677438
288671
409238
593703
614816
68170
687720
214834
141249
539360
730823
262124
692048
486517
631259
457678
818680
455289
649266
21971
300351
981998
523830
609476
290383
238149
712318
151967
35218
513492
262847
412323
938422
825077
851747
484155
856144
856573
174322
452420
270812
457687
236589
37437
738275
551741
972474
269514
6261
131346
328888
794277
531030
973663
707828
686498
44405
905449
327477
633948
586327
509483
713714
73089
734675
656630
427108
510328
39734
288481
575926
398634
16006
341422
338840
699892
45348
435770
917746
919079
913035
557408
206006
668282
101429
300204
326350
838029
352796
412279
410293
214042
13533
569060
437409
331194
15033
710709
348510
617682
118198
453899
135606
798552
549539
621368
387596
759237
995320
297474
424073
102233
954779
461047
107309
675078
384191
377448
634759
297658
779367
794051
474048
129804
673993
322321
46545
220418
835853
451720
323349
142909
982132
553166
445433
773250
277142
563211
91023
443557
227204
154665
355458
253588
957580
340651
743204
897213
943834
887783
543523
694621
873339
819681
282907
935910
390589
651334
75013
937612
148275
130370
733068
604653
965653
940542
674880
263323
249092
132601
166883
491463
741162
11010
171105
567435
882496
817679
390686
579475
317481
243837
780391
907305
288508
244517
256842
316061
790879
874839
366721
522317
641038
318070
156425
213526
657915
636208
651281
371543
808016
682392
158414
128287
293200
628641
64619
742259
418203
595897
274206
600957
5200
620415
840918
850323
362444
265763
911888
466147
356497
580377
753545
39673
838531
115450
690574
130669
154891
55415
566831
837036
83998
98810
646994
164321
665560
178843
550755
935935
725570
998331
549865
279150
124339
165697
403764
198607
512018
281967
888242
986734
604729
558240
117154
419779
188981
96928
968416
831141
2666
558888
504926
572108
176916
188020
982067
695297
547752
152899
437773
542628
984792
627563
536643
920857
371574
493270
17989
397905
638000
51228
111797
248688
849721
350143
92878
251296
728009
413053
522818
732210
515578
253078
789283
585324
349587
783258
309751
23027
260578
274925
345454
984150
192578
505627
485551
737844
518141
738962
222414
743116
960458
342784
27162
817183
193975
932426
870036
493124
510306
177957
428858
926472
14817
840597
923456
614399
228289
281664
929376
80172
287020
969198
510601
35592
983908
468064
112179
640115
278188
316746
100498
775732
183365
150829
931432
348846
66773
497621
19829
362338
969509
949164
162122
277979
212929
262650
836796
661690
79490
581562
588979
591518
966248
829466
170914
550959
547233
390414
667153
714056
710311
952017
5653
585599
639045
499833
830370
416466
960185
305141
772535
754671
46197
623334
833143
976031
616896
300440
982424
174097
159354
482140
304948
804799
27196
995587
269053
174015
884381
832377
835406
159976
24914
734075
434652
595295
892653
583158
75211
68477
777414
761150
616605
808542
211383
228135
605189
517385
560768
386820
996378
674615
8651
287354
702375
859906
834315
630271
186015
579947
163901
416309
42541
398152
859345
962333
522410
699784
646626
656697
809320
603429
862367
18499
150827
583397
905294
293571
971831
178828
773223
631633
339589
38305
918556
617511
166991
342107
472888
205026
794698
604136
419109
74325
688116
666971
926152
142538
554051
339632
719623
265814
809917
562876
92522
740440
742054
848886
224479
54030
734227
369115
574680
351635
402909
605443
341839
261561
99569
924606
448425
49727
157253
934442
437688
709615
786021
273237
325339
129559
843627
478537
776384
63777
139661
651832
685706
417105
83152
308485
573261
229787
838171
471277
543926
265055
111334
102608
958600
720706
47313
580640
389121
645994
346385
690597
897883
464726
982725
785514
814
485591
917543
481735
164787
192430
611550
165068
586531
845764
458415
228295
596221
671936
459924
113331
945127
445448
122085
851901
589292
439896
937715
532083
231588
987960
8564
83468
663537
665693
498968
945038
958949
50334
613690
447776
954753
123537
710834
922732
50393
294658
392839
853104
976915
488655
820994
413026
493518
267235
907421
722686
925791
632525
91290
349357
442358
497532
182001
412371
489247
275033
965665
36021
664036
497665
583400
375750
633424
29662
715790
228173
290767
634401
8859
678580
648434
231134
349800
552878
430542
979715
882259
371462
560708
793014
820428
944449
755355
392587
111244
724016
720840
857055
699622
359060
614096
914964
94646
367661
518532
230184
759157
302369
356779
636596
897775
59782
321150
815551
121355
976396
970381
592893
998281
871434
703935
253543
3339
591331
330678
962488
447370
678676
438673
862721
775337
745694
675339
656361
238054
117194
213569
552389
637485
256926
41360
501648
502407
741210
840540
184583
996655
365551
539566
718820
964613
15741
877301
592180
47900
159623
690989
976407
993838
725174
145309
681556
216495
757830
80634
734998
81342
335505
944681
865799
626552
543670
52386
841224
145255
174118
960304
672266
687256
174027
806229
528524
706058
395925
747402
921649
928706
310242
268515
966269
256188
417672
928721
562156
787324
248450
604866
136367
63042
208694
292195
949828
430235
942815
730757
373552
51540
624540
978269
526620
388746
523476
149606
148106
127773
382980
838433
94898
32259
584166
376828
93437
504696
8575
71761
946909
1747
188934
469701
474439
334644
79724
385617
600078
135450
27724
900637
655133
468689
297521
591368
201041
437512
590142
304708
784881
150209
818238
964959
307659
173473
322377
891356
340972
255335
699599
137152
446395
797818
988484
7016
150642
505562
711080
525975
551610
398649
135538
946510
557987
329763
153944
842324
868861
20055
452606
479957
645525
854266
992376
61031
552399
387617
511614
125735
2205
198284
201643
596866
391513
782771
302193
339152
470085
689336
804574
140826
26396
122043
363459
407932
201556
431564
194502
703654
543155
356539
299078
682684
715083
543884
850598
761950
600084
311815
494009
580418
782308
28395
18248
387964
992589
176066
560130
563103
580755
952656
101889
781054
359368
230565
38197
899211
146502
352914
952623
655265
1481
2296
161228
452189
877031
402492
747580
186151
669804
989142
537134
403471
196182
755913
325274
463762
494441
2925
468714
304379
402672
680104
225926
417638
470674
36667
792826
866912
108557
142328
519942
62890
446673
41810
72963
866076
632571
99597
36141
665959
207980
647828
300625
76467
742854
886441
221332
336871
69251
273271
36893
676678
510833
727235
651936
780214
30990
320321
436936
868509
287100
843971
198976
935652
227297
466060
624927
405085
873565
344067
467310
711169
355433
452099
744982
427026
278089
662927
639851
101215
123629
378467
868943
938278
909994
522085
739588
28307
120208
284282
114066
107111
377319
407478
270097
33524
941323
991403
74772
640261
287393
67426
391410
692570
589429
130024
289778
448208
163506
46079
501074
962271
376188
251446
236788
743550
214190
471379
123750
849889
219435
257260
703372
905570
164387
756181
869357
288510
599460
414643
205974
196854
135578
423023
607022
470869
406437
801927
446744
182929
64853
854910
74750
664523
767557
999347
968001
672945
816209
864208
133498
507075
572469
468569
894123
149234
670403
853668
366151
673828
139008
475048
389594
187733
860572
480621
338006
131095
245261
973219
833084
611450
141255
613007
550051
8902
722650
881312
793192
972581
396391
433248
857267
825502
200704
858118
216993
439164
46876
863336
982547
386829
30067
834317
812819
210950
870076
769568
465950
244164
32641
760513
561554
152941
818203
103990
914293
267445
343504
660671
731103
408765
3141
576967
981510
483669
705761
55990
35620
828450
954561
855332
847047
349083
166865
14439
394100
496685
313037
870221
152313
684863
871124
380261
912654
6607
918822
534584
424423
655227
660026
531221
678361
495644
891007
624906
661030
442189
470829
881007
658471
785353
139782
90140
904469
118322
851438
355386
479539
618350
967780
533815
199644
427948
316700
739859
96164
139589
960635
955928
903662
732221
105646
738022
357066
641576
865063
313004
711880
25833
937142
427123
796510
674134
79872
816852
96753
633911
709598
996106
29635
189550
572756
236130
122618
515120
962220
938447
131273
761585
228846
357914
761725
280670
469119
706870
565158
381188
677204
302001
737824
661838
279185
865031
657533
11755
759682
262545
432593
825102
568436
555227
332569
739663
400241
841362
219784
451055
963415
739356
365104
766393
596884
407298
676681
177795
907712
646280
300962
878996
503575
422238
677473
336415
318546
668079
549816
725934
615328
423766
909734
85530
717062
475312
462567
124342
592784
568972
158906
672204
838003
17663
142541
241919
574401
440597
549446
842128
149127
847458
576048
518715
350022
896118
284992
674817
287436
37038
860804
672705
961839
761703
842471
577792
226982
361166
428323
16520
971524
717907
595715
640876
436306
179388
81748
979817
37127
518998
152616
962599
173030
652998
233094
443999
342453
836029
966065
255960
634645
396362
643219
704394
686147
634057
427334
436963
204778
432633
582848
965031
378338
112043
338968
332210
923337
6743
500985
439129
831356
901577
51938
415727
597683
58168
353943
890531
396150
752631
612839
968839
426432
958469
772443
448043
973039
16127
197624
287848
457252
258869
10801
566457
555261
270297
581613
928195
95916
540435
934768
356725
994868
867954
705768
498250
480768
980926
287127
214827
64352
240489
245079
767026
691744
392228
900623
601546
132935
154829
912369
144818
154281
901445
438893
622816
204905
977824
161909
969986
580431
355318
350382
229983
303426
606422
288112
315164
858018
680858
618426
648987
889668
288534
133941
752382
846027
624874
629219
71049
109791
381111
170596
174438
453197
724462
476581
510593
940987
836612
792549
488340
496454
389442
937381
380861
917370
902456
787756
450506
277805
846866
342644
686743
98296
669762
830069
304015
124755
100957
92747
44302
25420
306242
976390
291623
604516
482676
445262
986561
903494
315273
901489
403036
550053
133756
15691
539378
33649
409053
765585
309880
524469
801063
978426
711811
960592
21170
125258
569160
964750
370943
15675
807164
920290
372721
61963
651290
921090
272859
439645
688579
878431
425396
989836
638783
814976
891559
647507
426721
925370
684743
871634
327497
723150
371424
433342
872003
232799
970217
271272
868493
42382
6037
344040
659574
530740
625544
645158
940834
326715
665063
592068
622250
951385
151816
85099
157280
139754
365897
851441
341424
568553
329788
118436
165090
764172
11456
681206
64827
846905
467883
942917
561475
194152
777251
382917
58338
295382
354444
977676
51748
251810
213467
536313
793500
280137
123913
31618
222116
857145
447524
356953
810562
787219
955455
299643
455206
657986
876042
287765
685200
263411
619196
163923
695310
994160
905964
345094
244899
299805
505536
262320
682883
108557
630780
459887
827003
368385
171644
588932
834542
374207
199997
673600
113210
658636
604309
713994
470970
13446
726083
748623
550052
555872
851169
624262
859217
697594
800758
503711
616285
515868
447592
426375
708388
145807
342222
584730
795949
876760
860964
367334
310883
711890
496280
569752
65150
280295
134401
34566
758465
642858
469167
93784
552348
27540
931037
476627
109745
906522
545603
370564
777268
12007
56776
264005
346475
719931
317525
556527
972245
65759
12101
924188
671079
376196
81400
898839
28657
149880
538119
967011
408159
159556
202001
435237
491996
141540
354612
844462
68689
470883
357976
733097
557707
974483
992485
369374
452603
658022
53588
262432
337111
194221
393443
246489
816029
146154
24994
867760
183543
325203
643179
151188
510970
767654
634159
166696
87112
663011
166699
619851
837334
791659
667513
880578
390984
503411
4226
471493
286456
455269
482321
655523
914006
66067
652995
492306
97833
356888
730715
103767
154100
909709
846386
688270
449588
560677
980875
139095
743941
238694
537156
678621
887075
744772
811753
172612
624910
481372
298787
592495
501448
15626
127246
974955
443704
532583
458152
20347
449905
870562
917284
196224
701068
89018
164127
943941
858097
881557
622698
4581
958069
450112
416197
32473
250013
425412
803373
764130
161025
602337
873037
574927
222476
259370
505424
907436
496160
110268
487510
194759
171606
189596
960196
487776
965731
623852
799286
173292
318742
904074
815952
568966
507005
885958
781810
398323
333096
807421
714505
705424
26373
858710
168642
432474
666346
855705
229082
726170
146546
135975
49233
510763
76542
225050
335870
954857
648221
377658
672059
160184
825094
628504
202752
730926
208642
393739
31821
57502
901415
830660
616193
133250
790014
933968
463496
69700
948550
658731
646898
854761
767954
4923
35102
430106
360781
690928
910101
690449
254302
816949
238259
809117
400614
582355
306431
946001
601894
997795
549852
426511
234110
730478
618585
935084
977424
340835
68707
374272
465411
399283
439706
343181
904612
396941
599232
119114
900134
186353
328974
57931
374474
997299
467745
751566
98074
718
342865
859108
513359
127395
768739
139641
449426
664333
15316
889987
166111
595873
909461
580099
331782
47431
723159
866811
229068
101935
623420
380205
652910
387315
188653
479883
384389
489352
12233
904832
23557
228063
533562
429145
160607
864030
538660
424914
518727
966070
44983
413433
242639
525152
846052
101057
73970
398137
366445
539430
998126
866296
743636
420599
73480
860872
405749
767173
275699
921286
533232
979942
290379
566937
218302
58598
690556
400680
378277
57291
966016
475324
175046
680644
759109
704436
895124
53870
763756
392991
556319
863746
723566
871226
973838
847197
598617
87045
817515
795565
940920
846852
252057
491125
546641
315407
502240
993214
574600
298262
161385
507099
92897
716597
519173
870231
483747
997744
609319
833341
793175
534283
642610
881411
276208
133897
178349
564051
177348
652223
466260
977335
908856
327955
692680
328801
916347
284118
120806
79509
151401
241468
72116
312884
634319
833332
391480
302694
985550
230440
938915
311330
901080
231379
327146
9629
106648
573241
108854
281549
291822
421320
113585
243928
246616
195657
515841
539806
448748
18435
969874
210592
379265
559084
995659
2315
841646
306253
830690
699237
994794
960689
251851
604435
611539
108617
101451
593604
160970
63967
551596
542654
87099
561333
536969
307267
363130
123834
225865
932767
981257
16552
722920
776977
252534
538045
824689
204819
349345
394003
359304
851784
313947
352734
352099
981762
924011
180098
380697
661933
200554
122511
163091
779099
24654
92698
892639
366700
815747
446649
837923
858009
641397
38234
695214
289374
525675
109504
521450
992130
214285
390747
745390
896964
857286
730308
41968
341411
480772
214930
49943
332426
267804
515803
226735
917335
612107
128523
475254
160007
698199
141530
901651
714495
664213
540333
762278
391993
970563
106635
160954
377865
575125
671482
835863
419531
371725
617398
297205
827052
18819
224077
772043
871825
784900
534682
516165
981735
558551
707035
576595
878280
515291
170417
648734
147655
299660
686581
525397
629592
523236
829041
762534
816095
549726
488898
104969
323283
351765
40904
953334
398735
717259
752135
864439
667573
118599
288221
915991
312959
169622
893664
544826
555683
89905
437459
267910
523298
617215
869701
47743
186798
963825
15367
618865
120566
719947
427144
110726
465999
374019
386063
4791
354496
829186
839763
813727
559146
843463
15546
410924
234514
586411
345517
688046
192269
858623
523220
16530
157831
949521
938611
321192
184943
936910
482272
315231
833859
854465
934176
248339
414707
920185
801182
415293
930101
823497
692935
777353
663204
471145
33029
603333
850837
198714
694549
247605
417081
912231
264263
361411
595624
37031
421586
820115
565648
537758
295505
311669
337337
800739
700318
411572
226612
907037
835017
24651
529440
713094
88246
461431
689112
779986
633552
795432
777212
131048
974893
215697
884315
359439
396672
374495
387962
524260
356405
302214
113667
755335
770861
248054
639949
935126
246230
369324
670468
835665
139813
483173
98485
343965
935987
829102
617465
839588
72114
952728
484859
59609
770762
222727
177063
271961
77652
837673
853744
575277
698226
114563
935678
932140
589000
197606
875123
494717
873436
664641
440921
615035
727110
766160
31785
485105
95635
505138
352634
890436
183356
232089
159621
396336
408510
818011
509521
599979
601878
987941
661887
742693
334427
328462
45620
146225
543927
839561
214878
852861
275203
163509
42213
873981
936383
781391
738864
846631
381803
11079
803729
532951
921924
521904
77710
705810
385630
303888
805965
250727
832410
455383
657115
184817
644485
863149
569497
60986
85198
318628
851779
611002
26337
126093
919582
725501
505508
942246
710462
866018
273549
729329
37681
804287
600158
448735
593164
874786
942014
930475
774416
392179
891765
906884
925687
874677
248580
405602
925921
664427
944735
252538
750934
314071
766024
444108
325431
757853
641481
931930
826438
971591
879566
763187
82766
466466
466844
396077
544241
259845
220978
643824
677196
148785
632955
882671
941001
320724
588652
900978
207872
57960
975616
360975
306314
367736
226894
400632
47653
59715
389187
884269
163517
32377
57666
395026
516829
280354
114133
505947
787889
842398
56206
260131
161591
940551
788926
756828
628994
828467
992529
191969
474795
618325
75461
79080
61460
481091
891717
596051
709210
537554
484070
304677
913879
317917
208381
473106
771344
425573
709146
176239
702210
525330
577382
611592
336452
632408
352916
956048
62489
561205
890631
392307
213204
692694
67072
119368
654632
572825
143490
331042
93387
717997
790277
276870
385351
258902
419090
592758
958557
873549
857537
122668
398742
371588
761869
634658
810791
425031
349777
335054
330048
788862
417634
827436
871153
601487
303944
174835
795641
6624
945049
835561
876781
842426
33396
89618
243266
70601
184151
813764
94327
102720
102430
322006
124769
369945
190617
44406
592788
72314
60232
744858
746347
968627
493749
643919
397685
756132
978286
799405
597948
740988
44766
242284
969715
897500
987848
116559
121339
209818
861087
15486
909458
472545
793668
36273
637081
953397
560796
238728
852672
807572
315981
241337
720720
464632
996630
149537
888852
633593
121224
429563
909733
69904
646373
987822
878865
519671
795348
887104
539623
727339
382653
788201
827810
652243
206919
881730
733040
299451
173740
984860
95069
498297
280437
552045
287329
1328
994647
691302
369538
702323
625642
321696
418471
983617
702978
572852
866619
835630
450604
253801
256890
453923
672263
118792
729115
191996
549436
200844
73242
350351
663259
204918
646177
673165
620435
699708
555154
952128
103502
296865
936564
852148
771879
474016
270839
283762
158857
521090
459685
562279
901733
521871
381032
532708
119055
939681
845874
501695
666614
158932
423117
229654
411838
158233
132159
228531
778044
753130
590681
681867
387853
370200
233820
226529
30803
784320
564233
318600
684621
926108
623620
755205
219794
707893
430244
850579
599722
988470
346842
168383
667913
725532
408123
927796
527337
108234
756011
392721
182403
381945
338998
935337
150669
805040
526046
402435
159618
320912
890854
40036
517125
704843
38700
448456
826079
119523
815955
265644
720140
669062
34082
155466
151530
916824
285900
958512
935181
467545
500618
496252
989743
181683
185252
844790
193669
98723
746960
97354
476076
719297
883761
381152
410754
653037
713216
424666
754642
130648
904712
942185
340647
438380
226763
600973
945473
984857
215874
883623
298854
997246
542402
769788
585615
806192
244218
984968
163715
514217
391001
819068
425410
422352
928908
580631
447127
527392
795301
992028
711505
607480
748759
5877
762251
236607
820894
63652
411046
614194
800508
107042
99928
881356
908125
145558
815838
20689
749020
716531
132749
34550
659294
709294
727942
646768
472156
139547
466696
668759
287807
988963
630240
118391
378276
997668
196603
408116
967487
220005
585628
883991
113499
114484
654824
187321
939135
568799
217631
331338
163629
770059
125477
384062
470340
959604
134014
329238
201477
14273
916697
188359
95154
145923
276163
860360
457554
524746
153212
131325
915346
218276
805415
735099
403142
430579
522074
263160
740748
401642
633046
254480
68689
603684
784400
354550
592941
216800
537326
484469
487338
583901
881933
736866
554402
855502
844415
781153
354374
800315
559314
758544
593019
197556
573515
209683
28638
406130
172978
834365
285416
657227
779527
987351
751789
498513
216466
525393
119551
458441
647704
692994
668655
532739
249001
975582
95027
786202
618327
524915
523107
406538
899585
159071
859934
344169
152717
848146
211018
791364
215668
444860
711736
621335
78710
256787
466021
100968
410351
315714
440092
792896
775810
329777
769529
356999
458353
811629
63561
434491
626127
746805
721358
826253
830092
461472
252831
63640
461232
861294
987627
902398
979811
278185
430302
963105
576488
407863
7452
604795
449834
234303
137962
696859
373487
857206
192364
270205
873449
400645
225993
873348
554155
251033
769258
67030
910201
315462
335970
10068
627704
786840
210152
24629
236484
453560
523519
945854
154016
154168
960886
59872
265096
141435
837451
177389
522531
342532
227307
798200
737749
495257
206101
86281
978544
497939
880668
119418
259658
3909
677451
427314
914601
626823
968227
213115
147867
538654
305087
447105
895395
633417
715481
640809
81997
159403
71461
822347
695459
588752
152539
158414
716088
299421
412242
497823
820705
934489
86088
991181
817284
107154
782142
831237
719112
534765
671040
656933
450220
151694
820610
176830
968308
608352
214054
656811
474685
464129
453467
808072
981042
522637
987359
943185
925783
381126
736548
409625
833859
759197
940049
608420
106602
468383
265183
389281
524184
630911
685348
695239
415738
198524
377069
221258
570135
38383
890499
521338
730652
987123
592
409913
163604
130800
966940
554647
330102
607302
709872
378316
568088
863315
993179
292689
603074
776738
367634
190171
410717
236400
853490
430005
302411
264412
46114
170424
576336
600298
406292
364906
106541
671475
695530
757425
652621
587501
218933
394610
392537
38995
10904
335435
497254
853617
294027
6888
895694
386062
425276
309062
454492
235509
313103
703042
844385
575394
359750
153053
868771
292294
542396
222159
43573
416183
683212
223236
233378
643064
449167
355063
60739
299680
816577
165482
173488
702377
106501
791615
711827
849495
868863
148342
782360
889538
66015
277252
713984
696130
169150
455180
398997
438007
890272
796669
757368
476402
771737
605639
380502
40516
541773
580026
240185
67361
251920
673214
896379
897199
526252
937577
220053
558897
922816
90240
996821
778763
914245
225550
278958
764593
957484
78810
284329
643056
763683
283655
656570
2969
18999
781325
196333
94726
70292
946256
401279
941706
903207
231066
540553
348857
25252
832122
483671
165520
835363
974136
579991
679683
628838
974963
109357
881506
217781
302553
900516
315111
778794
384899
881150
586910
656265
249963
395820
659505
206855
397066
708889
402255
495980
77458
348896
282617
699090
25477
806687
654569
545485
754865
992995
119391
936741
845832
165187
651081
801150
698656
712840
521997
785881
218051
473289
910519
999347
697972
112470
864762
575051
995007
867083
756133
316225
680763
786052
724067
573274
36512
393967
135598
724704
247359
976764
799826
289574
442402
668273
327450
780969
733760
751003
27801
403923
516253
667935
534230
892953
872380
70959
954197
566275
729538
388184
562366
632908
270505
553783
681005
546847
312797
642252
254101
92161
823350
646375
215505
450446
54867
818430
628745
352860
662543
404192
601597
390460
271203
946756
44785
913695
539288
613499
893045
468948
658023
675141
594768
314607
401519
601215
338056
395014
446545
327097
966097
941013
678060
368550
624784
379009
749296
513965
156874
799674
234017
729116
373358
163385
470314
597308
568123
269801
588891
674623
912847
610274
801729
430102
732366
94672
234401
133407
849259
474482
61200
100540
770390
297854
728818
720127
861762
320098
567117
530945
903186
779686
10825
12818
207775
125293
55302
101002
512744
459483
486746
478910
571543
408976
211622
876303
584620
448721
848915
778332
823240
422408
953902
74007
820184
548194
469214
974965
756444
386838
477886
223167
490643
359686
533915
593734
27141
172478
745931
509939
743213
462489
191720
383356
587072
244354
469032
436979
266206
669720
208282
301240
275540
41707
908607
489935
655884
694947
455171
24652
42706
700161
343511
33707
469187
436668
132908
257660
86740
457421
634253
587131
467772
337479
387481
213758
669951
948893
872476
162183
971992
6344
287242
862969
822595
761728
732375
798760
137380
148391
295606
827657
423575
22789
86699
239753
216789
191854
98191
342905
715647
401344
774816
517350
39755
385289
409602
843847
194760
470021
830423
998159
446863
417156
138422
727523
793800
219882
995018
406374
95638
665489
209610
390383
960800
498697
67088
861852
89917
31423
982361
132928
559099
829435
381848
414071
440396
554499
191863
882907
903310
188125
234539
386383
994102
649714
384114
807928
683352
418638
475564
826956
602005
337028
88211
145858
785249
436079
498073
257385
81583
174035
132572
245589
868028
68705
538761
782580
257205
576409
71690
926270
414022
952778
777261
319627
862272
222901
933779
948798
454758
552528
344784
440863
22229
76966
737126
446087
517133
97691
71321
558324
147040
979789
162927
440700
61237
488663
710854
779167
860089
211503
163857
463349
632164
709807
929713
564166
399587
668785
708716
14456
152424
377811
989132
305059
753610
806745
558678
517441
105177
534706
720101
727809
200578
154899
847076
358778
498267
553664
508709
106365
844109
839785
11552
930307
195227
944689
314890
437125
874195
455689
141521
393643
398607
735803
668850
339676
34280
109123
283896
817140
244793
42392
8530
330195
747275
116040
532623
710802
524898
801729
352888
540753
546083
129900
707594
387564
204704
36915
192142
619148
676418
392803
35543
178969
779218
651565
686680
312397
631844
609671
856351
598052
313312
528496
725042
50736
989614
165008
139268
882825
180285
465853
971092
580449
533489
404954
5603
727477
411239
626906
369616
685727
637861
846818
911697
213896
984163
553549
37904
519100
571440
147913
235360
678358
433283
85214
970970
477786
863391
437519
482520
475233
693089
858265
731213
790575
683561
348760
286848
670368
849699
312137
777059
673857
732465
21866
68116
527036
385591
584958
472879
778667
194114
937772
383629
33997
889301
441159
682270
438422
868626
47849
730207
322272
90178
880824
774135
333824
430913
761610
967988
159923
345865
774053
401181
654776
959833
822559
545395
405047
403393
585124
8201
836638
221901
354134
206973
628685
320076
67855
450130
792807
797052
73026
733611
897161
208787
10943
982438
584535
409132
558357
895315
194098
407628
430417
848656
21894
963345
460197
66306
467327
759542
580836
981170
272347
702277
676010
580354
870490
682266
362457
258378
167507
418127
798270
7763
164769
755849
184721
879662
444218
908062
528603
565426
891871
85922
322226
918865
333871
26765
642080
652182
928343
68746
980386
454782
978404
57438
201100
973168
534905
538611
707018
199641
729308
898113
671169
455528
852586
221720
253715
169251
256939
45196
273794
365092
60928
285565
107820
640756
225721
609409
373172
279171
632835
768881
277569
198721
692735
849421
957216
546395
732717
85132
767493
10197
316231
824837
549807
904384
267370
390131
887977
851225
7919
948968
710188
186622
99289
300561
807906
384845
875046
456034
988037
825627
122056
453150
458406
955470
972142
199108
497674
365336
729915
986265
734703
518160
92696
351055
725036
772527
333861
251599
470966
429475
958474
41704
43070
513363
201644
28243
657784
504752
216188
565410
213367
830452
178537
411205
950516
929595
316533
437433
391662
116922
492261
530830
59755
426720
241746
394451
687644
580359
309981
898591
440734
180439
694976
301759
143325
847992
95871
858807
677779
439409
513277
831735
395374
255138
532714
251868
726160
431322
218330
959519
569648
909910
983793
14174
942110
723287
952507
185157
669667
624031
207768
438617
655686
545095
130516
305185
395243
225408
404373
112881
318167
377508
262957
61076
19407
409592
564432
636693
431581
743297
264415
761962
912820
161407
222690
473854
566827
129354
59157
157337
446949
945288
407129
856367
690258
585
691659
17666
528462
904895
731826
834356
953127
29789
488722
529837
551036
12490
100893
997028
768128
207042
359497
84942
410142
435466
25661
618785
643511
274382
7845
253700
915847
528792
393573
795669
285989
251375
817641
13142
273961
310410
214235
582197
318376
152879
266798
147190
249242
349997
242199
74495
801565
81650
289436
966400
814162
949770
575109
660988
825253
557557
893358
606777
382123
181283
270526
904960
921828
671118
866674
410001
716767
633780
794387
446695
346877
475312
290822
930595
915533
470900
250626
379544
555863
975013
536796
188466
864436
34387
740222
340803
331162
537364
340086
51372
754806
736316
879274
102564
834162
645818
432810
201256
276502
424402
638494
711871
948234
793330
988190
667049
837178
159988
565600
277220
51538
47279
436364
266778
722281
709562
540972
789290
383482
558078
34495
628241
256012
940855
660781
372789
123380
749447
37204
851342
450033
750647
632064
742321
153461
305355
322362
501882
378947
333376
267959
703574
563059
15780
484785
733931
842323
862738
464148
649508
946408
518537
487438
853532
166546
634729
157833
416422
532173
722761
811701
737847
763731
602487
918846
418097
334239
926925
597789
33420
219917
793836
735306
58339
484318
735960
637327
531225
989975
733936
987704
551334
312200
747016
29735
430401
636522
128293
259076
962860
702818
317268
458705
892567
357026
316775
296987
826738
74991
33613
401740
367890
140669
760909
197598
982975
700598
518367
562538
243608
277465
360103
891743
714339
341823
18382
488526
857205
400953
774847
17953
322170
393622
942395
203372
652898
390017
407258
945691
568744
282950
347935
646859
327360
135413
924534
516534
478493
150367
217868
629318
246684
378494
164299
745098
584080
716401
808177
580550
314347
593060
421132
344356
664197
108942
694164
669257
416332
467924
351845
492739
287497
918347
770583
136158
3467
976411
724412
446934
457714
57086
993525
106598
442201
179688
373041
662207
949281
228737
558147
633364
578519
527949
987167
656722
537601
851885
638001
66413
985162
471359
268251
641430
230855
864480
257545
843209
398757
972497
54769
925698
539185
572855
226220
258959
291140
192444
840108
882753
706889
602004
178714
310908
215597
67674
760653
923182
83233
225176
22120
368348
981582
952485
63248
876760
651671
614121
772360
165711
93700
957885
325676
457215
177424
706541
786823
138501
337168
754399
534993
523476
42621
930253
726408
281474
186465
374893
82345
244924
3803
622003
777739
317786
787598
773484
404889
345485
690924
415947
55338
345205
805082
311553
400703
624463
812801
794565
298584
174540
223921
220211
437811
21949
677617
547985
89314
439081
829607
796972
582471
214145
711520
248673
786351
970347
653437
925367
266441
815418
99771
237290
278594
376511
68189
559747
407486
533049
677880
92642
364532
557671
555483
745758
647910
563198
275864
554243
978300
452791
707572
720442
840828
363264
781095
884422
113704
936210
683599
621802
326005
324962
444216
383145
805475
697777
973888
401509
326525
413630
492586
426537
756399
872604
316098
127042
415295
387614
656103
798472
958954
385774
379258
457786
81564
937789
998946
342215
10827
741460
671289
926121
774320
395529
148694
735276
319459
788494
120696
957581
132754
222692
691915
545533
19485
590765
649434
265221
353041
761566
778962
4547
658496
740435
36079
39186
840697
727740
299525
84936
718249
887413
712365
365912
76366
385140
22282
647576
253652
933659
981495
89502
35470
401710
182735
469507
588114
164510
66264
137289
507121
829316
120332
291161
176913
56937
965830
749157
184682
608258
265158
255148
135385
545977
569569
884571
141156
953958
140168
657745
328139
59420
968882
458427
369159
20192
280297
571422
866082
660981
724271
458292
738034
447763
140106
412141
25907
290614
462195
404630
287232
884050
512983
762135
874862
952995
45192
362199
478021
703715
175043
593594
133212
767573
588126
39690
615376
207935
690190
104371
686880
415796
