161
270
309
563
1281
1560
2074
2118
2192
2355
2489
2568
2591
2927
3184
3189
3299
3396
3400
3734
3768
3844
3977
4167
4401
4477
4478
4689
4771
5193
5271
5425
5980
6075
6125
6147
6174
6185
6634
6760
6765
7344
7352
7380
7726
8145
8211
8458
8708
8736
8824
8854
8862
9588
9624
10340
10704
10742
10895
10932
10932
11663
12329
12332
12410
12463
12626
12731
13465
13531
14041
14123
14440
14565
14748
14973
15053
15194
15293
15331
15586
15838
15969
16000
16063
16082
16400
17266
17278
17528
17556
17775
18228
18249
18432
19049
19350
19387
19708
20042
20240
20264
20476
20587
20717
20811
20958
21491
21751
21974
22061
22773
22966
23218
23478
23533
23638
23700
23878
23987
24254
24313
24439
24579
24803
24925
25000
25371
25688
26454
26483
26882
27164
27548
28048
28167
28170
28245
28474
28618
28770
28913
29012
29211
29450
29902
29908
30127
30154
30261
30295
30334
31014
31283
31288
31398
31887
31890
31999
32006
32207
32248
32302
32441
32476
32602
32757
33017
33081
33091
33107
33357
33363
33654
33834
34117
34309
34309
34340
34599
34667
35083
35476
35785
35795
35852
36049
36140
37208
37638
37823
37880
38324
38337
38383
39135
39155
39375
39465
39484
39575
39663
39830
40038
40356
40369
40588
40696
40772
40798
40824
41287
41297
41462
41499
41851
42097
42113
42497
42710
43105
43271
43867
43918
43921
44287
44306
44315
44500
44553
44646
44714
44876
44993
45002
45006
45097
45656
45860
45874
45879
46776
47009
47280
47283
47318
47339
47651
47904
48011
48975
49254
49333
49815
49855
49943
50345
50353
50402
50547
50588
50812
50929
50960
51069
51445
51710
51864
51973
52486
52611
52759
52801
52806
52821
52838
52985
53041
53426
53451
53863
53930
54191
54309
54334
54392
54979
55101
55109
55288
55670
55828
55855
56078
56244
56383
56853
57691
58086
58183
58462
59492
59826
60209
60600
60786
60983
61030
61095
61104
61228
61493
61574
61726
61862
62470
62888
63172
63340
63746
64034
64212
64362
64418
65149
65670
65691
65829
65837
65845
65878
66459
66526
66643
67044
67048
67107
67250
67273
67419
67494
67771
67904
68122
68366
68522
68788
68893
69141
69186
69292
69355
69439
69655
69747
69769
69837
70000
70013
70355
70928
71500
71568
71893
72291
72355
72428
72827
73087
73165
73171
73427
73730
73753
74146
74384
74444
74831
75141
75481
75635
76041
76175
76258
76294
76697
76820
77282
77637
77766
77828
77896
78244
78271
78537
78590
78620
78895
79043
79057
79090
79740
79988
80210
80381
81133
81346
81470
81629
81877
81960
82083
82184
82195
82208
82223
82393
82546
82685
82767
82997
83242
83277
83691
83876
84000
84090
84229
84397
84498
84527
85335
85447
86307
86442
86570
86707
86814
87162
87520
87971
88123
88293
88541
88622
88914
88988
88995
89660
89948
90201
90502
90506
90592
90607
90627
90784
90785
90848
90979
90983
91209
91280
91346
91644
92061
92310
92391
92402
92653
92724
92897
93064
93104
93149
93165
93254
93409
93994
94177
94306
95700
95761
95812
96011
96411
96509
96695
97350
97780
97938
98106
98129
98190
98215
98223
98301
98436
98449
98660
98700
98724
99344
99455
99509
99680
99925
100052
100279
100734
100994
101099
101131
101147
101669
101797
102090
102109
102144
102317
102525
102697
102775
102851
103565
103585
103791
104430
104814
105165
105217
105321
105420
105777
106175
106353
106865
107021
107484
107639
107820
107836
108106
108500
109255
109260
109463
109728
109912
109922
110280
110281
110308
110348
110412
110572
110647
110686
110888
110997
111332
111439
111487
111774
112126
112298
112350
112521
112537
112540
112666
113010
113115
113189
113394
113469
113824
113825
113951
114106
114357
114453
114526
114719
115284
115316
115432
115480
115556
115737
115778
116162
116353
116409
116624
116787
116807
116862
117039
117084
117655
117822
117913
118323
118562
118770
118787
118955
119229
119264
119537
119789
119921
119948
120104
120211
120263
120885
120918
120948
120993
120997
121028
121035
121130
121259
121461
121637
121667
121842
121939
121983
122026
122214
122402
122639
122721
122870
123349
123393
123659
123711
124551
125223
125388
125508
125544
125716
126027
126036
126132
126255
126320
126461
126955
126998
127586
128029
128163
128233
128689
128836
129135
129179
129524
129678
130171
130377
130384
130398
130404
130470
131104
131191
131251
131278
131331
131386
131876
132350
132352
132677
133020
133220
133412
133573
133974
134044
134090
134187
134271
134465
134583
134737
134851
134933
135523
135611
135629
135876
135898
135910
135956
136377
137710
138040
138173
138508
138672
138942
139410
139668
139761
139888
139901
140722
140731
140756
140793
140807
141029
141051
141158
141361
141703
141735
142111
142133
142757
142815
143416
143667
143966
144024
144135
144322
144945
145120
145302
145347
145405
145531
145618
145788
146243
146264
146619
146968
146988
147690
147691
147711
147713
148239
148326
148347
148365
148488
148552
148665
148730
149269
149297
149756
149874
149960
150597
150611
150614
150623
150867
150903
151143
151264
151513
151530
151631
151762
152178
152220
152246
152404
152439
152901
152935
153233
153363
153402
153973
154425
154890
155208
155524
155718
156038
156400
156482
156764
156818
156880
157061
157173
157718
157829
157836
158154
158206
158284
158366
158406
158659
158683
158779
158948
159055
159143
159290
159398
159418
159573
159927
159962
160517
160574
161032
161108
161122
161177
161368
162042
162265
162408
162491
162734
162990
163270
163303
165034
165086
165533
165695
165695
166123
166428
166527
166926
166990
167243
168132
168265
168465
168533
169085
169321
169400
169915
169938
170265
170317
170514
171650
171722
171811
172269
172282
172360
172434
172477
172608
172661
172915
172959
172975
173122
173238
173295
173346
173567
173634
173662
174114
174126
174417
174455
174515
174890
175063
175481
175705
175989
176062
176189
176305
176942
176967
177022
177093
177154
177179
177214
177564
178077
178121
178214
178695
179134
179534
179604
179966
179976
180083
180353
180579
180720
181151
181350
181474
181498
181566
182154
182159
182227
182561
182673
182785
182978
183277
183518
183536
183626
183727
183787
184011
184051
184099
184175
184371
184380
184533
185357
185458
186073
186464
186659
187051
187315
189145
189697
189944
190264
190588
191021
191047
191124
191266
191625
191862
192290
192500
192572
192940
193149
193224
193403
193427
193625
193641
193730
193810
194786
195232
195233
195340
195474
195669
195709
195953
196183
196640
196857
196859
196871
196970
197113
197172
197352
197575
198110
198224
198331
198609
198789
198965
199056
199117
199159
199236
199627
199717
199752
199879
199989
200128
200287
200598
200720
200741
200769
200979
201096
201584
201613
201898
201955
202467
202482
202680
203325
203360
203822
203977
204052
204889
205489
205800
206513
206669
206698
206894
207495
207497
207580
207607
207794
207869
208498
208756
208909
209148
209259
209288
209356
209837
210020
210037
210089
210246
210498
210561
210706
210868
211196
211287
211304
211411
211446
211708
212011
212205
212615
212675
212763
212847
212986
213591
213768
213825
213866
214302
214485
214704
214808
215033
215358
215843
216166
216179
216631
216678
217587
217950
218749
218834
219008
219367
219547
219570
219615
219627
219647
220067
220099
220362
220717
220958
220958
221034
221455
221525
221607
222247
222280
222578
223081
223170
223186
223234
223334
223374
223477
223761
223963
224163
224288
224735
224758
224997
225071
225141
225239
225403
225473
225775
225839
226024
226067
226101
226224
226269
226410
226460
226463
226704
226954
227346
227366
227650
227764
227800
227914
227975
227991
228071
228255
228588
228706
228745
228870
228921
229278
229529
229645
229841
229946
229984
230081
230472
230783
230812
230964
231053
231699
231713
231892
232097
232298
232372
232621
232649
232815
232856
232976
232979
232981
233047
233196
233319
233371
233700
233848
233855
233931
233934
233943
234291
234348
234374
234532
234624
234914
235127
235215
235284
235719
235892
235908
235912
236003
236247
236327
236354
236373
236498
236587
236598
237320
237741
237788
237926
238121
238266
238360
238517
239092
239417
240319
240331
240600
240917
240994
241017
241061
241171
241584
241722
241814
241867
241954
242065
242081
242345
242404
242448
242536
242559
242649
242687
242898
243132
243230
243303
243337
243460
244265
244407
244442
245312
245339
245715
245923
246088
246189
246448
246808
246909
247800
247944
248094
248571
248881
249120
249325
249549
249662
249876
250054
250576
250864
251082
251473
251595
251656
251697
252374
252509
252580
252862
253078
253237
253327
253404
253449
253468
254005
254037
254373
254460
254502
254525
254651
254728
254901
254969
255184
255318
255423
256581
256840
256904
257028
257142
257638
257750
257756
258308
258313
258387
258555
258648
258673
258838
259188
259323
259374
259419
259520
260159
260747
260903
261399
261476
261769
261871
261986
262105
262330
262734
262915
263312
263639
263845
263928
264234
264361
264849
265091
265368
265445
265921
266299
266344
266607
266913
267284
267288
267385
267744
267831
267915
267942
268074
268085
268376
268418
268508
268606
268808
268956
268971
269784
270016
270239
270608
270696
270794
271364
271435
272547
272620
272719
272893
272974
273068
273092
273771
273849
274105
274379
274842
274860
274943
275155
275329
275342
275995
276427
276581
276581
276666
276941
277069
277431
277503
277536
277650
277653
277691
277796
277809
277848
277972
277992
278243
278589
278619
278776
279001
279013
279363
279846
280755
281582
281586
281608
282025
282299
282318
282458
282728
282952
282965
283238
283351
283537
284057
284272
284300
284581
284971
284981
285018
285251
285563
285577
285732
286034
286322
286440
286570
286626
286902
286958
287273
287499
287764
287887
287966
288146
288273
288865
288991
289820
289894
289981
290028
290328
290572
290730
290764
290852
290892
290929
290963
290964
291151
291404
291832
291901
292011
292272
292488
292535
292737
293231
293437
293449
293546
293658
293920
293994
294110
294180
294263
294436
294638
294669
295236
295398
295656
295796
295974
296614
296783
297115
297377
297435
297586
297988
298131
298224
298377
299233
299592
299677
299767
299981
300269
300409
300878
301164
301478
301750
302125
302159
302164
302258
302275
302646
302969
303249
303853
304071
304180
304316
304334
304432
305144
305233
305665
305929
306000
306023
306061
306065
306270
306585
306644
306709
306960
307017
307340
307355
307483
307710
307713
307938
307955
308228
308396
308726
308754
308971
309460
310021
310478
310859
310976
310983
311195
311374
311462
311486
311543
311710
311749
312721
312935
313351
313729
313734
314931
315310
315389
315459
315722
315858
315863
316233
316578
316746
317202
317262
317295
317580
317641
317665
318049
318466
318545
318568
318766
318813
319125
319191
319394
319421
319530
319633
320005
320183
320274
320421
320496
320498
320511
320634
321062
321170
321485
321862
321977
322058
322335
322445
322464
322493
322519
322817
323044
323061
323338
323383
323651
323683
323849
323869
323990
324174
324188
324224
324531
324773
324920
325111
325155
325233
325587
325969
326423
326509
326695
326717
326942
328258
328921
329075
329126
329728
329939
330200
330223
330257
330374
330428
330526
331115
331569
331678
331680
331777
331817
332271
332584
332647
332682
332738
332776
332969
333158
333845
334849
335009
335197
335271
335392
335599
335762
335853
336113
336222
336291
336322
336519
336533
336667
336868
337004
337133
337741
337837
337899
337921
338038
338049
338115
338234
338241
338354
339076
339451
339807
340102
340856
340905
340906
341057
341637
342150
342544
342648
342687
342832
342845
343241
343632
344032
344100
344154
344196
344669
344679
344686
344885
344976
345068
345142
345345
345593
345763
345968
346410
346460
346904
347011
347017
347272
347417
347437
347719
347820
348606
348756
349062
349108
349486
349521
349853
349904
349996
350016
350024
350135
350743
350931
351812
351926
351945
352238
352501
352630
352641
352654
352961
352972
353092
353133
353411
353880
353881
354502
354697
354763
355068
355152
355425
355455
355479
355652
355666
355765
356105
356105
356479
356544
356597
357078
357172
357180
357509
357768
357776
357810
357850
357865
357901
358117
358227
358240
358282
358284
358407
358712
358864
358865
358893
358966
358991
359087
359279
359325
359345
359617
359731
360029
360145
360302
360486
360515
360565
360631
360953
361367
361516
361623
361642
361725
361955
362170
362362
362489
362630
362734
363021
363132
363166
364174
364188
364246
364485
364818
364898
365013
365218
365389
365420
365584
365769
365909
366110
367110
367248
367283
367341
367622
367712
367819
367878
367896
368110
368130
368204
368249
368294
369117
369353
369381
369969
370064
370299
370332
370376
370449
370535
370595
370628
370691
370773
370850
370886
371158
371295
371394
372157
372472
372797
372956
373193
373319
373441
373549
373555
373651
373773
374390
374450
374558
374755
374767
375619
375710
375792
376607
377043
377324
377424
377501
377536
377839
377857
378152
378334
378379
378946
379105
379152
379156
379456
379483
379847
380669
381282
381285
381465
381693
382024
382161
382211
382490
382808
382931
383002
383386
383686
384112
384441
384520
384558
384697
384957
385736
386010
386168
386536
386659
387081
387089
387179
387472
387675
387685
387843
387968
388102
388370
388425
388591
389229
389668
389687
389867
389928
390418
390475
390476
390653
390714
390885
390956
391385
391436
391596
391788
391852
391917
391993
392051
392170
392736
392900
392949
393038
393076
393107
393218
393329
393846
393849
394044
394522
394525
394813
394819
394835
394916
394962
395089
395447
395485
395645
395961
396131
396299
396912
397200
397742
397754
397794
398791
398868
399314
400230
400379
400704
400746
400817
401076
401164
401332
401471
401795
401830
401973
402119
402285
402387
402586
402645
402726
402784
403372
403551
404190
404227
404343
404347
404356
404545
404734
404987
405361
405671
405697
405722
405863
405957
406006
406299
406672
406887
406976
407186
407574
407659
407743
407833
407938
408023
408439
408733
408876
408890
408940
408953
409115
409209
409413
409870
409877
410285
410332
410503
410646
410730
410839
410902
411099
411102
411422
411538
411661
411674
411908
412019
412370
412376
412543
412585
412769
412782
413223
413316
413400
413457
414208
414268
414318
414404
414416
414645
414733
414902
414984
415042
415337
415522
415588
416037
416160
416301
416346
416361
416557
416670
416902
416913
417144
417666
417698
417934
417951
418180
418187
418284
418292
418318
418426
418976
419477
419886
419891
419998
420018
420278
420293
420333
420503
420631
420667
421067
421209
421412
421481
421910
422354
422457
422471
422656
422693
422912
422970
422981
423049
423143
423533
423547
423728
423809
423886
423888
424126
424402
424434
424980
425021
425127
425199
425274
425440
425606
425990
426233
426482
426608
427104
427225
427289
427382
428041
428119
428424
428618
428690
428787
428887
428946
429054
429222
429599
429822
430042
430069
430121
430822
430828
431460
431569
431858
431891
432394
432709
432764
433037
433194
433279
433858
434941
434981
435529
435907
436116
436377
436411
436633
436827
437459
437474
437514
437915
438085
438091
438178
438333
438333
439133
439205
439307
439580
439601
439646
439712
439763
439862
439890
440557
440722
440762
441024
441452
441503
441803
442229
442301
442492
442596
443181
443628
443758
443779
443811
443970
443987
444188
444364
444376
444528
444766
445106
445363
445450
445860
446193
446237
446261
446362
446523
446646
446929
447476
447540
447557
448010
448044
448260
448329
448359
448501
448713
448923
448925
449082
449471
449713
450509
450551
451121
451201
451281
451423
451424
451631
451660
452001
452320
452532
452808
452859
453031
453330
453520
453524
453584
453632
453723
454095
454221
454324
454406
454672
454726
455267
455354
455740
455921
455938
456660
456708
456825
456920
457162
457225
457908
458791
459099
459165
459220
459247
459247
459343
459416
459961
460019
460328
460410
460765
460880
461043
461206
461358
461469
461483
461644
462065
462490
462752
462851
463174
463566
463922
463944
464125
464249
464264
464331
464487
464724
464979
465007
465573
465710
466093
466340
466700
466778
466877
467084
467266
467772
467824
467936
467964
468115
468149
468224
468296
468492
468671
468927
469164
469280
469311
469456
469472
469542
469623
470675
470771
470805
471084
471238
471307
471673
472078
472305
472357
472539
473342
473548
473731
473747
473956
474026
474406
474417
474521
474639
474678
474774
474899
474925
475109
475225
475527
475654
475789
475800
475827
475936
476036
476212
476217
476332
476384
476667
477146
477287
477661
477734
478313
478395
478642
478910
479070
479111
479255
479360
479748
479856
480282
480590
480631
480817
481473
481601
481647
481842
481908
481960
481973
481993
482006
482428
482723
483225
483770
483981
484142
484481
484694
484921
484939
484973
485242
485752
485799
486165
486252
486351
486502
487048
487267
487376
487664
487676
487724
488249
488431
488446
488462
489124
489305
489333
489406
489439
489497
489530
489767
489774
489964
489981
490111
490230
490544
490788
490797
490819
490977
492167
492563
493353
493370
493451
493610
493717
494121
494203
494402
494583
494920
495216
495232
495330
495403
495925
495951
496012
496551
496639
496647
496807
497109
497245
497783
497831
498284
498354
498702
498758
498840
498859
498926
498994
499087
499148
499586
499700
499735
500125
500131
500190
500318
500637
500885
501116
501320
501700
502601
502666
502800
502865
503063
503136
503874
503896
503900
504150
504298
504430
504571
504892
505235
505472
505871
505983
506661
507236
507278
507534
507830
508247
508641
508689
508692
508962
509473
509648
509676
509934
510293
510506
510699
510849
510952
511017
511076
511117
511235
511437
511511
511796
511929
512122
512140
512158
512282
512501
512509
512682
512880
513167
513623
514208
514474
514810
515333
515712
516000
516510
516543
516831
516868
517099
517158
517160
517210
517596
517665
517819
517870
517938
518184
518224
518548
518583
518764
518783
519110
519241
519247
519299
519953
520383
520490
520561
520707
520891
520974
521228
521673
521760
521869
521969
522013
522304
522621
522669
522870
522890
522976
523013
523507
523543
523616
523691
523828
524564
524668
524848
524921
525305
525465
525744
525793
526161
526459
526651
526920
526985
527080
527174
527203
527284
527428
528146
528378
528738
529274
529848
530250
530379
530396
530426
530442
530556
530652
530749
531312
531437
531503
531504
531592
531787
531850
532108
532171
532279
532452
532740
532742
532959
533016
533155
533157
533316
533629
533760
534022
534579
534629
535081
535152
535722
535797
536126
536194
536200
536647
537036
537117
537316
537383
537874
537904
537988
538096
538412
538525
538781
539096
539109
539222
539587
539798
540151
540158
540330
540415
540575
540744
540837
541136
541417
541779
541903
542346
542405
542479
542490
542610
542634
542893
543168
543488
543611
543653
544184
544496
544528
544691
544994
545048
545084
545698
545722
545954
546041
546089
546262
546321
546454
547246
547308
547482
547516
547592
547745
547804
547838
547859
547968
548005
548556
548565
548980
549044
549202
549754
550162
550628
550663
550678
551401
551509
551533
551630
551743
552063
552162
552451
552656
552702
552916
553406
553572
553575
553631
553890
554104
554262
554520
555057
555403
555556
556035
556159
556683
557082
557339
557535
558496
558503
558544
558670
558897
558898
559247
559435
559464
559701
560110
560130
560777
560854
560887
560932
561215
561554
561669
561749
561914
562288
562315
562452
563116
563240
563342
563365
563648
563704
564083
564119
564523
564563
564653
564714
564742
565620
565712
566097
566262
566645
566654
566790
567382
567661
567814
567828
567896
568083
568476
568566
569189
569192
569251
569262
569262
569407
569729
569765
569789
569977
570069
570180
570763
571352
572468
572489
572702
572826
573034
573419
573508
573588
574245
574256
574513
574525
575053
575106
575106
575171
575535
575718
576404
576572
576643
576652
577240
577331
577334
577351
577363
577393
577411
577440
577509
577584
577822
577851
577944
577996
578347
579046
579272
579426
579570
579580
579589
579887
579955
580083
580513
580551
580859
581049
581120
581310
581441
581467
581516
581589
581848
582206
582610
582771
583019
583106
583627
583646
583786
584030
584061
584081
584269
584463
584486
584598
584630
584845
585014
585263
585408
585677
585926
586232
586600
586707
586898
586970
587438
587444
587517
587557
587720
588101
588237
588318
588535
589077
589202
589859
589896
590289
590402
590624
590950
591240
591429
591436
591476
591814
591885
592286
592743
593077
593582
594139
594293
594528
594577
594690
595471
595822
596617
596754
597484
598822
598976
599502
599583
599879
600634
601547
601694
601780
601809
601904
601922
602323
602580
602696
602705
602896
602902
602955
602991
603562
603620
603886
604070
604172
604677
605640
605647
605825
606440
607357
607566
607587
607862
608288
608549
608671
608695
608824
609596
609815
609837
609896
609933
610065
610147
610226
610334
610489
610583
610671
610700
610809
610881
611209
611278
611496
611564
611899
611909
612232
612409
613157
613333
613791
614337
614604
614648
615544
615671
616109
616174
616192
616219
616438
616526
616656
616828
616880
617013
617176
617311
617517
617591
617760
618046
618227
618866
618969
619230
619460
619637
620285
620327
620434
620510
620706
621220
621669
622025
622148
622460
622555
622562
622955
622974
623169
623589
623743
623808
623907
623910
624003
624495
625015
625258
625338
625474
625630
625924
626018
626216
626270
626396
626424
626464
626611
626666
626709
626817
626834
627271
627398
627577
628071
628239
628386
628424
628499
628502
628835
628983
629040
629556
629739
630090
630281
630291
630394
630603
630793
630963
631161
631287
631490
631732
631807
631851
631936
632408
632570
633219
633557
633563
633660
634057
634270
634310
634581
635176
635326
635509
636582
636620
636691
636709
637133
637220
637351
637413
637741
638089
638693
638786
638850
639008
639284
639292
639534
639566
639578
639724
639854
640324
640376
640378
640852
640987
641667
641712
641839
641894
641929
641931
641995
642169
642435
642794
642881
643355
643850
643918
644074
644124
644261
644269
645183
645204
645476
645555
645608
645975
646015
646218
646224
646450
646565
646617
646764
646854
647060
647347
647472
647747
647751
647806
647884
647914
647985
648383
648565
648586
648589
648954
649347
649430
649616
649969
650609
650657
651179
651311
651407
651718
651842
651855
652208
652726
652942
653553
653607
654054
654530
654617
654997
655091
655296
655315
655385
655401
655410
655481
655698
655848
656280
656446
656453
656602
656938
657215
657268
658025
658741
658763
659019
659052
659564
659664
659817
659853
660353
660448
660474
660536
660639
660732
660780
660797
660886
661005
661179
661452
661616
661637
661668
661956
662165
662205
662277
662363
662538
662584
662663
662975
663071
663178
663200
663856
663867
664199
664478
664502
664596
664974
665103
665173
665431
665588
666144
666540
666576
667197
667361
667449
667480
667551
668030
668148
668169
668357
668421
668436
668459
668620
668687
668727
668782
669091
669357
669496
669498
669510
669525
669546
669557
669665
670114
670322
670516
671035
671123
671176
671338
671653
672222
672330
672362
672813
673066
673253
673477
673687
673696
673703
673967
674033
674050
674315
674623
675285
675345
675378
675583
675602
675642
676001
676232
676557
676658
676701
676798
676879
677637
677870
677884
677984
678172
678229
678477
678565
678804
679024
679139
679159
679195
679397
679565
679599
679784
680316
680926
681016
681030
681099
681140
681212
681810
681963
682038
682124
683048
683135
683143
683634
683941
684051
684195
684216
684490
684712
684793
684810
684827
684976
685026
685087
685089
685183
685197
685315
685385
685399
686049
686188
686260
686385
686828
687419
687461
687511
687526
687902
687916
688088
688167
688465
688511
688979
689239
689327
689383
689513
689651
689878
690025
690298
690389
690573
690696
690835
690862
691099
691247
691339
691573
691709
691778
691785
692262
692457
692459
692918
693353
693460
693951
694056
694077
694859
695056
695346
695485
695490
695756
695776
695785
695834
695847
695968
696024
696570
696583
696700
696978
697266
697520
697653
697793
697929
698279
698857
698948
699427
699467
699474
699481
700311
700355
700379
700407
700491
701891
702159
702441
702634
702826
703214
703766
704040
704059
704128
704304
704357
704765
705137
705490
705816
705957
706457
706752
706952
707191
707312
707410
707910
707955
707995
708027
708222
708248
708368
708643
708649
708790
709067
709239
709292
709440
709737
709778
709807
709895
709907
710026
710100
710607
710631
710749
711004
711272
711622
711700
711773
711792
711833
711861
711983
712291
712310
712549
713117
713375
713444
713453
713611
713741
713895
713949
714703
714771
715058
715820
715917
715999
716031
716281
716365
716450
716481
716485
716514
716774
716992
717514
717566
717620
717686
717816
717946
718249
718545
718625
719323
719641
720232
720344
720387
720690
720733
720990
721275
721423
721527
721756
721819
722002
722073
722273
722928
723072
723243
723541
723798
724003
724246
724540
725165
725307
725394
725621
726007
726285
726587
726612
726751
727045
727744
727929
728174
728232
728233
728241
728397
728443
728735
728987
728988
729249
729503
730585
730743
730775
730936
731137
731439
731604
731707
731990
732070
732202
732307
732318
732396
732503
732731
733021
733125
733210
733496
733782
734164
734365
734521
735179
735960
735978
736002
736429
736479
737041
737143
737602
737636
737693
737916
738028
738109
738258
738259
738342
738405
738449
738456
738981
739075
739171
740163
740242
740251
740349
740405
740434
740452
740490
740713
740900
741137
741310
741562
741675
741764
741816
741998
742097
742229
742280
742806
742974
743604
743661
743706
743709
745193
746427
746539
746590
746736
746902
747311
747421
747471
747832
748363
748484
748635
748701
748831
749020
749247
749276
749961
750126
750413
750414
750683
751219
751229
751270
751500
751646
751890
751963
752326
752745
752782
752872
753034
754027
754417
754441
754567
754621
754674
754790
754887
754912
755024
755056
755184
755367
755407
755430
755690
755837
755991
756060
756106
756834
756856
756922
757066
757254
757513
757611
757738
758182
758275
758306
758451
758492
758925
758947
759288
759312
759375
759389
759549
759890
760568
760806
760954
761045
761235
761340
761811
761858
762036
762093
762291
762306
762330
762769
762992
763050
763355
763375
763595
763604
763813
764042
764195
764412
764471
764603
764620
764711
764731
764937
765280
765322
765914
766354
766423
766530
766898
767121
767459
767666
767830
767940
768591
768933
768971
769397
769663
769767
769769
769934
770004
770048
770203
770354
770382
770453
770749
770853
770921
771928
772408
772507
773082
773374
773553
773830
774220
774388
774522
774527
774661
774797
775259
775263
775361
775414
775522
775604
775605
775773
775936
776104
776143
776445
776557
776988
776992
777326
777336
777492
777568
777825
778105
778208
778276
778353
778413
778419
778454
778501
778674
778734
778745
778949
779091
779236
779270
779292
779642
780204
780205
780263
780295
780514
780656
780885
780938
780983
781021
781401
781496
781555
781560
781707
781766
781819
782396
782639
782643
783893
784224
784354
784415
784467
784484
784512
784528
784748
784793
784896
784936
785056
785381
785583
785699
785759
785766
786037
786193
786370
786661
786808
787412
787916
788189
788294
788733
788829
788927
788996
789285
789445
789529
789725
790116
790630
790791
790811
790895
791021
791196
791317
791390
791461
792117
792163
792466
792482
792825
793078
793104
793134
793213
793976
794151
794221
794235
794267
794325
794661
794706
794931
795058
795370
795617
795684
795722
795919
795984
796151
796206
796675
796769
796888
797110
797471
797719
798467
798563
798809
798811
798844
799011
799385
799986
800166
800501
800642
800766
800871
800981
801331
801395
802077
802384
802821
802913
803173
803217
803372
803585
803715
803743
803844
804013
804155
804282
804376
804531
804694
805122
805356
805817
805976
806034
806409
806563
806629
806758
806855
807324
807623
807749
807839
808287
808308
808474
808583
809606
809716
809853
810024
810165
811037
811438
811761
811983
812163
812224
812279
812468
813192
813599
813751
813979
814094
814246
814263
814495
814584
815017
815281
815371
815406
815441
815469
815706
815727
815790
816364
816579
816590
816976
817316
817656
817965
818029
818046
818443
818518
818921
819179
819461
819844
819889
820011
820096
820096
820262
820297
820813
820987
821013
821606
821779
821896
822631
822922
823087
823126
823858
823991
824004
824119
825137
825298
825506
825987
826132
826846
827056
827309
827317
827428
827459
827529
827732
827803
827963
828354
828458
828761
828888
829030
829095
829350
829400
829440
829925
830488
830972
830988
830997
831055
831376
831637
831665
831922
832236
832351
832880
832930
833207
833238
833382
833445
833539
833662
833913
833997
834032
834146
834243
834548
834741
834944
835012
835436
835638
835676
835692
835907
836082
836397
836414
836760
836813
836948
837140
837296
837365
837451
837483
837799
838094
838119
838396
838507
838519
838661
839070
840160
840295
840435
840650
840851
841418
841485
841714
841918
841971
842186
843018
843305
843404
843475
843542
843980
844012
844014
844265
844381
844531
844572
844639
844683
844733
845400
845649
845736
845745
845903
846012
846360
846386
846483
846513
846676
846813
846969
847110
847624
848199
848528
848641
848805
849236
849997
850017
850192
850978
851765
851829
851895
852023
852142
852142
852222
852255
852343
852402
852494
852636
852659
852742
852916
853055
853089
853257
853259
853259
853465
853576
853889
853967
854030
854157
854175
854473
855217
855419
855872
855978
856190
856320
856382
856390
856576
856628
856940
856959
857028
857030
857213
857341
857576
857617
857636
857657
857707
857816
857931
858152
859089
859169
859233
859502
859683
859743
859818
859834
860383
860807
860977
860986
861351
861569
861879
862091
862147
862525
862794
862795
862831
862903
863087
863471
863540
863564
863584
863663
863717
863752
863820
863879
863936
864068
864212
864422
864543
864806
864851
864885
865144
865346
865372
866916
867248
867498
868032
868087
868091
868259
868427
868590
868605
868995
869647
869655
870053
870168
870766
870856
870880
870954
871258
871670
871789
871823
872078
872435
872456
872803
872872
872910
872974
873170
873533
873563
873630
873636
874172
874410
874456
874626
874817
875254
875409
875421
875754
876251
876271
876364
876575
876628
876670
876993
877123
877146
877853
878030
878274
878885
879163
879170
879277
879284
879383
879694
879904
880189
880245
880482
880834
881054
881417
881481
881896
881989
882055
882319
882463
882736
882848
883054
883166
883436
883542
883758
883771
884731
884767
884989
885189
886224
886704
886798
886898
887279
887338
887457
888172
888180
888304
888744
888945
889098
889358
889457
890097
890423
890689
890896
891233
891237
892032
892564
892584
892647
892818
892949
892978
893033
893368
893897
894088
894365
895072
895117
895795
895850
895963
896040
896465
896500
896652
896763
896862
897485
897615
897817
897913
898103
898173
898705
898855
898890
899004
899346
899355
899469
899629
899678
899695
899748
899766
899866
899927
900264
900283
900309
900475
900886
901032
901151
901455
901604
901762
901942
902292
902381
902486
902599
903245
903440
903696
903821
903913
903962
905043
905559
905568
905596
905897
906023
906166
906550
906678
906881
906939
907353
907397
907439
907547
907559
907645
908201
908320
908730
909502
909999
910098
910441
910733
911116
911169
911538
911649
911698
912324
912424
912824
913015
913065
913090
913223
913273
913403
913447
914173
914194
914311
914535
914805
914849
914908
914908
914921
915288
915683
915979
916055
916150
916270
916281
916310
916537
916648
917453
917616
917779
917964
918002
918019
918638
918769
918822
919096
919201
919508
919893
919999
920135
920310
920537
920896
921041
921143
921300
921400
921412
921485
921521
921820
921822
921921
922029
922509
922570
922605
922891
923171
923250
923505
923666
923773
923976
924594
924778
925099
925655
925708
925729
925736
925780
926356
926483
926753
926786
926795
927038
927209
927379
927944
927999
928192
928245
928437
928447
928530
928549
928558
928838
928943
928963
929743
929799
929847
929900
930245
930376
930415
930843
930930
930976
931028
932003
932295
932473
932577
932706
932744
933038
933090
933267
933531
933540
933968
933979
934736
934851
935179
935292
935363
935401
935503
935531
935661
935694
935975
936006
936617
937033
937091
937262
937929
938180
938561
938797
938864
939032
939099
939570
939582
939591
939602
939603
939715
939829
940163
940271
940804
941028
941399
941668
941981
942671
943196
943422
943531
943603
943695
943792
944207
944449
944560
944955
945015
945170
945393
945571
945866
945897
945926
946553
946626
946656
946787
946999
947017
947522
947656
947660
948012
948048
948560
948924
949027
949163
949342
949391
949398
949506
949656
950059
950105
950139
950309
950381
950417
951355
951427
951435
951507
951568
951596
951775
951902
952246
952562
952827
953025
953135
953380
953483
953609
953638
954378
954382
954434
954491
954583
954671
954770
955171
955512
955609
955616
955766
955860
957182
957775
957801
958224
958426
958720
958959
959038
959496
959594
959965
959996
960088
960109
960861
960899
961197
961416
961445
961601
962071
962289
962502
962538
962639
962650
962687
963009
963172
963394
963992
964108
964233
964247
964642
964845
965065
965210
965426
965584
965616
965822
965838
966369
966420
966431
966796
967186
967275
967370
967546
967763
967853
967986
968075
968475
968870
969155
969322
969429
969483
969685
969820
970552
970564
971041
971162
971169
971181
971448
971622
971707
971730
971870
972269
972341
972373
972495
972693
972714
972715
972742
972824
972832
973027
973164
973360
973715
974149
974459
974816
975100
975146
975345
975504
975544
975570
976220
976772
976926
976931
977270
978597
978721
978725
978745
978875
978880
978952
978996
979272
979481
979746
980235
980330
980399
980788
980904
981163
981460
981699
982092
982188
982227
982270
982477
982815
983205
983423
983503
983695
984183
984186
984436
984641
984783
984989
985003
985900
986397
986547
986605
986944
987479
988126
988642
988673
988738
988886
990029
990343
990592
990706
990950
991456
991539
991909
991944
992084
992110
992313
992327
992385
992399
992411
992618
992649
992866
992895
992986
993309
993327
993955
994086
994260
994260
994310
994329
994851
994909
995279
995499
995610
995756
995835
996159
996420
996750
996964
997043
997116
997149
997332
997541
997936
998029
998144
998299
998307
998913
998914
999338
999515
999638
999701
999931
999942
999956
