30
39
53
105
263
480
576
891
1076
1510
1705
1812
1834
2140
2141
2240
2443
2737
2766
3810
4070
4102
4308
4628
4703
4941
4980
5129
5147
5224
5454
5460
5666
6419
6724
6802
7455
7864
7939
8160
8183
8229
9113
9128
9250
10009
10244
10701
10916
11053
11106
11117
11762
12224
12630
12840
12880
12998
13031
13182
13282
13611
13756
14227
14276
14283
14316
14388
14785
15137
15171
15228
15442
15679
15719
16080
16432
16455
16457
16627
17169
17281
17306
17801
18012
18050
18835
18879
18978
19339
19879
20024
20070
20244
20850
20946
21068
21248
21334
21339
21559
21900
21928
21977
22036
22039
22058
22099
22252
22449
22614
23018
24159
24276
24393
24529
24857
24901
25278
25345
25665
25694
25718
25787
25977
26311
26548
26767
26825
26858
26943
27663
28002
28011
28097
28203
28820
28853
28909
28938
29333
29438
29470
29534
30258
30304
30328
30550
30680
30737
30764
30788
30788
31209
31606
31994
32730
32973
33533
33783
33914
34192
34424
34564
34684
34839
35067
35188
35224
35350
35518
35670
35887
36051
36198
36894
37065
37621
37907
37997
38192
38258
38430
38454
38591
38792
39014
39118
39509
39537
39632
39832
40121
40194
40385
41090
41094
41250
41452
41575
41696
41866
42024
42262
42623
42707
42869
43139
43499
43664
44021
44086
44459
44846
45184
45198
45378
45453
45626
46838
46857
46962
46999
47480
47563
47664
48039
48267
48392
48747
49129
49362
49750
49768
49974
50209
50320
50673
51085
51326
51714
52027
52113
52227
52339
52598
52630
52732
53329
53547
53567
53804
53997
54133
54279
54823
54856
54913
55004
55772
56232
56407
56685
57297
57535
58206
58254
58263
58269
58289
58317
58607
58781
59024
59207
59453
59486
59490
59628
60194
60438
60595
60693
60823
61067
61206
61266
61356
61607
61625
61658
61900
62025
62108
62121
62268
62355
62506
62939
63023
63371
63448
63518
63662
63704
63736
63772
63811
63854
63984
64128
64279
64724
64861
65043
65189
65419
65440
65509
65760
66189
66254
66725
66815
67072
67100
67327
67405
67405
67419
67519
67611
67987
68043
68112
68399
68692
69328
69446
69683
69728
69777
69817
69923
70003
70324
70396
70685
70942
70952
70991
71074
71336
71706
71763
72037
72270
72456
72564
72577
72835
72942
72977
73701
73786
73804
73903
74106
74144
74294
74629
74765
75212
75401
75490
75586
75623
75720
75785
75839
75989
76060
76149
76225
76292
76558
76660
76873
77084
77173
77244
77332
77521
77622
77825
78006
78008
78060
78178
78537
78599
78714
79072
79276
79375
79403
79842
80463
80790
80884
80914
81025
81238
81421
81576
81785
81969
81984
82662
82828
83097
83131
83324
83494
83656
83848
83952
84333
84399
84846
84897
85593
85623
85689
85780
85847
86006
86075
86245
86377
86428
86663
86754
86878
87530
88039
88348
88472
88644
88667
88673
88824
89096
89291
89484
89818
89820
89964
89978
90392
90415
90434
90504
90884
90998
91085
91214
91542
91701
91832
91929
92478
92591
92691
92815
92833
93074
93554
93634
95029
95079
95621
95730
95967
96206
96212
97118
97316
97385
97539
98260
98265
98815
98825
99435
99446
99803
99908
100282
100494
100819
100934
101018
101214
101295
101313
101466
101747
101747
101803
102291
102322
102418
102554
102700
102817
102849
102954
103192
103360
103523
103559
103691
103921
103988
104240
104560
105098
105102
105479
105537
105544
105711
105738
105981
106477
106562
106628
106792
106957
107449
107489
107654
107754
107854
108081
108281
108308
108337
108769
108835
109150
109275
109442
109935
110033
110149
110651
110793
110912
111285
111490
112494
112669
112705
112984
113443
113735
113819
114176
114633
114875
115204
115739
116124
116247
116269
116274
116461
116599
116634
116893
117116
117315
117901
117988
118020
118082
118190
118301
118313
118342
118516
118529
118893
119124
119334
119371
120252
120296
120408
120413
120479
120754
121079
121287
121388
121595
121597
121775
122098
122447
122811
123859
123913
124080
124348
124536
124813
125026
125113
125134
125300
125669
125746
125869
126202
126293
126346
126458
126547
126799
126842
127192
127889
127979
128185
128188
128199
128297
129002
129373
129499
129718
130004
130077
130352
130356
130385
130477
130567
130702
130840
131042
131403
131745
131953
132084
132277
132350
132406
132628
132977
133151
133334
133414
133845
133907
134139
134298
134315
134383
134600
134764
134886
135145
135364
135487
135667
136115
136335
136663
136671
136780
136871
137007
137020
137269
137395
137789
137929
138000
138062
138501
138726
138910
139023
139238
139260
139351
139433
139569
139618
139843
140489
140619
140889
140894
140906
141029
141187
141399
141749
142073
142110
142297
142936
143284
143289
143754
144133
144171
144440
144704
144820
144851
144975
145487
145775
146806
146914
147474
147595
147625
147642
148095
148191
148686
148785
148845
149745
149793
149989
150426
150760
150875
150999
151031
151427
151652
151971
152112
152332
152529
152665
153272
153381
153802
153869
153942
154174
154627
154739
155043
155200
155316
155655
156038
156132
156936
157281
157625
157917
158378
158447
158672
158770
158799
158876
159244
159311
159548
159755
160214
160406
160720
160965
161167
161173
161301
161548
161678
161706
162403
162415
162438
163072
163087
163150
163232
163358
163771
163838
164082
164271
164865
164991
165197
165586
166198
166205
166592
166751
167211
167282
167327
167744
167926
168155
168444
168665
168728
168777
168825
168907
169397
169473
169510
169828
169878
169998
170032
170133
170231
170273
170326
170764
171211
171260
171262
171525
171760
171817
171908
171987
172047
172221
172622
173208
173269
173314
173389
173580
173624
173655
174579
174803
175267
175456
175821
176115
176771
176777
177978
178065
178669
178955
179332
179335
179427
180154
180355
180374
180421
180707
180776
181358
181434
181996
182272
182724
182794
182998
183506
183692
183772
183820
183863
184325
184449
184534
184620
185292
185361
185662
185682
186086
186321
186830
186947
187002
187221
187590
187601
187689
187799
188194
188301
188952
189044
189087
189121
189178
189494
189579
189670
189784
189831
190093
190287
190330
190341
190808
190867
191259
191289
191491
191621
191683
191818
192275
192503
192817
192931
192931
192974
193107
193234
193473
193749
193767
194236
194306
194310
194741
194978
195494
195663
196188
196237
196255
196393
196445
196528
196657
196850
196969
197112
197318
197509
197707
197851
198326
198376
198502
198611
198941
199117
199388
199699
199936
200167
200261
200276
200601
200601
200883
200911
200945
201160
201194
201198
201201
201783
202069
202237
202306
202620
202650
202734
203037
203219
203274
203341
203606
203920
204158
204339
204459
204628
204980
205133
205181
205327
205417
205498
205551
205685
206154
206223
206488
206866
206923
207242
207427
207526
207617
208019
208169
208197
208651
208803
209175
209274
209330
209741
209904
210075
210233
210355
210590
211052
211069
211115
211134
211434
211478
211907
212070
212218
212785
213056
213576
213790
214193
214206
214326
214712
214959
214968
214983
215010
215097
215127
215347
215678
215753
215797
215946
215966
216193
216720
217124
217200
217333
217476
217549
217706
218509
218599
218629
218964
219119
219194
219827
219941
220147
220233
220328
220346
220415
220535
220795
220861
220918
221081
221276
221618
221701
221789
221878
221902
222008
222056
222447
222578
223314
223487
224090
224147
224238
224399
224400
224625
224668
225377
225700
225709
225740
226037
226296
226887
227263
227331
227362
227504
227656
227997
228095
228208
228275
228455
228629
228662
228744
229412
229492
229525
229543
229613
229909
229999
230093
230152
230313
230376
230511
230512
230551
230645
230770
230810
230821
230943
231099
231292
231469
231762
231803
232146
232167
232214
232447
232528
232645
232838
233180
233319
233911
234020
234777
234821
235029
235206
235257
235628
235843
236627
236759
237023
237320
237644
237726
237922
238122
238155
238423
238756
239206
239207
239400
239472
239919
239920
240027
240153
240329
240365
240368
240641
240920
241100
241417
241568
241672
241711
241974
242074
242241
242639
242793
243237
243323
243729
244098
244382
244671
244857
245074
245075
245089
245284
245476
245830
245918
246005
246127
246133
246134
246262
246417
247048
247250
247620
247854
248200
248333
248428
249270
249872
250294
250497
250691
251357
251376
251535
251696
251879
251881
251970
252106
252200
252464
252516
252724
252884
253085
253237
253460
254507
254579
254675
254684
254906
255127
255198
255373
255597
255808
256057
256291
256617
256845
256920
256924
257284
257633
257839
257959
258238
258564
258616
258877
258961
259061
259303
259349
259436
259780
260356
260682
260924
261156
261210
261273
261315
261571
261668
261681
261726
262045
262261
262325
263385
263406
263709
263900
264609
264618
264787
265212
265231
265427
265737
265916
266020
266144
266616
266840
266848
266959
266990
267112
267868
267899
267923
268041
268044
268051
269080
269451
269613
269760
269961
270200
270325
270374
271087
272351
272752
272812
273097
273583
273601
273614
273661
273701
273807
273937
274467
274656
274775
274839
274928
275053
275092
275266
275549
275575
275913
276023
276040
276295
276300
276416
276648
277011
277067
277369
277865
278066
278099
278124
278174
278191
278713
278765
279396
279870
279969
280250
280394
280548
281042
281184
281332
281395
281847
281916
282431
282511
282660
282661
282762
282937
283016
283290
283400
283437
283458
283613
283770
283800
284140
284290
284299
284442
284543
284645
285192
285701
286326
286493
286506
286700
286809
286908
287018
287148
287376
287427
288415
288429
288722
288887
289078
289497
289616
289756
289809
289887
289918
290168
290617
290671
291561
291583
291686
291715
292107
292172
292328
292522
292616
293162
293223
293241
293425
293471
293620
293759
293943
294057
294223
294362
294492
294912
295002
295167
295251
295681
295726
295990
296316
296503
296538
296564
296834
296871
296949
297340
297437
297539
298203
299151
299176
299263
299284
299394
299398
299532
299720
300214
300298
300353
300567
300728
300916
300947
301150
301278
301361
301633
301785
302231
302408
302640
302988
303025
303352
303524
303571
303811
303824
303838
303991
304228
304292
304313
304547
304912
304918
305600
305721
305774
306040
306354
306422
306567
306802
306804
306842
307075
307100
307171
307578
307885
308107
308176
308379
308549
308640
308856
309029
309730
310046
310117
310311
310317
310412
310618
310725
311123
311251
311306
311558
311617
312000
312979
313484
313580
313778
314360
314797
315169
315301
315371
315486
315591
315651
315856
316116
316123
316242
316282
317001
317081
317506
317532
317606
317773
318010
318037
318128
318154
318286
318476
318955
319365
319484
319503
319563
319821
319998
320095
320282
320603
320734
320799
320854
320938
320939
321186
321207
321532
321966
322001
322578
322593
322595
322637
322841
322914
323404
323669
323765
323775
324081
324108
324229
324243
324442
324515
324618
324810
325054
325078
325352
325621
325757
325765
325787
326196
326219
326441
326511
326536
326678
326830
327018
327569
328401
329170
329374
329581
329586
329592
329873
330479
330599
330992
331087
331109
331300
331339
331427
332286
332386
332395
332725
332739
333143
333217
333440
333701
333706
334040
334046
334181
334230
334599
334667
334699
335070
335287
335887
335921
335990
336016
336277
336528
337297
337323
337614
337832
337866
338230
338241
338317
338339
338465
338815
339257
339698
339792
339831
340014
340745
341121
341143
341574
341669
341735
341794
341978
342329
342350
342393
342763
342845
343227
343262
343424
343444
343459
343792
344058
344217
344484
344590
344599
344625
344650
344780
344908
345116
345430
345686
345731
345739
346008
346129
346656
346739
346788
347213
347733
347833
348231
348473
349049
349689
349720
349890
349997
349998
350033
350306
350640
350841
350976
351070
351118
351204
351244
351255
351348
351387
351622
351998
352357
352374
352441
352974
353087
353248
353387
353883
353946
354211
354332
354428
354725
355069
355079
355086
355109
355687
356249
356419
356866
357113
357460
358141
358304
358794
358881
359109
359190
359568
359605
359724
359756
360038
360075
360139
360607
360776
360872
361001
361123
361301
361475
361784
362076
362095
362175
362375
362428
362698
362763
362775
362806
362809
362862
362890
363201
363251
363659
363688
363735
363919
364422
364497
364510
364646
364653
365031
365123
365257
365273
365302
365320
365486
365639
365686
365767
365840
366027
366189
366294
366503
366751
366770
366808
367023
367075
367213
367334
367473
367537
368088
368697
369110
369512
369546
369579
369991
370040
370160
370632
370640
370861
371123
371206
371518
372150
372169
372380
372681
373925
374154
374167
374239
374583
374613
374757
374793
374920
375044
375776
375845
375951
376221
376228
377055
378073
378490
378597
378668
378745
378872
378972
379113
379193
379711
379934
380037
380395
380424
380466
380491
380566
380619
380793
380845
381318
381406
381613
381622
381634
381929
381990
382461
382943
382959
383280
383285
383358
383365
383632
383645
383685
383713
383895
384095
384227
384401
384662
384772
384802
384902
385129
385382
385866
386264
386400
386445
386806
387066
387119
387240
387385
387403
387554
387976
388117
388200
388272
388609
389220
389530
389799
389964
390050
390649
390709
390799
390802
390986
391583
391892
392237
392256
392328
392427
392446
392549
393076
393110
393459
393582
393734
394063
394149
394176
394326
394397
394622
394780
394880
395111
395500
395681
395682
395893
396085
397207
397255
397596
397658
397694
398127
398183
398252
398370
398677
398867
398905
399162
399267
399386
399573
399637
399760
399898
400005
400183
400382
400421
400766
400935
400999
401313
401409
401456
401466
401493
401585
401780
401853
402022
402226
402762
402954
402999
403528
403605
403688
403714
404162
404202
404246
404269
404731
405132
405981
405991
406522
406523
406567
407077
407276
407364
407689
407949
407962
408086
408148
408493
408740
409234
409528
409838
410009
410072
410263
411160
411701
411962
412471
412531
412646
412716
412748
412768
412835
412878
413355
413687
413830
413892
413989
414026
414218
414284
414318
414740
414827
414843
415304
415412
415477
415528
415757
415864
416008
416011
416074
416092
416299
416517
416604
417045
417093
417188
417217
417464
417510
418114
418328
418424
418582
418814
419230
419295
419621
419623
419641
419716
419719
419737
419783
420116
420231
420467
421080
421706
422350
422608
423163
423222
423563
423878
423896
424179
424315
424334
424412
424551
424748
425291
425634
425747
425756
426084
426450
426540
426829
426882
427041
427136
427712
427819
428190
428368
428402
428527
428649
428727
428730
428769
428900
429099
429197
429502
429817
429859
430029
430196
430302
430704
430799
431032
431100
431523
431935
432222
432381
432545
432638
432849
433192
433423
433537
433667
433804
434093
434380
434406
434412
434422
434914
434967
435152
435374
435405
435524
435713
435859
436264
436280
436360
436372
436407
436459
436497
436611
436963
437100
437306
437522
437532
437624
437739
438297
438379
438406
438490
438880
438988
439368
439596
439706
439757
439951
440032
440278
440389
440721
440827
441119
441188
441612
441746
442006
442015
442499
442725
443234
443519
443524
443617
443782
444024
444074
444226
444386
444434
444687
444843
444916
445155
445354
445900
446047
446124
446183
446289
447073
447423
447689
447910
447937
448060
448064
449033
449034
449569
449783
449825
449879
450207
450270
451281
451372
451478
451561
451621
451987
452644
452681
452733
452779
452942
453211
453370
453487
453792
453893
454175
454256
454529
454576
454870
454969
455122
455122
455328
455403
455682
455824
455905
456038
456116
456131
456319
456412
456515
456971
457253
457287
457441
457475
457510
457583
457598
457771
458231
458848
458867
458944
459079
459178
459318
459360
459382
459497
459786
459885
459896
460145
460275
460284
460403
461097
461437
461614
461693
462004
462285
462665
462683
463064
463291
463331
463443
464319
464386
464426
464449
465357
465562
466054
466322
466359
466470
466503
466530
466592
466690
466916
467072
467169
467211
467310
467642
467659
467894
467912
468174
468410
468476
468611
468919
468932
469397
469558
469595
469649
469944
470158
470359
470494
470556
471018
471230
471441
471443
471603
471694
471752
471940
472323
472325
472447
472985
472997
473043
473083
473098
473476
473576
473788
473944
474225
474294
474769
474852
475049
475328
475360
475491
476164
476287
476510
476519
476859
477053
477058
477302
477420
477836
478267
478692
478810
479968
480456
480552
480670
481142
481249
481514
482427
482451
482476
482706
483246
483256
483264
483315
483562
483758
483835
483906
484332
484649
484649
484810
485162
485220
485566
485635
485953
486187
486365
486813
486819
487116
487125
487238
487242
487311
487312
487451
487565
488109
488384
488772
488835
488927
489167
489446
489620
490163
490234
490806
491421
491689
491691
492029
492149
492207
492373
492594
492675
492690
492875
493072
493428
493551
493584
493685
494355
494369
494385
494599
494715
494748
495419
495618
495779
495853
496115
496245
496439
496859
497116
497193
497257
497704
497712
497715
498643
498929
499084
499203
499454
499661
499972
500338
500380
501023
501132
501134
501289
501320
501667
501880
501951
501989
502067
502182
502346
502606
502643
502696
502976
502979
503036
503128
503246
503525
503742
503764
504330
504425
504441
504444
504610
504612
504930
505098
505115
505118
505299
505457
505474
505590
505743
506038
506931
506988
507003
507121
507348
507755
507815
508830
508973
509104
509294
509978
510276
510399
510409
510500
510599
510758
511089
511167
511332
511383
512008
512321
512612
512944
513370
513465
513487
513555
513880
513920
514156
514317
514356
514415
514664
515020
515490
515802
515813
516333
516543
516856
517115
517265
517293
517399
518160
518342
518686
518835
519224
519459
519730
519841
519889
520017
520160
520305
520762
520771
521156
521195
521197
521241
521501
521749
522399
522426
522608
522887
523210
523687
523897
524031
524035
524063
524084
525212
525754
525879
525920
526057
526263
526324
526354
526885
528114
528604
528625
528701
528806
528929
529218
529282
530362
530610
530635
530739
531089
531474
531516
531528
532183
532355
532365
532524
532743
533001
533168
533233
533750
533972
534115
534126
534208
534356
534517
535547
535551
535701
535780
535982
536087
536092
536312
536372
536422
536486
536683
536687
536824
536961
536965
537054
537068
537793
537794
537915
537965
538041
538098
538109
538113
538407
538479
538483
538557
538640
538803
538892
539249
539468
540048
540129
540169
540684
540917
540952
541278
541305
541337
541748
542264
542364
542654
542777
542884
543133
543697
543790
544228
544479
544810
545066
545450
545602
545784
545818
545843
545900
546013
546269
546494
546509
546512
546803
546880
547021
547357
547401
547663
547811
548024
548025
548195
548312
549271
549324
550171
550279
550887
550934
551090
551171
551189
552066
552230
552363
552407
552868
552944
552982
553501
553593
553943
553972
553986
555030
555316
555336
555532
555763
555771
555884
556125
556135
556277
556407
556442
556575
556791
557018
557222
557322
557624
557671
558269
558566
558718
558797
559125
559252
559330
559589
559633
559652
559858
559992
560103
560421
560624
560732
560749
561486
561540
561552
561993
562594
562937
562960
563297
563352
563975
564019
564244
564516
564830
565031
565238
565400
565497
565652
565898
566033
566095
566149
566399
566705
567222
567421
567886
567939
567957
568016
568074
568196
568278
568728
568935
568998
568999
569128
569445
569540
569553
570327
570688
570784
570839
570845
570960
571018
571228
571591
571978
572118
572154
572898
573119
573312
573581
573934
573937
574044
574122
574418
574448
574472
574481
574511
574633
574728
574986
575114
575446
575551
575561
575642
575835
575875
577130
577301
577615
577845
578555
578963
579090
579218
579540
579570
579813
579948
580029
580049
580101
580124
580525
580667
580712
580735
580947
581250
581501
581519
581725
581872
582231
582302
582526
582670
582855
583122
583979
584133
584262
584599
584727
585153
585166
585203
585376
585760
585935
585938
585994
586230
587157
587377
587535
587739
588575
588695
588844
588907
589448
589453
589688
589773
590015
590054
590258
590343
590713
591231
592593
592819
592998
593142
593219
593284
593453
593473
593569
593608
594433
594900
595071
595110
595170
595603
595835
596119
596241
596446
596453
596747
596961
597027
597081
597124
597500
597760
597983
598097
598188
598518
598692
599039
599260
599299
599421
599571
599650
599943
600018
600157
600466
600680
600693
600775
600804
600852
601017
601072
601646
602053
602089
602200
602216
602796
602825
603074
603128
603134
603685
603984
604051
604218
604463
604465
604624
604802
604946
604973
605035
605214
605386
605858
605918
605982
606228
606305
606431
606483
606620
606751
606785
607125
607260
607373
607435
607713
607729
608401
608420
608475
608594
608638
608735
608828
608847
609085
609495
609593
610411
610442
610632
611028
611080
611397
611596
612036
612222
612386
612750
612757
612789
612958
613192
613401
613738
613812
613846
613861
613893
613897
614243
614466
614911
615013
615172
615254
615335
615473
615496
615601
615611
615833
616300
616355
616516
617006
617056
617396
617611
618081
618173
618195
618394
618508
618570
618571
618589
618670
618957
618974
619413
619561
620133
620328
620432
620970
621176
621287
621353
621609
621747
621858
622279
622992
623015
623522
623857
624161
624343
624871
625001
625667
625852
626208
626210
626599
626710
626848
626996
627034
627825
628031
628198
628641
628818
628853
629706
629771
629891
630100
630469
630531
630895
631257
631416
631572
631938
632209
632358
632853
633028
633157
633300
633302
633519
633731
634009
634245
634504
634582
634663
635336
635406
636219
636725
636928
637105
637146
637353
637588
637646
637924
638036
638046
638352
638699
638709
638741
640147
640185
640273
640281
641008
641195
641410
641541
641668
641795
642448
642812
642972
643015
643321
643330
643980
644278
644552
644668
644750
644826
645096
645215
645361
645814
645975
646229
646315
646365
646468
646656
646768
646811
646920
647066
647097
647296
647594
647638
648173
648463
648483
648513
648633
648659
648831
648882
648993
649304
649758
649937
650067
650070
650323
650389
650518
650524
650832
650967
651047
651066
651532
651551
651744
651911
651963
652532
652562
653208
653446
653801
653943
653961
654095
654484
654607
654849
654857
654917
655476
655583
655646
655756
656098
656344
656586
657298
657353
657623
659045
659733
659751
659832
659903
660005
660195
660444
660775
660977
661072
661268
662209
662252
662331
662694
662903
663081
663243
663404
663696
664191
664296
664445
664657
664927
665064
665286
665451
665645
666115
666363
666372
666421
666487
666628
666683
667013
667178
667207
667308
667479
667591
667594
667611
667765
667808
667897
667958
668208
668574
668646
668918
669126
669380
669546
669965
670203
670341
670418
670449
670549
670634
670916
670987
671346
671440
671455
671641
671963
672015
672036
672054
672196
672343
672475
673047
673126
673803
674088
674495
674655
674706
674723
674736
674805
675095
675150
675584
675938
676144
676194
676406
676873
676910
676973
676989
677063
677093
677158
677327
677362
677396
677433
677724
677733
678213
678441
678549
678728
678737
679277
679295
679458
679460
679506
679707
679777
679894
679948
679968
680142
680475
680930
681085
681154
681262
681598
681709
682093
682304
682584
682839
683032
683128
684003
684010
684382
684628
684852
684995
685100
685193
685278
685287
685433
685443
685540
685680
686123
686381
686505
686992
687126
687189
687693
687788
687789
688014
688087
688132
688373
688521
688800
689121
689427
689451
689935
690149
690205
690224
690347
690407
690584
690764
691287
691329
691494
691498
691590
691703
691706
691713
691913
691924
692469
693266
693395
693408
693996
694194
694323
694433
695464
695901
696383
696711
696814
696883
697055
697094
697859
697912
697943
698003
698167
698175
698615
698746
698929
698967
698974
699114
699186
699350
699420
699683
699693
699717
699877
699941
700000
700118
700414
700560
700583
700809
700959
701079
701161
701369
701374
701400
701533
702454
702644
703000
703435
703663
703697
703842
703867
704008
704413
704565
704585
704585
704587
705329
705394
706330
706330
706355
706389
706610
706946
707108
707226
707726
707739
708006
708056
708115
708772
708777
709254
709312
709465
709569
709864
710070
710197
710640
710669
710891
711098
711201
711282
711534
711565
711748
711797
711872
711945
712202
713549
713949
714070
714098
714128
714406
714729
714762
716150
716211
716267
717322
717610
717852
718314
718351
718370
718509
718685
719046
719111
719258
719310
719356
719397
719528
719614
719682
719691
719770
719794
719797
719868
719936
719979
720029
720289
720504
720786
720877
721309
721389
721456
721620
721985
722041
722133
722147
722791
722915
723269
723413
723426
723601
723626
723639
724317
724444
724508
724717
724730
725017
725567
726480
726820
727056
727183
727236
727291
727370
727595
727644
728357
728453
728630
728645
728804
729159
729179
729919
730115
730407
730561
731156
731359
731489
731558
731576
731995
732150
732205
732238
732445
732517
732753
733796
733944
734130
734310
734438
734958
735011
735075
735134
735169
735263
736052
736093
736153
736278
736489
736613
736844
736930
737009
737275
737339
737485
737517
737664
738373
738445
738640
739357
739479
739562
739595
739652
739672
739887
740004
740062
740325
740672
740817
740897
741107
741253
741785
741852
741988
742158
742219
742622
742835
742991
743068
743119
743144
743178
743454
743852
743986
744190
745377
745449
745782
745835
746026
746191
746232
746283
746328
746507
746882
746914
747338
747585
747669
747955
748408
748470
748557
748580
748597
748747
749240
749473
749667
749671
749703
750068
750329
750401
750460
750489
750724
751233
751275
751374
751565
751583
752153
752222
752237
752534
752711
753184
753229
753347
753755
754000
754278
754759
755116
755140
755241
755331
755768
755808
756013
756251
756708
756748
757186
757380
757628
757656
757916
758210
758211
758518
758566
758637
758909
758933
758935
759057
759071
759207
759587
759775
759805
760806
760815
761087
761325
761489
762361
762475
762542
762565
763113
763290
763398
763444
763665
764252
764354
764378
764485
764526
764746
765090
765109
765271
765412
765461
765940
765964
766040
766628
767797
768218
768225
768869
768953
769174
769745
769756
769809
769850
769854
769904
769941
770112
770261
770349
770558
770859
771063
771131
771464
771504
771564
771617
771846
771863
772185
772219
772321
772612
772686
773093
773389
773541
773961
774014
774075
774200
774500
774627
774638
774749
774775
775043
775410
776111
776176
776321
776473
776643
776719
776820
778216
778643
778892
778912
779097
779316
779405
779531
779554
779581
779818
780201
780488
780831
781056
781086
781246
781363
781403
781404
781753
782413
782649
782669
782699
782718
783302
784087
784195
784251
784306
784549
784556
784617
784861
785047
785078
785210
785239
785293
785421
785488
785635
786099
786110
786555
786951
787174
788008
788218
788563
788648
788676
788789
789104
789257
789353
789465
789636
789811
789832
789873
789917
790026
790310
790356
790401
791142
791419
792041
792113
792321
792443
792589
792759
793212
793438
793539
793833
794765
794965
796185
796662
796932
796998
797560
797879
797986
798004
798185
798350
798485
798543
798645
798958
799034
799104
799119
799184
799204
799230
799389
799482
799552
799664
799734
800371
800530
800691
800939
801139
801236
801662
801851
802122
802242
803054
803320
803350
803527
804107
804322
804474
804699
804718
805346
805348
805407
805504
805882
805907
806346
806349
806572
806623
806659
807681
807845
808079
808250
808340
808530
808764
809105
809123
809384
809575
809663
810427
810458
810647
810788
811072
811174
811257
811263
811269
811276
811651
811674
811746
811776
811987
812150
812300
812683
812706
812803
812879
812904
812951
813328
814099
814119
814131
814381
814756
815026
815276
815335
815339
816139
816336
816471
816561
816595
816946
817247
817271
817331
817731
817767
817768
817893
817989
818041
818189
818742
818752
818782
818929
819012
819395
819478
819481
819597
819797
819973
820315
820345
820393
820723
820903
821194
821232
821463
821799
821837
822335
822393
822537
822659
822708
822788
822924
823102
823156
823222
823360
823558
823681
823771
824423
824554
825123
825813
825816
825861
825962
826319
826585
827042
827605
828279
828286
828287
828474
828537
828592
828628
828955
829234
829482
829826
830335
830494
830532
830612
830730
830764
830842
830897
831004
831089
831120
831158
831805
831898
831943
832095
832466
832745
832892
832931
832958
833157
833196
833353
833539
833870
833976
834532
834654
835301
835479
835788
836219
836732
836751
836925
837080
837335
837367
837399
837834
837949
837961
838011
838206
838766
838806
838809
838812
838968
839358
839596
839798
839992
840081
840714
840824
841256
841320
841561
841872
842052
842272
842338
842347
842692
842758
842866
842961
843164
843231
843321
843452
843772
843811
843860
843914
844069
844167
844232
844248
844265
844353
844512
844565
844603
844866
844904
845075
845304
845367
845436
845565
845600
845611
845909
845924
846069
846624
846629
846679
846916
847948
848029
848347
849722
849841
850000
850163
850225
850479
850639
851199
851894
852054
852097
852102
852359
852363
852599
852657
852798
853042
853814
854111
854144
854273
854583
854600
854705
856039
856223
856225
856238
856248
856307
856534
856886
857447
857667
858135
858289
858654
858796
858900
859037
859302
859329
859555
859637
859741
860002
860246
860500
860529
860620
860657
860963
861031
861065
861107
861678
861879
862062
862148
862186
862195
862246
862325
862512
862815
863140
863146
863267
864508
864690
864995
865003
865102
865168
865452
865469
865542
865725
865769
865780
865971
866096
866148
866267
866323
866493
866955
867122
867443
867953
867975
867984
868122
868156
868178
868246
868319
868341
868439
868636
869373
869478
869751
869924
870002
870064
870440
870521
870621
870658
870967
871288
871352
871385
871670
871781
871992
872059
872147
872473
872509
872578
872618
873293
873304
873477
873630
873934
874072
874203
874255
874698
875212
875422
875486
876105
876176
876187
876244
876260
876494
876518
877471
877532
877584
877627
877692
877697
877792
877840
877859
878111
878303
878443
878628
878639
878730
878861
879200
879342
879823
880011
880078
880096
880161
880537
880716
881103
881105
881325
881687
881883
882699
883000
883274
883342
883972
884042
884293
884528
884579
884679
885058
885070
885112
885437
885438
885779
886016
886154
886304
886311
886443
886927
887338
887467
887534
887937
888129
888266
888628
888657
888683
888701
889084
889273
889416
889420
889481
889673
889741
889874
889949
890025
890030
890139
890174
890392
890492
890687
891405
891487
892089
892198
892344
892617
892677
892769
892869
893212
893242
893313
893396
893759
893938
894018
894028
894140
894272
894430
894434
895359
895411
895452
895774
895946
895958
896120
896128
896196
896360
896455
896542
896997
897198
897371
897430
897701
897941
897968
898183
898240
898261
898498
898587
899291
899746
899810
899947
900007
900088
900141
900294
900308
900422
900951
901083
901328
901340
901365
901416
901445
901898
902274
902483
902857
902981
902987
903797
904587
904851
904862
904884
904943
905233
905378
905421
906044
906070
906294
906308
906309
906560
906637
906739
906880
907102
907172
907194
907247
907585
907588
907624
907668
907827
907924
908943
909140
909485
909707
910005
910299
910609
910637
910707
910785
910831
911626
911963
912173
912288
912485
912630
913706
913816
914445
914553
914684
914859
914935
914942
914942
914991
915165
915308
915683
916021
916103
916336
916524
916831
916875
916966
917481
917642
917872
918528
918574
918597
918698
918826
919127
919234
919386
919669
919732
919825
919975
920239
920370
920394
920399
920516
920530
920615
920726
920733
920863
921482
921648
922201
922240
922691
922900
922950
922957
923061
923546
923644
924232
924288
924311
924521
924809
924940
924950
925011
925132
925290
925337
925340
925740
925960
926102
926187
926287
926430
926545
926556
926593
926757
926760
926855
926922
927184
927233
927428
927659
927724
927772
928105
928245
928676
929132
929575
929701
929727
929870
929929
930643
930738
930850
931051
931408
931519
932231
932362
932519
932718
933128
933461
933485
933724
934300
935004
935044
935574
935622
935720
935741
935834
936000
936075
936336
937035
937198
937391
937748
937753
937818
938171
938982
940312
940641
940732
940737
940871
940894
941127
941562
941624
941628
941782
942008
942020
942457
942636
943420
943543
943702
943917
943994
944169
944974
945225
945294
945535
945567
945693
945704
945793
946199
946322
946421
946463
946795
946830
946876
946937
947162
947264
947307
947454
947793
948064
948095
948245
948355
948463
948632
948712
948844
949340
949517
949659
949731
949907
950901
951264
951745
951777
951889
951920
952051
952182
952244
952383
952468
952807
952913
953038
953191
953301
953646
953668
953738
953838
953893
954048
954055
954601
954794
954874
955112
955489
956012
956058
956195
956402
956466
956497
956572
956794
956824
956910
956992
957087
957138
957683
957744
957750
957785
958110
958577
958720
958720
959822
959888
960014
960511
961346
961422
961555
961984
962062
962137
963065
963099
963170
963312
963511
963936
964269
964270
964313
964372
964992
965107
965287
965295
965392
965516
965646
965698
965860
966116
966203
966269
966737
966752
966823
966898
967237
967468
967638
967749
967768
967850
967871
967873
967955
968006
968017
968095
968267
968500
968594
968848
968882
969411
969710
969972
970026
970052
970157
970345
971141
971299
971644
971828
971830
972175
972246
972377
972391
972629
972934
972994
973099
973106
973264
973439
973564
973661
973723
974394
974581
974677
975093
975309
975342
975502
976025
976375
976484
976528
976637
976826
976853
977349
977490
977563
977689
977750
978091
978129
978308
978475
978733
978880
979355
979527
979584
979788
980025
980067
980105
980160
980409
980611
980680
980912
980958
981226
981352
981548
981871
981907
981985
982012
982267
982285
982294
982385
982640
982652
982877
982884
982957
983004
983008
983197
983319
983402
983519
983671
983690
983699
983837
984324
984586
984695
984839
985089
985117
985382
985415
985666
985910
986145
986318
986350
986556
986679
987093
987141
987691
988019
988310
988331
988567
988582
988691
988872
989013
989310
989439
989690
989713
989849
989959
990019
990238
990263
990547
990904
991222
991512
991613
991668
991940
991967
992626
993188
993193
993375
993505
993583
993986
994060
994168
994197
994255
994329
994356
994644
994923
995018
995246
995473
995823
995827
995874
995905
995984
996095
996426
996709
997030
997054
997064
997072
997238
997400
997491
997587
997657
997912
998325
998356
998987
999138
999961
999990
