94
520
556
751
888
1134
1389
1529
1687
1780
1792
1890
1986
2023
2067
2239
2311
2570
2725
2730
3034
3042
3221
3260
3333
3364
3384
3402
3544
3632
3812
4146
4208
4212
4381
4833
5810
6302
6486
6599
6842
6892
7079
7680
7708
7717
8059
8543
8631
9128
9190
9323
9602
9699
10041
10910
10997
11587
11763
11832
11969
12274
12429
12549
13137
13726
14549
14757
14829
14862
14870
14886
14955
15207
15379
15847
16074
16119
16259
16473
16682
16690
17132
17341
17349
17428
17801
18244
18496
18650
19227
19580
19620
19995
20219
20329
20552
20621
20797
20921
21077
21195
21341
21621
22210
22353
22358
22545
22886
23005
23161
23551
23571
23956
23969
24001
24025
24074
24194
24450
24803
24834
24864
24924
25207
25250
26503
26567
27031
28102
28550
28813
28880
29057
29091
29128
29229
29330
29564
29777
30119
30218
30261
30468
30487
30724
30972
31069
31326
31973
32116
32313
32342
32468
33001
33065
33098
33169
33282
33370
33627
33818
34062
34123
34206
34215
34347
34553
34702
34782
34886
35236
35294
35696
35923
36145
36274
36322
36396
36410
36844
37018
37058
37487
38025
38087
38590
38637
38740
38920
39121
39131
39332
39499
39520
39532
39655
39698
39802
39805
39958
39965
40169
40232
40445
40547
40551
40788
41263
41675
41947
42577
42606
42614
43558
44131
44783
44796
45477
46235
46551
46593
46849
47929
48123
48197
48247
48496
48526
48553
48592
48795
48937
48945
48950
49049
49228
49318
49336
49579
49582
49601
49850
49939
50078
50419
50456
51218
51378
51405
51488
51597
51957
52194
52371
53204
53318
53524
53611
54346
54422
54684
54925
55357
55718
55750
56483
56492
57037
57083
57334
57360
57825
57867
57927
57937
57988
58324
58425
58912
58947
58955
59517
59576
59940
59950
60251
60346
61188
61374
61625
61653
61784
61885
61996
62010
62190
62286
62422
62530
62801
62951
63144
63509
63911
63913
64627
65029
65081
65193
65554
65926
66849
66861
66898
67445
68343
68352
68412
68582
68718
68729
68809
68964
68965
69210
69413
69452
69455
69784
69794
69931
69986
70351
70607
70626
70976
71083
71532
71704
71741
72037
72195
72234
73240
73364
73533
73605
73684
73764
73778
73921
74000
74061
74799
74993
75353
75672
75850
75866
75928
76166
76398
76401
76491
76560
76714
76928
76957
77178
77957
77970
78392
78539
78701
79378
79813
80130
80200
80274
80488
80547
80558
81046
81250
81696
81757
81793
82084
82543
82634
82945
83126
83188
83267
83299
83407
83599
83836
84539
84572
84640
84792
84975
85047
85233
85356
85514
85536
85593
85692
85784
85996
86029
86581
86803
86805
86879
86946
86954
86955
87364
87545
87857
88400
88531
88702
89374
89757
89974
90029
90115
90634
90803
90810
90811
90873
90980
91006
91102
91373
91390
91655
91656
91899
92023
92221
92390
92398
92433
92494
92652
92839
93123
93427
93719
94080
94271
94423
94911
95215
95376
95412
95412
95918
96012
96256
96313
96742
96968
97108
97270
97471
97535
97836
98408
98554
98653
98909
99092
99231
99457
99697
99849
99931
100104
100198
100414
100419
100756
101115
101116
101938
102395
103029
103070
103312
103441
103846
104296
104876
104878
104981
105265
105300
105303
105403
105473
105993
106104
106327
106691
106759
106839
106898
107178
107466
107598
107727
107887
107949
107996
108074
108081
108522
109046
109141
109323
109530
109695
110717
110727
110809
110849
111064
111067
111100
111870
112114
113064
113138
113313
113650
114774
114825
115015
115128
115467
115502
115517
115609
115667
115670
115991
116008
116013
116081
116280
116635
117078
117097
117907
118230
118245
118263
118345
118465
118489
118692
118749
118787
118826
119004
119277
119345
119391
119450
119577
119647
119681
119820
119841
120174
120387
120576
121204
122006
122127
122456
122687
122688
122980
123050
123635
124177
124443
124516
124585
124688
124765
125027
125191
125744
125835
125884
126365
126494
126653
126966
127298
128259
128313
128627
128810
129138
129493
129968
130051
130235
130245
130445
130709
130916
130935
130958
131000
131041
131042
131111
131133
131227
132022
132134
132246
132343
132592
132941
133146
133207
133983
134643
134709
134736
134861
134894
135416
135641
135720
135813
135891
136015
136031
136045
136501
136880
136899
136923
137202
137244
137316
137436
137543
137575
137624
137730
138331
138332
138425
138519
138779
138792
138826
139382
140476
140560
140619
140688
141234
141430
141475
141547
142069
142505
142588
142713
142788
143249
143356
143633
143737
144272
144433
144487
144890
144919
144966
145404
145748
146316
146489
146562
146595
146752
146835
147954
148419
148583
148972
149178
149334
149382
149396
149492
149589
150261
150806
150933
151342
151457
151508
151539
151615
151772
151804
152034
152087
152410
152485
152844
152889
153148
153425
153555
153950
154116
154155
154199
154240
154478
154485
154703
155182
155385
155478
155588
155939
156032
156071
156370
156433
156649
157274
157346
157414
157639
157861
157971
158979
159223
159280
159393
159601
159684
159713
159820
159918
160016
160224
160225
160293
160422
160752
160865
160935
161009
161200
161473
161641
161842
161856
161996
162055
162161
162419
162530
162735
163090
163256
163557
163599
163706
163747
164115
164197
164523
165339
165373
165396
165449
165523
165529
165973
165985
166182
166467
166591
167849
167917
167925
168092
168510
168619
168938
169106
169438
169558
169673
170068
170168
170248
170257
170604
170810
170861
170954
171100
171666
171686
171850
171946
172044
172144
172291
172333
172595
172608
172909
173130
173239
173448
173497
173802
174069
174092
174601
174602
174760
174864
174922
175168
175261
175975
176187
176396
176604
176789
177172
177233
177747
177971
178005
178022
178024
178091
178154
178367
178730
178948
179074
179263
179732
179972
179998
180085
180109
180231
180376
180468
180558
180802
181189
181325
181527
181536
181593
182130
182251
182444
182473
182474
182625
182638
182756
183410
183585
183649
184023
184180
184242
184841
184871
185154
185213
185258
185404
185992
186626
186771
186855
187093
187885
188100
188658
188709
188752
188940
189183
189329
189352
189984
189999
190119
190179
190354
190617
191486
191983
192045
192313
192493
192538
192700
192972
193220
193486
193828
193943
193953
194210
194250
194458
194488
194634
195097
195108
195277
195310
195442
195583
195827
195861
195982
195993
196010
196239
196313
196637
196796
197050
197111
197488
198071
198085
198137
198162
198206
198253
198504
198529
198768
198915
199201
199679
199980
200166
200441
200504
200661
200711
200992
201073
201303
201586
201641
201664
201867
201915
202279
202720
202798
203204
203263
203994
204396
204438
204597
205064
205580
205762
207054
207529
207961
207994
208680
208698
209064
209065
209137
209626
209707
209929
210181
210432
210525
211223
211386
211473
211702
211710
211862
212448
212646
212742
212800
212978
213640
213880
214089
214605
214699
214784
214877
214898
215062
215190
215197
215353
215425
215487
215745
215813
215839
215865
216636
217111
217252
217399
217666
217801
217887
218078
218116
218260
218689
218845
219022
219267
219275
219489
219572
219712
220117
220207
220326
220422
221237
221339
221650
222341
223058
223207
223372
223647
223657
223837
223948
223976
224595
224941
225159
225236
225393
225547
225922
225923
226202
226219
226225
226633
226924
227120
227278
227369
227549
228160
228459
228629
228798
228888
228991
229577
229636
229774
229921
230050
230129
230142
230801
231242
231570
231660
231891
231947
232337
232367
232378
232398
232744
232879
233619
233941
234540
234600
235071
235078
235320
235535
236002
236194
236726
237254
237602
237745
237965
238244
238353
238676
238698
238749
239385
239474
239609
239827
239942
240106
240285
240419
240709
240879
240972
241030
241058
241124
241140
241574
241649
241841
241889
242038
242275
242714
242767
243952
244057
244109
244300
244730
244906
244980
245063
245259
245376
245910
246016
246299
246376
246726
246847
247001
247151
247154
247223
247256
247342
247753
247963
248436
248760
249248
249302
249323
249542
249594
250711
251069
251277
251513
251930
252098
252139
253066
253322
253330
253482
254098
254141
254278
255162
255338
255483
255490
255717
255867
255872
256173
256224
256388
256443
256537
256583
257004
258184
258234
258342
258399
258838
258987
259280
259407
259880
259946
260409
260611
260785
261142
261437
261706
261790
262554
262637
263124
263235
263267
263508
263550
263653
263929
264606
264686
264796
264865
265023
265088
265350
265961
265975
266194
266495
266518
266574
266766
266802
266849
266857
267143
267190
267367
267574
267670
267738
267959
267984
268330
268605
268710
268759
268793
269049
269096
269235
269393
269488
269601
269826
270341
270526
271350
271406
271612
271632
271971
272489
272575
272593
272813
272918
272941
273314
273447
273746
274495
274871
275148
275181
275244
275464
275535
275558
275605
275929
276213
276464
276511
276624
276628
276863
276935
277053
277235
277407
277882
277938
278050
278134
278682
278689
278949
279276
279288
279420
279427
279442
279612
280280
280343
280456
280590
280951
281006
281251
281317
281502
281997
282009
282446
282586
283120
283319
283327
284071
284538
284550
284578
284606
284791
284902
285014
285212
285275
285614
285635
285721
286005
286171
286411
286545
286697
287290
287516
287810
288083
288093
288327
288520
288523
288632
288765
288969
289111
289190
289284
289430
289772
289899
290126
290221
290516
290541
290765
290924
290935
291067
291094
291286
291448
291463
291667
291731
291945
292120
292184
292579
292700
292885
293041
293077
293172
293173
293620
293717
293977
293993
294049
294356
294441
294502
294507
294707
295020
295050
295052
295087
295302
295531
295589
295997
296079
296131
296676
296853
297058
297539
297574
297634
297889
297993
298082
298179
298633
299275
299290
299489
299938
299996
300142
300252
300532
300625
300700
300709
301006
301089
301147
301596
301799
301979
302133
302224
302545
302951
302986
303825
303959
303990
304033
304107
304320
304407
304481
304579
304733
305142
305330
305396
305936
306018
306243
306386
306453
307116
307186
307499
307516
308028
308581
309193
309699
309751
309991
310073
310128
310250
310273
310588
310988
311373
311580
311589
311859
312094
312179
312377
312531
312545
312618
312728
312758
312777
313103
313815
314106
314319
314353
314585
314607
314617
314747
314808
315744
315927
315933
315968
316043
316102
316130
316240
316442
316907
317583
317635
317876
318251
318488
318669
318709
318720
318823
319109
319276
319343
319353
319370
319433
319580
319625
319749
319832
320759
320882
321216
321383
321622
321716
321883
322005
322152
322678
322720
322947
323089
323184
323279
323301
323754
323836
324135
324752
324904
325040
325228
325348
325896
325912
325921
325955
325958
326049
326078
326165
326527
326626
327157
327742
328200
328374
328558
328674
328678
328771
328911
329095
329198
329889
330300
330597
331167
331581
331709
331830
331898
332062
332998
333103
333136
333221
333716
333923
333962
334136
334338
334610
334755
335051
335052
335080
335150
335404
335594
335678
335779
335817
335886
335999
336241
336707
337210
337665
337796
337862
337956
337982
338170
338762
339326
339363
339376
339475
339634
339650
339883
339994
340561
340586
340619
341099
341185
341212
341366
341788
341841
342044
342096
342163
342598
342989
343123
343188
343651
343915
343942
344363
344379
344541
344817
344837
344870
345281
345513
345926
347325
347390
347600
347762
347808
348760
349049
349206
349980
350288
350421
350878
351113
351699
351764
351859
351977
352018
352101
352142
352275
352381
352433
352626
353174
353427
353494
353866
353956
354125
354486
354502
354531
354701
354844
354858
354982
355023
355250
355399
355424
355430
355546
355737
356034
356423
356858
357238
357322
357372
357477
357483
357678
357679
357735
357796
357884
357890
358301
358693
358712
358872
358879
359490
359862
359881
360217
360284
360332
360410
360473
360528
360579
361152
361212
361317
361337
361410
361526
361615
361787
361911
362011
362089
362221
362224
362287
362303
362360
362361
362400
362402
362451
362478
362516
362838
363370
363459
363463
363739
363909
364446
364521
365501
365645
366081
366612
367078
367101
367251
367604
367697
367749
367818
367822
368124
368348
368413
368751
369071
369096
369103
369351
369352
369391
369403
369408
369459
369632
369687
370201
370617
371094
371281
371293
371634
371876
371892
372196
372394
372655
372671
372776
372905
373172
373715
373933
373999
374377
374428
375084
375586
375806
375927
376043
376971
377030
377174
377339
377885
378703
378886
378927
379195
379238
379323
379412
379718
379777
379860
379901
379954
380363
381353
381382
381572
381631
381918
381994
382202
382247
382781
383144
383165
383225
383487
383491
383582
383695
383822
383924
384007
384044
384063
384473
384567
384599
384747
384749
385199
385242
385734
385778
385879
386022
386151
386546
386619
386930
387050
387102
387345
387347
387415
387439
387444
387534
387767
387900
388050
388229
388248
388743
388824
390045
390225
390331
390433
390754
390862
390939
391471
391534
391543
391618
391816
391974
392025
392189
392253
392342
392371
392467
392584
392818
392859
393096
393176
393242
393296
393415
393426
393927
394017
394317
394326
394400
394735
394873
394930
395392
395654
396051
396186
396196
396234
396719
396945
397096
397165
397431
397769
398524
398531
398532
398658
399062
399583
399763
399867
399954
400113
400246
400793
400895
401329
401960
402870
403021
403297
403412
403481
403609
403739
404077
404083
404412
404533
404890
404908
404994
405179
405400
405549
405752
405866
406266
406383
407277
407349
407451
407755
407827
408063
408164
408246
408444
408557
409116
409560
409649
409680
409689
409788
409905
410116
410683
410818
410859
411042
411083
411337
411474
411869
412290
412703
412895
412927
413137
413173
413419
413483
413784
414038
414038
414107
414363
414372
415270
415327
415401
415660
415695
416322
416463
416473
416606
416932
417120
417124
417440
417739
417996
418145
418171
418436
418508
418547
418643
418892
419398
419617
419736
420006
420018
420180
420408
420413
420524
420565
420640
420939
420957
421541
421850
421851
422184
422588
422603
422660
422932
423084
423091
423334
423363
423536
423558
424224
424320
424602
424610
424706
425072
425164
425207
425408
425743
425757
425987
426049
426354
426532
426844
427053
427120
427252
427397
427771
427886
428200
428427
428580
428819
428839
429391
429758
429818
430383
430570
430955
431116
431337
431470
431486
431523
431647
431716
432305
432651
432732
432820
432945
433218
433552
433630
433995
434132
434384
434946
434960
435011
435112
435215
435690
435731
435757
435876
435948
436093
436110
436335
436343
436437
436465
437029
437128
437155
437252
437272
437442
437525
437939
437968
438036
438422
438936
438988
439188
439305
439370
439410
439625
439650
439705
439758
440206
440292
440298
440323
440863
441017
441084
441208
441630
441674
442141
442315
442394
442409
442548
442609
443071
443922
444097
444135
444298
444406
444413
444680
444747
445077
445098
445174
445616
445726
446049
446096
446164
446564
446698
446713
446896
447017
447037
447116
447677
447792
447974
448036
448146
448339
448351
448627
448811
448944
448959
449058
449491
449599
449711
449792
449886
449910
450071
450567
450590
450649
450672
450781
451004
451091
451184
451416
451473
451533
451700
451820
452179
452214
452508
452993
453185
453260
453659
453793
454277
454441
454893
454986
455340
455452
455512
455513
455536
455582
455767
455769
455921
456073
456225
456658
456693
457074
457175
457982
458110
458141
458434
458534
458582
458638
458856
458968
458986
459991
460075
460233
460238
460255
460816
460976
461444
461525
461601
462247
462359
462471
462651
462721
462950
463088
463337
463453
463665
463870
463898
464000
464196
464336
464368
464533
465119
465251
465582
465791
465823
465867
465876
465942
466310
466376
466399
466584
466632
466753
466834
467495
467611
467715
467823
467991
468008
468030
468196
468428
468454
468558
468564
468712
468719
468768
468784
468785
468805
468877
469059
469075
469685
470172
470200
470501
470753
470972
471039
471325
471557
471562
472250
472842
473015
473169
473336
473631
473947
474594
474914
474915
474974
475041
475147
475281
475498
475784
476076
476099
476102
476172
476213
476364
476449
476494
476581
476735
476825
476829
477007
477032
477143
477802
478004
478234
478749
478824
479575
479758
480204
480278
480440
480654
480735
480762
480792
481115
481222
481350
481409
481445
481776
481957
481974
482041
482061
482260
482271
482280
482300
482695
482839
483014
483407
483543
483565
483576
483676
483833
483934
484219
484298
484381
484582
485425
485856
485965
486240
486468
487412
487580
487745
487929
488405
488612
488758
488940
489071
489143
489611
490030
490081
490208
490336
490360
490491
490578
490881
491137
491178
491353
491960
492068
492149
492243
492447
492719
492741
492820
493501
494005
494009
494243
494431
494537
494974
495112
495277
495318
495851
495917
496453
496571
496633
496898
497206
497332
497403
497637
497967
498656
498664
498698
498975
498998
499019
499155
499278
499312
499334
499367
499439
499544
499783
499956
500175
500666
501150
501216
501393
501408
501430
501495
501533
501734
501745
501976
502428
503154
503315
503409
503443
503492
504275
504801
504810
504868
504872
504973
505445
505575
506229
506255
506476
506661
507001
507023
507091
507313
507491
507551
507591
507828
508141
508349
508587
508825
508849
508869
508928
508948
509288
509291
509308
509511
509601
509626
509628
510119
510140
510614
510791
511007
511233
511282
512236
512260
512327
512743
512907
512915
512982
513160
513213
513368
513597
513780
514149
514597
514973
515054
515374
515673
516098
516213
516865
517027
517155
517178
517343
517524
517931
518064
518234
518937
519469
519489
519636
519661
519689
519772
519803
520339
520393
520607
520800
520900
520903
521311
521490
521586
521592
522064
522206
522212
522366
522848
523007
523108
523323
523393
523423
523483
523505
523604
523626
524034
524059
524350
524409
524443
524991
525191
525192
525222
525693
525902
526286
526434
526485
526658
526661
526806
526966
526985
527057
527212
528191
528216
528409
528440
528468
528474
528510
528735
528784
528948
529375
529464
529685
530085
530203
530435
530445
530637
530896
531216
531585
531955
532350
532576
532793
532930
532954
533103
533221
533227
533273
533442
533744
533902
533985
534381
534533
534765
535388
535420
535493
535639
535907
535913
536833
537106
537349
537716
537808
537889
537960
538539
538604
539022
539200
539252
539473
539902
540049
540198
540355
540514
540728
540761
540811
540980
541246
541331
541460
541630
541858
542049
542242
542657
542817
542925
542973
543069
543211
543463
543616
543697
544349
544589
544693
544736
545360
545529
545624
545932
546240
546515
546701
546779
546897
547561
547726
547892
548300
548357
548366
548773
548773
548813
548848
548990
549151
549503
549732
550035
550318
550479
550683
550770
550862
550979
551056
551145
551152
551955
552211
552355
552555
552661
552840
552851
553098
553099
553135
553177
553340
553360
553400
553878
554532
554759
555039
555101
555611
555836
555910
556071
556179
556332
556656
556709
556784
556798
556945
557118
557414
557435
557454
557718
558199
558201
558245
558780
558895
559565
559604
559633
559702
560136
560146
560689
560709
560935
560945
560964
561061
561152
561173
561286
561373
561584
561672
562157
562278
562323
562323
562381
562709
562874
562888
563126
563419
563520
563702
563931
564065
564148
564300
564588
564609
564679
564709
564711
564716
565047
565112
565218
565736
565768
565865
566084
566277
566295
566316
566370
566623
566697
566809
566859
566912
567384
567960
568042
568426
568590
568631
568644
568737
568841
568924
568948
569191
569270
569319
569454
569527
569553
569629
569671
569746
569828
569989
570118
570295
571218
571241
571511
571617
571694
572211
572298
572314
572530
572645
573186
573287
573340
573532
573635
573866
573876
573929
574037
574090
574214
574485
574661
575063
576177
576194
576207
576211
576331
576562
576851
576934
576993
577349
577380
577840
578027
578207
578411
578431
578781
579362
579752
579977
580003
580098
580105
580234
580362
580784
581296
581384
581469
581871
581979
582177
582390
582430
582867
583279
583628
583714
583878
584836
585403
585516
585575
585638
585737
585859
586085
586237
586503
586527
586757
586779
587159
587196
587308
588037
588141
588416
588441
588449
589189
589730
589862
589877
589931
590184
590251
590565
591566
591590
591717
591766
591803
591935
592407
592818
593062
593200
593436
593532
593710
594203
594271
594465
594936
595000
595137
595376
595467
595515
595550
595587
595767
595799
595837
596028
596069
596485
596918
597053
597151
597215
597252
597512
597556
597650
597915
597923
597942
597970
598317
598597
598869
598874
598996
599167
599686
599957
599996
600289
600393
600465
600555
600661
600762
601030
601143
601524
601627
601656
601738
602376
602386
602982
603221
603579
603709
604121
604270
604350
604392
604699
604894
604989
605467
605500
606213
606243
606292
606625
606926
607032
607469
607615
607731
607778
608377
608670
608726
608772
608912
609055
609092
609110
609884
610551
610599
610616
610958
611387
611440
611547
612138
612693
613175
613188
613317
613456
613661
613793
613832
614113
614127
614211
614212
614369
614592
614625
614759
614912
614917
615176
615282
615337
615466
615849
615949
615962
616846
616901
617039
617083
617188
617203
617246
617406
618076
618210
618602
618658
618824
619060
619154
619239
619924
620012
620627
621173
621322
621891
621896
621981
622112
622270
622289
622367
622684
622802
623173
623461
623790
623850
624291
624616
625200
625226
625391
625834
625904
626218
626232
626381
626466
626649
626758
627347
627491
627980
628342
628355
628371
628551
628598
628698
628741
629015
629775
629784
630194
630331
630610
630738
630835
630931
631203
632061
632229
632286
632372
632448
632763
632836
632907
633178
633277
633841
634016
634268
634536
634570
634635
635199
635414
635511
635933
635938
636234
636258
636287
636530
636613
636783
636828
636869
637298
637452
637578
637635
637905
637950
637990
638159
638458
638523
638610
639037
639041
639353
639364
639506
640064
640176
640176
640704
640821
641086
641247
641353
641382
641595
641639
641751
642430
642661
642698
642716
642858
643698
643781
643908
643929
644043
644658
644841
644973
645116
645190
645473
645830
645986
646172
646223
646246
646637
646824
647097
647136
647300
647458
647540
648053
648171
648196
648330
648636
648835
649069
649189
649226
649243
649248
649413
649432
649587
649646
649899
649908
649947
650236
650523
650635
650759
650838
650882
651429
651703
651831
652458
652484
652582
652590
652606
653059
653289
653396
653523
653948
654104
654245
654346
654401
654453
654461
654891
655272
655665
655919
656025
656047
656054
656071
656090
656107
656514
656880
656914
657097
657138
657262
657320
657545
657922
658472
658770
659076
659262
659654
659694
659875
660867
661388
661424
661741
662011
662202
662332
662530
662542
662863
663001
663173
663304
663737
663999
664317
664332
664379
664529
664864
664865
664967
665126
665134
665147
665551
665731
665891
666063
666129
666362
667128
667187
667487
667747
667821
667889
668087
668317
668670
668683
668944
669211
669460
669967
670220
670363
670406
670454
670459
670560
670646
670722
670888
670984
671043
671072
671393
671402
671743
671760
671936
672176
672228
672974
673052
673272
673291
673364
673499
673512
673555
673596
674048
674169
674214
674534
674587
674624
674655
675025
675233
675737
675990
676319
676372
676509
676561
676618
676839
676902
677026
677148
677489
677802
677833
677953
677969
678072
678140
678533
679267
679274
679508
679529
679661
679777
679830
679864
680184
680266
681209
681226
681328
681852
682031
682038
682430
682507
682791
683001
683311
683688
683913
683999
684012
684407
684455
684590
684706
684710
684923
685029
685267
685350
685478
685504
685677
685846
685860
685935
686177
686852
687031
687268
687776
687842
687861
687940
688488
688640
688889
688933
689023
689062
689516
689765
689836
690026
691180
691579
692207
692335
692339
692645
692655
692888
693061
693274
693310
693567
693581
694038
694323
694475
694647
694795
694863
695270
695649
695787
695988
696058
696461
696789
697283
697606
697852
698134
698188
698390
698714
698792
698813
699138
699161
699206
699277
699393
699407
699596
699844
699905
700276
700309
700344
700345
700881
701025
701192
701256
701402
701452
701568
701768
701982
702031
703088
703114
703293
703366
703562
703580
703622
703641
703700
703862
703883
704247
704397
704514
704531
704685
704720
704777
704871
705069
705327
705778
705793
705857
705936
705970
706420
706479
706831
706860
706865
706892
707168
707180
707553
707568
708817
708935
709369
709411
709537
709704
710312
710411
710586
710603
710678
710815
710889
711314
711447
711717
711757
711984
712258
712691
713507
713645
713852
714010
714302
714469
714469
715092
715158
715302
715454
715677
715683
715884
715978
716362
716576
716759
716853
717031
717141
717335
717591
717861
718014
718054
718287
718492
718503
718645
718752
718946
719174
719179
719449
719604
719626
719791
719837
720075
720308
720423
720477
720764
721029
721057
721208
721230
722010
722171
722839
723031
723164
723589
724169
724236
724412
724520
724815
724905
725017
725035
725072
725276
725438
725506
725575
725618
726000
726009
726250
726277
727010
727095
727248
727486
727741
727899
727941
727946
728081
728172
728489
728530
728568
728613
728739
728794
728870
729365
729634
729650
729679
729745
730549
730629
730711
730712
730727
730730
731131
731302
731495
731499
731688
731776
731863
732024
732224
732856
733196
733303
733633
733723
733883
733921
734330
734667
734779
734921
734941
734978
735487
736124
736548
736762
736774
736937
737315
737647
737705
738225
738474
738687
738849
739070
739084
739820
739855
740632
740652
740802
740823
740877
740912
741005
741085
741254
741365
741449
741658
741893
741900
742140
742365
742373
742566
742689
743234
743397
743525
743566
743700
743934
744188
744446
745119
745539
745695
745743
745758
745798
745803
746011
746040
746693
746888
746893
746996
747508
748298
748400
748407
748529
748857
749141
749751
750036
750041
750074
750088
750116
750128
750245
750254
750468
750543
751189
751215
751523
751735
752306
752381
752429
752479
752776
752931
753156
753222
753666
753947
754561
754665
754679
754682
754734
754862
754964
755118
755303
755356
755551
755762
755989
756058
756776
756822
757135
757238
757572
757707
757827
757904
758170
758226
758239
758360
758547
758581
758654
758782
758879
759292
759575
759741
759907
760019
760186
760451
760813
760870
760903
760927
760930
761130
761188
761256
761481
761784
761800
761967
762415
762488
762753
762776
762819
762846
762881
763297
763354
763670
763670
763707
763756
763787
763976
764368
764592
764635
764683
764771
764809
765063
765503
766311
766799
766849
767007
767037
767761
767884
767889
768187
768415
768541
768569
769032
769042
769093
769335
769364
769424
769742
769804
769840
770174
770817
770954
771493
771592
771691
771884
771894
771926
772184
772705
772843
773018
773130
773243
773317
773513
773820
773936
774240
774242
774255
774418
774626
775101
775477
775577
775824
775948
776179
776371
776867
776956
777605
777707
777873
778030
778072
778192
778224
778299
778456
778726
779334
779362
779412
779565
779819
779940
780419
780450
780611
780754
780759
781503
781518
781536
781636
782083
782149
782617
782626
782767
782781
782916
782953
783038
783112
783117
783271
783365
783366
783604
784038
784044
784129
784217
784232
784235
784248
784328
784691
784724
784803
784890
785319
785634
786156
786205
786254
786394
786421
787204
787256
787331
787360
787832
788423
788549
788874
789247
789384
789752
789916
790998
791313
791328
791347
791741
791997
792396
792547
792638
793048
793660
794085
794124
794538
794811
794859
794871
795472
795550
795847
795974
796184
796513
796521
796557
796604
796610
796726
797152
797364
797519
797537
797621
798685
799235
799257
799645
799678
799703
799777
800471
800861
801062
801344
801679
801767
802259
802297
802609
802727
802815
802874
802949
802986
803683
804125
804234
804402
805150
805501
805567
805600
805663
805876
806029
806139
806486
806698
807540
807660
807701
808103
808165
808273
808706
808708
808773
808781
809320
809367
809571
809731
810042
810695
810770
810829
811272
811335
811381
811404
811518
811675
811928
812441
813338
813414
813447
813789
814185
814393
814462
814936
815123
815298
815906
815973
816027
816456
816567
816573
816736
816741
816980
817321
818055
818355
818537
818673
818738
818847
818914
819077
819339
819364
819694
820052
820113
820292
820387
820567
820623
820655
820845
821628
821867
822239
822264
822326
822728
822735
823159
823475
823487
823492
823860
824322
824605
825091
825548
825604
825703
825834
825840
826173
826190
826434
826679
826757
826879
827168
827590
827700
827766
828066
828360
828397
828573
828680
829098
829192
829209
829277
829292
829381
829586
830023
830177
830358
830857
830875
830932
831545
831781
831936
831967
832058
832273
832282
832439
832557
832827
832984
833356
833809
833939
834238
834384
834705
834982
835133
835826
836266
836308
836437
836454
836496
836633
836953
837062
837186
837321
837431
837438
837897
838155
838295
838828
838845
839125
839428
840121
840476
840493
840665
840984
841146
841635
841683
841717
841828
841975
842081
842229
842588
842950
843288
843914
843920
844217
844287
844393
844454
844614
844909
845002
845211
845330
845565
845696
845808
845947
845950
846332
846391
847004
847246
847306
847497
847648
847728
847753
847756
847781
847884
847893
847911
848006
848308
848948
849018
849163
849445
849451
849563
849834
849876
850173
850341
850424
850426
850529
850565
850737
850925
851082
851232
851470
851814
851899
851993
853258
853452
854032
854103
854138
854659
855199
855649
855756
855772
855781
856189
856248
856403
856494
856618
857054
857350
857357
857433
858095
858242
858281
858540
858684
859271
859327
859362
859785
859989
860028
860484
860751
861071
861108
861149
861229
861740
861790
861966
862041
862094
862386
862401
862660
862950
863207
863394
863493
863686
863750
863955
863993
864243
864400
864418
864481
864642
864845
864981
865307
865386
865459
865603
865620
865647
865786
865944
865951
866162
866443
866589
866719
866871
866999
867073
867118
867293
867749
867905
868125
868529
868773
869047
869492
869705
869870
870067
870307
870360
870440
870448
870496
870566
870576
870605
870769
870929
871683
871704
871737
872041
872219
872510
872524
872538
873450
873561
873589
874112
874319
874502
874536
874554
874701
874734
874799
874829
874829
875004
875063
875260
875522
875720
876199
876694
876719
876742
876795
877101
877643
877708
877852
878667
878875
879219
879510
879689
880024
880140
880189
880356
880388
881290
881343
882146
882315
882404
882595
882882
882926
883216
883231
883725
883785
884070
884426
884818
884912
885205
885235
885244
885293
885470
885580
885587
885606
885670
886083
886347
886480
886749
886878
886910
887120
887219
887456
887692
887717
887908
887957
888109
888153
888361
888389
888480
888629
888773
888944
889183
889434
889912
889976
890224
890349
890749
890778
890831
890859
891232
891249
891682
891717
891742
891764
891786
892384
892475
892670
893399
893499
893507
893639
894162
894270
894590
894622
895212
895822
896027
896468
896509
896674
897521
897790
898338
898447
898570
899063
899575
899984
900152
900341
900439
900703
900740
901155
901231
901361
901573
901874
902156
902314
902388
902438
902464
902570
902783
902924
903042
903325
903367
903537
903898
904036
904103
904222
904914
905102
905178
905296
906078
906221
906339
906453
906501
906521
907007
907372
907378
907405
907607
908083
908307
908328
908608
908717
909157
909270
909350
909390
909526
909536
909586
909755
909784
909996
910003
910029
910068
910179
910198
910281
910993
911732
911921
912510
912556
912639
912803
912949
913091
913338
913348
913379
913419
913881
913913
914165
914253
914310
914975
915172
915244
915773
916223
916238
916278
916506
916925
916957
917301
917542
917741
917903
917970
918347
919116
919245
919341
919366
919444
919573
919674
919987
920166
920337
920489
920532
920715
920991
921085
921400
921429
921471
921584
921680
921857
921893
922174
922404
922560
922580
923124
923326
923343
923436
923544
923687
923779
923813
923890
923914
923965
924233
924288
924481
924926
925133
925786
926161
926287
926626
926655
926777
926807
926929
927051
927130
927274
927608
927710
928044
928150
928270
928433
928493
928622
928879
929399
929540
929581
929940
930274
930557
930749
931052
931641
932462
932636
933382
933583
933665
934016
934125
934159
934266
934385
934726
934853
934920
935302
935443
935815
935979
936084
936146
936338
936771
936920
936944
937088
937321
937436
937454
937595
937816
937844
938073
938126
938276
938344
938763
938781
938797
939208
939304
939353
939366
939433
939532
939641
939778
939785
939847
940077
940120
940484
940931
941087
941138
941561
941702
941795
941837
941937
942049
942120
942219
942406
943247
943302
943669
943721
944594
944680
944970
945232
945329
945526
945532
945764
945847
946015
946379
946505
946669
946922
947298
947461
947611
947731
947753
948278
948343
948445
948448
948887
948958
949001
949081
949391
949437
949634
949663
949867
949908
950013
950028
950083
950230
950311
950713
950779
951084
952248
952251
952737
952757
952912
952916
953453
953645
953647
953891
954430
954504
954543
954990
955160
955201
955608
955793
955954
956659
957178
957570
957613
958033
958183
958185
958200
958367
958593
958808
958840
959016
959388
960232
960504
960516
960594
960999
961205
961598
961948
962156
962219
962547
962662
962833
963317
963323
963939
964086
964254
964258
964323
964988
965162
965347
965986
966052
966613
966677
966698
966907
966916
967134
967149
967335
967482
968076
968115
968224
968287
968541
968766
968847
968925
969013
969304
969888
970392
970424
970427
970484
970550
970963
971188
971363
971440
971654
971705
971741
971762
972062
972335
972638
973233
973271
973739
973771
974029
974307
974392
974818
974873
974881
975152
975430
975488
975774
976143
976358
976671
977020
977073
977540
977915
978220
978486
978820
978887
978964
979050
979120
979643
980020
980304
980724
981150
981157
981264
981337
981823
982027
982310
984222
984327
984649
984889
984995
985008
985065
985351
985444
985463
985842
985989
986588
986863
987377
987419
987420
987614
987681
987743
987787
988042
988351
988593
988878
988917
989104
989142
989225
989520
989708
990341
990349
990573
990749
991115
991236
991374
991592
991639
991652
991821
991910
991914
991979
992186
992194
992326
992624
992866
992903
992945
993015
993750
993974
994347
994851
994909
994989
995349
995550
995608
995777
995782
996118
996163
996185
996219
996712
996866
997684
997787
997925
997962
998157
998219
998373
998515
998627
998680
998834
999293
999312
999388
999716
999831
