191
269
716
758
1047
1198
1253
1541
1559
1743
2058
2245
2484
2684
3084
3125
3186
3591
3647
3943
4033
4179
4410
4420
4765
4934
5093
5407
5469
5493
5668
5770
5955
6099
6173
6306
6558
6559
6688
7037
7153
7417
7817
8109
8180
8339
9067
9326
9358
9622
9701
9883
10280
10580
10792
10890
11227
11257
11435
11605
11986
12028
12079
12101
12105
12263
12766
12987
13257
13418
13495
13544
13646
13834
14107
14335
14559
14802
14809
15521
15694
15767
15814
16287
16555
16766
16788
16968
16985
17024
17392
17579
17619
17828
17841
17896
18006
18056
18146
18202
18550
18742
18771
18877
19183
19435
19438
19541
19628
20387
20503
20628
20774
20782
21064
21687
21709
22182
22393
22798
22826
23009
23105
23196
23238
23685
23880
23939
24061
24351
24682
24718
25162
25278
25390
25856
25962
26212
26289
26495
27154
27160
27419
27834
27846
28141
28233
28339
28405
28839
29085
29204
29218
29229
29306
29312
29350
29353
29528
29916
30104
30113
30295
30297
30716
30880
30964
31120
31295
32067
32204
32517
32776
33116
33225
33300
33385
33475
33565
34038
34085
34503
35379
35767
36059
36224
36229
36581
36690
36783
37280
37301
37607
37666
37703
37961
38261
38261
38620
38720
38721
38744
39252
39381
39405
39487
39697
39896
40064
40231
40271
40927
41090
41147
41281
41661
42101
42318
42444
42635
42829
43014
43073
43447
44383
44626
45093
45232
45529
46038
46574
46833
47333
47901
48366
48442
48782
48844
49171
49315
49788
50033
50188
50194
50418
50449
50498
50633
50771
51166
51298
51470
51553
51560
51926
51929
51934
52041
52230
52612
52662
52680
53127
53256
53448
53866
53992
54077
54473
55699
56041
56142
56664
56749
56755
56758
56899
57226
57340
57804
57814
57888
57972
58598
58617
58827
59151
59215
59259
59266
59293
59317
59971
60076
60151
60221
60253
60453
60555
60670
61003
61060
61684
61804
62103
62300
62323
62434
62518
62665
62792
62892
63265
63531
63548
63614
63716
64091
64228
64403
64568
64678
64795
64822
64931
64980
64989
65148
65338
65999
66009
66089
66227
66553
66979
67020
67169
67360
67377
67596
67874
67887
68104
68191
68480
68563
68566
68651
68671
68745
69214
70120
70121
70233
70410
70600
71469
71609
71740
71926
72230
72324
72552
72608
72986
73013
73045
73062
73065
73109
73169
73398
74028
74169
74537
74600
74740
74902
75204
75749
75896
75908
75986
76082
76268
76425
76711
76807
76891
77090
77310
77609
77704
77787
77917
77945
78413
78615
78735
79001
79457
79582
79665
79678
79870
80071
80158
80198
80599
80675
80730
81166
81205
81526
81983
82000
82249
82353
82411
82970
83291
83441
83445
83717
83784
83874
84645
84701
85074
85257
85369
85806
85909
86013
86074
86481
86710
87116
87164
87296
87393
87651
87939
87964
88182
88624
88704
88868
89013
89197
89580
89650
89793
89949
90123
90320
90700
90909
90976
91205
91440
91470
91486
91509
91821
91824
92086
92277
92627
93134
93429
93432
93496
93616
93638
94111
94128
94213
94240
94472
94631
94678
95060
95192
95267
95822
95867
95943
96121
96526
96630
96652
96902
97265
97472
97509
97633
97637
97721
97848
98063
98362
98680
98985
98988
99099
99396
99769
99891
99953
100409
100821
101284
101594
101611
101736
101783
102051
102089
102091
102438
102743
102864
103261
103308
103596
103975
103985
104115
104259
104327
104616
104965
105362
105391
105696
105803
105816
106203
106272
106966
107094
107433
107485
107686
108033
108242
108303
108537
108648
108661
108860
108874
109105
109135
109328
109395
109615
109682
109683
109902
109926
110369
110602
110799
111203
111598
111904
112104
112216
112347
112641
113095
113142
113263
113499
113669
113800
114116
114150
114200
114547
114856
114892
115197
115254
115757
115972
115982
116432
116856
116965
116968
117329
117420
117499
117553
117797
118104
118195
118324
118507
118605
118929
118974
118989
119022
119056
119172
119187
119199
119355
119571
119714
119789
120103
120115
120122
120168
120325
120591
120810
120915
121127
121242
121267
121631
121904
122052
122168
122835
123076
123323
123424
123541
123762
123833
123844
124143
125072
125261
125265
125317
125506
125610
126031
126047
126176
126355
126873
127130
127217
127399
127509
127564
127649
127793
127977
128256
128307
128350
128648
128760
128837
128848
128961
129244
129351
129603
129633
129746
130016
130139
130193
130543
130761
131024
131245
131484
131594
131844
131882
131928
132519
132623
132892
132963
133089
133136
133182
133236
133313
133694
134014
134506
134511
135077
135322
135401
135402
135603
135924
136001
136064
136104
136377
136889
136947
137985
137991
138272
138513
138586
138759
138806
138844
139264
139355
139555
139671
139793
139906
140040
140103
140194
140393
141101
141139
142178
142357
142829
142850
143400
143408
143563
144313
144372
144494
144785
145300
146123
146360
146469
146474
146539
146767
146884
147029
147512
147618
148046
148166
148174
148328
148755
148817
149061
149209
149302
149344
149451
149465
149572
149825
149935
149975
150739
150744
150752
150753
150957
151034
151103
151107
151145
151524
151636
151924
152182
152419
152672
152720
152745
152930
153036
153470
153633
153649
153897
154248
154528
154746
155387
155570
155847
156076
156242
156452
156969
157184
157348
157627
158395
158447
159871
159887
159918
159989
160109
160115
160132
160583
160632
161138
161201
161561
161795
161805
162115
162158
162262
162542
163079
163257
163728
163918
164310
164795
164802
164818
164897
165126
165131
165163
165203
165526
165809
165879
166036
166124
166228
166339
166418
166421
166444
166710
166769
166862
167001
167460
167590
167724
168003
168381
168503
169139
169254
169427
170007
170263
171063
171080
171140
171647
172004
172418
172643
172829
173022
173656
173770
173914
173955
174278
174320
174363
174822
175006
175110
175216
175732
175806
176003
176247
176740
176808
176995
177061
177090
177104
177273
177436
177464
177685
177779
178200
178618
178626
178740
178742
179014
179197
179225
179229
179399
179462
179689
179774
180558
180845
181427
181565
182140
182348
182388
182537
182581
182683
182773
182781
183113
183178
183197
183387
183867
184066
184145
184472
185084
185131
185207
185262
185367
185401
185628
186069
186261
186371
186490
186776
186790
186890
187320
187385
187557
187612
187834
187998
188004
188182
188506
188611
188748
188766
188994
189025
189157
189219
189692
189859
189911
190107
190378
190490
190554
191112
191493
191774
191809
191844
192169
192230
192238
192239
192267
192332
192463
192597
192897
192978
193036
193365
194716
194980
195371
195377
195396
195439
196362
196367
196424
197128
197674
198410
198587
198609
198699
198867
198911
199001
199043
199120
199219
199536
199572
199742
199796
199897
199924
199945
200036
200333
200365
200518
200586
200629
200649
200860
201045
201417
201494
201838
201843
201867
201958
202203
202382
202385
202567
202980
203144
203444
203529
203699
204251
204296
204297
204809
204895
205321
205330
205413
205599
205681
205876
205971
205989
206663
206909
206919
207061
207338
207403
208290
209087
209338
209355
209491
209504
209639
209669
209764
209775
209818
210008
210067
210088
210245
210439
210809
211332
211424
211433
211532
211563
211871
212327
212366
212404
212648
212676
212692
212792
212965
213055
213573
213607
213900
213917
214706
215170
215253
215486
215567
215722
216115
216283
216315
216405
216742
216938
217353
217399
218062
219313
219370
219462
219503
219810
219878
219962
220083
220109
220268
220319
220960
221211
221252
221564
222073
222125
222513
223022
223072
223204
223522
223625
223753
223919
224022
224388
224443
224473
224811
224926
225086
225120
225802
225806
225819
225826
225908
225982
226322
226365
226389
226545
226618
226661
226762
227130
227886
228950
228991
229092
229283
229343
229436
229442
229490
229832
229860
229863
229939
230020
230260
230661
230805
230806
231090
231095
231194
231373
231476
231658
231694
231711
231771
231867
232241
232284
232358
232611
232991
232997
233173
233414
233573
233673
233939
234096
234204
234917
235018
235144
235587
235840
235890
235914
235939
235969
236299
236608
236615
236643
236920
236969
237282
237573
237825
237851
238175
238504
238555
238771
238806
238899
239032
239724
239852
240508
240561
240723
240751
240984
241260
241937
242071
242303
242435
242526
242658
243033
243078
243109
243159
243758
244152
244245
244393
244584
244652
244880
244885
245127
245249
245821
245833
246229
246253
246453
246824
247736
248555
248562
248618
249144
249268
249335
250144
250274
250354
250650
251357
251453
251495
251531
251595
251878
251937
251950
251990
252130
252392
252552
252585
252768
252824
252855
252932
253158
253435
253772
254105
254318
254449
254690
254850
255007
255331
255552
255864
256129
256247
256870
256913
257162
257862
258246
258394
258635
258690
258759
258860
258993
259616
259870
259979
260320
260582
260865
260944
261224
261310
261496
261638
261728
261787
262149
262207
262289
262442
262469
262516
262609
262807
262887
262919
262960
262993
263208
263636
264128
264233
264327
264550
265004
265097
266016
266177
266182
266236
266703
266870
267372
267437
267479
267654
267672
268099
268131
268133
268264
268328
268588
268591
268745
268836
268997
269013
269571
269819
269899
270461
270693
270899
271057
271221
271319
271435
271665
271924
272020
272029
272222
272708
273457
273536
273618
273697
273943
273998
274037
274763
274851
275079
275308
275366
275441
275882
275889
275983
276006
276141
276185
276275
276419
276531
276742
277021
277113
277336
277469
277834
278306
278312
278336
278894
279180
279332
279560
279727
280181
280250
280341
280378
280629
280771
281105
281550
281685
282131
282244
282893
282896
283139
283578
283607
283907
283970
284142
284341
284351
284736
284911
285608
285966
286045
286404
286544
286701
286756
287020
288025
288283
288306
288724
288780
288898
289354
289899
289974
290142
290247
290562
290782
290792
290829
291018
291053
291147
291218
291441
291529
291671
291683
291747
291813
291840
291856
291967
292261
293194
293708
293841
293935
293976
294008
294292
294432
294495
294707
294716
294727
294739
295001
295397
295642
295693
295713
295823
295893
296095
296325
296966
297330
298096
298215
298775
298982
299419
299617
299670
300040
300639
300711
300722
300769
301072
301161
301405
301840
301965
302159
302682
302971
303195
303471
303511
303580
303847
303924
304202
304398
304621
304787
304983
305276
305319
305355
305413
305716
305726
306009
306078
306452
307029
307645
308103
308248
308312
308494
308672
308762
308805
309488
309717
309792
309930
310085
310118
310211
310482
310566
310865
311099
311406
311494
311584
312311
312493
312980
313109
313264
313275
313402
313454
313529
314398
314515
314962
315004
315032
315071
315101
315407
315428
315692
315788
315881
316027
316443
316499
316598
316621
316687
316859
316866
316887
316924
317092
317253
317274
317529
317633
317708
317725
317779
317816
317895
318092
318226
318584
318740
319155
319430
319787
319894
319922
321296
321465
321775
321931
322122
322707
322724
322804
323159
323482
323817
323980
324046
324155
324345
324348
324384
324428
324678
324740
324807
324964
325185
325472
325496
325738
325862
325998
326027
326120
326229
326347
327348
327440
327534
327718
327841
327871
328101
328147
328528
328674
328945
328947
329009
329200
329249
329320
329797
330064
330383
330644
331158
331381
331583
331589
331626
331844
332141
332723
332875
333244
333317
333535
333636
333779
334139
334227
334333
335025
335143
335597
336011
336325
336426
336475
336529
336617
336678
336864
336946
337004
337626
338080
338264
338417
338490
339305
339420
339529
339703
339737
339891
339975
340057
340095
340116
340535
340590
340957
341181
341568
341901
342022
342103
342286
342401
342405
342919
343058
343797
344501
344712
345130
345200
345209
345210
345441
345727
345975
346160
346243
346403
346424
346722
347112
347185
347204
347433
347602
347792
347867
347888
347929
348046
348103
348186
348261
348315
348610
348679
349596
349653
350158
350229
350271
350586
350611
350682
351053
351053
351450
351671
351918
352125
352493
352607
353096
353101
353467
353487
353632
353930
354134
354162
354177
354573
354680
354990
355050
355217
355218
355275
355479
355694
356211
356268
356292
356861
356921
357287
357617
357999
358130
358493
358708
358866
359136
359214
359422
359423
359478
359534
359543
359620
359883
360171
360331
360484
360701
360724
360779
360852
361065
361417
361419
361515
361541
362186
362215
362434
363015
363058
363082
363236
363287
363655
364423
364428
364716
364747
365060
365853
365906
365993
366130
366144
366391
366533
366709
366777
366785
366788
366827
366945
367042
367238
367606
367659
367666
367879
368616
368785
368845
369185
369198
369367
369465
369501
369704
369812
369994
370498
371124
371232
371303
371451
371474
371718
371874
371885
372129
372433
372525
372529
372651
372719
373148
373381
373549
374228
374769
374975
374996
375909
375961
376003
376197
376389
377167
377262
378310
378327
378585
378780
378820
379038
379093
379178
379273
379396
379798
380178
380236
380586
380594
380764
381015
381093
381106
381418
381594
382189
382294
382313
382366
382462
382666
382803
383392
383414
383526
383564
383682
383762
383793
383893
384019
384385
384394
384588
384627
385093
385289
385334
385514
385571
385817
386297
386303
386930
387042
387208
387516
388006
388450
388580
388614
388730
388807
388862
388874
389057
389109
389164
389305
389713
389805
390030
390098
390229
390345
390379
390513
390605
391424
391497
391635
391846
391955
392262
392500
392800
392871
392878
393405
393435
393482
393498
393611
393625
394091
394240
394264
394320
394500
394678
394886
395279
395301
395349
395521
395665
395755
395975
396275
396477
396586
396763
397000
397006
397415
397627
397674
397729
397884
398438
398649
398743
398826
398895
398936
399039
399397
399460
399785
400091
400113
400633
400680
400686
400706
400906
401025
401119
401498
401884
402030
402309
402638
402803
402901
403002
403056
403267
403290
403588
403849
404267
404489
404603
404620
404760
405208
405326
405341
405616
405816
406128
406312
406567
407067
407146
407661
407883
408365
408376
408446
408447
409036
409137
409777
409780
409814
409882
409885
409975
410504
410746
410750
410805
411086
411100
411289
412130
412205
412235
412410
412811
412854
412934
412963
413118
414050
414593
414818
415511
415555
415903
416040
416861
416897
417050
417214
417306
417360
417955
417956
417987
418053
418340
418701
418757
418868
418945
419251
419256
419346
419380
419612
420198
420547
420641
420945
420970
421113
421233
421237
421296
421308
421571
421657
421871
422457
422627
422631
422758
422862
423068
423713
423812
423939
424580
424892
425192
425271
425457
425578
425866
426269
426433
426770
426845
427069
427453
428050
428496
428965
429064
429296
429501
429557
430230
430795
431332
431400
431861
432434
432845
432968
433335
433410
433458
434156
434647
434971
434995
434997
435229
435618
435738
435811
435836
436025
436027
436267
436393
436969
436983
437975
438196
438246
438441
438849
439412
439659
440162
440246
440270
440274
440751
441230
441307
441350
441389
441514
441563
441633
442153
442425
442799
442922
443011
443041
443146
443146
443601
443631
443734
444055
444057
444397
444590
444596
444623
444640
444662
445003
445027
445101
445159
445406
445537
445901
446280
446326
446438
446605
447257
447664
447735
448095
448312
448460
449057
449096
449311
449313
449378
449728
449910
450122
450247
450505
450636
450830
450939
451467
451562
451610
451862
451930
452536
452675
452796
452871
452878
452978
453146
453234
453280
453350
453598
454009
454212
454684
454723
454737
454790
455404
455538
455638
455688
456027
456054
456633
456772
457311
457784
457798
458169
458215
458487
458578
459024
459195
459252
459294
459417
459524
460094
460215
460242
460244
460516
460651
460963
460967
461137
461503
461607
461691
462586
462607
463219
463483
463588
463851
464088
464090
464310
464396
464483
464843
465075
465127
465309
465318
465576
465616
465663
465708
465871
465884
465958
466133
466393
466523
467456
467598
467897
468034
468156
468158
468172
468212
468216
468465
468722
468930
468984
469007
469212
469219
469757
469875
470010
470303
470426
470784
471026
471257
471302
471348
471758
471930
472172
472248
472662
472980
473042
473741
474302
474386
474501
474619
474724
475203
475217
475319
475587
475777
476075
476095
476174
476331
476706
476773
476780
476857
477201
477291
477473
478194
478356
478730
478744
478789
478789
479045
479201
479475
479651
479720
479797
479891
479949
480328
480784
481479
481933
482271
482413
482466
482506
482551
482675
482760
482860
482970
483217
483537
483620
483629
483840
483867
483895
484117
484200
484381
484596
484866
485010
485211
485246
485569
485588
485723
485847
485930
485954
486472
486480
486529
486551
487127
487233
487330
487365
487704
488164
488292
488499
488528
488888
488917
489079
489097
489328
489455
489530
490408
491829
492593
492600
493048
493137
493331
493340
493691
493743
493854
494029
494037
494489
494600
494869
495027
495126
495145
495543
495586
495948
496039
496137
496368
496543
496649
496779
496830
496934
496974
497085
497264
497346
497362
497369
497848
498087
498387
498448
498767
498793
499026
499108
499183
499216
499244
499408
499529
500095
500218
500382
500434
500451
500464
500671
501087
501355
501846
501901
502084
502524
502569
502595
503428
503557
503629
503824
503825
503881
503883
504287
504518
504612
504721
504785
505015
505040
505290
505457
505555
505883
505919
506088
506542
506585
506616
507181
507620
507878
507922
508133
508638
509429
509767
509940
509966
510308
510310
510631
510714
510725
511101
511403
511845
511898
511940
512140
512324
512348
512559
512713
512796
512812
512891
512976
513184
513297
513341
513454
513937
514032
514197
514242
514507
514786
514913
514917
515517
515648
515827
516081
516267
516423
516701
516782
516785
516830
517140
517456
517963
518128
518298
518346
518455
518476
518600
518737
518786
519224
519278
519604
520180
520253
520485
520523
520639
521593
522008
522104
522170
522338
522341
522394
522643
522752
522883
523090
523492
523511
523732
523737
523932
524015
524130
524252
524400
524859
524862
525173
525234
525330
525633
526021
526307
526821
527279
527644
527651
527994
528147
528684
528786
528920
528959
529420
529470
529654
529664
529955
530012
530067
530099
530142
530221
530226
530387
530492
530611
530643
530737
530995
531131
531161
531278
531620
531624
531700
531720
531771
532352
532532
532583
532649
532976
533068
533566
533717
533986
534777
534833
534897
535281
535286
535719
535797
535931
536011
536163
536294
536410
536489
536768
537311
537338
537580
537606
538123
538264
538347
538715
538987
539131
539283
539426
539445
539745
539815
540079
540168
540185
540637
540710
540928
540954
541065
541252
541264
541308
541754
541799
541941
541942
541973
542273
542431
542481
542742
542768
543011
543012
543127
543366
543812
543901
544129
544629
544807
544986
544998
545072
545716
546139
546425
546453
546851
546852
546908
547330
547537
547966
548581
549184
549757
549839
550095
550168
550655
550662
551163
551581
551622
551757
551783
551888
552013
552613
553000
553348
553797
554096
554256
554346
554396
555016
555110
555808
555896
556064
556102
556336
556448
556662
557195
557367
557575
557917
558089
558134
558368
558490
558537
558600
558663
558714
558843
559214
559923
560169
560180
560233
560237
560326
560427
560483
560489
560560
560631
560843
561375
561443
561614
561683
561805
561857
561859
561975
561997
562012
562056
562171
562264
562504
562535
562730
562737
562770
562815
562947
562973
563204
563438
563662
564414
564479
564636
564764
565190
565229
565378
565635
565754
565979
566075
566081
566284
566374
566471
567056
567147
567310
567316
567404
567613
567846
568330
568383
568465
568568
568600
569292
569636
569906
570083
570419
570633
570651
570655
570659
571570
571657
571974
572058
572305
572343
572587
572607
572794
573343
574037
574109
574184
574568
574613
574756
574859
574903
575484
575491
575586
575631
575711
575905
575943
576080
576382
576585
576651
576828
576968
577317
577322
577543
577597
577601
577609
577907
578301
578778
579132
579350
579632
579995
580033
580313
580338
580413
580599
580864
580892
581192
581239
581315
581375
581559
581881
581950
582180
582329
582912
583539
583562
583641
584336
584352
584532
584550
584806
585594
585940
585965
586181
586204
586412
586487
586873
587070
587139
587738
587753
587974
588144
588373
588393
588615
589166
589505
589529
589539
589686
589783
589813
589832
590042
590456
590651
590965
591402
591603
591729
592109
592136
592653
593538
593662
593676
593712
593747
593865
594131
594401
594424
594470
594920
595300
595304
595326
595532
595549
595900
596080
596161
596218
596315
596613
596833
596877
596948
596999
597071
597303
597394
597445
597532
597573
597588
597821
597837
598174
598223
598535
598698
598795
598934
599047
599423
599513
599800
600202
600208
600376
600433
600812
600851
601254
601293
601331
601474
601669
601714
602118
602318
602324
602650
602819
602821
603002
603015
603307
604022
604097
604148
604328
604572
604969
605200
605420
605504
605647
605676
605718
606201
606874
606900
607119
607574
607733
607814
607925
607968
607977
608168
608344
608762
608770
608839
608976
609062
609319
609521
609749
609755
609812
609835
610190
610201
610217
610231
610471
610923
610943
611034
611238
611268
611566
611617
612159
612251
612439
612535
612660
612767
612772
613095
613873
614007
614027
614046
614058
614226
614489
614873
614934
615262
615560
615754
615887
616213
616481
616669
616794
617126
617165
617387
617497
618138
618797
618890
618908
619394
619418
619418
619610
619622
619757
619798
620301
620545
620718
620782
621087
621189
621310
621369
621545
622045
622156
622376
622802
623018
623379
623679
623731
623961
624083
624831
625032
625410
625634
625669
625681
625898
625908
626087
626206
626491
626688
626742
626864
627076
627090
627235
627278
627881
627978
628231
628819
629063
629161
629460
630721
630891
631079
631109
631243
631477
631488
631589
631705
631715
632102
632116
632325
632437
632633
632799
633300
633821
634031
634178
634206
634411
634538
634680
634692
634839
635050
635197
635206
635426
635798
635890
636392
636524
636790
636957
637046
637147
637569
638024
638570
638728
638747
639197
639720
639872
640016
640192
640660
640782
640848
640959
641011
641023
641050
641183
641236
641630
641894
642006
642180
642353
642512
642680
642947
643146
643477
643697
643725
643773
643839
643854
644084
644272
644280
645087
645134
645256
645402
645695
645932
645948
646207
646290
646331
646365
646756
646760
646804
647244
647379
647423
647424
647681
647896
648105
648398
648517
649383
649418
649606
649705
650320
650487
650661
650787
650827
651021
651109
651265
651296
651410
651513
651639
652085
652099
652147
652729
652809
652813
653191
653528
653916
653999
654029
654412
654426
654428
654446
654560
654644
654661
654778
654808
654988
655107
655787
655868
656554
656850
657158
657304
657521
657590
657879
658196
658469
658662
659252
659789
659955
660310
660464
661146
661238
661402
661554
661794
662007
662094
662163
662204
663491
663610
663800
664282
664292
664295
664359
664415
664893
664951
665343
665621
666173
666337
666636
666767
666923
667124
667183
667291
667894
668520
668536
668579
668615
668766
668951
668986
669067
669280
669393
669497
669510
669978
670522
670714
670963
671364
671957
672009
672067
672406
672431
672769
672837
672895
673120
673562
674082
674098
674196
674335
674798
675274
675303
675463
675471
675511
675650
675682
675760
675968
676127
676318
676587
676718
677049
677268
677360
677694
677745
677904
677962
677971
678038
678108
678450
678939
679391
679602
679912
679979
680384
680544
680849
680990
681045
681049
681093
681245
681478
681612
681675
681826
681969
681992
682046
682080
682172
682236
682582
682859
682921
682922
683198
683340
683400
683495
683526
683995
684687
684877
684988
685133
685838
685843
686086
686408
686540
686605
686690
687584
687735
687910
687923
688079
688271
688280
688414
688527
688749
688777
688865
688869
689121
689189
689405
689455
689520
690018
690072
690130
690250
690269
690279
690395
690699
690941
691159
691271
692507
692635
692848
692856
692877
693548
693635
693639
694833
695019
695099
695371
695376
695400
695415
695680
695749
696353
696404
696495
696545
696950
697070
697994
698070
698098
698157
698452
698476
698611
699110
699210
699260
699304
699815
699829
700064
700445
701086
701112
701777
702063
702162
702506
702744
702744
703334
703741
703755
703792
703976
704206
704210
704569
704960
705164
705647
705944
706474
706646
706700
706777
707090
707525
707557
707696
707929
708208
708379
708517
708989
709021
709059
709262
709269
709407
709515
709956
710392
710509
710576
710811
711013
711083
711296
711488
711664
711856
712135
712183
712397
712402
712699
712736
713245
713390
714044
714400
714511
714578
714616
714953
715231
715301
715498
715599
715876
716060
716141
716235
716996
717110
717571
717639
717647
718540
718572
718783
719375
719571
719611
719674
719748
720137
720206
720344
720460
720507
720620
721272
721370
721475
721534
721547
721549
721665
722007
722082
722180
722338
722776
722957
723093
723123
723578
723618
723782
723860
724095
724249
724326
724396
724409
724501
724777
725103
725519
726311
726315
726426
726646
727005
727120
727147
727225
727546
727706
728001
728060
728110
728172
728347
728454
728630
728635
728700
728711
728929
729234
729244
729329
729398
729398
729507
729742
730010
730667
730687
730812
730965
731248
731704
731973
732400
732490
732950
733282
733482
734056
734163
734179
734641
734961
735258
735296
735401
735462
735809
735882
736196
736382
736433
736458
736529
736664
737151
737320
737410
737455
737538
737764
737989
738010
738064
738455
738924
739113
739398
739636
739852
740960
740997
741124
741451
741459
741548
741585
741798
741869
741871
742014
742064
742182
742398
742525
742925
742968
743396
743419
743629
743921
744238
744407
744662
744851
744933
745134
745298
745570
745807
745866
745941
745942
746396
746564
746611
746692
746773
746945
747443
747486
748341
748391
748422
748459
748515
748619
748715
748720
748749
749092
749161
749372
749651
749870
750032
750141
750380
750416
750590
750612
750931
751072
751372
751425
751496
752011
752284
752820
753028
753232
753465
753481
753506
753615
753630
754045
754411
755096
755197
755284
755358
755569
755642
755980
756122
756159
756339
756503
756562
756612
756669
757169
757437
757842
757917
758081
758524
758753
758776
759088
759210
759241
759245
759398
759508
759666
759914
760090
760243
760295
760421
760547
760564
760674
760736
760773
761176
761389
762075
762134
762216
762314
762438
762462
762515
762646
762762
762763
763244
763325
763712
763757
764093
764134
764538
764586
764821
765612
765811
766196
766215
766373
766738
766856
767016
767441
767839
767842
768046
768520
768633
769026
769035
769206
769344
769496
769667
769709
769897
769956
770238
770322
770505
770797
770862
770880
771038
771502
771518
771813
771929
772290
772316
772596
772858
772947
773405
773462
773704
773809
773926
774434
774553
774582
774628
774660
774952
774996
775340
775353
775388
775443
775446
776064
776866
777177
777277
777311
777386
777836
777977
778057
778338
778705
778882
779459
779805
779872
780151
780152
780305
780689
780730
780866
780937
781045
781088
781123
781267
781291
781403
781452
781510
781708
781873
782119
782513
782536
782570
782751
782826
782915
782980
783040
783173
783816
784301
784542
784616
784676
784992
785066
785290
785600
787160
787620
787620
787677
787871
787900
788122
788487
788562
788714
788978
789218
789319
789454
789500
789593
790281
790373
790548
790566
790575
791032
791156
791273
791494
791661
791779
792081
792560
792879
792931
793042
793320
793529
793534
793696
794243
794390
794653
795077
795567
795812
795959
796014
796056
796142
796222
796663
796878
797384
797759
798317
798613
798880
799570
799582
799702
799838
800211
800497
800542
800963
800978
801124
801273
801329
801842
801899
802031
802048
802362
802443
802937
802969
803385
803414
803721
804285
804292
804398
804745
804791
805010
805093
805151
805304
805458
805514
805602
805614
805794
805809
805825
805847
806112
806126
806159
806378
806385
806464
806642
806722
806795
807166
807452
807559
807851
808190
808237
808503
808615
808854
809018
809284
809387
809779
809888
809927
810042
810127
810263
810334
810372
810473
810547
810842
810985
811014
811097
811460
811538
811794
811885
811961
812005
812319
812529
812601
812788
812851
812900
812927
812984
813031
813395
813429
813445
813746
813864
813970
813974
814294
814329
814822
814994
815093
815127
815407
815526
815533
816370
816469
816477
816498
816606
816758
817450
817528
817682
817690
817758
818049
818053
818095
818113
818191
818290
818476
818579
818641
818655
818720
818917
819063
819423
819596
819623
819645
820018
820575
820580
820715
821213
821307
821737
821768
821878
822258
822266
822321
822854
822864
823216
823521
823851
824259
824429
825050
825262
825314
825502
825610
826020
826733
827137
827233
827312
827456
827691
827875
828184
828227
828278
828590
828631
828721
829399
829628
829678
829754
829836
829952
829985
830211
830334
830419
830685
830711
830885
830963
831001
831714
831752
831841
831858
831861
832400
832411
832661
832671
833174
833226
833341
833719
833758
833839
834148
834711
834831
835066
835074
835352
835455
835601
835652
835870
835871
835875
835935
836085
836107
836285
836349
836563
836653
836804
837093
837577
837772
838091
838379
838480
838677
838688
838793
838901
838997
839360
839555
839756
839839
839935
839999
840301
840366
840916
841034
841156
841231
841615
841737
842147
842165
842413
842674
843465
843802
843852
843984
844032
844288
844446
844510
844581
844692
844843
844859
845361
845630
845650
845919
845988
846102
846713
846755
846828
847017
847384
847938
848191
848308
848562
848700
849511
849773
849774
849962
850209
850269
850272
850318
850812
850854
850862
850914
850915
851111
851169
851257
851328
851658
852430
852444
852469
852509
852809
852984
853385
853458
853587
854291
854339
854387
854464
854487
854842
855067
856208
856554
856734
856861
856953
856983
857073
857176
857532
858140
858319
858680
858709
859003
859083
859247
859803
859886
860180
860620
860621
860986
860998
861038
861044
861109
861183
861645
861757
862384
862498
862628
862692
862982
863347
863762
863932
864443
864613
864723
864818
864827
864939
865539
865549
865601
866220
866614
866651
866894
866975
867070
867081
867209
867369
867532
867604
867829
868002
869186
869426
869565
869807
869846
869912
869938
870031
870061
870261
870287
870446
870474
871058
871273
871313
871677
871681
871703
872032
872461
872663
873034
873260
873780
873833
873923
874107
874248
874336
874426
874514
874748
875041
875412
875446
876063
876150
876811
877048
877409
877992
878088
878156
878486
878530
878604
878974
879066
879117
879307
879307
879357
879487
879514
879547
879653
879826
880097
880182
880289
880535
881465
881611
881654
881890
881947
881948
882135
882160
882776
882812
883196
883380
883855
884342
884392
884507
885114
885177
885531
885860
886112
886204
886554
886674
886815
886828
887296
887473
887529
887957
888350
888365
888391
888436
888436
888880
889043
889204
889370
889885
889891
890169
890506
890857
890859
890982
890986
891034
891204
891210
891478
891502
891725
891837
891909
891929
892267
892851
892925
893520
894176
894187
894200
894591
894620
894904
896358
896596
896732
896774
896855
896890
896964
897016
897391
897642
897755
897955
898197
898257
898261
898351
898491
898671
898906
898934
899150
899240
899301
899339
899597
899750
899840
899900
900231
900534
900809
900963
901000
901585
901757
902137
902396
902470
902672
902877
903147
903149
903204
903431
903753
904018
904255
904376
904795
904802
904885
905028
905063
905327
905719
905731
905760
905926
906149
906196
906759
906872
907346
907430
908109
908153
908286
908465
908558
908789
908962
909117
909246
909271
909343
909618
910003
910300
910465
910492
910674
911068
911144
911287
911326
911414
911748
911774
912134
912511
912526
912642
913065
913447
914116
914199
914333
914763
914989
915159
915527
915760
915930
916120
916354
916655
917061
917127
917305
917473
917652
918046
918194
918266
918278
918395
918412
918424
918618
918958
919439
919519
919863
920164
920228
920240
920365
920420
921098
921215
921423
921442
921482
921847
921935
922237
922240
922682
922828
923138
923243
923331
923447
923578
924109
924734
924853
924993
925105
925464
925478
925478
925756
926340
926491
926674
927149
927447
927470
927517
927697
927724
927734
927802
928412
928496
928604
929315
929548
929576
929822
929995
930146
930263
930284
930322
930454
930691
930694
931024
931098
931207
931479
931742
932117
932561
932569
932701
933305
933702
934276
934367
934477
934535
934604
934859
934948
934985
935219
935316
935762
936132
936140
936229
936279
936738
937148
937415
937639
937646
937783
938150
938172
938398
938472
938843
938863
939226
939268
939955
939967
940067
940347
940408
940706
941395
941539
941539
941763
941766
942067
942165
942166
942225
942285
942437
942442
942594
942631
942713
942723
943088
943379
943473
943511
943733
943883
944168
944360
944382
944772
944906
944917
944936
945287
945467
945932
946353
946632
946705
946748
947254
947497
947732
947751
948390
948733
949063
949209
949245
949300
949385
949548
949569
949835
950654
951221
951612
951623
952022
952267
952347
952373
952542
952801
953032
953113
953146
953304
953836
954075
954144
954314
954507
955529
956349
956410
956720
956937
957174
957190
957311
958441
958443
958656
958764
959001
959163
959491
959616
959707
959708
959720
960091
960408
960441
960640
960715
960818
960900
961075
961132
961716
962037
962211
962409
962773
962816
963008
963217
963433
963505
963530
964191
964594
964638
964640
964803
964852
965353
965961
966042
966139
966327
966756
966920
967317
967348
967426
967718
967838
968036
968258
968599
968948
969295
969331
969575
969801
970178
970193
971316
971390
971434
971659
971684
971706
971867
972072
972308
972531
972827
973195
973218
973413
973685
974160
974552
974761
975047
975088
975095
975434
975932
976068
976106
976301
976679
976835
976898
977070
977174
977339
977360
977428
977438
978235
978471
978476
978556
978759
978764
979381
979409
979596
979612
979861
979967
980179
980228
980437
980544
980570
981367
981898
982593
982603
982975
983032
983044
983327
983366
983486
983907
983919
984240
984447
984585
984601
984687
984724
986140
986376
986539
986571
986701
986754
986907
987142
987250
988144
988386
988585
988825
988845
988954
989412
989612
989675
990494
990543
990878
991305
991490
991551
991644
992469
992568
992580
992765
993458
993461
993733
993917
994021
994069
995412
995691
995713
996091
996127
996483
996790
997051
997093
997125
997537
997878
998342
998490
998710
998756
998810
998894
998955
998988
999404
999490
999966
