137
198
238
262
522
874
1026
1289
1455
1841
1853
2466
2653
2954
3079
3395
3855
4265
5718
5760
5902
5916
5958
5985
6140
6200
6235
6395
6402
6541
7262
7328
7754
7998
8226
8291
8440
8541
8643
8830
9098
9291
9561
10011
10204
10252
10256
10349
10604
10730
10733
11564
11678
11711
12311
12319
12552
12623
13071
13128
13216
13362
13414
13429
13671
14181
14308
14735
14826
14865
14905
14962
15054
15078
15276
15347
16171
16311
16402
16657
17289
17289
17554
17647
17809
17939
18110
18112
18340
19435
20150
20255
20269
20671
20809
20939
21008
21072
21508
21660
21732
21841
21900
21934
22527
22967
22990
23324
23400
23401
23445
23602
24017
24057
24168
24334
24424
24477
24807
25109
25374
25770
25794
26343
26381
26709
26753
27131
27384
27455
27479
28160
28230
28261
28330
28717
28825
28864
29344
29427
29460
29470
29584
29762
29988
30015
30693
31332
31946
32065
32097
32099
32182
32311
32357
32627
32730
33229
33392
33628
33644
33855
33983
34296
34302
34311
34908
35348
35468
35480
35618
35862
36136
36619
36665
36992
37053
37172
37432
37515
37518
37671
37975
38104
38154
38175
38235
38305
38306
38318
38346
38596
38844
39468
39477
39944
41029
41248
41312
41459
41889
41924
41971
43010
43188
43241
43752
44054
44254
44572
44731
44751
44839
45156
45788
45960
46259
46291
46314
46706
46845
46890
46979
47043
47102
47125
47238
47477
47897
48420
48458
48462
48544
48717
48788
48972
49062
49270
50157
50303
50472
50492
50646
51122
51520
51678
51855
52055
52220
52324
52855
53418
53575
53774
53817
53939
54293
54312
54339
54504
54639
54687
55356
55996
56060
56109
56212
56215
56424
56446
56477
56670
56805
57026
57068
57541
57606
57622
57628
58210
58398
58516
58682
58683
59011
59019
59136
59268
59407
59446
59569
59772
59810
59813
60096
60615
61140
61218
61758
62081
62353
62399
62454
62476
62648
62740
62953
62990
63116
63307
63317
63386
63402
63547
63748
63999
64074
64176
64281
64334
64407
64536
64774
65049
65065
65236
65270
65356
65419
65651
65922
66111
66789
66838
67080
67317
67512
67856
68043
68133
68172
68200
69028
69305
70147
70490
70658
70718
70752
70904
71269
71443
71509
71769
72192
72445
72531
72747
72900
73115
73175
73507
73520
73844
73916
73955
74251
74568
74713
75086
75262
75405
75450
75777
75824
75891
76094
76251
76539
77285
77369
77631
77662
78000
78255
78348
78595
79401
79644
79708
79746
79935
79968
80147
80559
80572
80886
81095
81345
81425
81600
81731
81794
81982
82078
82188
82228
82231
82378
82509
82666
82668
82983
83109
83129
83190
83251
83324
83374
83535
83691
83798
84258
84641
84681
84759
84796
84843
85110
85132
85311
85382
85612
85806
85853
85931
86436
86514
86525
86609
86743
87172
87290
88409
88537
88621
89132
89302
89910
89936
90060
90174
90217
90277
90445
90647
90847
91040
91432
91473
91609
91868
91968
92166
92369
93165
93346
93379
93541
93593
93743
94722
94864
94945
95016
95044
95959
96084
96118
96258
96830
97020
97178
97266
97326
97570
98196
98355
98400
98452
98628
98866
99848
100238
100664
101019
101056
101401
102294
102360
102591
102696
103209
103587
103627
103888
103926
104019
104032
104139
104144
104179
104283
104510
104582
104643
104743
105163
105181
105573
105845
105868
105992
106051
106231
106384
106394
107024
107447
107507
107926
108073
108101
108431
108597
108733
108799
108957
108963
109130
109577
109790
109929
110141
110451
110457
110554
110686
110736
111004
111144
111369
111532
111557
112020
112255
112370
112587
112881
113088
113189
113204
113263
113740
113743
113766
113783
114439
114575
114589
114686
114833
114845
115348
115537
115565
115698
116377
116379
116515
116556
117150
117434
117685
118014
118198
118374
118483
118535
118754
118839
118946
119253
119255
119409
119442
119523
119592
119778
120220
120345
120385
120906
121037
121263
121727
122095
122132
122500
122559
122590
122804
122816
122879
122890
122961
123488
124094
124474
124746
124778
124835
125109
125509
125848
126135
126219
126458
126923
127260
127550
127554
127583
128108
128803
128905
129145
130684
131010
131086
131367
131620
132354
132400
132504
132791
132827
132836
132867
132988
133005
133282
133590
133653
133740
133785
133789
133894
133925
133965
134048
134409
134483
134519
134523
134540
134557
134623
134662
134977
134986
135081
135206
135444
135696
135719
135902
136253
136485
136647
136681
137081
137337
137951
138284
138320
138487
138698
138770
138864
138872
139227
139307
139330
139403
139645
139675
139701
139763
140106
140667
140674
140685
141413
141630
142172
142882
143046
143404
143745
143820
143892
144362
144544
144666
144714
145259
145281
145487
145549
145616
145777
145938
145951
146031
146103
146568
146921
146987
146994
147098
147147
147523
147638
148148
148165
148182
148651
148670
148750
148916
148922
149047
149147
149674
150877
150987
151578
151654
151703
151871
152008
152010
152098
152312
152591
152933
153038
153103
153172
153742
153767
153864
153940
154690
154712
154736
154764
154965
155207
155488
155518
155610
155689
155848
155925
155962
156008
156130
156182
156328
156436
156593
156950
157110
157429
157625
157663
157867
158142
158224
158251
158436
158499
158638
158695
158825
159075
159767
160085
160419
160798
161068
161586
161638
161797
161894
162183
162199
162497
162871
162884
162975
163044
163170
163748
164068
164105
164172
164278
164364
164867
164883
164953
165172
165243
165311
165470
165515
165560
165663
165831
165906
165952
166522
166527
166623
167000
167214
167232
167251
167437
168711
168753
169244
169631
169651
169856
169955
170012
170824
171410
171678
172270
172349
172438
172904
172908
173403
173571
174135
174159
174235
174333
174518
174526
174980
175449
175708
175975
176098
176410
176823
176906
176954
176993
177480
177485
177594
177614
177719
177748
177758
177760
177763
177842
177851
178367
178739
179225
179391
179478
179635
179790
179904
180192
180611
180676
180909
180943
180973
181194
181221
181547
181958
182352
182654
182764
183028
183319
183592
183670
183708
183952
183970
183999
184331
184520
184845
184856
185375
185410
185801
186333
186411
186481
186527
186724
186791
186844
187051
187257
187513
187968
188405
188483
188619
188761
188824
189249
189332
189465
189842
189930
190891
190976
191265
191478
192025
192161
192197
192306
192368
192440
192533
192675
192966
193046
193077
193196
193630
193748
193793
194021
194144
194285
194306
194405
194598
194857
195015
195125
195137
195194
195421
195439
195561
195707
195873
196198
196245
196415
196553
197530
197717
197734
197899
198022
198059
198263
198410
198472
198511
198879
198963
199045
199296
199498
199948
200513
200727
200822
200843
200888
201171
201442
201650
201820
201821
202010
202783
202925
202961
203182
203456
203636
203845
203931
204203
204558
204928
205077
206427
206495
206634
206884
206900
206913
207053
207189
207449
207620
207869
208103
208379
208478
208480
208504
208586
208590
208648
208732
208805
209473
209922
210467
210924
210944
211632
212124
212124
212128
212513
212523
213010
213172
213244
213427
213449
213589
213775
213887
214334
215298
215372
215780
215883
215903
216085
216095
216113
216197
216697
216746
217097
217107
217401
217519
217722
217795
217862
218274
218609
218642
218785
218980
219076
219365
219583
220161
220282
220315
220883
220937
221052
221088
221105
221292
221464
221487
221660
221749
221822
222185
222214
222607
222698
223779
223926
224037
224260
224326
224564
224740
225285
225586
225806
225882
226100
226367
226427
226775
227333
227710
227955
228336
228522
228527
229422
229552
229740
229785
230128
230180
230237
230356
230808
231373
232029
232165
232172
232252
232443
232465
232786
233443
233448
233654
233683
234033
234068
234194
234292
234359
234481
234703
234791
234869
235304
235353
235415
235430
235552
235774
235964
236187
236250
236740
237012
237201
237235
237332
237614
237820
238580
238777
239088
239543
239571
239661
239840
239936
240055
240341
240599
240831
240917
241003
241115
241390
242048
242157
242357
242421
242774
242999
243317
243333
243394
243466
244139
244226
244514
244695
244837
244990
245045
245098
245221
245488
245555
245606
245846
246113
246291
246410
246457
246603
246606
246734
246886
246948
246995
247024
247215
247256
247294
247318
247438
247652
247695
247827
247906
248108
248168
248517
248577
248878
248883
248901
249058
249264
249303
249380
249572
249588
249645
249804
250140
250242
250366
250603
250863
251131
251362
251451
251465
251677
252221
252243
252391
252415
252656
253272
253298
253452
253615
253651
253796
253844
253985
254319
254347
254568
255221
255281
255481
255498
256291
256662
256922
256990
257110
257244
257397
258016
258843
259109
259274
259295
259645
259686
259826
259861
259886
259992
260075
260496
261212
261318
261346
261352
261729
261791
262004
262300
262382
262880
262921
263350
263449
263496
263699
264008
264326
264712
264721
264933
265413
265820
265971
266206
266258
266302
266791
266837
267003
267039
267225
267232
267257
267302
267319
267379
267411
267521
267684
267730
267856
267914
267998
268149
268591
268668
268735
268864
269002
269028
269338
269783
269837
269877
269900
269949
269990
270041
270352
270357
270428
270654
270716
271218
271246
271279
271572
271922
272029
272111
272540
272637
272641
272797
272867
272988
273307
273361
273564
273593
273704
273737
274081
274106
274189
274511
274691
274919
274928
274930
275013
275664
275967
276002
276037
276547
276667
277003
277230
277309
277393
277889
278105
278247
278510
279182
279695
279872
280056
280228
280456
280559
280743
280831
280917
281012
281108
281222
281245
281269
281352
281520
282073
282460
282486
282790
282872
283121
283358
283377
283619
283625
284357
285122
285935
285959
286123
286132
286854
286918
287066
287078
287296
287367
287446
287609
287618
288178
288360
288612
288860
288965
288998
289153
289194
289344
289793
289858
289859
289866
290086
290175
290481
290566
290666
290749
290900
291292
291482
291628
291699
291919
291975
292242
292474
292545
292876
292886
293125
293322
293373
293387
293505
294126
294368
294481
294503
294619
295095
295427
296043
296152
296389
296406
296559
296679
296748
296820
296862
296922
296927
297176
297276
297486
297807
298159
298237
298478
298630
298678
298729
298795
298888
298946
299298
300308
300330
300710
300957
301019
301218
301817
301867
301989
302339
302345
302433
302648
302702
302736
302963
303107
303214
303367
303387
303509
303628
303866
303914
304006
304503
304813
304815
304999
305021
305185
305242
305647
305699
305970
306329
306446
306522
306549
306561
306715
306741
306821
306891
307478
307563
307658
307860
308432
308450
308644
308899
309009
309457
309517
309581
310077
310264
310429
310513
310595
310676
310889
310909
310936
311453
311528
311529
311925
312233
312598
312694
312908
312989
313289
313744
314249
314341
314496
314510
314714
314779
314959
315054
315218
315324
315902
315977
316150
316807
316879
316913
317056
317220
317770
318108
318460
318802
318809
318855
319112
319328
319620
319700
319830
320007
320466
320766
321261
321316
321360
321410
321415
321527
321533
321677
321998
322114
322120
322156
322545
322809
322844
323056
323084
323102
323160
323633
323748
324004
324283
324549
324647
324861
325147
325355
325557
325696
325744
325797
325838
325862
326507
326586
326613
326615
327288
327441
328011
328031
328090
328122
328284
328577
328896
329133
329384
329567
329622
329694
329712
329979
330198
331536
331842
331869
331939
332048
332265
332271
332278
332291
332358
332418
332528
332541
332722
332782
332806
332809
333076
333241
333404
334332
335143
335366
335423
335682
335937
336248
336423
338523
338542
338928
339009
339110
339146
339437
339638
339683
339776
339811
339912
340126
340243
340392
340571
340607
340630
340773
340779
340857
340867
340957
341142
341267
341292
341426
342099
342553
342929
342965
342981
343413
343418
343569
343732
343779
343848
344148
344172
344270
344468
344551
344936
345248
345743
345885
346826
346860
347085
347287
347948
347993
348504
348675
349207
349347
349468
349874
350119
350170
350309
351077
351279
351453
351666
352086
352314
352438
352795
352872
353018
353227
353284
353326
353553
354064
354212
354305
354396
354543
354883
355121
355415
355468
355627
356000
356303
356714
357057
357228
357710
358082
358397
358437
358739
358755
359219
359437
359540
359635
359858
359998
360109
360141
360262
360597
361240
361420
361423
361471
361605
361852
362537
362567
362719
362786
362827
362895
362985
363087
363093
363761
363835
364387
364706
364786
365076
365233
365362
365733
365774
365826
366292
366375
366401
366576
366656
366949
367262
367342
367444
368227
368650
369213
369358
370429
370690
370727
371137
371206
371564
371619
371633
371784
371921
372260
372443
372701
372703
373189
373278
373296
373613
373770
373861
374513
374631
374734
374910
375211
375346
375637
375768
375951
376049
376074
376208
376327
376654
377356
377400
377478
378004
378033
378128
378230
378316
378328
378517
378649
378662
378774
379305
379542
379911
379959
380973
381094
381197
381826
381829
382186
382297
382713
382884
383141
383263
383857
383866
384019
384099
384171
384180
384298
384308
384592
384594
384610
384699
384725
385080
385205
385506
386131
386197
386236
386446
387146
387174
387184
387629
387714
387740
387858
387950
387961
388560
389209
389497
389560
390069
390133
390186
390427
390527
390597
390823
391165
391311
391474
392114
392260
392367
392423
392788
392821
393668
393745
393749
394013
394221
394721
395101
395615
395845
395889
395899
396111
396704
396715
396993
397041
397251
397462
397565
398023
398132
398320
398590
399246
399661
399712
400011
400336
400788
400823
400894
401088
401088
401156
401172
401701
401750
401869
402154
402247
402252
402551
403507
403548
403703
404044
404527
405072
405458
405646
405712
406459
406763
406844
406904
406967
407291
407378
407465
407865
407922
408295
408346
408470
409178
409323
409577
409701
409879
410414
410728
411244
411339
411546
411647
411824
411839
412473
413219
413523
413810
414327
414516
414552
414579
414586
414624
414852
415066
415266
415282
415406
415424
415439
415654
415700
415722
416242
416357
416442
416457
416616
416986
417600
417737
418228
418741
418797
418875
419003
419721
419752
420016
420141
420602
420816
421074
421410
421516
421826
421944
421957
421970
422598
422600
422632
422990
423365
423611
423693
423731
423844
424112
424308
425240
425510
425580
426258
426565
427022
427111
427125
427238
427285
427685
428114
428553
428688
429186
429832
429999
430104
430228
430236
430441
430530
430848
430865
431026
431208
431488
431654
431715
431926
431941
432188
432328
432350
432742
432855
432926
432976
433065
433626
433884
433919
434397
434400
434675
434692
434893
435133
435443
435605
435733
435972
435974
436250
436263
436301
436440
436465
436530
436680
436687
436936
437350
437577
437677
437692
437902
437948
438350
438412
438496
439024
439366
439565
439713
440011
440168
440374
440379
440684
440866
441015
441187
441215
441364
441507
441526
441781
442079
442483
442813
442963
443168
443219
443516
443678
443896
444072
444117
444449
444488
444710
444856
444954
445030
445625
445981
446053
446068
446299
446327
446614
447372
447698
448550
448585
448602
448627
448689
448704
449197
449503
449579
450160
450939
450947
451540
451682
451696
451716
451723
451862
451896
452146
452319
452591
452676
453378
453472
453530
453583
453673
453747
453765
453819
453883
453989
454228
454250
454467
454510
454857
454865
455157
455323
455394
455531
455552
455692
455857
455877
456024
456050
456081
456172
456195
456250
456273
456376
456513
456525
456748
456789
456950
456965
457116
457170
457364
457865
457902
458223
458423
458963
458968
459152
459395
459399
459564
459848
460401
460594
460777
460796
460977
461008
461081
461169
461537
461626
461840
461868
462292
462486
462740
462850
463499
463514
463724
463891
464349
464358
464440
464807
464807
465121
465807
465915
466020
466363
466506
466719
467410
467450
467474
467543
467588
467640
467769
467823
468108
468737
469433
469454
469571
469582
469672
470160
470465
470467
470527
470893
470929
471343
471858
472200
472293
472597
472642
472748
472936
473380
473400
473535
473750
474335
474900
474908
476006
476279
476474
476728
476745
476977
476993
477244
477706
478270
478296
478876
479538
479778
479810
480089
480324
480538
480597
480896
480989
481135
481199
481402
481716
481885
481888
482075
482503
482897
482924
483039
483508
483627
483651
483865
483867
484370
484656
484723
484954
485082
485311
485378
485700
486414
486543
486579
486850
487211
487477
487667
487709
487818
487841
488136
488164
488362
488549
488633
488670
488727
489087
489088
489382
489431
489706
489737
490582
490616
490668
490853
490955
490971
491032
491190
491260
491298
491390
491459
491731
491761
491877
491989
492427
492461
492511
492533
492663
492683
492978
493205
493574
493723
493787
493967
494332
494385
494700
494961
495395
495505
495716
495949
496214
496290
496403
496596
496861
497088
497364
497393
497485
497669
497789
498072
498413
499646
500206
500432
500480
500676
501025
501496
501507
501841
501884
502034
502080
502123
502212
502216
502247
502718
502723
502730
502770
503073
503285
503490
503809
503861
504143
504264
504898
505126
505754
506220
506237
506260
506324
506334
506884
506983
507439
507607
507653
507934
508364
508382
508605
508614
508709
508805
508933
509067
509307
509455
509649
509695
509987
510414
510419
510642
510830
510960
511060
511171
511212
511265
511403
511459
511800
511807
511935
512430
513049
513189
513372
513396
513399
513567
513637
513837
514013
514050
514185
514190
514259
514310
514587
514672
514821
515004
515350
515760
515992
516044
516084
516701
516964
517024
517336
517352
517702
517883
518233
518461
518479
518539
518587
518881
519175
519280
519386
519811
519920
520273
520349
520458
520536
520765
520768
521162
521212
521221
521275
521297
521466
521644
522014
522085
522221
522542
522769
522978
522991
523012
523030
523238
523549
523778
523793
524104
524458
524515
524650
524725
525186
525284
525364
525525
525886
525887
526051
526482
526550
526622
526740
526868
526978
527074
527085
527174
527255
527731
528111
528566
528631
528635
528712
528720
528820
529765
529832
529947
530037
530088
530334
530448
531425
531806
531860
532155
532378
532503
532829
532836
532979
533494
533905
533927
534097
534758
534809
534860
534932
534938
535210
535254
535578
535606
535997
536252
536469
536717
536952
537050
537082
537115
537333
537356
537608
537671
538326
539095
539266
539369
539627
539862
539943
540198
540284
540293
540735
540834
540835
541000
541224
541952
542020
542021
542046
542168
542286
543033
543400
543509
543934
544101
544117
544405
544542
544634
544804
545193
545308
545338
545393
545794
546144
546158
546289
546851
547049
547129
547242
547465
547675
547789
547921
548555
548561
548994
549161
549224
549289
549420
549447
549475
549639
549659
549669
549722
549876
550480
550575
551581
551872
552416
552501
552529
552851
552851
552981
553015
553194
553279
553638
554239
554244
554259
554345
554618
554670
555160
555230
555488
555982
556024
556106
556652
556757
556919
557142
557309
557540
557744
557895
557944
558375
558687
558974
559389
559621
559642
559808
559823
560066
560763
561170
561259
561813
561943
562090
562125
562145
562193
562274
562708
563086
563384
563385
563519
563712
563716
563719
563929
564268
564462
564786
565037
565528
566024
566700
566815
567294
567384
567420
567517
567766
567805
567816
568183
568206
568541
568617
568809
568831
569072
569174
569207
569488
569538
569627
569827
570058
570087
570184
570416
570545
570603
570788
570790
570953
571364
571434
571960
572175
572177
572225
572434
572470
572501
572595
573621
573720
574122
574488
574496
574684
574796
575155
575171
575378
575458
575462
575472
575532
575576
575682
575797
576087
576096
576318
576629
576840
577054
577263
577286
577389
578302
578526
578658
578693
578830
578932
579845
580088
580196
580251
580292
580511
580681
580761
580841
581105
581183
581227
581284
581474
582030
582315
582535
582702
582708
582757
583424
583783
583848
583850
583921
584266
584609
584749
585254
585512
585838
586122
586509
586704
586714
586916
587042
587536
587732
588357
588475
588535
588558
588568
588588
588676
589102
589226
589423
589803
590285
590311
590353
590571
590753
590779
590784
590789
590973
591578
591739
591788
591941
591980
592089
592118
592319
592429
592637
592694
592972
593083
593103
593114
593128
593166
593339
593544
593643
593663
593665
593748
593787
593879
593929
594010
594547
594904
594998
595626
595725
595811
595827
596249
596324
596563
596566
596630
596900
597501
597613
597656
597990
598802
598918
599003
599257
599453
599466
599509
599553
599757
599954
600184
600673
600816
601043
601061
601063
601261
601493
601655
601695
602004
602006
602578
602660
603218
604173
604245
604295
604411
604561
605235
605303
605668
605982
606187
606890
607459
607518
607637
607927
608134
608558
608988
609305
609311
609669
610169
610186
610310
610471
610735
611036
611364
611561
611791
611905
611998
612709
612899
612949
612986
612986
613289
613501
613510
613846
613989
614185
614274
614389
614606
615069
615649
615793
616127
616139
616331
616367
616374
616452
616522
616794
616840
617082
617314
617482
617533
617605
618325
618398
618665
618810
618901
618934
618992
619280
619452
619567
619840
619938
620119
620165
620231
620516
620974
621059
621207
621243
621417
621527
621929
622137
622587
622789
622970
623113
623333
623455
623502
624021
624051
624304
624555
624593
624824
625183
625274
625627
625940
626101
626135
626863
627117
627129
627212
627281
627286
627663
627678
627953
628099
628165
628278
628580
628810
629001
629013
629070
629264
629304
629304
629432
629661
629920
629922
630323
631581
631653
631867
632070
632272
632497
632504
632773
633526
633638
633642
633725
633773
633820
634084
634618
635043
635064
635320
635869
636406
636811
636992
637009
637428
637671
637928
638233
638621
638907
639067
639266
639694
639795
640136
640210
640262
640422
640574
640678
640698
641311
641591
641671
641717
641865
641915
642071
642611
642702
642776
643075
643148
643464
643660
643889
644024
644184
644692
644943
645093
645153
645208
645309
645541
645578
645726
646287
646437
646793
646942
647057
647076
647225
647452
647615
647765
647879
647883
647931
648049
648093
648164
648229
648259
648358
648651
648947
648996
649106
649147
649336
649546
649617
649956
650045
650559
650933
651188
651355
651398
651631
651951
652367
652667
652674
652980
652989
653089
653246
653301
653977
654458
654883
655306
655560
655699
655799
655818
655848
656007
656114
656156
656346
656465
656525
656729
656807
656811
657022
657166
657487
657647
657722
657805
657926
658030
658083
658157
658162
658232
658543
658571
658652
659006
659379
659622
659622
659623
659633
659926
660029
660086
660201
660478
660593
660645
660651
660700
660991
661030
661364
661365
661459
661621
661661
661705
661753
662265
663359
663483
663913
663920
664028
664080
664157
664190
664501
665051
665309
665661
665806
665838
666052
666392
666450
666743
666746
666759
667165
667411
667436
667496
667551
667586
667667
667707
667846
668162
668186
668425
668494
669025
669183
669352
669466
669584
669622
669681
669696
669846
669930
670123
670259
670505
671060
671215
671228
671725
671757
671830
671924
672049
672538
672586
672704
672842
673004
673254
673262
673281
673297
673462
673771
673776
673806
673818
674178
674375
674393
674612
674622
674957
675079
675197
675442
675458
675633
675797
675940
676324
676347
676518
676634
676675
676746
677146
677161
677162
677389
677656
677874
678087
678325
678466
678536
678614
678646
678694
679526
679546
679853
679922
680127
680416
680653
680735
680847
681314
681507
681658
682073
682090
682273
682875
682903
683077
683245
683338
683760
683811
685097
685354
685749
686004
686176
686281
686340
686361
686371
686460
686547
686782
687031
687209
687477
687512
687654
687779
687912
688505
688592
688624
688821
688894
688933
689153
689179
689565
689722
689809
689851
689911
690028
690282
690283
690324
690486
690757
690924
691615
691696
692312
692400
692433
692672
692909
693401
693474
693479
693744
693894
694303
694871
695144
695189
695242
695299
695421
695543
695747
696145
696151
696567
696894
697414
697613
698165
698167
698568
698709
699299
699308
699366
699431
699509
699595
699670
699733
699871
699992
700057
700566
701014
701144
701168
701564
701898
702224
702276
702554
702846
703252
703302
703321
703704
704057
704468
704481
704876
704931
705045
705092
705181
705338
705382
705660
705937
706435
706548
706701
706818
707028
707253
707325
707429
707502
708118
708450
708621
708785
709107
709109
709145
709228
709233
709527
709643
709953
709976
710094
710284
711284
712104
712175
712316
712354
712382
712932
712951
713239
713241
713437
713499
713591
713631
713837
713848
714218
714274
714286
714310
714318
714752
714769
715019
715073
715295
715297
715405
715501
715513
716092
716098
716495
716763
716791
716831
717180
717400
717725
717754
718148
718174
718330
718531
718889
718960
719020
719397
719589
720404
720414
720471
720539
720622
720905
721062
721100
721359
721561
721649
721860
721887
722186
722417
722799
723259
723263
723454
723489
723761
724061
724446
724666
724930
725103
725379
725484
725543
725693
725698
725862
726155
726208
726242
726508
726720
726720
726962
726999
727019
727074
727228
727355
727604
727608
727674
728001
728129
728218
728304
728524
728845
729087
729155
729223
729376
729472
729561
729903
730319
730385
730441
730512
730566
730620
730827
730923
731022
731149
731219
731383
731419
731634
731777
731818
732267
732323
732425
732462
732499
732574
732621
732647
732733
732890
733168
733190
733256
733404
733449
733464
733509
733515
733562
733623
733658
733690
733757
734190
734212
734803
734813
734852
735195
735297
735318
735941
736298
736460
736706
736963
737061
737219
737339
737929
738021
738290
738511
738711
739012
739353
739449
739527
739796
739910
740180
740546
741180
741388
741451
741551
741986
742020
742530
742632
742634
742934
743112
743252
743261
743521
743648
743728
743920
743991
744228
744339
744416
744429
744837
744926
744941
744977
745058
745147
746021
746071
746207
746466
746530
746922
746998
747071
747192
747375
747693
747922
747987
748012
748135
748218
748782
748794
748827
749042
749180
749587
749646
749705
750266
750479
750751
750773
750784
751027
751065
751300
751302
751327
751371
751660
751687
751830
751959
752421
752586
752641
752840
753266
753339
753769
753870
754035
754421
754509
755330
755488
755681
755894
755924
756234
756514
756575
756956
757377
757550
757735
757750
757818
757868
757964
758078
758135
758154
758180
758237
759002
759071
759501
759740
759890
759990
760038
760230
760540
760594
760724
760801
760973
761087
761358
761501
761620
761713
761744
761789
761995
762022
762147
762392
762483
762533
762636
762796
762887
763292
763563
763595
763764
763902
763903
764252
764592
764744
765251
765278
765292
765948
766011
766142
766233
766234
766249
766545
766568
766646
766947
767465
767578
768413
768517
768548
769167
769606
769705
769899
770912
771312
771389
771458
771548
771893
772020
772205
772342
772873
773577
773598
773783
773866
774021
775054
775152
775154
775155
775252
775652
776120
776147
776333
777064
777491
777526
777572
777799
778216
778299
778402
779169
779383
779571
779666
779806
779806
780065
780316
780612
780759
780889
781051
781126
781244
782071
782100
782255
782317
782330
782400
782651
782699
782750
782893
783059
783532
783669
783873
784074
784399
784775
785545
785549
785660
785962
786223
786239
786457
786701
787050
787159
787385
787460
787895
788290
788857
789215
789565
789654
789842
790356
791322
791579
791709
792101
792443
792520
792691
792958
792968
793045
793545
793931
794136
794182
794527
794548
794867
795189
795314
795471
795651
795721
795810
796219
796382
796487
796528
796657
796964
797108
797632
797735
798245
798365
798475
798945
799001
799211
799226
799411
799857
800060
800114
800380
800560
800990
801446
802249
802518
802597
802636
802930
803183
803459
803506
804169
804534
804711
804897
804970
805264
805278
805501
805651
805775
806340
806599
806890
807229
807347
807367
807451
807613
807769
807933
808010
808179
808179
808419
808487
809190
809285
809821
810086
810123
810589
810714
811137
811254
811695
811785
812014
812083
812126
812405
812465
812480
812574
812936
813104
813161
813671
813933
813957
814036
814550
814689
814889
815085
815261
815407
815538
815652
815966
816345
816413
816441
816703
817011
817140
817223
817463
817474
817690
817898
818108
818488
818612
818826
818926
819255
819381
819522
819687
819852
819963
820067
820281
820290
820381
821615
821623
822266
822298
822401
822701
823294
823548
823744
823900
823902
823997
824908
824936
825129
825630
825959
826023
826122
826477
826728
827414
827561
827685
827689
828055
828565
828914
829163
829403
829502
829516
829621
829788
829790
829838
830012
830319
830350
830375
830504
830524
830537
830694
830751
831118
831190
831233
831418
831449
831572
831610
831998
832190
832324
832387
832424
832544
832724
832819
832845
832845
833172
833469
833715
834058
834958
835084
835677
835954
836099
836574
836621
836670
836715
836948
836957
836997
837630
837766
839214
839303
839738
839760
839923
840033
840221
840237
840489
840659
840712
841316
841331
841393
841684
841792
841979
842017
842106
842112
842138
842512
842605
842727
842984
843161
843532
843790
843806
844077
844113
844760
845112
845171
845335
845357
845394
845486
845502
845711
845801
845893
845918
845984
846687
846697
846996
847528
847558
847821
847939
848555
848754
848769
848908
849117
850070
850310
850598
851329
851495
851634
851907
852137
852681
853259
853260
853308
853312
853372
853485
853692
853915
854108
854806
855228
855508
855708
855879
856921
856965
856974
857020
857616
857960
858059
858140
858192
858315
858467
858930
859102
859465
859712
859781
860179
860393
860421
860779
861419
861728
861835
861842
862231
862342
862463
863252
863437
863788
863963
864117
864188
864199
864373
864564
864962
865237
865324
865342
865479
865835
866852
867748
867976
868071
869036
869296
869499
870025
870590
871514
871598
872307
872311
872605
872606
872669
872745
872881
872909
873216
873320
873750
873827
874252
874593
874747
874780
875210
875256
875712
875781
876233
876330
876602
876799
876834
877085
877302
877340
877376
877512
877884
878087
878235
878286
878479
878590
878691
878882
879067
879115
879761
879769
879842
879939
880203
880594
880597
880798
880826
880953
881108
881351
881441
881539
881541
881639
881702
881920
881984
882228
882473
882633
883161
883164
883165
883206
883244
883350
883463
883908
884047
884347
884684
884745
884851
885206
885248
885412
885834
885839
886106
886189
886277
886656
886733
886845
887048
887287
887315
887446
887591
887671
887753
887826
888091
888222
888264
888381
888511
888635
889080
889207
889384
889491
889547
889783
890084
890089
890430
890609
890668
891018
891063
891069
891281
891561
891593
891628
891787
891797
892045
892368
892497
892717
892856
893222
893313
893342
893457
893478
893525
893925
894081
894188
894231
894452
894829
894952
894989
895187
895230
895658
896146
896206
896257
896965
897609
897982
898039
898291
898484
898847
898891
899096
899580
899746
899761
899905
899979
900240
900390
900535
900624
901043
901561
901747
901769
901941
902213
902271
902395
902400
903559
903683
903695
903848
903868
903893
903975
904183
904227
904354
905018
905062
905248
905369
905409
905438
905546
905669
905922
906108
906245
906548
906749
907301
907407
907513
907912
908386
908720
909042
909805
909837
909938
910041
910147
910283
910606
910771
910816
910854
910940
910959
911130
911239
911489
911500
911517
911591
911640
911658
911945
912104
912343
912471
912884
912887
912916
912958
913956
914190
914358
914943
915109
915640
915739
915792
915876
916006
916100
916133
916385
916401
916524
916785
917057
917118
917197
917503
917724
917786
917790
918406
918437
918657
918807
919085
919583
919717
919840
920099
920118
920865
921139
921168
921314
921650
921857
921986
922073
922214
922463
922646
923417
923570
923607
923650
923658
924063
924271
924758
924989
925300
925530
925859
925885
926325
926384
926515
926551
926646
926700
926885
927150
927278
927590
927944
927959
928088
928452
929395
929786
930081
930090
930262
930390
930669
930949
931066
931076
931429
931767
931850
932419
932602
932782
933196
933235
933525
933854
933962
934081
934434
934481
934581
934995
935017
935142
935568
935643
935706
936646
936722
936917
936921
937074
937229
937815
937847
937960
937979
938309
938327
938464
938499
938588
938653
938678
939253
939273
939783
939805
939934
939971
939973
940445
940667
940898
940911
941196
941500
941750
941760
941918
941930
942826
942833
942961
943107
943133
943219
943582
943598
943866
944354
944361
944548
945531
945558
945842
946160
946293
946310
946417
946443
946511
947101
947371
947907
948317
948437
948714
949218
949404
949464
949812
949842
949945
949985
950187
950496
950643
950763
950949
951033
951263
951418
951649
951649
951787
952200
952214
952218
952510
952790
953325
953399
953519
953613
953640
953715
954029
954413
954591
954805
955055
955238
955264
955377
955437
956175
956183
956384
956858
957178
957438
957520
957577
957629
957725
957912
958291
958324
958341
958590
958703
959293
959297
959432
959696
959743
959797
960291
960387
960398
960690
960706
960787
961270
961436
961836
961927
962017
962190
962472
962661
962794
962832
963207
963287
963450
963519
964232
964273
964585
964718
964813
964813
964830
965010
965080
965118
965425
965768
965936
966117
966346
966354
966432
966515
966623
966970
967365
967439
967518
968005
968176
968793
969265
969884
969946
970205
970257
970349
970637
970729
971132
971587
971659
971717
972166
972166
972369
972521
972583
972591
973114
973355
973764
973861
973962
973971
974088
974297
974440
974440
974503
975089
975134
975143
975238
975295
975322
975679
975743
976188
976231
976266
976299
976370
976503
976731
976824
976962
977224
977671
977939
977981
978689
978810
979060
979170
979292
979670
980035
980206
980221
980279
980433
980458
980544
980571
980748
981060
981157
981581
981621
981680
981806
981825
981854
981950
982116
982250
982317
982422
982695
982725
982975
983109
983200
983411
983689
983842
983947
984133
984194
984285
984382
984647
984665
984844
984892
985021
985575
985758
986028
986060
986172
986427
986528
986542
986817
986954
987281
987436
987632
988016
988259
988265
988428
988883
988944
989085
989218
989278
989449
990222
990234
990248
990343
990430
990487
990533
990568
990714
990753
991294
991603
992018
992059
992159
992367
992422
992640
992707
993268
993291
993429
993473
994113
994239
994745
994846
995337
995399
995982
995991
996017
996249
996276
996281
996407
996773
997323
997365
997418
997647
997953
998016
998027
998066
998661
998808
999344
999380
999553
999997
