142
456
959
1456
1692
2154
3926
8263
8726
9698
10189
10211
10451
13499
16195
19702
20275
22299
27436
29531
31137
31727
32198
34089
34568
34840
36104
36366
36500
36604
39597
39769
41924
42068
42713
46058
47135
48187
49016
49144
49840
50217
52743
52755
53651
54075
54623
55086
56018
56215
56489
59537
60038
60714
62296
63049
63236
64038
64401
65490
66230
66250
68428
69814
70824
71190
71674
72006
72211
73265
73299
73732
76107
76689
76901
78055
78227
78661
78665
78732
79432
82767
83459
84880
85913
87781
89779
90613
91006
92962
94319
95119
95908
95945
97625
98384
98577
99468
99853
100108
100168
101861
102553
103597
104343
107776
107976
108326
109175
110012
110149
111052
113830
114273
115000
117157
118317
122931
123041
123096
123177
123509
125339
126091
127350
127545
127866
128569
129251
130336
132802
133070
133944
134165
135389
136257
138213
140034
141763
144351
145850
147019
147105
149485
150236
152950
153481
154091
154607
156052
158352
159150
160309
161764
163565
165725
166192
171098
172297
173001
173643
174598
174788
177389
178320
179657
180464
181387
181615
181648
182265
182805
184380
184422
185956
186091
186148
186324
186723
186936
187573
189217
189972
190403
192741
198303
200164
200399
200501
201506
201704
203291
204186
204747
205934
205983
206027
207345
208607
208800
209652
210351
212352
212547
212549
212781
215967
216073
216314
216630
216708
218276
218316
218751
218856
223136
224376
225763
225934
226230
227194
228142
229461
230019
232520
233276
234744
236250
236361
236494
236854
242167
244929
245764
247444
247498
247714
247871
249652
250087
251169
251330
251549
258029
259317
259581
259729
261535
262000
263126
263284
266269
266434
267186
267910
269028
269082
270478
271504
274560
274885
275195
278090
278302
279099
279808
280713
281045
282892
283124
284581
285569
286688
286878
286978
288467
288887
289043
291071
291988
294411
294453
296511
298877
301000
301852
304217
304381
306774
307571
307644
308767
309027
309202
312734
316442
316763
316840
316995
319546
319668
319782
321961
323005
323714
323718
324347
324902
324922
326571
326990
327358
329907
330255
332326
333727
333824
335060
335346
335748
336144
336860
337420
337583
338654
339109
340294
343143
343692
344880
345101
346135
347387
348880
349016
350329
350350
352461
352929
353477
353641
354146
355354
356146
357681
357783
357895
358334
358526
360144
363986
364748
364817
365719
366122
367310
370772
373977
376127
377616
377806
378566
381018
381438
381774
383790
384925
385191
385343
387384
387537
387793
388592
388627
389365
390574
391511
391636
393110
393609
394413
396013
396570
398328
400363
401264
402643
402800
403306
403424
403720
403763
405097
406353
407347
407722
407743
409568
411201
411298
411479
411848
412539
412838
412858
414686
415226
415248
415847
416180
416671
417097
418803
421100
424229
424527
425302
425352
425877
426169
426333
426371
427294
431356
433609
436121
436929
437755
438075
438149
439163
439282
439643
441055
444008
444048
445261
445983
448037
448836
449105
449554
450025
450493
451326
451859
452208
452583
453417
453568
453952
457998
459464
459948
461469
461776
463759
464002
465757
468666
469998
471191
472033
473163
473893
474188
474596
475078
475083
475336
475929
476807
477112
478579
479294
481055
484269
484522
488444
491657
491809
493122
493885
494768
496942
499014
499160
499316
500162
500580
500855
500944
501730
502588
502882
503270
503335
504454
505003
505214
506130
506443
506568
507399
507913
508238
510420
510619
510687
512316
512841
515387
516198
517291
517630
518862
519068
519098
520418
520750
520989
522453
524116
525602
527282
530439
531323
531435
531844
532678
532789
533003
533573
534115
535923
536046
536287
537702
539243
540265
540578
542377
544874
544890
545388
547836
548074
548308
548698
550271
550581
550635
553154
553854
554768
554962
555089
557910
558274
558454
559412
561264
563538
565302
565361
565661
567063
567518
568339
570421
571345
571923
572010
574409
575555
575731
575972
576216
578912
579227
579788
582188
582738
583098
584968
585146
586000
586803
587009
589922
591696
592688
593429
594148
594586
597556
598004
598441
599493
599637
599819
603095
603367
606226
606495
606790
607601
608357
611057
611191
611545
612113
613056
613437
613657
614065
614621
614881
615114
617843
617933
617994
618204
620476
623005
623440
623977
624449
624654
625070
625634
626796
627247
627936
628195
628369
630171
631149
632205
634038
634824
635616
636414
637395
637584
638731
638924
639931
641590
642208
645530
646061
646242
648377
649022
650046
650165
650751
653789
655910
655923
656765
657975
658222
658703
658718
660895
663741
666700
666817
669360
671521
672828
673708
676684
678882
680154
682833
682998
685837
687708
688300
689260
689303
689488
689812
690061
690711
691232
691340
691674
691708
692027
692787
694937
695850
699310
700655
700660
700911
702156
703222
705008
705543
706216
707799
707919
707984
708702
709532
709599
709794
709942
710156
710789
711361
711695
712322
713241
714542
714636
715089
715349
715470
719096
719132
719452
719502
719973
721709
722832
724504
724875
725739
727613
727652
727682
728336
730435
731095
733195
733854
734397
735581
736114
736426
737557
738120
739193
740316
741263
741382
745598
746211
746990
749823
750518
754637
754716
755716
756175
759030
759581
760954
764258
764375
764871
765526
765720
767394
768159
768558
769630
770359
774060
777139
777218
778594
779107
779277
781432
782927
783345
785409
790559
791825
793838
794112
794835
795227
795341
796410
797329
797401
797856
800423
800856
801301
801313
802979
803823
804019
804508
804636
804765
806096
808044
809317
809719
809957
811327
811719
812724
815702
816092
816575
817320
818201
818535
818714
820736
821014
821545
823406
830765
831822
832737
833726
834097
835966
837043
837691
839407
839478
841065
841715
843724
844295
845577
847161
847891
848560
849503
850134
850175
851667
852948
856283
856959
857148
858071
858263
858454
859097
861818
862761
865596
865622
865742
867323
868011
868129
869056
869380
871684
872497
875882
877573
877837
878232
878566
878930
882139
883340
883582
884569
885427
885516
885566
885840
885973
886030
886376
887391
888002
888183
890195
890451
891793
892982
893649
894413
895097
895405
895715
895938
896819
897579
897857
902799
903463
903983
905278
905467
906203
906784
907043
907122
907152
907846
908650
910166
910918
911004
912228
913614
914329
914978
915354
916534
919391
919792
923027
923191
924678
924953
925619
927121
927609
927682
929247
929395
929985
932124
933749
933874
935557
936423
938011
939447
939522
939729
941909
946474
946919
947248
948548
950264
950882
952640
953257
954813
956748
959126
960009
960136
960227
960385
960793
960984
961394
962851
963321
964242
964909
965687
966316
966501
967426
967858
969280
970742
972794
973307
975862
976418
976502
977042
977328
978063
978289
979280
982692
983242
985564
986463
987524
987896
988294
990536
991094
991647
992248
993182
994023
994477
995408
996131
996285
997170
