514
1291
2140
2423
3911
4248
4275
4524
5128
6061
7802
8198
8217
11717
13800
14213
14366
15161
15638
16324
16385
16559
16755
24325
25340
25762
26912
27057
27816
27989
28782
30024
30830
31959
32278
32666
32837
34044
34769
37160
38700
38792
39115
39194
41035
41392
42119
42747
42845
42922
43731
45916
47194
49374
49920
50583
52544
52610
52664
54559
57014
57129
57525
61633
63449
64166
65368
65849
68218
68308
69433
69460
69871
71130
71151
73036
79002
79702
80404
82111
82355
83027
83674
86343
87273
87502
87660
87919
88530
91363
92486
93344
94825
97559
97914
98200
101323
102530
103554
104045
104056
104306
107112
108151
108904
109633
110422
110482
112744
112972
114514
120092
120187
121541
122069
124351
125645
126016
126088
127196
127848
128074
128298
129996
132839
133644
134081
135448
138820
140314
140963
143946
145187
145445
145769
146628
147276
147467
148247
149663
149932
151222
153233
154719
155669
157540
158854
159407
159433
159503
159965
165318
166232
167886
170859
171605
171700
171981
172265
172687
174466
174743
176831
177672
178375
179263
181535
182978
183593
184380
184610
185714
186033
186385
186708
187341
191169
191635
194198
197655
198030
198517
198880
198936
199061
199336
200157
201986
203025
203604
204187
204376
204465
205812
205954
206061
206170
206787
208940
210821
211648
212215
215426
216270
217747
218047
218454
221251
223018
223152
223858
226212
226696
226712
227970
229245
229500
230157
230526
230553
230998
233144
233629
233765
234679
235270
236544
237842
238939
239943
241545
241798
242499
243600
244367
245825
247186
249213
249682
250538
251186
252702
253769
253907
255379
256448
258433
259231
260452
261278
261839
261867
262457
262552
262659
262998
265184
265412
265428
266298
267829
268822
269693
269862
270477
271977
272414
272574
272987
273610
273656
274721
277157
278132
280204
281165
281201
282473
283279
284198
284310
285092
287472
288796
290666
290963
292339
292466
292546
294326
294415
296765
297346
297849
298892
299423
302862
303767
306224
308418
311135
312265
315064
316354
316594
318320
318363
318867
321078
323048
323297
327085
327273
327612
328458
329214
330401
330488
332284
333475
335709
335944
337640
337763
337854
339166
342977
343697
344515
345228
345647
346523
347641
352050
352645
354796
355248
355722
356619
357054
357117
358236
358368
360651
361025
361915
364325
365224
365284
365748
365944
367238
367386
367548
368033
369899
370161
370441
372108
372270
374132
374661
375900
376124
376374
378031
378085
380899
382420
382646
383299
383409
387962
389551
389834
389879
390096
390360
390600
391807
392796
393174
393214
395321
395860
396810
396915
396918
397442
397700
397845
399174
402070
402919
403429
403464
404270
405392
405507
405599
405964
406670
407002
407425
408619
408816
409875
412252
412620
413919
414447
415585
417644
418301
419582
420037
420254
420359
421375
421865
422779
424365
424509
424623
425381
425428
425502
426383
426545
426765
429042
429518
430111
430347
431256
431599
432241
432445
433249
435114
435238
435695
435800
437808
438001
438467
438930
439003
441587
441796
442233
444155
444792
444852
445075
445893
447191
447517
448108
449237
450897
452201
452499
452719
453122
454188
454826
455007
455181
455946
457020
457445
457495
458278
460681
462338
463307
463433
464277
465907
466659
466909
467939
468580
469803
470217
472917
474104
474337
479211
479901
480650
481277
481844
484610
485984
486036
486554
486589
486623
486632
487131
487260
488662
492445
492455
493694
495010
496231
496356
496985
498149
498613
498814
500172
500963
502513
503190
503313
507460
508358
508484
508880
510037
510068
512567
513308
513586
514523
514884
515607
516185
516703
517534
517688
517940
518507
519138
519241
521162
522052
522910
524427
525719
525958
526336
526540
526942
527506
527635
528279
528741
529244
532819
535729
536246
536762
536868
537601
538284
538777
539860
540041
540759
542510
542533
543271
544388
545937
547437
549191
550031
555032
555361
555898
556017
557082
557252
557448
557915
559260
561266
561601
561874
562139
563004
564820
566803
567976
569134
569851
571502
571568
571698
571931
572893
572919
574427
575350
575706
576239
576936
577011
577344
578545
578897
581410
583754
584301
584607
585260
585504
589517
589948
590844
591530
592547
592749
592818
595866
596465
597713
598525
601273
601702
603528
604755
605217
606296
606808
607821
609469
609965
611396
611773
612295
612536
614129
614802
615494
616046
619311
619374
622773
623707
624942
626176
626260
626617
627665
628229
629679
631492
631794
633108
637298
638144
639672
640176
640949
641001
641858
642121
642431
642943
644790
649951
650717
651410
653954
655270
658087
660791
660913
661463
662189
662429
662751
663233
663937
665301
665946
666440
666977
667088
667161
667620
668524
671222
672988
673325
674451
674456
674822
676517
676794
677599
678111
678792
680289
680976
681301
681883
682050
682132
683365
684175
685179
687037
687836
688607
689267
689381
689545
689640
689964
690102
691178
692269
692623
693820
695440
696793
700331
701064
701464
701794
702004
702860
703086
703385
703528
705199
706369
706816
709417
711271
712837
714603
714708
716073
716691
717553
717904
718889
723320
724445
725108
725620
726074
726115
726666
727295
727886
728944
729686
730194
731679
732136
733435
733571
733821
735334
736803
737948
738307
738634
738970
740014
740498
740958
742084
744147
745640
747096
748037
749083
750666
751797
754115
758041
758190
759876
760244
760815
760996
761224
765753
766481
766560
768308
769263
769828
772005
772160
772375
772640
772807
772997
775186
775839
776023
777088
779269
779981
782445
782818
783699
785065
785091
785897
787168
787547
788020
789127
789409
790837
791029
792077
793076
794950
795426
799563
800757
803148
804137
805673
805928
806123
807250
807351
807612
808049
808465
809148
809248
811570
812351
813136
813567
813797
814250
816414
817142
817507
822601
823197
823366
823919
825632
826453
826474
827720
832262
832318
834822
835062
835528
837636
838022
838070
839300
839472
839578
842309
842926
844305
845410
845737
847529
849545
851483
852134
852476
853716
857226
857746
857897
858710
859215
861333
862994
865165
867351
867981
868939
869496
870087
870742
871934
873608
873669
874983
874998
875941
876159
876410
877622
878410
881411
881659
883186
884344
885226
885323
886498
887112
889518
890147
890233
890355
891679
892673
894642
895357
895572
895927
897427
898015
898251
900571
901471
902713
906342
907283
909297
909424
909638
911084
911935
912426
913433
914677
915221
918179
918440
918592
918745
922547
927095
927463
927742
931388
931779
935021
937317
939301
939573
939669
940266
941103
946836
948293
949903
950326
951744
954715
955015
955232
956354
956496
956541
958369
959142
959911
959971
961893
962344
966136
968204
968817
969017
970567
970597
970768
971646
974538
975710
977720
979407
981038
981640
981923
983355
983907
985623
985786
985845
986721
986892
989455
990489
991802
993280
993445
995706
996274
997341
998165
998181
