1619
2097
4414
6114
6966
7674
8060
8321
9174
9709
9937
11947
13040
13835
15793
16750
18698
19426
19869
20231
20700
22557
23873
25442
26112
26356
26533
28405
30267
31550
34225
34255
34691
34700
35480
39909
40407
41777
42909
43660
44843
45833
47141
47887
48174
48646
49318
49471
53456
54051
58792
59442
60137
60810
60895
61047
64139
64230
65031
66055
67176
67928
72029
72048
72351
73070
74193
74367
74458
74846
74946
75076
77675
78457
79160
80436
82067
83234
84431
84875
85980
86017
86240
86566
87212
89742
90645
93377
93406
94673
95204
95799
96211
96828
96908
97581
97753
98225
98624
98642
98781
99002
99003
100424
101333
101349
102814
102919
103115
103421
103860
103930
104356
105724
105795
107525
107533
108205
108537
109244
110498
111602
113748
114487
114852
115328
116416
116778
117070
117179
117654
117996
118508
122463
122924
124744
127115
127277
128667
130066
132978
133052
133787
137845
137926
139043
140007
141639
143020
143584
144830
145602
146200
146771
146892
149020
149309
150489
150495
151936
152270
152840
154154
154541
155108
155350
157395
158201
158232
159529
160248
161151
161490
162224
163568
164642
167936
169381
171537
171985
171999
172916
173163
173781
174084
174125
174171
175948
176527
180722
180818
181500
182578
183625
184018
184606
185439
186168
186251
186335
187692
188097
188798
189520
191073
193624
194319
194518
195325
195326
196799
199300
200373
200719
202131
202879
203451
204250
204568
205577
206966
207112
208553
208656
208691
209690
210186
210307
211342
213164
214418
215344
216525
217136
217744
218776
219181
221688
224315
224968
225748
226369
226629
227817
229425
230008
230323
230954
231270
231527
231964
235064
239437
240268
243103
243693
246064
246243
246395
247187
247572
247992
248502
250111
250654
251245
252311
253057
253843
253871
254143
254868
255833
255927
256278
259448
259823
260228
260555
260772
261666
261984
262978
265074
265159
266065
266803
268326
269445
269467
273726
274093
274347
274435
275038
275062
276912
277376
277479
280799
280980
281220
282005
283145
284926
286525
288020
290813
292182
292682
292808
293890
293938
294362
295807
296670
297540
298066
298557
298758
299241
300724
301327
302689
304861
305122
307416
309968
309987
313795
314173
315311
316937
317068
317249
317433
317956
317988
318699
319377
319762
320417
321151
321203
321208
322667
323815
324882
326294
326518
328514
328707
328990
329773
330470
330533
331243
331244
331632
332548
332948
333123
334159
334684
334986
335563
336500
337336
338748
338888
341908
346141
346481
346693
348304
351929
352526
353918
355432
356934
358178
358506
359708
360869
361072
362520
363707
364162
366166
366911
367043
369224
370495
372445
372662
373048
373731
373769
375764
375914
376307
376352
377360
377637
380775
381623
381770
383141
383330
384245
384906
385248
386813
386838
387909
390255
393822
395762
396890
397864
398419
400158
403142
404194
405664
409571
410790
413185
413871
415566
416353
417310
417943
420438
422280
423111
424568
424854
425702
427747
428391
428482
429459
430583
430741
431294
431964
432138
433239
433548
436582
437137
438038
439874
439880
441415
442932
443844
444164
445156
446816
448371
448512
448778
448781
451047
454531
455694
455824
455991
456185
457508
458812
460392
462453
462647
463902
464068
464692
465790
466637
468053
468482
470343
470770
471694
472331
474490
478616
482629
482835
483117
483157
483244
484769
484954
487348
487892
487966
488467
488852
489471
489721
490221
494217
496567
497859
498548
498892
499788
501965
505941
506459
507286
507891
507901
508138
508445
509730
511567
511959
513165
513573
514759
515535
515639
515684
516306
518682
520265
520461
521357
522742
522996
523995
525584
525738
527761
528984
530374
530876
531994
533165
534612
535354
535588
535781
535845
536763
536904
537123
537172
538032
538108
539508
540164
542941
543577
544829
546926
547300
548860
548905
549588
551660
552015
552113
552150
552901
556683
556833
558358
558512
558844
559028
559578
560861
562440
562548
563808
564522
565854
565899
566547
567762
569003
569348
569383
569551
572075
573433
573557
573882
574620
575091
576789
580197
581342
581673
582299
582787
582811
584089
585755
587164
587240
588022
589402
589448
591394
595850
597046
597308
598936
598950
600836
601050
601235
601610
602203
604217
606895
607014
607192
610174
610358
610568
611542
612361
612467
614369
615110
617373
619988
620708
620805
621389
622381
622888
624501
626459
627405
628412
628610
632777
633518
634255
639371
639414
639801
641202
643026
643354
644486
644556
644640
644872
645006
648001
648050
648651
649024
651098
652717
653477
658394
658720
658923
659799
660878
661771
661772
662724
662981
664238
667338
668257
668716
668905
669022
669910
670133
670222
673208
673677
677317
677452
677787
679387
679696
680109
681060
683534
684059
685758
687855
687911
688055
690185
690479
691527
691697
693145
693208
694376
694640
694855
694962
695791
695825
698180
698351
698506
700699
700999
702794
703406
703867
706432
706743
706948
708864
709070
711266
712445
716790
716987
717292
719007
719775
720081
726476
727367
729320
729839
730258
731480
737011
739462
739847
740242
740977
742577
744487
744926
745392
745540
747444
747689
748122
748884
749146
749879
750276
750334
750354
752732
756523
757477
757748
757939
759207
759718
761641
762623
763091
763838
764088
767724
768514
768644
769192
773485
774066
776997
777461
778045
778871
779446
780837
780861
781388
782318
783833
787211
787224
788587
789647
791794
792236
792294
793264
793833
795097
796808
797301
797568
797814
797899
800639
803530
804937
805599
808206
809163
810559
813149
815540
815929
816170
818013
818251
818888
818976
821205
821559
822103
822815
825805
826837
827238
828552
829415
829420
830153
830959
832135
834104
834320
836619
837395
838411
839577
840034
840577
841524
842378
843220
843585
844169
844285
844564
844922
845160
849384
851236
851305
851572
852912
853708
855720
856633
856788
857485
858074
858421
860176
860503
863564
864205
864912
866007
866783
867115
867116
869715
870586
871171
872531
873165
874326
876033
876696
878253
878472
879409
879957
880530
885396
885729
886014
886179
886594
886803
886959
888588
889504
891217
891775
893342
893595
894341
895353
895559
896391
897323
898086
898202
899268
900231
901078
902705
903155
903498
905297
905788
906813
908576
910368
912555
912759
914093
914356
915287
915289
917529
919005
919256
922279
922468
923826
925568
925572
927620
927907
930910
931409
931934
931965
936771
937064
937930
938767
938954
940545
943229
943548
943693
947252
947418
948651
948742
950942
953045
953084
953116
953387
953790
954293
959936
960331
960493
960711
960866
961969
962050
962051
962226
964377
964628
965077
965409
966670
966804
967177
967377
969632
969982
971178
972660
973556
973870
975683
975829
976283
976688
977433
977501
977877
979124
980469
982379
986383
987219
987519
989891
990263
993706
994133
994375
994731
995139
995379
995616
997107
997796
997954
998286
998312
999061
