390
440
703
2047
4079
5109
5403
5723
6318
7837
9713
10708
10795
11509
13421
13477
14241
14779
15452
15649
15874
16175
17734
21672
22388
22622
23411
23910
24297
24344
24553
24738
25190
25661
27429
29342
29959
30141
31502
31787
31818
34166
34357
37470
37474
37514
38672
39188
39648
39845
42923
45276
46190
46927
47331
48250
48721
48773
48778
50771
52862
53186
53245
53296
55579
55688
57317
57371
57797
59473
59604
62636
63354
63375
65026
66097
66177
67161
68345
69324
70283
72370
73343
73643
75761
75930
77454
78864
79225
79484
79991
80174
81255
81569
83960
86971
87317
87588
89296
89471
90331
91102
92061
93313
95899
96228
96240
97948
99625
103208
103209
103507
103690
103716
103936
104451
108556
110057
110478
110896
111354
112467
112586
113044
113450
113566
114193
115467
115468
115970
116077
116438
117025
117447
117648
117825
121068
121172
122570
125420
127988
136626
138238
140219
140336
141784
142084
143994
144566
144620
144804
145149
146544
146893
147275
147885
148011
148738
150189
150283
154641
154824
155367
156457
162813
167168
167810
170964
174081
176145
177543
178077
178158
179094
179491
181121
181523
184306
185713
186601
186897
187570
188894
191666
191811
192249
192891
194322
194975
195208
196332
196933
197154
200101
200387
200853
201537
202054
205509
206222
206273
206422
207765
208242
208399
209701
211325
211366
211965
214149
214568
214803
216808
218431
218901
220395
220595
223893
224297
224678
226223
227588
227737
228124
229361
229720
230440
230914
231755
233531
235966
238655
238860
238938
242008
243057
243234
243262
243320
243385
243725
244485
245305
245310
245889
246012
246540
246619
247071
247570
248437
249254
250721
250831
251407
251609
252261
254962
255214
256051
258859
260263
260638
261195
266863
267956
268466
271096
273024
274598
275794
277742
277783
277859
278466
279063
279088
280056
280883
281883
282564
282871
283188
284879
284923
285067
285245
285870
286256
286393
287984
288515
291632
292489
292854
294207
294309
295834
297147
299151
300126
301175
303744
306572
306594
307517
307578
312173
312338
312467
313083
313107
313260
314639
318080
319193
319707
322921
323959
323997
324263
324461
324955
330488
330942
332891
335535
335884
337366
338128
340649
340861
342931
343025
343036
343073
343750
344166
344498
346215
347369
348435
350837
351120
352358
354038
354503
354952
356555
357858
357913
358153
359578
361129
363809
364338
365253
365443
365780
365940
366371
368681
368762
368956
369577
369821
370881
371710
371720
373641
374927
375054
379444
379978
381903
384988
386213
387693
387759
390543
391649
391956
393094
393887
395556
397179
398157
399663
401121
401135
402431
402897
403137
403186
403677
404424
405028
405543
405741
406739
407283
408535
412737
413017
413259
416728
416847
417069
417862
419159
419718
420738
422054
422350
425641
425977
427260
429700
430365
433020
433719
435143
436264
437320
437454
438582
439230
439338
441262
441301
442193
443113
443351
443965
444163
444925
445317
445337
445576
447767
448307
452048
452334
452962
453186
453285
454225
455817
456262
456414
457586
457716
457728
458434
462004
462369
462722
463484
464297
465573
465714
465806
466031
467255
467831
467922
468173
468322
468638
469901
470667
471969
474041
476670
477032
477209
479571
480340
480692
481193
481283
481597
483225
483831
484070
484710
484846
485119
485644
485871
485909
486887
488753
489562
489564
490522
490624
491150
492402
493100
493836
495151
495334
495459
497228
502530
502752
504258
505479
506477
509315
509336
515149
517650
517665
519151
519601
521089
521202
521235
522013
522499
523396
524196
524212
524311
525007
526081
526755
527000
527181
530671
531015
531702
532159
532599
533968
533995
535535
536429
536615
537262
537474
537677
537857
538069
538504
539068
539623
540505
543538
544020
545330
545913
546949
547138
547378
547951
548098
549116
549427
549608
549688
553330
554157
554579
556386
556600
556856
559696
560134
560263
560288
565441
566909
567444
570131
571773
574316
575445
575478
578312
578391
578463
581964
583457
583678
584291
584378
585105
587729
588826
589842
589890
591237
592873
593523
593618
594153
594277
594777
602560
602808
603993
604725
604838
605348
605665
608659
609550
610416
611970
613144
613322
614177
614766
617143
617720
625257
626171
626854
627585
627819
627939
628574
631231
633882
634698
636172
636376
636904
638100
638109
640138
640259
641232
641281
641546
642480
643683
645123
645404
645976
646046
647187
647537
648738
648777
649898
653028
654025
654404
656664
657415
658985
659588
660755
664762
665686
668324
668579
669260
669976
670558
671593
672608
673392
673754
674699
675251
675575
675715
676360
676926
678299
678407
679430
680025
680106
683265
683944
684062
684455
685033
685033
686502
687673
687966
688947
690776
691168
692118
692387
695720
695888
695942
697667
698038
699983
700102
700236
700967
701811
702116
702754
704278
704891
705970
707516
709405
713993
714583
714766
715524
717786
718493
718690
720429
721576
721723
722483
722876
724301
725265
725380
725519
726490
728086
728649
729861
730912
734684
735249
735702
736439
736572
737034
739389
740498
742305
742549
743074
743492
744148
744593
745014
745480
747898
748426
750618
751323
751726
753151
753163
755790
756682
757662
758752
762276
762309
763235
763357
763460
765065
765538
765750
766658
766826
767109
767311
767466
770152
770681
770955
770985
771229
771369
772158
772508
772685
775503
775898
778335
779652
780920
781352
782231
783000
784792
784991
785610
786819
787097
787782
788328
788611
789957
790103
790195
790348
790925
792430
792744
793395
796096
796299
797206
798211
798307
802147
803713
803762
803807
805516
806122
807886
808989
809781
810197
810300
814019
814334
814550
814806
816477
817523
817733
821003
821055
821282
822144
822983
825557
826076
826743
827052
827412
829563
830095
830603
830786
831901
833949
836280
837237
838364
838531
838782
839584
841258
842978
844776
845787
847141
853517
853835
854863
856950
858368
858497
860052
860309
860931
863514
865372
865407
867430
867544
868394
869121
869804
871080
871348
872368
872613
872764
874059
875229
876050
877763
879162
879516
881775
883424
884903
884976
886099
887087
888063
888181
888912
889666
889804
891211
891272
891828
891945
892472
897849
899217
899228
899780
900177
901641
904761
904908
905370
906733
907339
907496
907865
908422
909859
911378
911580
911723
911918
912053
913293
914033
914069
916541
918818
918937
920603
921796
922018
922147
922638
922769
922831
929902
930219
930359
931001
931188
931405
932858
935032
935142
935620
935839
936012
936302
936740
938271
938641
939623
942239
943166
947262
952587
953212
954822
955031
956330
956894
957022
960227
960491
961225
962165
962746
962892
963627
964154
964764
966170
966483
966740
969289
975227
976075
977330
977655
977874
978865
978961
979324
979786
980946
981912
981965
982172
983977
984075
985006
985217
985397
985447
986305
987467
990665
991097
994590
997986
998042
998098
998514
999143
