198
383
455
1928
2205
3979
5116
6581
8917
9200
10562
10700
10820
11346
11916
15696
16397
16915
17569
17612
17662
18808
19189
20465
23211
23736
23875
24362
24483
24902
29200
30072
30930
32597
33035
33454
33886
35482
36299
39154
39511
39704
42256
46991
47055
48478
48487
49094
49848
52600
56448
56546
57401
59142
59274
59365
60406
61826
61926
63815
64304
64873
65759
66247
66783
68352
68960
69419
71700
71904
75347
75818
76692
76886
77362
78672
79431
79629
81073
81580
84051
84839
86025
87069
88813
89455
90224
91382
91903
93130
95344
95442
96242
96548
96713
98057
98456
98725
98744
98832
99262
100037
100762
101103
102981
104224
104452
104944
105029
106375
110420
113573
113584
114801
117375
120177
122454
123388
123439
124845
125031
125749
126259
127361
129334
131860
132453
133796
134719
134947
135425
136123
136547
137652
138704
139021
140042
140525
141027
142435
143318
143835
144483
144859
148133
149162
149766
152289
153891
154967
156158
156393
157496
158653
159820
160105
160255
161454
161761
161792
163121
163228
163725
164767
165803
166290
166350
166768
166883
167786
168849
170632
170885
171118
174305
175554
175668
175697
177897
177932
178140
178436
179467
181336
183677
183766
185038
185070
186269
188889
191844
192815
193614
194586
194609
194647
195841
195876
196119
197052
198414
198514
198983
199283
199476
201000
201975
202291
203186
203195
203627
203860
203931
204486
204799
206164
207096
209313
209492
211693
212992
213992
214122
215023
216868
218734
219808
220422
223303
223760
223907
225173
226094
227200
229083
229351
230072
231014
233458
233480
234619
235319
237340
238111
240342
240707
240828
242795
245254
245799
249140
249253
249381
249666
251345
251454
252892
253208
253791
253971
255362
255436
255965
256900
258630
259973
260080
263581
263724
263957
264515
264839
265710
265849
266519
266951
267151
269111
269845
271051
271996
272575
274355
274779
275449
275931
278196
278927
281062
285787
285797
286585
287120
288196
288431
288583
289138
289745
294013
295631
295868
297465
299699
304087
304560
305951
308123
308382
309411
310233
315327
315657
317592
318032
318462
319963
320357
320531
320982
322434
323938
323974
325205
325732
325773
326989
327063
327338
329238
330302
330954
332449
332760
332990
333215
334280
336235
336338
336809
337341
338644
339046
339211
340332
342067
342778
343229
344101
344985
345204
345300
346675
350938
353212
359819
360213
360328
360832
362546
363988
363992
364301
365094
365364
365950
366531
366871
368136
368566
368669
369589
371579
372714
374314
375171
375250
376289
377876
377962
380369
381933
382056
382209
382421
383366
384367
386785
388601
388734
390122
391719
392923
393320
393475
395232
395257
396884
398492
399498
399505
400322
401008
402137
402653
403292
403881
404020
404243
405449
405969
407084
407098
407648
407926
411191
411494
411781
412232
412431
413256
413306
417141
422565
425079
425996
427323
427485
428180
430121
430249
430751
431036
431214
431566
431717
433500
433658
434857
435151
436203
438095
438554
439483
440066
440601
440942
442109
442518
443715
444171
446345
446950
447631
448000
449451
450757
450907
453633
454546
454997
455661
458332
462182
462883
463419
464703
470581
473360
476182
476674
476711
483579
483623
483784
486262
488024
490310
490650
490992
491623
492005
492470
492841
494409
495289
496962
497311
497819
502428
502508
503697
506051
507199
509583
510762
514485
515510
515622
516034
516369
518005
518330
518938
521208
523479
525792
526878
528211
530033
532232
533347
533757
534076
534901
536515
536971
537645
538206
538286
538577
539295
540063
540384
541133
541173
542710
542730
543458
543936
544289
544507
548054
548575
548975
549914
549947
550135
550840
551418
553298
554489
555740
557380
557399
558102
560222
562200
562246
563183
564216
564454
564730
564876
565474
565819
566142
566980
568011
568881
568970
572721
573225
574064
574074
574827
575526
576812
576819
578034
579465
581516
581962
584634
586368
587795
588808
589376
590145
591971
593848
595221
595656
596257
596927
597378
597585
598847
602449
603633
604165
606833
607764
607964
608895
608942
610020
610697
613240
614820
615016
616166
616382
617460
622373
622685
622712
625236
626272
627983
628449
629366
629653
629665
630808
632332
632744
632832
633536
635849
636403
637356
637891
637950
641499
644037
645101
645675
646059
648873
648999
650115
651263
652663
654611
655257
655520
656880
657268
659311
660088
662036
662049
664585
664636
665921
666302
666609
670206
671420
671567
671737
672671
672922
673316
673409
673926
674097
674291
675684
675824
676147
678062
678602
680597
680941
681865
682532
685331
687078
687990
688140
689401
691367
691589
691871
692309
692636
694154
694324
694938
695076
695696
697469
699417
700047
700877
701364
702413
703690
705161
706115
706529
708139
708766
710259
710439
711953
712178
713444
716284
717525
718031
721451
723074
724147
725037
725694
726661
730164
731229
731354
731717
734833
737137
737266
737551
737662
739439
740467
740518
740546
740665
743023
743166
743183
744659
745338
745715
746215
747326
748824
749224
750014
752269
752798
754401
754427
755984
756428
756709
756948
757106
758480
758749
760686
760964
761374
761483
761817
762623
764982
765239
767492
768203
769205
771423
772328
772583
772921
773155
773817
778005
778178
779145
780459
780949
781173
783870
784620
786604
786971
788301
788742
788929
789551
791191
791979
792617
793987
794461
794497
794533
795585
795775
796089
797016
797366
798640
799843
800262
800532
801348
801441
801494
802386
803299
803763
804032
804084
805584
806386
806555
807198
807233
807830
808418
810617
811123
811743
815747
817530
819317
819842
820300
820434
820436
821692
822376
822483
822552
823044
823446
824972
826468
827235
828550
828722
828939
829080
830031
830440
830834
833425
836814
837096
839928
841447
841499
841628
841869
842697
843208
844785
844835
846376
847250
847280
848125
848477
849727
851552
852434
853365
856232
858479
858981
859023
860838
862202
862716
863486
863608
864686
865412
866956
867576
867638
867744
870726
872973
876131
876373
878890
879697
881218
881494
881882
882364
883148
883263
883402
883876
884134
884676
885411
886939
887340
890459
891490
891700
892334
892649
892962
893683
895858
896652
898231
898887
899234
900159
900855
901078
901340
902270
902328
903189
903279
904471
905700
906247
907610
908134
909701
910367
913406
917392
919443
921760
922518
922996
923465
925184
925428
927503
928030
928182
928361
928916
929085
929704
930082
930324
930482
931890
932307
932506
932767
933259
934841
936500
938166
938848
940443
940907
941601
944212
945572
947700
948532
951033
951267
952076
952550
952592
953355
954693
955168
957704
959345
959405
959604
960051
960406
960738
961816
962115
962157
963973
964618
965659
966082
966111
967379
967676
968614
969099
971251
973315
973366
973436
975940
977363
980577
980642
980800
982481
983576
983689
985558
988374
989487
989865
990566
991704
992931
997690
997920
998131
999086
999482
