999573
999489
999454
999285
999273
998939
998470
998225
998142
998136
998119
997998
997979
997834
997560
997518
997352
997343
997298
997174
997064
996831
996717
996307
996183
996078
995865
995664
995620
995596
995496
995358
995353
995347
995246
995205
995147
995139
995080
995056
994851
994721
994690
994582
994507
994356
994061
993956
993832
993663
993621
993409
993401
993361
993349
993325
993194
993005
992885
992805
992641
992500
992467
992289
992270
992256
992230
992149
991907
991866
991856
991786
991766
991568
991552
991397
991235
991179
991138
990922
990849
990771
990720
990661
990571
990302
990194
990160
990148
990050
989988
989927
989899
989863
989559
989538
989460
989346
989293
989082
988990
988964
988926
988910
988870
988689
988590
988551
987966
987871
987817
987639
987527
987512
987464
987460
987443
987404
987175
987127
987023
986633
986600
986525
986484
986407
986117
985835
985730
985699
985634
985633
985408
985373
985353
985147
985065
984680
984366
984287
984195
984129
983984
983923
983555
983542
983432
983331
983240
983205
983025
982875
982871
982766
982495
982446
982380
982328
982304
982297
982132
982114
982067
982063
982016
981971
981945
981915
981703
981628
981543
981440
981333
981284
981199
981125
980910
980776
980760
980604
980476
980275
980208
980095
980044
980007
979961
979948
979874
979761
979618
979603
979393
979326
979213
979208
979100
978957
978902
978849
978700
978695
978547
978456
978332
977998
977837
977798
977724
977629
977586
977518
977385
977331
977026
977000
976812
976668
976215
976187
976114
976016
975974
975822
975810
975809
975775
975737
975685
975398
975280
975154
975116
975072
974611
974507
974389
974376
974241
974195
974084
974078
974047
974043
974037
973536
973487
973482
973396
973369
973302
973103
972908
972865
972805
972791
972398
972349
972346
972279
972218
972196
972193
972173
972136
972037
972032
971894
971884
971837
971741
971685
971613
971611
971470
971455
971309
971123
971082
971005
970916
970897
970896
970609
970271
970200
970158
970016
969785
969707
969471
969425
969341
969324
969268
969003
968747
968724
968594
968295
968276
968252
968235
968165
967834
967827
967622
967620
967551
967523
967473
967386
967363
967345
967328
967322
967287
967193
967100
967039
967000
966876
966774
966716
966634
966520
966452
966250
966174
966158
966154
966094
965857
965841
965811
965604
965590
965542
965322
965304
965183
965177
965133
965070
964942
964742
964668
964663
964585
964528
964521
964381
964241
964167
964150
964092
964090
964049
963932
963915
963915
963885
963751
963642
963569
963444
963075
963025
963007
962857
962635
962618
962550
962445
962421
962377
962268
962068
962022
961973
961972
961900
961844
961832
961771
961768
961647
961578
961501
961462
961344
961171
961115
961056
960991
960823
960785
960481
960416
960322
960288
960273
960176
959969
959898
959700
959698
959588
959491
959479
959371
959341
959268
958882
958750
958735
958637
958525
958425
958359
958013
957833
957702
957574
957513
957493
957443
957328
957205
957027
956969
956911
956836
956830
956772
956749
956661
956613
956305
956234
956144
955824
955796
955657
955639
955616
955427
955249
955211
955200
955046
954898
954453
954441
954280
954218
954144
954130
954039
953988
953959
953808
953710
953398
953354
953266
953191
953190
952982
952922
952890
952795
952777
952691
952657
952389
952244
952204
952106
952061
952036
952033
951987
951791
951466
951367
950996
950941
950931
950912
950894
950877
950865
950838
950792
950383
950170
950132
950011
949821
949793
949538
949376
949364
949302
948881
948864
948709
948707
948019
947964
947935
947919
947902
947860
947723
947656
947559
947444
947428
947322
947234
947142
946924
946917
946291
945824
945751
945582
945514
945452
945443
945325
944888
944791
944730
944643
944604
944455
944396
944361
944243
944227
944214
944069
944046
943760
943687
943665
943650
943622
943619
943581
943304
943228
942959
942947
942911
942474
942408
942339
942262
942130
942099
941884
941865
941738
941403
941332
940847
940780
940660
940534
940508
940495
940415
940309
940253
940102
940095
940030
940024
939980
939935
939817
939677
939624
939390
939058
938936
938734
938494
938440
938395
938349
938333
938097
938085
938083
938073
937985
937956
937906
937844
937765
937512
937506
937488
937453
937451
937190
937141
937065
937050
936954
936947
936753
936749
936654
936648
936502
936318
936014
935995
935977
935853
935803
935795
935657
935648
935619
935512
935398
935236
935223
935027
934970
934727
934289
934288
934248
934244
934078
933640
933532
933306
933165
933021
933012
932990
932703
932701
932696
932629
932427
932398
932379
932319
932271
932266
931866
931601
931526
931498
931384
931355
931338
931182
931178
930875
930753
930652
930647
930441
930314
930303
930198
930168
930155
930143
930050
929933
929868
929819
929772
929760
929715
929655
929579
929577
929426
929161
929077
929036
928883
928880
928772
928701
928684
928679
928671
928587
928241
928012
927993
927982
927854
927802
927728
927627
927229
927064
926976
926840
926742
926711
926707
926631
926496
926392
926159
926077
925855
925838
925771
925658
925576
925535
925333
925104
925011
924830
924815
924753
924725
924502
924499
924281
924250
924065
924041
923970
923869
923555
923406
923289
923155
923154
922973
922930
922913
922896
922872
922850
922734
922638
922575
922493
922396
922323
922304
921958
921803
921780
921742
921432
921406
921366
921119
920960
920852
920588
920521
920491
920469
920409
920383
920085
920075
920031
919997
919830
919657
919612
919405
919275
919217
919185
919108
919066
919052
918937
918926
918831
918816
918563
918506
918472
918409
918408
918403
918315
918116
918099
917801
917707
917580
917319
917240
917084
916939
916849
916787
916202
916201
916141
915961
915807
915744
915734
915598
915514
915475
915158
915106
915063
914967
914921
914903
914898
914863
914807
914691
914688
914552
914425
914305
914276
914273
914143
913848
913841
913819
913713
913639
913602
913534
913460
913270
913151
912991
912957
912949
912913
912384
912366
912337
912328
912244
912222
911988
911882
911803
911797
911561
911436
911286
911135
911090
911005
910993
910922
910904
910753
910420
909861
909825
909825
909806
909761
909749
909748
909573
909561
909454
909330
909324
909154
909124
909094
909083
908908
908887
908870
908846
908522
908363
908134
908116
908046
907775
907749
907700
907675
907461
907446
907390
907362
907346
907302
907299
907221
907169
907021
906706
906690
906586
906478
906470
906393
906371
906263
906222
906178
906054
905641
905571
905479
905473
905345
905343
905116
905113
905085
905076
905055
905046
904948
904915
904875
904765
904720
904592
904541
904460
904439
904398
904392
904349
904270
904051
903875
903806
903601
903509
903506
903354
903342
903120
903075
903074
903008
902879
902752
902635
902398
902391
902358
902327
902314
902108
901933
901658
901610
901523
901507
901461
901438
901427
901401
901364
901359
901111
900843
900795
900758
900729
900653
900601
900534
900490
900375
900357
900299
900292
900197
900174
900036
900010
899598
899547
899521
899394
899297
899287
899129
898974
898949
898893
898886
898727
898686
898640
898621
898498
898381
898304
898278
898238
898233
898139
897992
897935
897686
897592
897471
897355
897107
896910
896733
896621
896574
896343
896192
896084
895790
895768
895726
895604
895536
895411
895250
895000
894894
894890
894813
894766
894750
894675
894671
894664
894660
894636
894614
894595
894400
894273
894190
894088
894012
893875
893778
893587
893476
893301
893199
893150
893146
893136
893128
892955
892876
892758
892748
892678
892662
892646
892600
892370
892295
892254
891980
891890
891842
891838
891760
891746
891644
891640
891619
891589
891399
891296
891265
890923
890658
890655
890459
890378
890188
890138
890079
890028
889816
889521
889520
889500
889384
889183
889143
889127
889125
889068
889050
889037
888969
888965
888951
888938
888795
888780
888634
888577
888427
888397
888383
888293
888171
888111
888088
887478
887469
887131
887039
886995
886762
886723
886537
886493
886470
886411
886297
886240
886190
886136
886002
885961
885516
885387
885344
885208
885135
885014
884699
884574
884555
884226
884101
884015
883920
883685
883509
883382
883186
883163
883112
883104
883048
882860
882770
882630
882381
882362
882074
882035
881694
881654
881180
881106
881084
880947
880817
880782
880481
880458
880345
880007
879974
879898
879837
879621
879486
879331
879285
879221
878901
878897
878831
878752
878708
878696
878675
878582
878573
878424
878298
878241
878066
877947
877732
877696
877548
877505
877408
877380
877249
877175
876915
876856
876828
876793
876620
876509
876402
876361
876338
876276
876246
876193
876180
875894
875797
875715
875634
875490
875442
875341
875256
875222
875214
874891
874877
874731
874469
874445
874363
874225
874071
874056
874050
874025
874019
873994
873795
873671
873647
873633
873516
873492
873317
873287
873231
873046
872894
872888
872844
872773
872313
872101
872098
871979
871955
871821
871634
871629
871538
871488
871194
871154
870979
870917
870757
870757
870752
870707
870681
870633
870476
870450
870231
870226
870158
870140
870115
869966
869782
869597
869361
869349
869336
869275
868873
868805
868773
868627
868609
868609
868532
868498
868432
868415
868397
868315
868252
868163
867868
867862
867458
867417
867307
867274
867084
866897
866892
866864
866831
866600
866587
866363
866348
866215
866127
866049
865991
865779
865761
865758
865654
865642
865597
865581
865522
865329
865177
864888
864880
864620
864560
864312
864281
864242
864170
864090
864027
863862
863508
863292
863260
863222
862894
862855
862726
862582
862406
862225
862073
861801
861715
861590
861542
861541
861540
861529
861296
861182
860936
860685
860656
860355
860297
860224
860086
860023
860022
859988
859818
859743
859509
859204
859186
859180
859176
858749
858517
858299
858241
858077
857962
857958
857926
857674
857669
857656
857490
857445
857388
857267
857132
857003
856997
856979
856838
856545
856205
855973
855941
855902
855691
855491
855456
855394
855383
855383
855254
855048
854968
854958
854921
854776
854699
854673
854595
854571
853961
853922
853907
853597
853564
853536
853357
853187
853050
852984
852860
852802
852750
852743
852597
852477
852453
852344
852095
851820
851751
851683
851613
851525
851267
851237
851166
851152
851091
850995
850834
850825
850792
850579
850497
850367
850038
850001
849810
849789
849605
849244
849199
848966
848840
848829
848778
848658
848524
848521
848480
848378
848108
848046
847999
847906
847841
847728
847673
847599
847531
847243
847087
846854
846801
846745
846729
846729
846648
846611
846498
846480
846362
846343
846286
846183
846150
846059
845805
845542
845485
845476
845418
845371
845274
845138
845067
844808
844800
844771
844766
844445
844430
844426
844422
844391
844155
844049
843936
843904
843692
843655
843461
843448
843218
843189
842965
842697
842572
842566
842490
842414
842334
842319
842178
841847
841776
841528
840938
840904
840802
840765
840685
840558
840483
840438
840375
840292
840172
840004
839855
839811
839758
839312
839195
839017
838894
838856
838772
838770
838696
838613
838393
838391
838270
838145
838078
837910
837780
837767
837590
837513
837465
837195
837179
837112
836986
836945
836870
836799
836785
836776
836336
836233
835915
835865
835799
835670
835649
835591
835545
835487
835417
835127
834706
834668
834586
833825
833765
833617
833362
833102
833060
833043
832857
832784
832781
832642
832494
832424
832228
832177
832137
832062
831752
831614
831603
831354
831220
831137
830696
830618
830572
830445
830377
830349
830347
830134
829896
829807
829666
829443
829433
829324
829320
828990
828975
828912
828891
828799
828600
828471
828290
828273
828216
828049
827972
827855
827816
827583
827582
827548
827481
827367
827332
827174
827014
826960
826669
826620
826616
826292
826011
825970
825968
825753
825654
825463
825410
825235
825141
824936
824806
824348
824293
824289
824240
824211
824152
824084
824034
823955
823946
823862
823827
823813
823659
823539
823531
823480
823456
823375
823339
823319
823262
823195
823169
823088
823082
822988
822911
822657
822610
822480
822454
822336
822234
822137
822114
821950
821684
821524
821491
821352
821340
821334
821115
821103
821038
820982
820694
820467
820418
820367
820351
820220
820067
820017
819970
819887
819775
819678
819634
819549
819367
819217
819129
819127
819034
818594
818570
818512
818265
818115
817941
817839
817752
817483
817384
817074
817010
816814
816712
816700
816530
816525
816250
815901
815823
815749
815701
815639
815593
815569
815565
815442
815367
815345
815335
815276
815119
815016
814982
814869
814737
814694
814583
814515
814377
814349
814285
814196
814177
814128
814013
813938
813870
813702
813526
813502
813424
813309
813027
812982
812761
812741
812710
812670
812659
812622
812556
812500
812409
812403
812341
812245
812210
812187
812019
811802
811722
811660
811599
811539
811406
811370
811052
810990
810891
810564
810440
810265
810232
810183
810093
810085
809915
809903
809872
809853
809704
809647
809421
809337
809192
809155
809091
809077
808830
808803
808688
808634
808559
808548
808499
808431
808291
808277
808232
808201
808174
808152
808123
807980
807490
807443
807052
807005
806957
806956
806936
806786
806510
806499
806286
806271
806255
806200
805941
805508
805504
805483
805378
805343
805271
805195
805166
805156
805048
804921
804897
804861
804748
804722
804647
804601
804574
804411
804388
804284
804134
804110
803995
803973
803806
803675
803379
803379
803166
803080
803009
802999
802892
802858
802852
802841
802771
802545
802493
802382
802213
802168
802103
802057
801974
801929
801916
801685
801609
801448
801441
801401
801217
801012
800745
800445
800429
800106
800055
799941
799846
799763
799760
799755
799673
799549
799439
799433
799426
799206
799196
799121
799097
799095
799074
798798
798778
798599
798523
798520
798410
798404
798352
798146
798145
798119
798090
797822
797725
797469
797388
797223
797152
797054
796981
796829
796783
796558
796323
796254
796246
796198
796189
795973
795671
795619
795470
795284
795063
794990
794979
794621
794529
794371
794270
794186
794045
793710
793673
793596
793472
793031
792968
792904
792508
792379
792373
792231
792166
791998
791976
791925
791867
791724
791709
791645
791624
791456
791430
791322
791263
791130
791129
790958
790681
790601
790500
790395
790346
790325
790257
790116
790016
789818
789554
789489
789376
789327
789235
789129
789126
788972
788927
788901
788809
788799
788764
788543
788532
788500
788271
788226
788013
787975
787865
787787
787556
787488
787438
787401
787400
787363
787327
787194
787156
787044
786997
786656
786506
786328
786055
785542
785504
785369
785359
785294
785283
785149
785031
784909
784891
784767
784343
784338
784244
784137
784107
784029
783749
783692
783656
783422
783310
783242
783194
783165
783016
782929
782771
782588
782585
782581
782575
782555
782448
782070
781973
781901
781898
781675
781502
781500
781465
781326
781301
781089
781021
781009
780926
780909
780909
780885
780838
780706
780646
780327
780231
780215
780201
780187
780094
780068
779943
779879
779873
779683
779629
779228
778976
778921
778891
778867
778864
778814
778806
778577
778528
778107
777755
777720
777512
777466
777309
777220
777217
777206
776912
776837
776778
776725
776489
776487
776433
776384
776380
776202
776192
776171
776018
775875
775832
775601
775589
775539
775115
774907
774899
774814
774796
774786
774615
774612
774501
774488
774356
774226
773962
773957
773866
773806
773721
773599
773567
773552
773498
773300
773219
773207
773150
773111
773088
773083
773014
773003
772989
772523
772351
772349
772282
772269
772245
772168
771633
771618
771615
771588
771555
771517
771461
771379
771138
771124
771055
770830
770769
770768
770712
770661
770645
770569
770550
770550
770491
770488
770452
770366
770232
770101
770073
770068
770052
769989
769942
769896
769890
769820
769776
769735
769640
769584
769550
769498
769442
769356
769233
769068
768987
768960
768923
768669
768649
768385
768344
768340
768245
768222
768214
767957
767869
767768
767747
767531
767511
767474
767443
767406
767305
767164
767062
767020
766857
766695
766588
766575
766283
766206
766038
765899
765711
765597
765552
765377
765307
765193
765081
764909
764824
764737
764723
764592
764559
764495
764318
764100
764063
764032
763972
763960
763913
763893
763853
763729
763699
763669
763443
763330
762956
762834
762759
762754
762674
762639
762561
762494
762416
762404
762296
762085
761732
761708
761522
761392
761306
761230
761229
761021
760887
760881
760769
760671
760642
760462
760127
760104
759966
759868
759846
759790
759788
759585
759383
759342
759305
759121
758902
758832
758769
758703
758525
758298
758123
758100
757988
757964
757882
757876
757744
757220
757105
757084
756894
756869
756811
756668
756328
756299
756081
755910
755809
755604
755514
755502
755414
755335
755288
755149
755132
755124
755109
755036
754925
754836
754658
754460
754276
753949
753887
753871
753733
753666
753495
753390
753155
753139
753058
752917
752908
752655
752606
752590
752575
752556
752211
752067
752043
752015
751978
751942
751890
751853
751770
751735
751717
751673
751534
751444
751273
751199
751174
751082
751004
750968
750789
750771
750747
750732
750583
750580
750361
749962
749533
749526
749500
749271
749241
749229
749205
749123
749059
748856
748743
748436
748380
748278
748260
748104
748022
747973
747963
747936
747845
747814
747784
747753
747751
747643
747525
747497
747425
747393
746964
746863
746736
746511
746468
746382
746378
746097
746030
746009
745986
745794
745682
745521
745477
745440
745371
745355
745274
745105
744500
744478
744455
744395
744385
744200
744086
744053
743899
743862
743831
743798
743718
743448
743409
743375
743354
743270
743259
743192
743036
743002
742880
742877
742727
742573
742317
742227
742211
742208
741979
741889
741660
741595
741533
741480
741357
741305
741297
741219
741187
741133
741070
741003
740856
740845
740755
740549
740517
740438
740294
739981
739824
739262
739248
739027
738996
738922
738645
738551
738393
738207
738111
738061
737989
737607
737593
737584
737540
737318
737264
737161
737143
737051
736997
736985
736874
736869
736653
736496
736251
736245
736187
736028
736002
735961
735953
735926
735920
735599
735598
735542
735518
735452
735342
735325
735277
735251
735096
735036
734888
734663
734662
734606
734576
734547
734463
734415
734275
734228
734075
733961
733929
733733
733715
733617
733557
733465
733444
733393
733358
733283
733189
733111
733105
733065
732705
732668
732648
732530
732312
732171
732153
732129
731973
731945
731892
731867
731721
731690
731410
731350
731350
731205
731186
731137
731027
731023
730982
730897
730809
730796
730569
730537
730515
730471
730399
730368
730296
730006
729738
729612
729577
729573
729345
729301
729259
729064
728999
728791
728756
728573
728432
728325
728273
728081
728042
727805
727804
727707
727620
727580
727275
727269
727193
727163
727055
727028
726897
726783
726666
726544
726249
726086
725961
725704
725702
725674
725624
725623
725587
725566
725554
725081
725042
724931
724735
724570
724557
724434
724410
724389
724152
724074
724053
723966
723919
723899
723852
723685
723532
723419
723214
723178
722931
722698
722636
722558
722543
722454
722454
722303
722300
722298
722282
721974
721973
721967
721782
721755
721737
721514
721512
721491
721215
721010
720983
720948
720875
720857
720675
720603
720027
719934
719900
719769
719502
719399
719363
719287
719263
719215
718889
718727
718382
718310
718131
718081
718051
718037
717921
717881
717876
717857
717469
717417
717318
717236
717207
717112
716630
716598
716362
716149
716053
715931
715723
715644
715620
715450
715346
715311
715287
715274
715152
715147
715144
714950
714889
714879
714874
714870
714771
714677
714593
714377
714152
713908
713728
713620
713556
713472
713313
713061
712993
712919
712856
712648
712514
712508
712470
712327
712041
711954
711831
711796
711665
711597
711593
711537
711430
711421
711349
711199
711183
711134
711104
711100
710971
710971
710866
710805
710680
710430
710426
710376
710338
710102
709925
709866
709756
709694
709644
709480
709370
709350
709200
709145
708787
708707
708615
708392
708290
708075
708044
707997
707886
707830
707785
707646
707614
707538
707471
707443
707442
707401
707362
707180
707003
706980
706965
706962
706945
706669
706576
706495
706492
706473
706091
706019
705996
705675
705540
705470
705337
705310
705290
705167
705123
704850
704742
704563
704528
704433
704433
704276
704194
704069
704022
703955
703790
703666
703551
703540
703538
703527
703469
703024
702972
702936
702905
702878
702577
702480
702452
702368
702362
702258
702204
702013
701958
701877
701285
701229
701168
701048
700927
700889
700837
700780
700708
700616
700593
700591
700323
700173
700126
700004
699973
699911
699882
699849
699842
699784
699779
699725
699625
699309
699251
698984
698734
698727
698702
698695
698542
698537
698512
698466
698443
698337
698289
698270
698222
698002
697974
697925
697852
697186
697103
697018
696945
696850
696744
696725
696527
696452
696421
696415
696345
696308
696241
696210
696069
695998
695756
695590
695559
695516
695376
694963
694878
694824
694798
694366
694121
694046
693884
693876
693768
693713
693609
693594
693574
693525
693486
693393
693217
693135
693043
693035
692949
692776
692666
692326
692191
692187
692145
692049
691948
691699
691606
691595
691471
691326
691266
691119
691040
691019
690979
690921
690856
690813
690725
690471
690397
690299
690167
690043
689949
689694
689680
689643
689578
689504
689496
689489
689323
689195
688932
688838
688749
688680
688584
688303
688118
687975
687949
687826
687764
687691
687685
687611
687536
687412
687356
687320
687282
687223
687118
687011
686943
686905
686873
686738
686730
686706
686690
686613
686591
686561
686411
686329
686270
686221
686082
686074
686073
686017
685947
685778
685728
685613
685597
685551
685318
685264
685177
684985
684884
684836
684785
684721
684657
684505
684317
684258
684256
684193
683765
683641
683342
683310
683288
683146
683129
682901
682821
682610
682454
682252
682219
682029
682029
681998
681571
681427
681399
681341
681272
681219
681162
681056
681027
680992
680851
680784
680728
680676
680656
680619
680473
680390
680380
680322
680291
680291
680258
680226
679973
679823
679773
679718
679702
679512
679442
678931
678550
678506
678488
678468
678384
678327
678119
678083
678058
677573
677521
677510
677361
677351
677347
677277
677113
677107
676977
676890
676515
676285
676166
675721
675598
675593
675558
675491
675418
675232
675083
674893
674757
674548
674429
674398
674359
674295
674243
674150
673886
673806
673780
673769
673632
673585
673459
673428
673400
673396
673181
673125
673045
673026
672518
672349
672158
672070
672006
671810
671700
671643
671618
671540
671456
671265
671180
671134
671054
671002
670856
670758
670575
670515
670453
670332
670245
670136
670082
669960
669895
669766
669724
669666
669459
669367
669235
669084
668920
668857
668565
668382
668188
668165
668057
667951
667920
667363
667207
667180
667147
666928
666911
666852
666702
666643
666572
666300
666253
666188
666149
666145
666106
666094
666067
666034
665901
665716
665583
665575
664979
664836
664814
664680
664527
664423
664408
664402
664298
664272
664147
664112
664030
663957
663870
663863
663816
663764
663592
663545
663505
663377
663370
663211
662848
662608
662554
662504
662226
662015
661904
661874
661852
661832
661795
661780
661697
661666
661620
661571
661370
661238
661100
661028
660927
660664
660616
660207
660130
659988
659862
659778
659685
659638
659623
659513
659455
659034
658917
658902
658807
658646
658629
658606
658598
658525
658386
658299
658093
658076
658049
657900
657806
657762
657678
657462
657376
657267
657030
656993
656909
656845
656831
656714
656572
656553
656550
656335
656093
656052
656008
655925
655900
655877
655870
655869
655861
655765
655674
655611
655570
655490
655389
655256
655206
655203
655175
654998
654835
654630
654569
654343
654333
654172
654122
654021
653717
653570
653365
653342
653340
653291
653283
653074
652676
652474
652460
652054
651926
651715
651713
651705
651638
651612
651528
651359
651143
651057
651031
650974
650963
650926
650779
650708
650706
650605
650450
650408
650354
650327
650237
650223
650074
650040
649963
649470
649418
649328
649270
649236
649157
649069
648987
648895
648777
648754
648737
648734
648699
648662
648536
648418
648231
647832
647647
647574
647510
647487
647472
647329
647272
647244
647201
647061
646981
646942
646878
646808
646659
646632
646432
646399
646363
646317
646307
646195
646143
645983
645928
645915
645904
645814
645703
645623
645590
645587
645109
645010
644594
644580
644489
644455
644360
644273
644244
644220
644151
644148
643695
643575
643395
643369
643144
643117
643090
643028
642993
642882
642704
642637
642603
642424
642137
642051
642051
642035
641823
641800
641398
641379
641256
641209
641126
640995
640899
640827
640716
640712
640697
640686
640664
640584
640558
640129
640097
639777
639727
639605
639542
639510
639502
639281
639263
639249
639232
639229
639216
639072
638969
638923
638636
638523
638026
638016
637959
637877
637570
637417
637103
636979
636941
636921
636724
636629
636615
636560
636467
636467
636399
636331
636311
636308
636133
636088
636080
635765
635745
635669
635497
635403
635298
635168
635025
634981
634905
634878
634658
634433
634357
634333
634177
634059
633812
633763
633734
633666
633601
633583
633556
633240
633124
633098
633085
633075
633045
632935
632924
632816
632815
632623
632606
632523
632339
632265
632246
632193
632154
631962
631959
631939
631840
631777
631501
631434
631351
631259
631225
631049
630877
630723
630682
630619
630559
630463
630299
630183
630015
629914
629809
629422
629380
629369
629343
629241
629222
629080
628933
628907
628886
628867
628579
628524
628433
628351
628345
628239
628239
628124
628123
628046
627954
627862
627823
627807
627700
627611
627595
627499
627444
627403
627298
627169
627033
626994
626948
626854
626830
626811
626798
626551
626487
626155
626141
626133
626124
626101
625997
625916
625891
625858
625858
625655
625596
625481
625446
625272
625053
625006
624738
624679
624578
624522
624494
624385
624267
624254
623950
623928
623859
623854
623665
623428
623286
623040
623000
622804
622706
622617
622389
622376
622136
622095
621726
621658
621443
621423
621348
621037
620977
620801
620778
620773
620720
620526
620449
620306
620067
619901
619860
619800
619768
619747
619127
619092
619044
618975
618802
618801
618649
618330
618269
618208
618140
617981
617922
617861
617668
617654
617430
616843
616805
616793
616757
616704
616693
616623
616611
616433
616391
616365
616132
615937
615917
615786
615612
615592
615219
615017
614874
614781
614316
614282
614227
614141
614042
613618
613516
613400
613388
613284
613054
613029
612511
612387
612315
612141
612101
612100
611963
611771
611669
611660
611622
611577
611571
611545
611144
610986
610981
610978
610810
610755
610670
610622
610507
610432
610429
610410
610322
610296
610065
610056
609828
609405
609380
609334
609320
609256
609234
609222
609084
608983
608900
608729
608703
608637
608399
608381
608345
608037
607994
607886
607813
607696
607689
607679
607634
607629
607522
607500
607428
607273
607215
606942
606552
606512
606434
606410
606373
606326
606280
606175
606012
605995
605992
605938
605732
605506
605445
605407
605213
605194
605146
605119
605070
605000
604937
604921
604760
604663
604660
604654
604630
604596
604494
604395
604382
604370
604298
604130
604102
604061
603967
603892
603696
603523
603398
603283
603281
603085
603043
602959
602940
602647
602569
602449
602417
602415
602294
602244
602170
602131
602117
601967
601964
601848
601650
601350
601283
601266
601064
601057
601035
600730
600729
600694
600624
600527
600480
600419
600280
600122
600101
599884
599875
599857
599510
599345
599254
599134
598989
598908
598808
598799
598747
598531
598525
598363
598357
598322
598302
598287
598209
598183
598102
598064
598020
597955
597800
597757
597750
597736
597423
597365
597062
596819
596771
596704
596682
596651
596528
596441
596378
596358
596248
596214
596206
596091
595927
595920
595854
595677
595563
595501
595478
595258
595195
594988
594955
594940
594755
594733
594615
594455
594347
594347
594286
594230
594145
594142
594053
593976
593942
593808
593745
593663
593662
593583
593565
593373
593361
593230
593204
593133
592896
592860
592822
592760
592636
592583
592394
592179
592116
591956
591763
591662
591654
591532
591451
591260
591183
591012
590959
590949
590906
590757
590583
590559
590380
590283
590246
590099
590053
590051
589863
589645
589537
589285
589177
589150
589126
588951
588691
588587
588562
588482
588462
588455
588342
588296
588278
588269
588139
588139
588119
588089
587876
587839
587747
587573
587518
587407
587397
587371
587342
587297
587282
587118
587098
587061
586976
586586
586552
586540
586424
586218
586155
586153
586100
585963
585925
585728
585710
585650
585553
585319
585233
585181
585077
585044
584865
584672
584615
584471
584445
584443
584185
584113
584073
584057
584007
583936
583870
583532
583410
583394
583059
582910
582895
582668
582657
582656
582446
582406
582365
582281
582251
582173
581893
581704
581575
581332
581020
580980
580978
580834
580741
580721
580667
580650
580550
580268
580216
579988
579891
579716
579674
579653
579624
579575
579511
579432
579365
579351
579317
579251
579225
579168
579168
578867
578663
578617
578587
578511
578454
578437
578332
578304
578266
578033
577719
577608
577522
577435
577321
577161
577113
577002
576911
576838
576758
576579
576538
576491
576473
576441
576372
576352
575997
575975
575720
575683
575596
575537
575491
574844
574840
574738
574636
574512
574186
574074
574058
574053
573977
573543
573501
573417
573407
573171
572530
572454
572410
572336
572333
572293
572235
572166
572135
572046
571858
571794
571479
570887
570713
570506
570322
570088
570030
569995
569453
569453
569364
569318
569280
569108
569034
568957
568947
568885
568802
568726
568650
568621
568513
568447
568405
568377
568312
568303
568275
568136
568105
567892
567848
567729
567683
567662
567632
567355
567355
567256
566918
566910
566873
566747
566684
566563
566538
566520
566432
566381
566142
565930
565859
565756
565575
565324
565223
565150
565128
564837
564705
564645
564631
564581
564179
564043
563831
563590
563542
563423
563285
563097
562976
562971
562942
562934
562863
562828
562808
562728
562668
562618
562609
562453
562406
562330
562197
562095
561930
561804
561765
561716
561622
561557
561555
561517
561476
561376
561353
561205
561188
561086
560877
560768
560767
560481
560445
560413
560387
560157
560122
560060
559754
559742
559682
559670
559586
559538
559237
559177
559157
558930
558822
558744
558688
558581
558481
558471
558428
558381
558356
558138
557884
557851
557699
557386
557333
557197
557059
556845
556787
556650
556573
556403
556368
556345
556335
556033
555982
555895
555835
555797
555641
555591
555340
555238
555089
554966
554958
554887
554796
554345
554314
554298
554277
554255
554067
553976
553952
553878
553849
553682
553065
552571
552331
552304
552302
552266
552177
552071
552022
551912
551854
551581
551472
551444
551353
551347
551294
551069
550907
550902
550885
550533
550493
550396
550213
550183
550051
550037
549737
549717
549699
549569
549564
549352
549199
548703
548665
548634
548632
548590
548401
548337
548311
548206
548112
548035
547937
547919
547882
547799
547726
547522
547485
547419
547387
547379
547272
547207
546946
546890
546820
546784
546778
546746
546644
546582
546505
546443
546387
546295
546254
546248
546066
546040
546036
546035
546025
545996
545945
545820
545755
545636
545608
545508
545438
545429
545413
545308
545272
544983
544921
544818
544697
544432
544312
544276
544203
544074
544055
543849
543772
543759
543757
543717
543608
543561
543301
543265
543197
542745
542532
542491
542276
542254
542221
542179
542160
541914
541618
541497
541216
541129
541129
541069
540990
540967
540964
540873
540842
540692
540642
540623
540623
540607
540517
540512
540436
540391
540356
540260
540200
540196
540193
540182
540168
540073
540055
539916
539704
539638
539631
539598
539460
539410
539384
539380
539162
539139
539112
539110
538921
538909
538657
538492
538395
538277
538095
537766
537736
537714
537696
537630
537513
537386
537351
537344
537279
537209
537163
537098
537061
537031
537004
536760
536670
536648
536615
536415
536282
535979
535936
535908
535900
535886
535829
535814
535756
535692
535567
535506
535334
535328
535307
534998
534979
534957
534882
534800
534581
534419
534358
534319
534269
534199
533990
533987
533978
533847
533520
533514
533480
533453
533381
533245
533223
532791
532649
532633
532607
532403
532303
531832
531653
531543
531496
531342
530976
530807
530734
530700
530560
530374
530357
530305
530271
530086
529977
529942
529669
529640
529636
529313
529029
528739
528540
528436
528307
528150
528067
527992
527945
527740
527376
527161
527073
527040
526993
526664
526617
526298
526227
526213
526157
526098
526002
525908
525673
525606
525335
525164
525164
524929
524869
524810
524801
524786
524737
524673
524663
524589
524445
524332
524277
524216
523911
523795
523524
522812
522656
522531
522482
522454
522271
522267
522166
521963
521800
521758
521744
521660
521656
521583
521536
521279
521083
520788
520694
520670
520632
520553
520518
520401
520268
520265
520252
520219
519930
519772
519748
519719
519704
519352
519254
519247
518930
518862
518832
518787
518619
518611
518541
518439
518398
518354
518346
518225
518003
517373
517286
517265
517180
517127
516941
516834
516827
516745
516740
516727
516611
516462
516414
516073
516068
516028
515865
515565
515521
515351
515013
514924
514627
514604
514556
514472
514434
514395
514361
514323
514272
514245
513784
513637
513227
513140
513123
513103
513080
512930
512815
512793
512732
512546
512377
512237
512212
511852
511773
511579
511493
511427
511379
511345
511302
511160
511005
510845
510754
510503
510453
510444
510356
510310
510253
510247
510222
510182
510077
509985
509518
509374
509360
509316
508997
508833
508792
508564
508561
508526
508508
508450
508409
508248
508096
508000
507891
507788
507647
507583
507557
507546
507482
507329
507185
507185
507177
507114
507086
507081
507059
506845
506838
506675
506530
506479
506424
506230
506214
505913
505908
505596
505588
505512
505450
505354
505309
505135
505036
505020
504695
504642
504543
504471
504414
504254
504248
503949
503900
503768
503699
503355
503321
503304
503264
503138
503088
502903
502859
502469
502392
502160
502144
502106
502024
501967
501898
501886
501690
501686
501674
501569
501490
501369
501354
501315
501233
501224
501036
500826
500689
500654
500336
500252
500213
499992
499929
499802
499642
499624
499581
499570
499557
499518
499509
499361
499172
499018
498905
498844
498841
498647
498502
498173
498010
497949
497918
497833
497807
497732
497710
497692
497512
497500
497444
497409
497343
497300
497269
496956
496950
496891
496758
496556
496417
496407
496401
496393
496337
496239
496238
496199
496188
495600
495465
495357
495236
495099
494964
494898
494844
494641
494581
494397
494311
494296
494091
494084
494080
494049
493992
493989
493982
493798
493758
493750
493684
493606
493536
493451
493260
493213
493106
492941
492878
492851
492494
492453
492322
492144
491852
491751
491430
491413
491309
491309
490786
490709
490703
490645
490431
490177
490164
490144
490126
489989
489827
489793
489724
489564
489205
488883
488814
488788
488680
488636
488497
488446
488398
488253
488109
487998
487882
487550
487304
487297
487183
486974
486843
486705
486607
486603
486597
486560
486534
486437
486353
486314
486313
486300
486097
485456
485442
485261
485245
485234
485132
484787
484649
484602
484601
484530
484468
484461
484438
484196
483874
483779
483702
483665
483334
483320
483221
483106
482914
482884
482871
482869
482808
482724
482642
482594
482545
482544
482488
482446
482362
482358
482350
482314
482201
482113
482092
482062
482032
481731
481717
481708
481686
481564
481508
481466
481405
481339
481168
481168
481108
480973
480641
480579
480486
480470
480391
480391
480267
480172
480099
480067
480005
479919
479670
479610
479590
479396
479353
479274
479273
479235
479209
479021
478149
478063
477601
477464
477229
477178
477144
477023
476912
476819
476809
476806
476751
476747
476732
476665
476642
476626
476596
476241
476170
475977
475911
475892
475889
475838
475680
475641
475583
475577
475485
475454
475214
475061
475017
474998
474816
474798
474671
474649
474597
474585
474523
474348
474304
474290
474179
474168
473914
473810
473803
473790
473653
473489
473352
473328
473255
473246
473212
473168
473073
472911
472865
472851
472796
472685
472657
472603
472342
472331
472244
472218
472158
472149
472124
472040
472027
471991
471896
471832
471832
471767
471539
471471
471360
471358
471023
471005
470911
470835
470801
470591
470589
470579
470570
470505
470392
470301
469865
469831
469545
469439
469232
469047
468872
468802
468748
468658
468379
468353
467526
467402
467055
466951
466703
466452
466114
466111
466017
466017
465997
465938
465796
465670
465399
465347
465222
465183
465160
465142
465100
464992
464853
464824
464806
464586
464553
464546
464327
464092
464086
464056
464009
463967
463966
463760
463757
463655
463576
463573
463435
463415
463342
463214
463156
463035
462788
462681
462662
462649
462503
462315
462310
462272
462231
462116
462106
461869
461788
461728
461616
461505
461469
461168
461093
461060
460881
460874
460845
460591
460475
460405
460394
460355
460070
460036
460005
459925
459924
459826
459811
459598
459514
459471
459321
459263
459185
459178
459064
458880
458827
458814
458663
458608
458573
458516
458412
458344
458235
458099
458062
458045
457948
457933
457869
457829
457710
457633
457318
457051
456892
456851
456704
456635
456552
456243
456237
456080
456036
455957
455888
455813
455811
455754
455376
455213
455158
455066
454936
454860
454804
454723
454642
454638
454582
454116
454109
453917
453853
453786
453764
453760
453696
453651
453621
453533
453434
453355
453304
453294
453278
453214
453158
453152
453138
452954
452876
452748
452715
452677
452619
452358
452339
452320
452279
452088
451988
451969
451938
451935
451903
451844
451780
451763
451606
451593
451557
451336
451281
451245
451243
451236
451233
451176
451157
451101
451004
450595
450545
450488
450394
450302
450281
450184
450135
450121
450074
449901
449894
449863
449846
449816
449809
449612
449478
449460
449455
449389
449358
449355
449273
449154
449128
449113
448949
448946
448832
448810
448735
448687
448626
448522
448222
448054
448011
448006
447807
447717
447570
447483
447224
447172
447049
447047
447000
446900
446832
446815
446790
446641
446623
446593
446459
446321
446109
446049
446011
446010
446002
445876
445640
445625
445603
445523
445363
445082
444771
444740
444591
444555
444536
444479
444223
444115
444101
444090
444057
443872
443755
443654
443630
443323
443309
443253
443121
443088
442968
442928
442862
442699
442664
442524
442467
442367
442207
442155
441773
441395
441327
441268
441266
441153
441105
440875
440836
440753
440305
440181
440091
440078
439887
439735
439728
439277
439193
439112
439072
439025
438952
438924
438884
438822
438764
438645
438604
438525
438524
438342
438338
438253
438165
438100
437865
437834
437811
437743
437648
437524
437440
437435
437385
437371
437158
437035
437007
436900
436806
436602
436568
436519
436264
436178
436147
436079
435415
435371
435370
435202
434881
434744
434717
434712
434710
434700
434601
434441
434320
434195
433665
433592
433565
433554
433482
433340
433123
432994
432992
432826
432742
432735
432659
432626
432554
432550
432485
432470
432117
432082
432072
432042
432020
431952
431881
431794
431517
431411
431214
431202
431149
431055
430903
430886
430875
430816
430808
430774
430750
430725
430692
430584
430381
430338
430162
430139
430134
430091
430090
430043
429979
429910
429805
429650
429622
429566
429565
429423
429127
429095
428985
428873
428798
428678
428664
428587
428432
428192
427976
427925
427877
427768
427520
427490
427326
427312
427310
427159
427128
426732
426670
426633
426622
426440
426349
426182
426097
426033
425994
425945
425826
425448
425420
425343
425339
425230
424961
424756
424674
424624
424610
424535
424411
424265
424183
424158
424091
423968
423944
423853
423831
423754
423559
423450
423398
423356
423208
423069
423049
422920
422890
422781
422729
422729
422583
422573
422400
422350
422279
422278
422263
422218
422150
422136
421996
421795
421758
421748
421396
421357
421191
421129
421115
420868
420768
420763
420653
420624
420539
420427
420423
420323
419962
419737
419728
419631
419563
419530
419524
419410
419289
419168
418953
418887
418864
418790
418771
418719
418641
418597
418446
418406
418349
418038
417995
417904
417882
417845
417758
417720
417567
417502
417156
417027
416970
416912
416881
416866
416748
416636
416555
416512
416485
416475
416428
416391
416365
416113
415805
415796
415688
415661
415656
415505
415468
415378
415263
415154
415148
415147
414982
414956
414855
414787
414768
414506
414497
414486
414474
414414
414249
414181
414097
414091
413981
413972
413869
413615
413558
413543
413285
413224
412969
412934
412867
412826
412821
412673
412663
412525
412518
412472
412411
412249
411999
411995
411901
411892
411856
411845
411686
411572
411518
411399
411000
410977
410935
410715
410687
410645
410474
410307
410127
410061
410057
409508
409407
409404
409355
409283
409136
408701
408585
408407
408303
408277
408150
408142
408033
407926
407783
407737
407666
407662
407633
407399
407342
407247
407180
407001
406990
406798
406749
406696
406684
406631
406524
406464
406228
406183
406171
406077
405943
405942
405839
405748
405623
405573
405448
405331
405289
405121
404960
404789
404782
404766
404750
404745
404711
404493
404365
404317
404017
403615
403577
403377
403330
403219
403188
402960
402863
402794
402762
402707
402643
402635
402524
402231
402217
402109
402106
401902
401888
401878
401822
401804
401781
401637
401632
401527
401379
401327
400907
400826
400592
400570
400565
400536
400534
400504
400477
400445
400217
400134
400077
400076
399735
399725
399638
399206
399185
399085
399051
398998
398930
398877
398829
398799
398607
398578
398577
398523
398465
398116
398058
397953
397892
397775
397545
397477
396652
396607
396435
396433
396304
396005
395946
395874
395840
395771
395474
395302
395118
395055
395053
395046
395031
394795
394558
394446
394421
394395
394332
394314
394244
394112
393981
393826
393766
393569
393555
393548
393401
393309
393278
393075
393012
392981
392975
392792
392746
392675
392449
392252
392196
392030
391978
391857
391837
391545
391543
391429
390990
390970
390946
390872
390870
390702
390298
390174
390143
390112
390061
389976
389961
389810
389682
389670
389645
389334
389329
389325
389218
389196
389096
388910
388873
388843
388699
388663
388475
388456
388342
388339
388267
388211
388028
388015
388001
387880
387873
387847
387845
387709
387637
387601
387565
387379
387355
387341
387174
387035
387017
386970
386854
386796
386776
386679
386659
386400
386285
386283
386187
386109
386091
385850
385629
385414
385180
385004
384956
384943
384813
384749
384702
384627
384537
384495
384299
384180
384019
383895
383886
383733
383725
383563
383449
383404
383276
382955
382824
382794
382626
382604
382518
382451
382400
382391
382380
381985
381808
381736
381732
381670
381620
381568
381227
381059
381028
380930
380885
380761
380695
380657
380605
380535
380356
380355
380298
380235
380154
380107
380030
380016
379802
379755
379644
379599
379532
379528
379318
378964
378906
378666
378633
378537
378433
378136
377774
377718
377589
377525
377408
377396
377121
376977
376848
376841
376606
376488
376475
376448
376337
376294
376193
375933
375849
375836
375579
375463
375345
375234
375151
375104
375072
374878
374869
374639
374482
374415
374391
374305
374260
374158
374132
374073
374057
373990
373975
373962
373943
373845
373785
373739
373728
373678
373403
373390
373387
373342
373108
373085
372772
372299
372139
372108
372039
371977
371816
371705
371682
371614
371600
371553
371397
371383
371375
371361
371305
371017
370861
370851
370837
370712
370621
370584
370492
370455
370072
370063
369899
369886
369819
369619
369542
369538
369419
369355
369343
369267
369111
368948
368891
368835
368738
368662
368582
368562
368557
368459
368444
368441
368233
368083
368019
368016
367924
367840
367759
367694
367659
367538
367457
367435
367316
367200
367107
366911
366810
366771
366761
366627
366554
366534
366259
366119
365753
365736
365539
365407
365397
365370
365315
365300
365222
365213
365054
365019
364962
364858
364773
364675
364621
364591
364582
364573
364553
364529
364467
364408
364234
364204
364203
364123
364122
363671
363604
363242
363217
363124
363078
363049
363045
363013
362940
362878
362738
362380
362260
362247
362161
362158
362138
362069
361923
361897
361869
361841
361819
361785
361621
361434
361325
361302
361298
361165
361028
361018
360915
360881
360765
360642
360544
360520
360456
360333
360164
359749
359710
359632
359538
359508
359476
359358
359345
359336
359073
359062
358943
358894
358867
358826
358781
358751
358731
358665
358498
358446
358413
358389
358360
358329
358273
357971
357962
357749
357234
357138
357072
357056
357055
357022
356971
356607
356549
356293
356266
356217
356093
356070
355664
355631
355562
355537
355522
355470
355395
355234
355190
355054
354704
354601
354540
354297
354230
354150
353986
353984
353946
353855
353841
353783
353620
353534
353519
353507
353494
353276
353217
353161
353055
353013
352986
352226
352212
352019
351971
351881
351754
351676
351602
351577
351529
351329
351208
351168
351133
351040
351016
350858
350836
350810
350628
350552
350535
350485
350476
350399
350298
350085
350055
350040
349942
349857
349838
349725
349561
349257
349241
349058
348793
348688
348670
348596
348536
348358
348301
348269
348222
348216
348054
348028
347917
347876
347818
347793
347729
347602
347561
347426
347297
347282
347199
347188
347153
347115
347083
347081
346910
346897
346860
346811
346774
346666
346566
346385
345646
345528
345508
345431
345297
345251
345233
345148
344972
344665
344656
344645
344609
344493
344433
344321
344211
344164
343740
343590
343567
343163
343156
343099
342915
342910
342842
342707
342650
342602
342489
342456
342444
342294
342238
342047
342019
341974
341919
341865
341707
341702
341515
341477
341447
341363
341008
340978
340894
340873
340829
340705
340559
340526
340506
340421
340198
340014
339946
339711
339649
339565
339389
339164
339029
338802
338657
338644
338581
338537
338458
338441
338381
338331
338134
338054
338037
338000
337854
337822
337726
337437
337019
336970
336856
336705
336642
336616
336608
336497
336451
336127
336103
336091
336012
335962
335736
335633
335589
335506
335479
335244
335232
335084
335051
334712
334710
334583
334572
334553
334005
334000
333970
333887
333824
333691
333651
333500
333437
333346
333308
333280
333206
333205
333172
332947
332813
332696
332547
332469
332107
332022
332004
331946
331821
331738
331641
331562
331544
331411
331324
330995
330218
330013
329974
329969
329834
329750
329526
329324
329297
329270
329263
329188
329084
328971
328760
328535
328477
328460
328342
328148
328048
328047
328001
327812
327743
327542
327382
327218
327141
327016
326933
326824
326816
326765
326750
326667
326438
326389
326052
325920
325837
325759
325680
325515
325371
325347
325306
325224
325196
325055
324972
324914
324736
324682
324541
324476
324459
324443
324270
324269
324072
324007
323987
323951
323790
323509
323448
323427
323320
323262
323175
323174
323116
323044
322958
322896
322878
322825
322814
322757
322742
322627
322616
322556
322516
322504
322456
322407
322382
322172
322134
321933
321539
321535
321491
321352
321194
321108
320923
320834
320793
320733
320693
320590
320331
320289
320156
320147
320089
319854
319846
319807
319758
319729
319583
319332
319322
319297
319162
319117
318854
318740
318707
318697
318680
318624
318443
318401
318379
318334
318301
318215
318154
317884
317884
317842
317828
317697
317677
317302
317219
317189
317129
316973
316875
316549
316495
316283
316267
316245
316109
315955
315719
315551
315450
315402
315302
315155
315148
314996
314984
314908
314358
314351
314227
314107
314101
314052
313908
313891
313831
313608
313280
313162
313010
312909
312856
312852
312663
312607
312557
312410
312379
312370
312318
312134
312050
312017
311836
311787
311784
311581
311372
311304
311195
311188
311153
311072
311065
311018
310965
310955
310938
310832
310763
310592
310481
310460
310453
310330
310113
310068
310053
310009
310002
309910
309885
309884
309866
309746
309722
309710
309625
309457
309369
309353
309313
309299
309296
309213
308914
308795
308722
308646
308479
308395
308370
308352
308159
308154
308037
308027
307903
307850
307776
307724
307681
307670
307647
307608
307480
307343
307264
307229
307188
306868
306810
306775
306727
306686
306598
306579
306566
306446
306426
306292
306243
306185
306142
306083
305886
305848
305765
305753
305735
305708
305573
305386
305263
305237
305222
305146
305104
305052
304887
304863
304819
304767
304713
304252
304067
304029
303962
303821
303811
303690
303243
303136
303068
303001
302948
302943
302894
302778
302689
302676
302616
302613
302545
302541
302537
302495
302444
302401
302240
302107
301848
301810
301807
301774
301629
301477
301222
301191
300996
300859
300772
300761
300747
300735
300732
300650
300616
300578
300558
300503
300466
300302
300048
300030
299723
299688
299684
299563
299271
299121
299062
298928
298603
298555
298539
298497
298449
298429
298366
298298
298258
298250
297830
297803
297553
297549
297419
297190
297052
296963
296895
296816
296774
296762
296574
296369
296349
296335
296180
296118
296058
295956
295932
295612
295601
295371
295258
295100
295067
294882
294850
294804
294668
294661
294585
294444
294274
294265
294247
294083
294066
294028
293980
293943
293834
293568
293463
293093
292900
292769
292738
292495
292452
292440
292331
292300
292051
292049
291995
291994
291882
291801
291772
291744
291741
291724
291499
291320
291230
291181
291126
291124
291092
290676
290515
290470
290376
290323
290311
290163
289938
289790
289624
289609
289525
289443
289108
289062
289038
289037
288986
288942
288907
288767
288712
288650
288589
288559
288550
288459
288375
288311
288204
288182
288136
288045
288028
287917
287840
287821
287754
287745
287652
287600
287584
287491
287438
287426
287378
287260
287241
287108
286565
286386
286186
286099
286047
285976
285874
285774
285767
285656
285584
285406
285340
285271
285231
285033
284938
284747
284738
284638
284635
284626
284585
284501
284475
284472
284357
284348
284278
284269
284054
283946
283938
283714
283710
283609
283452
283356
283235
283164
283156
283140
283031
282774
282768
282636
282580
282440
282264
282059
281944
281937
281866
281799
281740
281625
281549
281492
281444
281371
281234
281223
281163
281113
280958
280853
280814
280807
280804
280723
280678
280534
280459
280449
280220
280197
280086
280020
279966
279815
279294
279222
279208
279178
279106
278927
278842
278483
278234
278110
278045
277963
277673
277639
277639
277622
277215
277152
277071
277019
276851
276794
276755
276581
276350
276089
275981
275899
275890
275851
275818
275803
275778
275554
275446
275437
275171
275128
274833
274604
274533
274389
274118
273964
273927
273728
273494
273456
273446
273428
273288
273283
273219
273090
273087
273022
273021
272929
272862
272628
272487
272320
272315
272131
272107
272100
271954
271895
271428
271393
271372
271251
271182
271104
271091
270904
270861
270784
270691
270559
270500
270354
270288
270249
270241
270214
270117
269779
269755
269742
269690
269499
269484
269439
269333
269298
269290
269183
268720
268628
268522
268496
268427
268295
268242
268094
268024
267958
267620
267577
267517
267420
267418
267267
267241
267136
266724
266676
266605
266477
266458
266322
266271
266081
265891
265852
265833
265801
265758
265752
265732
265553
265355
265318
265264
265182
265155
265107
265060
265000
264861
264511
264401
264379
264336
264297
264099
264098
264019
263980
263949
263856
263531
263450
263327
263324
263306
263237
263163
263050
262794
262764
262578
262279
262098
261982
261965
261808
261713
261653
261513
261386
261209
261123
260995
260735
260460
260367
260107
260083
260033
259978
259805
259769
259716
259710
259691
259635
259515
259408
259382
259266
259242
259157
259118
259111
259059
258876
258838
258796
258767
258708
258630
258466
258360
258278
258250
258214
258187
258085
257974
257815
257622
257473
257418
257334
257278
257233
257185
256957
256908
256374
256284
256060
256021
256012
255748
255741
255720
255473
255458
255455
255432
255388
255234
255099
255065
255016
254935
254910
254833
254824
254800
254649
254633
254465
254369
254345
254007
254000
253966
253936
253916
253745
253632
253480
253448
253435
253407
253382
253198
253062
253007
252939
252917
252866
252810
252516
252467
252413
252298
252275
252197
252034
252020
251982
251851
251527
251522
251514
251381
250718
250708
250637
250574
250566
250419
250397
250196
250138
249969
249844
249838
249782
249732
249707
249695
249684
249525
249458
249423
249413
249278
249245
248933
248906
248674
248604
248319
248261
248093
248048
247982
247902
247895
247724
247707
247689
247592
247570
247358
247188
247149
247109
246908
246781
246653
246631
246560
246499
246471
246328
246312
246255
245953
245897
245852
245830
245556
245480
245477
245086
245045
244873
244859
244802
244731
244728
244726
244649
244555
244500
244446
244411
244403
244321
244198
244196
244071
243935
243863
243779
243689
243609
243476
243338
243317
243252
243246
243226
243183
243123
243052
242995
242964
242872
242461
242306
242304
242283
242108
242088
241891
241698
241651
241428
241198
240916
240849
240644
240633
240526
240342
240259
240184
240119
239984
239950
239852
239598
239311
239243
239142
238939
238850
238827
238747
238540
238490
238452
238410
238236
238136
238064
238049
237995
237486
237338
237309
237235
237222
237209
237029
236828
236790
236779
236773
236730
236546
236514
236403
236213
236198
236139
235856
235648
235574
235444
235296
235257
235115
235089
235085
235070
235008
234816
234716
234703
234564
234374
234326
234268
234178
233342
233026
232947
232533
232499
232415
232377
232246
232094
231903
231877
231521
231445
231328
231262
231190
231169
231099
231023
230904
230774
230647
230617
230472
230411
230398
230312
230274
230237
230210
230200
230111
230059
229945
229903
229823
229717
229706
229476
229405
229372
229315
229176
229083
229074
228554
228530
228434
228155
228044
227977
227756
227688
227325
227180
227045
226990
226877
226688
226555
226555
226509
226202
226166
226142
226101
226094
225937
225871
225826
225787
225685
225653
225614
225551
225126
225103
224997
224924
224796
224709
224643
224425
224412
224322
224283
224254
224232
224117
224017
223903
223854
223757
223698
223609
223476
223461
223437
223424
223411
223382
223333
223140
223012
222897
222783
222764
222530
222452
222308
222080
222040
221974
221801
221741
221733
221721
221580
221538
221528
221473
221401
221392
221363
221294
221159
221084
220813
220777
220777
220723
220339
219897
219891
219878
219764
219700
219556
219487
219278
219232
219139
219129
219050
218973
218967
218954
218903
218718
218641
218638
218609
218517
218479
218463
218446
218175
218127
218111
218030
217919
217883
217655
217630
217164
217160
217107
217069
216881
216863
216862
216770
216466
216410
216396
216296
216121
215799
215745
215721
215541
215303
215175
215142
215085
215078
215047
214797
214773
214721
214421
214373
214307
214222
214192
214128
214081
214074
213876
213661
213626
213599
213518
213506
213448
213437
213365
213344
213335
213263
213179
213069
213048
213007
212951
212884
212753
212720
212675
212512
212400
212304
212270
211880
211691
211502
211408
211279
211083
211053
211008
210956
210885
210618
210571
210568
210518
210497
210336
210207
210191
210153
210056
210047
210031
209977
209900
209832
209737
209529
209518
209438
209338
209317
209304
209213
209158
209156
209113
208872
208855
208355
208307
208193
208151
208123
208097
208041
208028
207894
207820
207743
207726
207688
207668
207643
207539
207415
207315
207090
206710
206655
206621
206546
206402
206395
206216
206120
205882
205880
205850
205848
205792
205726
205662
205469
205330
205250
205180
205078
204777
204745
204610
204426
204409
204264
204233
204098
204011
203798
203775
203611
203573
203538
203438
203306
202949
202756
202750
202736
202539
202430
202422
202375
202106
201949
201759
201742
201647
201497
201483
201385
201356
201239
201038
200965
200861
200855
200845
200784
200740
200591
200583
200453
200411
200306
200214
200195
200055
200011
199935
199908
199899
199706
199630
199616
199596
199527
199424
199348
199300
199172
198860
198758
198694
198566
198495
198419
198403
198226
198033
197745
197676
197491
197464
197392
197378
197345
197296
197112
196852
196777
196720
196697
196655
196613
196603
196585
196537
196518
196343
196261
196120
196030
196017
195900
195847
195832
195812
195761
195750
195692
195622
195461
195405
195260
195139
195137
195092
194943
194664
194604
194569
194511
194340
194237
194076
193411
193318
193229
193130
192990
192938
192895
192835
192759
192743
192678
192618
192349
192339
191975
191967
191859
191827
191802
191799
191556
191533
191402
191314
191306
191179
191155
191050
190874
190716
190646
190362
190324
190300
190261
190211
190089
189917
189873
189777
189761
189541
189455
189178
189064
189060
188929
188839
188735
188712
188673
188505
188471
188466
188441
188390
188384
188360
188230
188198
188150
188109
188108
188073
188036
187899
187879
187804
187597
187593
187497
187291
187262
187240
187211
187084
187038
186945
186944
186907
186877
186599
186567
186541
186363
186359
186275
186234
186004
185717
185708
185670
185473
185351
185305
185221
185164
185160
185103
184405
184141
184082
183983
183981
183946
183848
183761
183720
183622
183561
183173
183161
183101
183008
183002
182972
182946
182856
182771
182737
182685
182650
182477
182458
182387
182354
182321
182294
182147
182021
181995
181954
181882
181825
181742
181719
181600
181566
181551
181401
181083
181049
180752
180732
180703
180152
180003
179957
179920
179831
179783
179540
179408
179375
179337
178809
178721
178633
178370
178292
178288
177981
177913
177729
177698
177616
177594
177453
177253
177227
177166
177045
176863
176860
176756
176614
176468
176447
176437
176306
176292
176183
176178
176149
176090
175962
175911
175849
175590
175571
175341
175277
175104
174867
174853
174729
174577
174466
174375
174106
174105
174102
173910
173901
173778
173767
173688
173559
173501
173490
173329
173242
173213
173113
173084
172992
172990
172969
172794
172554
172255
172194
171931
171894
171742
171661
171599
171418
171412
171215
171143
171036
170889
170802
170766
170747
170688
170678
170562
170422
170410
170313
170306
170208
170145
170057
170011
169903
169736
169358
169313
169256
169235
169160
169078
169033
169016
168940
168931
168746
168640
168588
168556
168445
168373
168363
168329
168084
168072
168007
167937
167678
167439
167403
167168
166899
166775
166620
166594
166421
166315
165832
165789
165778
165745
165734
165646
165202
165196
165163
165078
165048
165020
164998
164939
164843
164787
164630
164536
164514
164494
164491
164319
164147
163932
163878
163841
163828
163362
163288
163285
163277
163255
163144
163131
163099
162536
162451
162259
162015
161749
161680
161673
161557
161416
161130
160938
160534
160492
160198
160092
160067
160007
159883
159667
159644
159489
159170
159104
159081
158885
158563
158543
158481
158432
158325
158311
158182
157775
157600
157549
157446
156965
156674
156661
156383
156352
156288
156200
156133
156107
156054
155912
155784
155727
155645
155610
155514
155313
155312
155230
155156
155080
154739
154683
154242
154186
154085
154015
153989
153866
153857
153856
153726
153683
153451
153377
153370
153261
153174
153110
152964
152948
152890
152826
152665
152227
152208
152107
152080
151684
151583
151500
151465
151381
151325
151289
150894
150433
150315
150294
150215
150164
150012
149862
149655
149209
148926
148906
148687
148652
148628
148583
148352
148338
148314
148150
148133
148050
147844
147825
147819
147656
147627
147204
147046
147026
147020
146997
146757
146625
146619
146604
146589
146529
146444
146325
146317
146314
146176
146083
145705
145628
145624
145491
145470
145390
145377
145359
145208
144868
144846
144829
144693
144663
144315
144199
144038
143987
143970
143924
143858
143832
143720
143635
143420
143369
143298
143258
143255
143033
142816
142266
142140
142020
141939
141749
141534
141434
141341
141141
140964
140890
140871
140863
140745
140735
140693
140641
140640
140619
140599
140386
140242
140217
140068
139883
139664
139543
139487
139130
139050
138984
138830
138667
138171
138107
138029
137980
137764
137761
137725
137677
137418
137349
137348
137242
137091
137079
136913
136704
136677
136672
136639
136421
136283
136183
136165
135853
135713
135688
135629
135568
135421
135332
135310
135277
135196
135066
134989
134864
134753
134750
134606
134577
134536
134350
134318
134186
134107
134026
133913
133849
133842
133799
133745
133730
133717
133636
133407
133147
133031
132909
132875
132850
132759
132689
132670
132648
132366
132338
132226
132035
131925
131821
131691
131526
131355
131330
131314
130838
130778
130504
130362
130304
130204
130199
130197
129937
129905
129896
129869
129828
129714
129551
129532
129454
129187
129157
129059
129039
128950
128748
128584
128531
128429
128407
128326
128325
128268
128262
128257
127984
127814
127577
127572
127551
127385
127262
127160
127146
127135
127116
127065
127035
126841
126574
126351
126333
126259
126121
126018
125981
125931
125930
125728
125721
125710
125561
125551
125498
125441
125437
125163
125141
124991
124889
124762
124650
124615
124441
124441
124405
124400
124316
124192
123905
123894
123890
123818
123790
123704
123480
123452
123378
123302
123297
123211
123179
123043
122521
122392
122313
122287
122254
122094
122081
121879
121798
121692
121244
121196
120792
120687
120669
120604
120521
120389
120369
120329
120325
120155
120055
120055
119915
119795
119781
119762
119757
119564
119321
119159
119093
119050
119015
118974
118966
118530
118450
118247
118240
118206
118197
118023
117912
117785
117734
117722
117542
117318
117314
117184
117131
117093
116960
116925
116898
116859
116669
116599
116578
116425
116415
116398
115913
115908
115677
115446
115419
115187
114902
114869
114705
114691
114514
114360
114348
114329
114134
114029
114002
113928
113876
113823
113604
113495
113484
112962
112637
112630
112557
112388
112230
112071
112051
111936
111815
111709
111367
111082
110910
110575
110455
110381
110349
110316
110240
109932
109903
109902
109896
109640
109610
109550
109448
109369
109283
109245
109153
109070
109032
108946
108907
108878
108783
108726
108618
108559
108500
108237
108171
108135
108118
108065
108057
108043
107858
107820
107774
107752
107588
107577
107533
107515
107431
107368
107090
107063
106960
106798
106711
106669
106633
106540
106484
106478
106227
106224
106137
105996
105976
105944
105867
105839
105717
105658
105656
105633
105531
105477
105464
105412
105378
105340
105339
105331
104847
104779
104774
104657
104639
104294
104293
104277
104209
104169
104156
103995
103784
103703
103625
103563
103545
103396
103333
103146
103086
103055
102939
102718
102567
102535
102531
102476
102300
102218
102125
102063
101879
101585
101531
101222
101172
101114
101052
101040
100934
100913
100911
100884
100858
100822
100764
100621
100590
100553
100505
100477
100417
100370
100192
100178
100166
100142
99926
99785
99696
99392
99355
99301
99284
99156
98911
98730
98573
98394
98311
98242
98131
97965
97910
97898
97859
97819
97621
97467
97447
97380
97352
97190
97168
96433
96128
96126
95825
95797
95744
95610
95579
95442
95423
95234
95148
95088
95010
94957
94927
94897
94692
94674
94572
94557
94463
94430
94375
94367
94316
93996
93909
93608
93455
93438
93118
93047
92806
92778
92634
91862
91813
91713
91685
91680
91424
91394
91391
91386
91259
91155
91106
91033
91001
90955
90941
90784
90784
90756
90656
90607
90602
90496
90462
90016
89945
89941
89925
89903
89883
89749
89682
89600
89536
89477
89344
89043
89024
88922
88901
88881
88849
88810
88649
88558
88522
88511
88490
88456
88400
88328
88312
88307
88283
88281
88279
88256
88133
88118
88034
87988
87878
87778
87626
87553
87343
87259
87229
87047
86951
86807
86773
86574
86565
86518
86477
86338
86156
86126
86086
86061
85958
85909
85881
85818
85737
85694
85694
85668
85633
85352
85165
84812
84766
84726
84650
84467
84348
84181
84126
84048
83956
83899
83779
83616
83604
83589
83542
83468
83466
83463
83384
83176
82980
82923
82911
82870
82708
82560
82353
82287
82269
82156
81878
81689
81608
81466
81405
81369
81297
81278
81075
80952
80764
80683
80679
80611
80611
80441
80440
80376
80275
80102
79996
79909
79688
79651
79577
79576
79335
79296
79222
79216
79201
79038
78954
78899
78802
78731
78675
78625
78527
78490
78155
78070
77900
77749
77570
77521
77520
77443
77199
77198
77089
77068
77040
77033
77017
76940
76804
76770
76744
76651
76597
76584
76428
76350
76283
76069
75999
75872
75753
75578
75373
75200
75141
74889
74782
74653
74533
74503
74422
74408
74367
74097
73836
73757
73520
73260
73231
73217
73041
73040
72926
72897
72810
72785
72680
72664
72640
72632
72587
72558
72491
72488
72447
72231
72156
72106
72045
72022
71987
71920
71710
71087
71028
70976
70936
70931
70868
70818
70693
70622
70496
70309
70226
70082
70061
70061
70030
69950
69788
69708
69666
69565
69340
69279
69183
69113
68776
68747
68625
68608
68572
68398
68383
68325
68274
68117
68094
68056
67963
67946
67901
67700
67504
67376
67365
67356
67336
67264
67261
67198
67181
67125
66972
66929
66900
66730
66476
66381
66124
66094
66089
66063
65969
65934
65840
65767
65702
65696
65675
65558
65524
65405
65316
65187
65186
65081
64957
64806
64547
64540
64531
64499
64339
64324
64307
64306
64178
64108
64023
63989
63887
63882
63776
63734
63721
63685
63572
63519
63358
63345
63255
63170
63109
63100
63027
62941
62935
62783
62488
62477
62137
62092
62037
61957
61956
61784
61619
61545
60999
60946
60939
60808
60748
60592
60454
60406
60224
60211
60174
60104
59409
59401
59028
58999
58926
58850
58802
58641
58604
58581
58335
58297
58238
58237
58059
57871
57849
57764
57754
57692
57411
57124
57078
57046
57017
56770
56696
56686
56655
56601
56588
56520
56441
56348
56225
56205
56200
56172
56157
56120
56058
56004
55996
55972
55907
55713
55314
55244
55069
54936
54816
54678
54507
54488
54364
54276
54252
54237
53927
53849
53581
53434
53327
53203
53170
52958
52907
52873
52857
52837
52837
52765
52727
52681
52538
52347
52249
52166
52031
51975
51812
51695
51643
51515
51363
51201
51145
50879
50852
50813
50789
50736
50523
50289
50006
49900
49891
49884
49673
49658
49632
49382
49326
49139
49114
49099
49079
49075
48982
48931
48842
48299
48034
47968
47951
47878
47838
47799
47736
47638
47636
47586
47552
47458
47293
47105
47100
47048
46888
46885
46544
46530
46337
46307
46204
46151
45949
45905
45872
45869
45729
45650
45648
45642
45616
45611
45527
45525
45469
45459
45419
45411
45381
45275
45255
45062
44965
44920
44809
44808
44625
44516
44403
44381
44321
44290
44033
44020
43931
43864
43584
43526
43415
43404
43210
42805
42739
42697
42680
42604
42543
42143
42032
41999
41706
41562
41322
41310
41062
40962
40893
40837
40783
40557
40335
40286
40274
40091
39942
39872
39727
39523
39417
39343
39300
38790
38644
38622
38557
38556
38496
38367
38260
38237
38219
38202
38013
37961
37911
37841
37703
37588
37430
37208
37164
37160
37022
36985
36697
36675
36446
36356
36344
36230
36139
36003
35961
35910
35573
35257
35240
35195
34926
34884
34882
34820
34750
34593
34453
34381
34088
34062
33887
33689
33677
33449
33284
33282
33137
32658
32441
32337
32325
31895
31819
31690
31072
30586
30526
30436
30343
30230
30181
30129
30056
29888
29887
29860
29792
29481
29400
29363
29230
29203
29142
29127
28927
28916
28912
28786
28736
28736
28616
28588
28568
28535
28533
28513
28497
28066
28064
27956
27620
27566
27536
27339
27330
27276
27193
27025
26920
26906
26275
26166
26049
25798
25628
25227
25215
25108
24842
24841
24715
24681
24671
24539
24404
24353
24336
24228
24044
24013
23810
23785
23736
23677
23472
23221
23204
23200
23008
22844
22580
22535
22214
21953
21806
21772
21562
21427
21386
21342
21167
21153
21078
21048
21037
20892
20835
20825
20577
20568
20486
20297
20175
20124
20076
19955
19911
19895
19875
19672
19546
19503
19466
19328
19306
19304
19285
19280
19181
19084
18880
18862
18557
18482
18245
18119
17997
17945
17904
17816
17736
17695
17623
17527
17523
17361
17187
17183
17120
17103
17040
16986
16883
16872
16807
16739
16737
16573
16320
16274
16100
16082
15856
15789
15702
15699
15647
15609
15600
15528
15509
15387
15378
15332
15298
15290
15031
14833
14723
14568
14526
14234
14214
14156
14076
13875
13863
13772
13615
13569
13539
13533
13493
13430
13406
13315
13256
13176
13115
13002
12797
12704
12635
12623
12604
12469
12419
12259
12228
12104
11835
11795
11522
11457
11351
11340
10901
10859
10816
10746
10618
10607
10535
10134
10131
10106
10048
10005
10000
9814
9799
9681
9558
9482
9261
9089
9086
8985
8837
8811
8731
8495
8320
8305
8044
7870
7813
7719
7431
7429
7360
7287
7183
7084
7068
7068
7007
6946
6889
6818
6597
6481
6349
6331
6266
6173
5872
5419
5412
5315
5287
5077
5072
4917
4838
4718
4704
4609
4582
4455
4384
4306
4303
4253
3901
3682
3650
3636
3534
3253
3252
3224
3212
3146
3045
2817
2611
2379
2250
2018
1969
1964
1766
1711
1667
1497
1451
1251
1165
1038
990
905
798
788
718
567
547
479
199
187
86
81
79
