999757
999687
999574
999484
999258
999226
999050
998924
998710
998619
998161
998102
997985
997893
997766
997625
997522
997498
997355
997324
997280
996990
996953
996635
996387
996312
996280
996172
996144
996090
995918
995780
995778
995752
995573
995539
995538
995272
995203
994785
994646
994500
994484
994257
994235
994149
994129
993915
993906
993731
993668
993632
993599
993495
993420
993402
993327
993138
992509
992504
992434
992391
992369
992336
992311
992274
992198
992100
992084
991923
991823
991813
991701
991701
991336
990968
990967
990886
990860
990808
990705
990601
990439
990364
990198
989868
989747
989643
989598
989594
989504
989276
989218
989195
989135
989047
989042
989016
988941
988935
988846
988674
988586
988582
988415
988364
988295
988285
988168
987942
987915
987818
987774
987717
987651
987628
987625
987574
987402
987385
987218
987130
987062
987006
986953
986924
986917
986916
986889
986841
986720
986574
986453
986300
986176
986166
986136
985990
985881
985441
985438
985360
985289
985120
985079
984903
984857
984808
984683
984661
984646
984629
984542
984452
984397
984385
984310
984088
983939
983849
983724
983708
983599
983288
983273
983137
983101
983089
983006
982904
982746
982674
982552
982301
982146
982140
981997
981881
981829
981818
981797
981689
981533
981529
981521
981317
981076
980926
980909
980859
980780
980764
980528
980363
980355
980346
980298
980083
980015
979866
979770
979752
979645
979574
979570
979479
979429
979424
979205
979098
979024
978935
978922
978767
978699
978668
978489
978435
978369
978255
978161
978007
977441
977301
977036
976644
976629
976593
976433
976352
976290
976153
976090
975992
975981
975622
975503
975480
975466
975231
975212
975154
975099
974960
974902
974898
974841
974834
974830
974830
974774
974660
974475
974448
974297
974177
973939
973906
973779
973699
973634
973618
973457
973399
973383
973278
973127
973117
973113
973078
973005
972944
972941
972874
972869
972840
972761
972748
972729
972718
972065
971906
971582
971371
971339
971325
971252
971133
970907
970830
970742
970727
970647
970545
970426
970223
969967
969928
969671
969657
969629
969531
969520
969237
969189
969106
968944
968860
968582
968548
968545
968238
968152
967781
967765
967731
967701
967658
967567
967244
967107
967067
967005
966988
966930
966929
966885
966726
966575
966538
966490
966426
966345
966241
966235
966191
966083
965980
965695
965637
965636
965566
965165
965110
964926
964870
964502
964425
963908
963890
963881
963707
963548
963446
963418
963394
963290
963288
963221
963197
963176
963159
963104
962934
962890
962763
962723
962712
962577
962428
962407
962313
961258
961230
961228
961208
961163
961159
961083
961072
961014
960948
960888
960564
960434
960386
959876
959558
959466
959461
959335
959120
959114
958919
958725
958719
958677
958550
958292
958224
958197
958128
957778
957458
957394
957364
957288
957262
957139
956964
956910
956462
956344
955875
955869
955829
955811
955811
955779
955697
955678
955455
955344
955284
955261
955238
955117
955007
954977
954916
954773
954755
954732
954647
954627
954403
954367
954142
953967
953846
953810
953793
953737
953673
953481
953407
953376
953256
953221
953198
953180
953157
953132
953034
952947
952826
952815
952802
952743
952726
952643
952575
952441
952170
952108
951959
951927
951750
951627
951608
951605
951527
951485
951261
951242
951185
951138
951060
951045
951014
950991
950862
950229
950150
949983
949892
949828
949793
949745
949619
949619
949350
949153
949142
949076
948732
948692
948560
948418
948244
948095
948024
948019
947960
947919
947859
947820
947506
947426
947345
947337
947297
947269
947209
947194
946913
946767
946400
946325
946320
946161
946043
945892
945797
945761
945710
945441
945338
945269
945236
945125
945115
945099
945056
945055
944973
944912
944571
944419
944308
944249
944143
944101
943390
943287
943127
943101
943077
943077
943036
942953
942840
942813
942763
942704
942542
942250
942247
942009
941850
941582
941576
941551
941451
941273
940813
940704
940501
940479
940395
940387
940357
940326
940322
940267
940210
940175
940036
939828
939597
939552
939501
939499
939415
939161
939131
939070
938911
938893
938745
938296
938165
938164
937949
937836
937787
937694
937625
937615
937545
937481
937443
937288
936840
936795
936787
936744
936743
936579
936173
935982
935862
935732
935531
934867
934846
934732
934720
934554
934396
934329
934309
934090
934033
933897
933288
933164
933107
932998
932618
932574
932477
932355
932350
932284
932152
932134
932092
932087
931918
931890
931809
931683
931671
931661
931632
931473
931351
931185
931126
931000
930953
930736
930663
930584
930387
930357
930307
930246
930147
930140
930072
930011
929732
929729
929482
929381
929203
929135
929043
929042
929029
929007
929005
928967
928873
928839
928744
928718
928589
928563
928543
928495
928464
928317
928315
928309
927967
927944
927754
927750
927701
927678
927667
927566
927510
927375
927359
927136
927107
926957
926933
926912
926889
926366
926301
926228
926148
926142
926102
926067
926062
926015
926001
925749
925694
925624
925526
925377
925368
925271
925210
925196
925157
925058
925018
925014
924947
924941
924880
924806
924662
924452
924398
924384
923906
923860
923798
923449
923402
923329
923087
923086
922761
922628
922571
922428
922247
922213
922120
922090
921872
921702
921329
920933
920908
920857
920655
920517
920370
920226
920138
920072
919971
919946
919909
919745
919507
919445
919404
919334
919225
919160
919155
919107
919077
918981
918930
918882
918565
918371
918296
918291
918189
918105
917985
917939
917913
917894
917829
917806
917747
917626
917554
917536
917447
917443
917355
917226
916974
916888
916781
916686
916675
916659
916278
916175
916040
916019
916018
916016
915831
915769
915703
915691
915564
915474
915448
915430
915314
915186
915071
914922
914779
914724
914544
914537
914502
914428
914314
914284
914262
914191
914094
914055
914041
913669
913121
913029
913023
912970
912839
912777
912741
912698
912607
912578
912521
912429
912349
912338
911895
911719
911708
911644
911621
911611
911564
911490
911324
911009
911004
910961
910912
910821
910790
910729
910693
910641
910392
910373
910293
910236
909987
909891
909881
909803
909724
909456
909255
909142
909122
908816
908788
908648
908526
908459
908427
908358
908341
908323
908300
908293
908227
908182
908076
908013
907931
907916
907613
907541
907485
907388
907330
907256
907195
906830
906499
906472
906162
906019
905912
905821
905781
905597
905522
905306
905287
905266
904912
904764
904638
904590
904552
904432
904340
904242
904198
904068
904030
903926
903844
903842
903807
903620
903613
903557
903547
903313
903124
903122
903095
903075
902843
902777
902672
902581
902576
902457
902377
902318
902218
902149
902112
902056
902041
901796
901740
901721
901572
901428
900990
900702
900457
900339
900336
900280
900212
900183
900080
899973
899875
899617
899538
899475
899151
899020
898805
898663
898552
898545
898410
898339
898240
898236
898217
897913
897870
897624
897397
897385
897271
896995
896862
896808
896658
896573
896566
895993
895978
895833
895740
895719
895599
895457
895377
895337
895273
895020
894971
894968
894944
894836
894689
894644
894430
894408
894394
894302
894255
894106
893953
893885
893814
893775
893724
893669
893586
893578
893560
893360
893271
893238
893147
893089
893079
892861
892419
892399
892371
892293
892200
892189
892134
892001
891980
891882
891780
891721
891664
891613
891532
891377
891253
891202
891110
891055
890786
890671
890666
890484
890397
890262
890146
890085
889993
889979
889957
889888
889872
889858
889613
889469
889458
889324
889201
888948
888480
888225
887967
887879
887842
887558
887556
887519
887340
887225
887175
887068
887018
887015
886960
886926
886895
886842
886677
886668
886571
886539
886478
886435
886287
886173
886150
886148
886107
886071
886060
885931
885899
885796
885749
885526
885522
885496
885493
885302
885296
885086
885046
885008
884837
884830
884633
884604
884481
884397
884383
884236
883991
883966
883792
883733
883677
883645
883552
883501
883459
883384
883353
883315
883186
883163
883067
883060
882903
882718
882699
882656
882564
882536
882530
882429
882389
882355
882271
882253
882233
882146
882131
882087
882016
881981
881798
881580
881563
881539
881481
881452
881412
881351
881140
880777
880644
880403
880272
880197
880110
880073
880023
880022
879874
879807
879799
879711
879626
879200
879082
879079
878973
878880
878853
878755
878669
878496
878372
878347
878293
878189
878189
878124
878111
878023
877830
877827
877764
877755
877506
877446
877304
877201
877183
877011
876857
876639
876476
876455
876450
876362
876266
876214
876212
876032
875746
875691
875629
875465
875382
875360
875310
875309
875134
874980
874834
874815
874682
874628
874621
874344
874309
874118
873995
873693
873680
873673
873636
873244
873176
873160
873036
873034
872916
872793
872751
872690
872499
872479
872172
872110
872108
871724
871580
871562
871458
871417
871352
871289
871275
871154
870990
870859
870755
870623
870467
870442
870427
870400
870384
870373
870359
870289
870182
870082
869848
869806
869718
869607
869569
869391
869360
869264
869230
869222
869180
868947
868900
868875
868855
868834
868773
868755
868697
868506
868488
868348
868276
868013
867893
867816
867466
867432
867139
867030
866898
866842
866780
866771
866690
866585
866354
866078
866006
865994
865768
865741
865715
865532
865436
865414
865395
865363
865357
865165
865099
865048
864197
864182
864117
864102
864098
864069
864066
863792
863550
863490
863480
863453
863441
863331
863305
863248
863174
863124
863023
863020
862793
862611
862574
862555
862475
862466
862465
862067
861898
861880
861865
861829
861826
861803
861791
861620
861580
861530
861456
861311
861135
861059
860955
860913
860886
860626
860597
860507
860199
860197
860146
860143
860074
860068
859993
859886
859886
859835
859808
859743
859703
859628
859474
859452
859395
859171
859129
859110
858574
858562
858524
858461
858286
858008
857897
857861
857849
857789
857744
857585
857527
857483
857385
857370
857319
857255
857056
857030
856894
856868
856836
856823
856760
856693
856569
856491
856313
856104
856077
855746
855629
855452
855447
855441
855387
855196
854935
854869
854855
854821
854812
854717
854364
854326
854265
854159
853990
853986
853906
853795
853654
853596
853566
853466
853350
853189
853157
853065
852743
852653
852573
852565
852545
852542
852466
852030
851882
851790
851644
851546
851507
851174
851162
851141
850925
850867
850812
850791
850736
850687
850560
850515
850303
850228
850006
849968
849933
849673
849654
849605
849252
849215
849211
849128
849060
848964
848657
848655
848558
848503
848413
848217
848137
848079
847838
847757
847548
847443
847121
847116
847108
847077
847000
846937
846868
846851
846811
846738
846727
846634
846599
846177
845867
845776
845685
845501
845459
845262
845251
845192
845037
844821
844480
844319
844284
844244
844009
843710
843602
843580
843528
843492
843365
843295
843291
843219
843060
842904
842721
842681
842640
842640
842579
842424
842411
842366
842306
842252
842121
842100
842079
842074
841878
841761
841733
841614
841401
841293
841163
840913
840884
840880
840748
840628
840439
840383
840284
840173
839870
839203
839151
839142
838985
838948
838650
838536
838510
838507
838475
838396
838361
838188
838097
838094
838061
838051
837845
837726
837655
837643
837358
837247
837134
837057
836907
836722
836572
836532
836487
836346
836299
836205
836127
836076
835939
835929
835730
835701
835697
835585
835487
835393
835321
835301
835275
835165
835083
834919
834724
834701
834701
834440
834029
833818
833771
833767
833687
833624
833510
833382
833370
833340
833163
832969
832762
832712
832703
832516
832511
832444
832289
832189
832120
831748
831686
831664
831648
831343
831296
831290
831215
831162
831123
831050
831010
830899
830889
830873
830869
830835
830534
830499
830487
830292
830249
830111
830059
830026
829855
829752
829735
829724
829401
829400
829381
829315
829283
829205
829193
828977
828962
828942
828788
828770
828438
828435
828226
828184
828132
828106
828064
827952
827925
827875
827731
827727
827532
827151
827089
826875
826587
826439
826439
826323
826232
826222
826030
826006
825860
825801
825724
825645
825632
825554
825110
825106
825104
825070
825057
825033
824853
824804
824703
824670
824631
824583
824401
824250
824214
824187
824173
823915
823838
823831
823590
823314
823227
823199
823135
823130
823070
822956
822948
822638
822622
822618
822508
822425
822386
822066
821978
821964
821878
821814
821808
821611
821312
821251
821235
820911
820750
820713
820512
820372
820272
819981
819966
819920
819861
819836
819702
819634
819632
819618
819610
819454
819314
819158
819147
819109
819071
819035
818964
818868
818838
818647
818614
818573
818486
818422
817948
817809
817625
817510
817392
817133
817094
816995
816993
816962
816940
816863
816818
816610
816486
816464
816439
816331
816300
816227
816169
816167
816056
815957
815695
815682
815636
815603
815529
815459
815225
815057
814939
814931
814924
814847
814817
814464
814312
814185
814129
814074
813520
813503
813471
813317
813035
812731
812476
812409
812387
812230
812029
811997
811936
811905
811769
811743
811673
811561
811486
811167
811073
810966
810897
810842
810817
810809
810640
810544
810512
810496
810415
810299
810011
809855
809808
809726
809715
809452
809450
809433
809416
809327
809318
809290
809093
809058
809049
809023
808965
808868
808798
808781
808758
808607
808486
808171
808054
807965
807914
807902
807902
807340
807318
807106
807072
807031
806978
806869
806808
806540
806523
806521
806473
806467
806361
806346
806125
806034
805944
805932
805783
805440
805429
805198
805028
804700
804562
804544
804495
804326
804307
804256
804175
804154
804093
803998
803980
803883
803759
803702
803702
803686
803650
803592
803557
803503
803476
803471
803443
803374
803372
803319
803302
803251
803244
803239
803131
803076
802847
802636
802588
802464
802034
801958
801952
801872
801795
801526
801476
801473
801355
801343
801076
800983
800842
800775
800752
800697
800607
800524
800477
800470
800419
800353
800256
800244
800210
799903
799881
799871
799867
799492
799491
799321
799170
799157
799147
799089
798933
798493
798445
797967
797837
797740
797649
797603
797540
797518
797513
797494
797462
797430
797353
797315
797149
797145
797127
797000
796942
796669
796615
796529
796494
796229
796103
796083
795970
795966
795923
795910
795890
795779
795658
795431
795243
795230
795194
795138
795046
794761
794599
794592
794470
794413
794259
794243
794161
793878
793837
793724
793646
793486
793463
793266
792791
792786
792595
792545
792476
792219
792212
792193
791963
791942
791899
791893
791677
791549
791375
791280
791278
791226
791020
790940
790759
790337
790244
790202
789897
789811
789726
789688
789564
788847
788738
788687
788668
788630
788086
787933
787783
787761
787514
787439
787323
787301
787236
786964
786946
786926
786866
786685
786668
786630
786548
786547
786362
786314
786310
786195
786134
786085
786083
785952
785806
785787
785722
785704
785659
785633
785589
785509
785493
785420
785368
785354
785225
785105
784961
784898
784519
784472
784466
784420
784313
783993
783738
783638
783512
783474
783262
783259
783180
783175
783174
783150
783041
783025
782997
782953
782776
782759
782456
782449
782387
782377
782377
781873
781816
781798
781450
781324
781288
780955
780898
780713
780621
780614
780599
780596
780398
780353
780102
779969
779834
779801
779541
779428
779105
778991
778980
778859
778830
778801
778730
778704
778654
778646
778634
778553
778490
778436
778384
778347
778318
778288
778221
777887
777786
777695
777633
777335
777290
777129
776820
776750
776557
776432
776423
776356
776046
775940
775773
775753
775339
775271
775218
775024
775015
774836
774749
774692
774653
774462
774386
774372
774156
774146
774130
774024
773623
773499
773288
772875
772826
772775
772680
772527
772495
772224
772175
772091
771670
771653
771474
771470
771446
771428
771256
771213
771147
771097
771056
770838
770792
770221
770208
770030
770008
769989
769732
769579
769570
769528
769390
769302
769193
768983
768853
768832
768802
768737
768733
768577
768440
768207
768156
768151
768123
768055
767864
767683
767543
767455
767245
767226
767201
767089
767079
767039
766855
766816
766805
766785
766445
766408
766287
766070
765929
765900
765652
765550
765490
765222
765167
765131
765089
765029
764991
764772
764713
764543
764520
764514
764458
764114
764096
764051
763919
763821
763743
763649
763640
763621
763620
763592
763578
763372
763237
763215
762969
762886
762864
762855
762733
762730
762713
762650
762624
762570
762553
762457
762419
762324
762177
761950
761674
761633
761618
761576
761517
761430
761303
761154
761151
760872
760846
760765
760557
760421
760326
760252
760251
760236
760076
760026
759892
759844
759826
759796
759610
759517
759366
759254
759231
759211
759210
759030
758888
758887
758813
758729
758722
758640
758594
758427
758411
758221
758068
758024
757938
757930
757888
757851
757782
757778
757693
757525
757362
757348
757073
756879
756872
756667
756592
756552
756493
756466
756442
756386
755934
755878
755818
755661
755574
755535
755486
755485
755476
755448
755443
755438
755390
755337
755296
755120
755099
754994
754958
754868
754856
754840
754760
754562
754495
754454
754289
754275
754197
754175
753881
753824
753807
753728
753673
753613
753548
753388
753255
753237
753159
753111
753087
753031
752952
752906
752838
752715
752699
752603
752595
752572
752503
752476
752011
751951
751575
751394
751230
751188
751111
751107
751058
751024
751002
750998
750994
750957
750852
750803
750650
750534
750288
750258
750212
750184
750146
750118
750041
749961
749956
749839
749743
749737
749371
749114
749043
748989
748776
748672
748565
748471
748319
748252
748114
748057
747869
747772
747765
747764
747728
747587
747582
747516
747455
747429
747324
747287
747275
747120
747032
746998
746956
746933
746736
746669
746664
746651
746647
746516
746456
746421
746414
746350
746123
746013
745939
745852
745731
745610
745572
745516
745463
745372
745256
745052
745016
744970
744676
744463
744346
744329
744315
744212
744015
743873
743515
743268
743137
743120
743031
743012
742922
742770
742683
742538
742505
742494
742465
742197
741759
741630
741621
741406
741324
741301
741205
741187
741122
741099
741054
741029
741010
740920
740901
740871
740814
740814
740750
740508
740307
739921
739896
739859
739842
739512
739508
739477
739449
739436
739374
739364
739054
739044
738985
738881
738879
738878
738712
738560
738503
738204
738071
737944
737929
737819
737814
737750
737729
737705
737704
737590
737527
737394
737232
737178
737055
737045
736976
736853
736647
736645
736624
736427
736326
736314
736261
736153
736148
736041
736040
735967
735948
735877
735856
735821
735405
735282
735208
735182
735169
735169
735037
734952
734844
734823
734765
734652
734556
734496
734295
734213
734085
733874
733821
733678
733595
733569
733512
733371
733298
733180
733125
733028
732986
732972
732804
732772
732756
732628
732572
732564
732536
731880
731864
731832
731750
731660
731636
731508
731348
731205
731182
731026
731001
730954
730857
730838
730823
730648
730619
730588
730562
730514
730140
730135
730105
729901
729893
729775
729771
729671
729644
729559
729304
729137
728991
728736
728646
728618
728261
728162
728118
728094
728026
728018
727946
727852
727792
727777
727753
727627
727391
727356
727263
727066
726314
726311
726295
726193
726090
726079
726062
725988
725868
725759
725663
725535
725494
725416
725087
724819
724655
724442
724402
724312
724300
724245
724197
724175
724143
724125
724106
723846
723797
723732
723472
723415
723159
723126
723094
723046
723046
722981
722972
722970
722556
722535
722378
722326
722161
722160
722112
722111
722086
722041
722013
721923
721876
721870
721870
721802
721705
721550
721536
721493
721485
721388
721349
721284
721175
721116
720951
720866
720697
720674
720630
720572
720493
720436
720384
720364
720352
720235
720220
720046
720034
720031
719886
719613
719562
719472
719462
719276
719219
719165
718682
718666
718650
718622
718365
717821
717764
717750
717619
717590
717554
717525
717472
717470
717291
717101
717095
716393
716357
716223
716221
716173
715966
715964
715761
715695
715632
715457
715293
715270
714957
714816
714601
714457
714434
714212
714172
714090
713949
713922
713801
713704
713673
713587
713547
713326
713287
712922
712889
712705
712670
712617
712462
712444
712398
712321
712286
712126
711739
711196
710994
710993
710849
710787
710696
710684
710251
709949
709903
709864
709763
709641
709579
709333
709300
709125
709067
708708
708468
708443
708431
708396
708386
708330
708287
708197
708132
708054
708031
708026
708005
707870
707814
707756
707437
707285
707217
707212
706995
706977
706932
706797
706707
706613
706422
706378
706343
706313
706226
706157
706029
705915
705740
705619
705553
705434
705339
704997
704970
704947
704790
704573
704379
704359
704323
704035
704030
703882
703725
703696
703670
703654
703233
703162
703041
702918
702554
702528
702439
702423
702337
702077
702042
702003
701989
701855
701845
701703
701211
701171
701119
700714
700609
700507
700467
700185
699996
699792
699602
699527
699508
699434
699376
699352
699226
699171
699009
698902
698632
698622
698532
698426
698376
698304
698183
698182
698089
697987
697936
697927
697798
697789
697523
697508
697370
697343
697324
696935
696905
696589
696509
696451
696277
696261
696134
696056
695937
695905
695754
695525
695517
695449
695430
695326
695119
695016
694965
694822
694652
694646
694607
694591
694518
694137
694005
694001
693901
693851
693819
693749
693538
693513
693292
692843
692680
692551
692391
692373
692328
692250
692233
692209
692141
692092
691936
691853
691848
691671
691506
691386
691330
691245
691231
691202
690948
690916
690721
690656
690233
690079
689992
689930
689623
689552
689495
689446
689309
689260
689187
689150
688936
688875
688804
688159
687842
687515
687500
687412
687343
687278
687241
687231
687132
687105
687030
686704
686628
686577
686490
686471
686417
686307
686290
686259
686236
686214
686154
686127
685969
685817
685811
685735
685597
685489
685298
685274
685106
685026
684997
684965
684758
684622
684426
684425
684370
684241
684188
684156
684121
684120
683853
683806
683783
683720
683692
683654
683597
683259
683257
683231
683158
683148
683087
682989
682924
682918
682897
682802
682698
682626
682560
682501
682459
682408
682146
682052
682004
681961
681923
681834
681759
681675
681636
681464
681313
681251
681136
681125
681037
681012
681000
680880
680866
680606
680320
680291
680202
680174
680163
680094
679950
679947
679867
679858
679815
679590
679564
679505
679503
679392
679279
679274
679145
679017
679015
678998
678820
678689
678614
678506
678375
677999
677562
677400
677357
677330
677257
677052
677009
676974
676871
676848
676286
676177
676164
676078
675997
675997
675964
675932
675856
675838
675749
675720
675675
675467
675422
675238
675224
675029
674954
674833
674566
674564
674560
674382
674277
674137
673963
673903
673762
673753
673723
673518
673518
673412
673302
673157
673058
672921
672485
672455
672383
672207
672102
672028
671758
671701
671682
671654
671603
671565
671373
671370
671304
671264
671242
670956
670925
670886
670781
670727
670648
670504
670498
670452
670371
670333
670198
670067
669910
669818
669745
669706
669665
669641
669611
669491
669467
669212
669099
668989
668856
668718
668697
668554
668468
668370
668290
668159
668146
668136
668100
668064
667835
667824
667683
667656
667595
667357
667323
667301
667082
667029
667024
666937
666719
666503
666433
666372
666369
666317
666253
666141
666107
666054
666000
665875
665666
665561
665416
665035
665023
664728
664712
664649
664583
664529
664499
664497
664478
664387
664191
664158
664118
664109
664052
663984
663937
663936
663851
663760
663685
663681
663577
663465
663370
663368
663289
663282
663209
663136
663054
662847
662450
662237
662180
662055
661907
661885
661871
661851
661808
661786
661779
661626
661613
661514
661488
661484
661450
661193
661188
661131
661073
661046
660866
660843
660822
660810
660333
660244
660084
660075
660002
659212
659113
659036
659029
658761
658699
658682
658565
658561
658506
658486
658384
658312
658010
657666
657513
657330
657278
657252
657190
657029
656770
656673
656581
656348
656343
656339
656247
656183
656169
656164
656122
655820
655707
655622
655550
655410
655356
655210
655111
655079
654750
654644
654517
654454
654449
654381
654220
654134
653899
653801
653640
653634
653423
653421
653389
653351
653312
653266
653195
652877
652866
652860
652703
652245
652241
652211
652189
652140
652038
651959
651926
651790
651709
651699
651646
651636
651388
651260
651211
651184
651037
651022
650925
650791
650788
650607
650555
650546
650352
650293
650217
650167
649944
649788
649639
649631
649470
649227
649121
648975
648825
648714
648574
648508
648483
648442
648404
648350
648316
648104
648046
647933
647500
647443
647248
647186
647047
646911
646720
646621
646487
646434
646357
646196
646112
646105
646059
645731
645713
645586
645276
645245
645158
645052
644639
644493
644396
644344
644187
644120
644038
643860
643603
643563
643168
643048
643020
643006
642988
642843
642789
642722
642716
642577
642236
641948
641888
641603
641576
641430
640735
640524
640241
640191
640098
640043
639886
639878
639473
639393
639348
639177
639093
638946
638944
638864
638816
638793
638498
638309
638262
638203
638173
638143
638029
638019
637937
637845
637820
637636
637582
637474
637452
637405
637349
637340
637317
637308
637228
637226
637154
637088
636996
636911
636822
636761
636743
636608
636584
636519
636331
636283
636127
635989
635969
635937
635912
635841
635735
635699
635614
635611
635605
635119
635029
635017
634846
634839
634796
634594
634362
634325
634027
633897
633872
633833
633790
633777
633772
633677
633606
633595
633451
633350
632999
632952
632924
632899
632781
632780
632698
632665
632551
632503
632465
632344
632036
631868
631854
631749
631744
631488
631300
631245
631207
631159
631037
631005
630997
630688
630670
630579
630462
630399
630323
630313
630134
629897
629887
629799
629782
629738
629690
629674
629546
629403
629336
629287
629237
629026
629022
628960
628853
628750
628454
628282
628249
628097
627968
627759
627690
627676
627587
627579
627573
627505
627323
627289
627284
627279
627169
626991
626963
626814
626706
626683
626634
626633
626619
626459
626430
626320
626282
626200
626139
625997
625976
625972
625869
625807
625802
625775
625488
625221
625146
625090
625026
624874
624817
624696
624527
624393
624289
624262
624142
624133
624130
624064
623801
623799
623746
623621
623326
623323
623316
623299
623249
622877
622652
622504
622429
622428
622418
622341
622328
622269
622228
622175
622166
622008
621989
621936
621904
621888
621884
621736
621736
621571
621378
621345
621229
621201
621165
620955
620936
620880
620843
620774
620768
620763
620755
620588
620287
620113
619764
619585
619538
619534
619505
619443
619323
619213
619075
619043
618915
618810
618679
618370
618340
618313
618285
618078
618071
618002
617954
617847
617829
617765
617701
617627
617531
617491
617422
617175
617116
617094
617073
616837
616697
616635
616625
616613
616242
616102
615873
615765
615628
615596
615566
615458
615425
615347
615201
615104
615036
614950
614798
614795
614771
614747
614718
614578
614445
614436
614357
614328
614287
614135
614079
613980
613927
613841
613702
613607
613514
613374
613118
613100
612864
612848
612835
612664
612616
612611
612529
612477
612380
612257
612230
612157
612134
612133
612116
612111
612079
611979
611948
611729
611674
611561
611116
611059
610954
610900
610899
610859
610828
610778
610624
610622
610612
610515
610497
610479
610366
610307
610277
610250
610237
610069
609679
609647
609597
609593
609578
609524
609484
609382
609381
609371
609154
608977
608902
608841
608789
608700
608601
608463
608162
608162
608153
608146
608130
608091
608088
608049
608043
607986
607953
607760
607637
607570
607512
607423
607244
607210
607056
606793
606682
606598
606422
606403
606315
606231
606209
606073
605967
605889
605862
605794
605459
605451
605258
605233
605168
605140
605053
604947
604942
604851
604831
604813
604708
604684
604515
604509
604507
604496
604462
604361
604355
604328
604042
604017
603979
603974
603927
603901
603834
603786
603422
603260
602877
602804
602744
602743
602405
602332
602317
602066
602039
602028
601873
601643
601639
601497
601434
601423
601419
601386
601316
601200
601185
601181
601140
600997
600978
600924
600824
600796
600750
600631
600609
600408
600183
600144
600120
599918
599878
599782
599762
599738
599626
599571
599239
599225
599195
599172
599158
599105
598890
598591
598493
598417
598404
598304
598070
598044
597782
597726
597683
597628
597608
597596
597588
597449
597203
597148
596861
596826
596588
596483
596468
596453
596429
596260
596171
596142
596043
595984
595894
595770
595754
595636
595254
595143
595122
594860
594750
594717
594631
594466
594446
594265
594146
594119
593887
593860
593793
593466
593341
593255
593162
593030
593007
592990
592955
592638
592620
592542
592496
592466
592197
591939
591921
591889
591881
591858
591825
591603
591439
591245
590804
590727
590581
590336
590252
590084
590054
589882
589784
589458
589421
588640
588635
588436
588342
588256
588135
588083
588078
588009
587889
587888
587875
587770
587727
587219
586997
586915
586847
586794
586713
586694
586436
586419
586348
586131
586120
585812
585648
585035
584873
584863
584615
584595
584578
584559
584497
584445
584412
584347
584336
584062
583929
583873
583777
583671
583400
583397
583353
583280
583099
582992
582911
582558
582291
582269
582243
582235
582140
581867
581758
581552
581260
581252
581142
580802
580419
579663
579639
579541
579005
578988
578878
578875
578797
578626
578475
578403
578264
578257
577728
577724
577325
577298
577248
577112
577065
576957
576894
576892
576858
576642
576363
576312
576280
576179
576040
576006
575904
575726
575638
575629
575551
575341
575325
575169
575147
575108
574901
574828
574808
574604
574558
574489
574361
574338
574318
574205
574193
574179
574025
574002
573908
573878
573866
573809
573773
573734
573644
573445
573418
573378
573199
573135
573087
572964
572935
572864
572790
572743
572569
572448
572440
572418
572385
572246
572188
572156
572070
571885
571825
571780
571598
571513
571431
571356
571192
571186
571157
571026
570738
570649
570536
570449
570011
569872
569687
569458
569410
569298
569239
569212
569116
568959
568734
568713
568686
568639
568563
568257
568218
568195
568072
567975
567874
567506
567456
567363
567344
567300
567280
567279
567241
567239
567159
566998
566951
566901
566701
566671
566619
566578
566488
566483
566289
566190
566179
566062
566052
565961
565873
565798
565784
565493
565364
565346
565279
565202
565066
564942
564711
564636
564575
564574
564407
564338
564268
564190
563957
563949
563912
563711
563643
563375
563365
563364
563343
563242
563210
563143
563023
562995
562978
562760
562702
562688
562656
562530
562346
562236
562213
562183
562161
562157
562152
562138
562121
562117
562093
562077
561984
561871
561857
561787
561622
561578
561444
561270
561180
560809
560792
560335
560242
560211
560209
560182
560083
560075
560045
559706
559701
559508
559480
559341
559308
559180
559091
559025
558939
558915
558913
558809
558733
558729
558684
558646
558614
558544
558458
558387
558363
558213
558125
558070
558056
557858
557725
557637
557625
557465
557357
557294
557279
557197
557096
557028
556962
556915
556890
556775
556766
556706
556631
556536
556525
556472
556374
555924
555830
555488
555386
555381
555247
555191
554894
554490
554480
554479
554448
554397
554301
554263
554095
554066
553915
553897
553805
553695
553558
553493
553336
553234
553210
553184
552881
552593
552534
552511
552436
552385
552355
552130
552107
552048
551744
551645
551376
551222
551184
551116
551049
550881
550720
550590
550576
550557
550432
550417
550377
550276
550193
550170
550158
550111
550037
550034
550011
549996
549954
549923
549920
549888
549887
549808
549703
549451
549424
549288
549262
549177
548938
548881
548721
548664
548420
548298
548296
548273
548263
548227
548087
548065
548023
548001
547992
547736
547615
547599
547511
547507
547503
547255
547195
547066
546721
546397
546263
545997
545946
545939
545929
545518
545473
545419
545245
545222
545218
545164
545159
545148
545117
545107
544934
544831
544742
544730
544719
544708
544705
544548
544536
544421
544398
544360
544222
544214
544062
543845
543798
543769
543507
543466
543453
543254
543180
543145
543088
542666
542522
542486
542419
542174
542149
542077
542004
541978
541946
541894
541893
541738
541665
541651
541500
541488
541480
541320
541299
541261
541219
541069
540942
540136
540100
539782
539748
539679
539600
539295
539217
539143
539101
538972
538844
538669
538605
538580
538467
538436
538388
538283
537913
537654
537558
537416
537413
537337
537249
536812
536718
536351
536324
536261
536183
536124
536094
535974
535819
535735
535516
535450
535321
535268
535088
534939
534673
534645
534612
534400
534387
534289
534267
534255
534153
534132
534120
534009
533890
533758
533513
533475
533358
533263
533242
533212
532921
532864
532834
532746
532718
532694
532616
532511
532325
532181
532144
531912
531857
531817
531624
531578
531469
531304
531022
530997
530811
530706
530705
530570
530428
530399
530357
530331
530266
530145
530076
530034
529811
529798
529769
529647
529418
529380
529212
529192
529026
529005
528967
528861
528816
528798
528773
528731
528614
528287
528275
528171
527967
527925
527818
527632
527568
527564
527540
527479
527424
527410
527382
527305
527266
527174
527014
526921
526839
526813
526792
526686
526598
526505
526481
526377
526314
526288
526276
526178
526142
526053
525970
525910
525876
525737
525637
525573
525564
525512
525490
525461
525442
525396
525334
525222
525030
524983
524968
524862
524486
524463
524372
524302
524284
524213
524191
524100
523912
523892
523533
523527
523427
523424
523375
523360
523309
523264
523155
523140
523123
522809
522639
522632
522506
522485
522420
522356
522305
522115
521957
521801
521712
521597
521520
521492
521463
521319
521269
521117
521082
520991
520676
520541
520493
520480
520382
520287
520200
520120
519946
519831
519786
519761
519658
519639
519596
519593
519358
519214
519100
519094
518960
518920
518797
518743
518695
518660
518626
518593
518584
518579
518295
518282
518155
518140
518122
517923
517905
517859
517853
517766
517713
517697
517450
517256
517201
517147
517111
517015
516666
516421
516358
516299
516296
516121
516118
515927
515814
515716
515609
515603
515564
515527
515525
515203
515167
515082
515067
515057
515038
514887
514814
514802
514644
514605
514572
514537
514402
514297
514289
514227
514089
513939
513903
513851
513721
513707
513658
513533
513487
513468
513274
513229
513229
513061
513038
512784
512783
511874
511761
511737
511612
511090
510955
510661
510594
510549
510418
510393
510275
510198
510183
510150
510048
509972
509698
509607
509387
509303
509075
508861
508695
508590
508549
508477
508361
508240
508190
508184
508027
508027
507955
507783
507387
507093
507062
507042
507002
506845
506767
506747
506700
506453
506168
506120
506012
505778
505520
505515
505465
504952
504907
504668
504524
504354
504299
504130
504057
503882
503774
503763
503753
503692
503540
503479
503338
503323
503166
503144
503119
502880
502799
502781
502719
502719
502681
502627
502516
502426
502401
502399
502398
502380
502240
502215
502187
501833
501744
501603
501572
501523
501456
501442
501359
501208
500949
500947
500829
500787
500646
500354
500275
500189
500055
499991
499897
499823
499753
499651
499277
499100
498958
498955
498929
498824
498800
498766
498713
498492
498425
498207
497983
497816
497810
497479
497466
497408
497336
497325
497153
496955
496892
496585
496556
496553
496420
496416
496296
496246
496234
496220
496214
496093
495973
495902
495726
495722
495466
495362
495361
495348
495343
495199
495078
494995
494846
494638
494603
494405
494333
494328
494271
494200
494193
494064
494004
493979
493762
493629
493552
493548
493435
493419
493335
493241
493198
493172
492841
492739
492627
492609
492608
492585
492438
492373
492241
492241
492193
491868
491857
491782
491755
491458
491416
491264
491230
491227
491198
491185
491043
490992
490943
490748
490625
490584
490581
490553
490245
490158
489817
489680
489650
488958
488929
488922
488917
488880
488723
488626
488498
488459
488330
488207
488174
488128
488122
488103
487898
487752
487699
487642
487638
487468
486976
486950
486859
486811
486691
486593
486506
486482
486220
486068
485904
485853
485724
485399
485135
485010
484870
484701
484693
484593
484446
484436
484357
484081
484032
484013
483995
483979
483942
483855
483779
483658
483616
483567
483491
483484
483346
483225
483169
482958
482599
482509
482343
482288
482217
482112
482011
481954
481702
481651
481614
481579
481476
481297
481254
481101
481055
480849
480767
480689
480666
480654
480647
480409
480371
480279
479818
479814
479767
479719
479492
479373
479301
479221
479152
479012
478990
478956
478716
478651
478610
478392
478291
478232
478070
478068
477905
477865
477789
477724
477664
477524
477404
477195
477109
476893
476828
476790
476762
476504
476434
476257
476164
475878
475685
475664
475534
475189
475176
474969
474930
474912
474840
474806
474702
474642
474496
474379
474315
474229
474203
473696
473378
473346
473291
473245
473199
473195
473160
473071
473062
472992
472808
472666
472627
472554
472548
472544
472521
472519
472436
472377
472375
472264
472100
471998
471988
471956
471939
471882
471692
471487
471465
471355
471167
471067
471040
471029
470934
470882
470865
470798
470411
470242
470145
470046
469945
469872
469686
469655
469590
469527
469327
469123
468994
468835
468702
468640
468119
468045
467723
467643
467617
467430
467422
467363
467350
467065
466983
466885
466884
466682
466634
466571
466483
466474
466429
466284
466282
466199
466014
465973
465852
465764
465750
465695
465637
465566
465382
465325
465169
465140
465060
465005
464965
464929
464923
464870
464747
464374
464333
464245
464231
464162
464047
463930
463927
463736
463597
463026
462972
462857
462832
462695
462465
462330
462295
462286
462283
462259
462125
461682
461539
461500
461440
461375
461271
461156
461088
460725
460638
460570
460160
460091
460067
459925
459752
459740
459695
459506
459486
459440
459300
459158
459121
459107
459098
458892
458615
458497
458428
458384
458334
458325
458090
458086
458047
458043
457995
457858
457719
457631
457594
457594
457509
457371
457361
457149
457109
457093
457015
456985
456964
456554
456205
456185
456177
456175
456080
455954
455934
455805
455797
455683
455625
455522
455241
455154
455132
455123
455007
454882
454804
454784
454760
454503
454495
454355
454336
454326
454217
454082
453883
453782
453647
453439
453377
453309
453287
453158
453043
452923
452800
452704
452576
452562
452522
452505
452481
452409
452334
452265
452002
451923
451750
451718
451664
451633
451455
451420
451413
451277
451111
450823
450698
450674
450505
450370
450355
450086
450014
449955
449866
449865
449856
449714
449663
449599
449473
449377
449313
449254
449161
449123
449082
449058
449048
449033
448945
448884
448714
448655
448608
448447
448251
448228
448171
448103
448001
448000
447976
447800
447704
447691
447689
447565
447474
447399
447294
447261
447187
447178
447168
447062
446886
446874
446505
446493
446391
446362
446278
446176
446163
445994
445967
445883
445763
445565
445529
445501
445272
445089
444925
444761
444737
444710
444499
444488
444484
444435
444401
444212
444198
444048
443847
443807
443356
443312
443137
442949
442781
442550
442492
442458
442234
442219
442211
442119
442046
441938
441828
441595
441523
441446
441378
441289
440967
440813
440693
440535
440206
439840
439628
439470
439260
439246
439061
439040
438793
438703
438620
438599
438591
438538
438473
438454
438414
438196
438186
437939
437930
437913
437766
437377
437259
437157
437134
437124
437044
437002
436954
436931
436867
436859
436845
436784
436714
436707
436690
436685
436677
436634
436521
436502
436340
436218
436026
436023
436009
436006
436005
435965
435856
435615
435612
435552
435535
435518
435215
435117
435047
434955
434953
434943
434899
434684
434624
434503
434466
434409
434374
434118
434116
433925
433825
433816
433762
433649
433434
433354
433293
432977
432869
432739
432681
432662
432620
432589
432557
432494
432453
432411
432390
432257
432035
432018
431892
431828
431657
431263
431195
431187
431147
431030
431013
430983
430886
430593
430322
430170
429738
429706
429592
429546
429370
429351
429182
429177
429129
429081
428873
428871
428854
428679
428667
428533
428246
427987
427980
427791
427559
427205
427144
427131
426965
426942
426845
426826
426778
426574
426448
426444
426378
426334
425883
425749
425543
425537
425396
425375
425354
425288
425280
425214
424810
424735
424697
424609
424600
424589
424451
424346
424314
424288
424232
424166
423986
423636
423454
423451
423236
423178
423159
423143
422954
422926
422891
422753
422729
422707
422531
422460
422410
422206
422019
421969
421904
421813
421709
421659
421635
421502
421377
421326
421275
421225
421211
421153
421134
421099
420870
420763
420763
420746
420575
420504
420329
420310
420236
420172
420162
420118
420003
419921
419765
419751
419692
419544
419264
419145
419122
419088
419050
419033
418861
418753
418637
418488
418461
418365
418190
418166
417376
417354
417308
417261
416952
416736
416722
416686
416444
416239
416205
416035
416032
416022
415969
415955
415925
415911
415841
415427
415228
415138
414961
414937
414905
414862
414758
414635
414405
414207
414185
414179
414147
414091
413996
413971
413926
413821
413772
413732
413599
413593
413542
413525
413199
413171
413130
412981
412954
412774
412668
412530
412312
412291
412179
412139
412112
412011
412011
411987
411950
411919
411800
411553
411449
411406
411120
411066
411055
411000
410987
410976
410944
410800
410398
410322
410252
410154
410080
409812
409667
409557
409459
409440
409377
409339
409336
409320
409307
409264
409110
409026
408999
408931
408699
408667
408631
408630
408608
408599
408588
408553
408389
408212
408132
408013
407816
407725
407345
407240
407232
407153
407108
406938
406915
406907
406882
406864
406759
406687
406672
406599
406548
406296
406066
405706
405618
405510
405504
405484
405349
405257
405181
405154
405147
404982
404972
404827
404791
404674
404566
404460
404456
404188
404130
404114
404102
404038
403984
403849
403792
403775
403710
403536
403531
403495
403417
403382
403381
403346
403291
403216
403088
402985
402941
402489
402462
402370
402283
402177
401883
401873
401626
401421
401366
401184
401111
401048
401019
400641
400607
400533
400308
400025
400024
400007
399987
399928
399885
399840
399786
399685
399537
399460
399370
399364
399224
399215
399173
398695
398613
398609
398477
398462
398427
398402
398184
398182
398032
398016
397837
397577
397393
397325
397308
397129
397003
396849
396842
396772
396747
396725
396656
396645
396556
396515
396461
396201
396075
396064
395998
395969
395932
395874
395676
395504
395408
395319
395303
395287
395140
395090
395083
395052
395034
394763
394752
394722
394598
394404
394259
394205
394185
394122
394047
394016
393970
393857
393822
393667
393472
393457
393253
393144
392895
392795
392748
392723
392536
392508
392482
392455
392243
392208
392169
392131
391755
391640
391631
391436
391314
391198
391183
391162
391153
391062
390895
390868
390838
390782
390771
390727
390692
390666
390661
390613
390504
390389
390299
390237
390166
390151
389758
389698
389672
389645
389570
389529
389304
389183
389166
389162
389073
388987
388965
388928
388812
388742
388734
388394
388389
388234
388175
387907
387809
387732
387582
387491
387459
387418
387092
386964
386953
386837
386425
386405
386253
386095
386030
385758
385646
385548
385492
385485
385403
385322
385223
385181
385168
385088
385000
384900
384848
384812
384770
384740
384632
384593
384397
384204
384176
384171
384170
384115
384065
383960
383933
383722
383692
383620
383610
383240
383211
383206
383161
383019
382826
382760
382703
382611
382501
382431
382286
382232
382081
381946
381919
381918
381841
381801
381687
381651
381580
381533
381519
381509
381445
381367
381289
381187
381183
381132
380990
380969
380793
380402
380360
380282
380265
380212
380096
380088
380027
379717
379581
379462
379395
379093
379089
379019
379007
378977
378678
378659
378386
378379
378163
378073
377968
377855
377786
377598
377550
377545
377543
377536
377498
377407
377223
377100
377009
376886
376830
376733
376553
376546
376247
376213
376087
375963
375844
375843
375813
375473
375414
375388
375303
375291
375105
374850
374766
374288
374284
374277
374227
374168
374143
374064
374036
373913
373686
373599
373582
373524
373457
372972
372937
372882
372819
372719
372691
372679
372641
372562
372259
372029
371833
371599
371463
371432
371413
371228
371015
370868
370815
370424
370320
370295
370012
369967
369725
369709
369705
369623
369571
369542
369445
369427
369392
369253
369047
369027
368728
368603
368551
368320
368307
368276
368193
368183
367644
367598
367488
367432
367422
367377
367328
367308
367307
367035
366997
366899
366891
366747
366734
366519
366437
366342
366156
366131
365846
365834
365541
365129
365033
365028
365021
364950
364816
364773
364600
364458
364447
364431
364215
364121
364032
363848
363716
363676
363555
363536
363466
363462
363448
363425
363388
362998
362981
362962
362899
362843
362652
362434
362354
362303
362249
362238
362235
362200
362135
362095
361819
361801
361602
361457
361246
361135
360838
360821
360774
360770
360260
360192
360185
359956
359922
359698
359667
359651
359609
359583
359574
359427
359093
358798
358715
358713
358683
358470
358399
358204
358178
358154
357998
357915
357815
357797
357554
357518
357451
357429
357382
357250
357244
357227
357098
357057
356876
356802
356710
356642
356614
356596
356518
356515
356515
356336
356268
356241
356040
355762
355761
355693
355601
355516
355478
355380
355206
355193
355009
354737
354681
354509
354481
354451
354374
354321
354295
354166
354128
353991
353972
353764
353643
353615
353196
353156
353117
353085
353048
352956
352859
352560
352409
352392
352241
352119
352084
351953
351948
351938
351872
351859
351756
351683
351540
351492
351006
350960
350485
350193
350181
349991
349853
349811
349571
349554
349532
349492
349347
349328
349300
349108
349090
348988
348986
348867
348694
348603
348569
348440
348242
348240
348215
348189
348062
347844
347800
347707
347699
347411
347404
347402
347326
347280
347242
347035
346840
346661
346557
346526
346509
346392
346334
346103
345961
345652
345416
345267
345258
345116
345088
344940
344844
344620
344590
344398
344294
344201
344066
343904
343592
343318
343246
343188
343121
343112
342999
342972
342696
342332
342321
342178
342164
342067
342043
341964
341817
341816
341781
341652
341618
341477
341402
341354
341329
341227
341201
340886
340858
340839
340801
340669
340230
340203
340143
340104
340043
339996
339983
339967
339956
339928
339919
339596
339520
339493
339449
339361
339291
339189
339181
339143
339066
339062
339018
338948
338922
338831
338802
338779
338571
338430
338420
338363
338227
338066
337758
337743
337686
337661
337468
337346
337198
337166
337112
336854
336812
336750
336719
336694
336503
336430
336385
336201
336048
336021
335973
335941
335894
335840
335729
335581
335580
335551
335543
335460
335443
335435
335064
335061
335048
335027
334877
334873
334838
334783
334653
334582
334532
334482
334202
334172
334094
333885
333805
333647
333595
333569
333291
333131
333090
333055
333050
333020
332918
332847
332807
332662
332557
332403
332370
332301
332256
332240
332182
331845
331700
331693
331367
331253
331166
331078
331008
330883
330772
330719
330666
330630
330578
330435
330418
330350
330326
330246
330083
329917
329857
329685
329515
329369
329368
329338
329282
329239
328632
328574
328560
328546
328529
328433
328402
328371
328258
328057
328037
328034
327980
327941
327940
327886
327863
327632
327623
327551
327341
327059
326971
326965
326629
326471
326406
326391
326322
326317
326158
326076
325980
325480
325334
325279
325274
325173
325103
325063
324985
324947
324944
324894
324486
324478
324463
324346
324094
324084
323909
323827
323400
323285
323218
323155
322905
322744
322728
322628
322576
322351
322350
322326
322274
322272
322141
322076
322031
321997
321931
321913
321786
321706
321661
321629
321607
321487
321396
321301
321268
321173
321035
321021
321005
320853
320834
320680
320676
320523
320442
320426
320243
320227
320168
320039
319925
319917
319790
319631
319596
319515
319468
319181
319166
319166
319035
318913
318903
318527
317983
317890
317730
317720
317676
317375
317168
317099
317072
317067
317035
316903
316845
316774
316446
316340
316316
315991
315700
315644
315588
315521
315493
315480
315458
315413
315400
315379
315343
315248
315196
315186
315074
314972
314961
314839
314680
314590
314499
314350
314313
314030
313616
313127
313100
313035
312995
312939
312736
312610
312528
312525
312524
312516
312403
312383
312324
312095
312053
311861
311784
311741
311737
311522
311488
311408
311356
311347
311291
311253
311137
311020
310915
310883
310859
310853
310823
310759
310636
310418
310392
310387
310063
310033
309957
309905
309650
309640
309229
309146
308963
308818
308753
308699
308539
308523
308428
308337
308335
308022
307822
307613
307111
307063
307050
307010
306977
306952
306928
306833
306512
305986
305943
305916
305850
305833
305811
305785
305680
305588
305584
305383
305323
305303
305291
304792
304643
304529
304438
304382
304340
304277
304177
304061
304034
304009
304004
303915
303795
303384
303286
302986
302975
302878
302866
302709
302531
302530
302316
302203
302130
302040
302023
301673
301557
301513
301426
301394
301304
301227
301069
301059
301031
300764
300687
300646
300617
300546
300248
300246
300221
300066
299991
299972
299833
299801
299690
299565
299522
299297
299167
299070
299067
298999
298925
298919
298881
298877
298834
298714
298451
298229
298113
298088
297998
297964
297823
297772
297736
297440
296963
296357
296288
296192
296155
296129
296110
296105
296077
295974
295931
295845
295825
295527
295448
295330
295329
295185
295051
294959
294826
294824
294779
294762
294698
294457
294430
294278
294263
294242
294163
294149
294126
294110
293783
293770
293576
293295
293217
293142
293093
292859
292806
292344
292220
292187
292149
292095
292056
292052
292044
292035
291986
291980
291893
291799
291718
291546
291497
291219
291214
291107
290990
290928
290851
290734
290405
290123
290008
289992
289852
289807
289792
289666
289611
289426
289404
289330
289325
289171
289169
288988
288763
288219
288082
288079
288061
287997
287865
287346
287332
287301
287174
287163
287145
287087
287050
286864
286758
286728
286602
286534
286506
285776
285701
285571
285568
285491
285320
285272
285149
285113
285006
285001
284991
284850
284188
284004
283941
283898
283860
283696
283684
283643
283626
283606
283289
283120
283046
282938
282654
282641
282479
282434
282408
282320
282156
282107
282106
282050
282038
282006
281552
281361
281167
281108
280938
280558
280502
280339
280329
280326
280048
280017
279922
279869
279853
279822
279555
278956
278739
278699
278489
278459
278371
278294
278176
277981
277907
277887
277843
277821
277763
277754
277694
277474
276986
276972
276881
276683
276642
276516
276322
276289
276251
276215
276141
276130
276124
275988
275982
275977
275942
275908
275522
275425
275368
275278
275120
274935
274924
274918
274878
274863
274847
274382
274270
274230
274216
274193
274076
274046
274015
274005
273945
273834
273763
273682
273664
273612
273488
273404
273363
273347
273275
273205
273054
273048
273017
273012
272948
272694
272682
272179
272176
271616
271420
271303
271279
271266
270785
270578
270483
270410
270409
270390
270339
270165
270158
270151
270143
270014
269935
269824
269805
269745
269732
269608
269549
269305
269121
268863
268755
268713
268267
268148
268141
267734
267584
267552
267407
267284
267234
267127
267096
267036
267000
266962
266831
266676
266582
266566
266545
266464
266278
266214
266200
266077
266040
265854
265760
265737
265661
265610
265573
265528
265515
265496
265324
265256
265175
265140
264874
264734
264702
264523
264476
264108
263695
263689
263614
263586
263469
263425
263418
263405
263398
263033
263012
262720
262534
262527
262518
262389
262231
262101
261942
261766
261650
261617
261545
261194
261163
261077
260909
260854
260837
260812
260765
260692
260447
260283
260239
260152
260080
260046
260044
260017
259937
259925
259900
259888
259844
259804
259662
259649
259617
259483
259419
259401
259344
259304
259175
259043
259013
258987
258844
258690
258671
258664
258539
258405
258180
258050
257990
257896
257815
257740
257639
257440
257408
257312
257288
257198
257116
257110
257101
257084
257025
256976
256915
256884
256674
256551
256184
256134
256097
256024
255962
255943
255905
255450
255245
255243
255174
255125
254867
254696
254567
254539
254529
254511
254463
254423
254341
254339
254333
254132
254082
254072
254025
253998
253885
253442
253261
252939
252938
252845
252810
252738
252666
252170
252167
251908
251842
251817
251799
251784
251704
251529
251455
251453
251378
251265
251261
251165
251020
250980
250728
250694
250685
250440
250331
250144
250135
250123
249947
249872
249853
249843
249733
249588
249380
249165
249130
248959
248932
248910
248867
248779
248771
248637
248614
248565
248458
248453
248225
248152
248067
248064
247944
247815
247776
247718
247605
247503
247333
247149
247093
247072
246878
246865
246803
246749
246695
246677
246151
246030
246028
245867
245571
245527
245362
245293
245228
245086
245051
245027
244968
244844
244614
244586
244409
244357
244267
244191
244007
243892
243576
243570
243455
243230
243176
243130
243082
242947
242771
242737
242725
242703
242558
242472
242466
242398
242390
242326
242025
241740
241706
241420
241292
241177
241175
241110
241078
241006
240812
240803
240798
240779
240742
240714
240425
240415
240394
240337
240145
240127
239696
239680
239559
239536
239196
239052
239030
238894
238532
238190
237965
237804
237745
237697
237408
237101
237083
237057
236954
236950
236819
236815
236776
236656
236630
236532
236414
236355
235960
235910
235888
235846
235797
235714
235662
235517
235373
235369
235342
235324
235312
235068
235039
235004
234980
234859
234808
234633
234377
234364
234353
234323
234315
234198
233749
233704
233677
233477
233474
233397
233397
233301
233184
233103
233069
232904
232791
232777
232003
231854
231638
231550
231504
231244
231197
231176
231037
230872
230858
230765
230677
230050
229949
229925
229787
229616
229578
229396
229105
229072
229067
228945
228943
228817
228728
228695
228621
228488
228385
228312
228151
228038
227918
227885
227852
227824
227821
227763
227735
227697
227680
227535
227303
226909
226556
226542
226517
226435
226370
226267
226133
226088
226069
225993
225937
225685
225618
225611
225441
225390
225144
225144
225069
225013
224884
224853
224788
224765
224756
224677
224542
224541
224429
224297
223987
223985
223881
223859
223839
223582
223572
223402
223344
223194
223143
223000
222362
222218
221964
221961
221942
221903
221827
221778
221535
221508
221494
221486
221397
221355
221276
221221
220926
220810
220798
220757
220723
220425
220191
220078
219979
219822
219784
219622
219606
219528
219506
219499
219311
219167
219117
218988
218986
218927
218738
218598
218520
218421
218408
218398
218340
218228
218140
218132
217936
217923
217912
217908
217904
217894
217878
217859
217676
217280
217208
217111
217017
216896
216890
216683
216673
216647
216453
216418
216388
216371
216324
216038
215859
215767
215661
215526
215420
215380
215376
215322
215174
215139
214957
214894
214805
214633
214621
214509
214480
214354
214111
214101
214083
214081
214002
213893
213765
213575
213397
213223
213200
213081
212974
212887
212817
212814
212696
212677
212676
212610
212572
212089
212049
211803
211610
211605
211577
211504
211374
211324
211206
211106
211092
210999
210654
210603
210500
210294
209975
209915
209882
209844
209809
209771
209750
209733
209520
209448
209173
209150
209059
208902
208611
208540
208509
208453
208447
208436
208202
208072
208055
207964
207778
207749
207699
207605
207579
207573
207543
207447
207385
207277
207222
207166
206788
206648
206532
206523
206342
206172
206164
205976
205885
205657
205616
205599
205532
205495
205493
205218
205163
204975
204921
204737
204710
204683
204604
204601
204431
204338
204330
204289
204237
204204
204063
203970
203929
203822
203740
203598
203577
203122
202501
202434
202320
202212
202146
202047
202011
201854
201777
201774
201761
201729
201584
201558
201539
201477
201229
201141
201124
201084
201010
200924
200859
200799
200791
200419
200348
200279
200269
200129
200108
200041
199865
199832
199733
199658
199655
199615
199534
199534
199349
199292
199223
199165
199137
199021
199004
198858
198858
198836
198834
198673
198626
198429
198408
198377
198358
198345
198254
198017
197993
197743
197577
197544
197301
197271
197232
197208
197162
197129
197092
196804
196796
196262
196225
196194
195581
195556
195535
195146
195137
195134
195014
195008
194925
194924
194574
194544
194466
194305
194211
194204
193977
193922
193874
193841
193648
193600
193336
193250
193120
192994
192970
192593
192425
192405
192332
192330
192265
192094
192033
192005
191960
191950
191864
191809
191716
191541
191302
191261
191190
191094
191037
190943
190651
190419
190336
190317
190307
190283
190174
190007
189967
189885
189688
189682
189529
189520
189342
188945
188939
188827
188825
188581
188566
188561
188403
188371
188358
188351
188255
188207
188001
187802
187620
187590
187571
187441
187208
187032
186891
186691
186558
186451
186429
186374
186217
185747
185742
185512
185279
185242
185194
185098
185037
184888
184510
184499
184429
184336
184221
184166
184062
183955
183947
183839
183517
183502
183390
183368
183211
183201
183172
183020
182919
182915
182810
182791
182702
182680
182610
182427
182355
182326
182247
182170
181970
181868
181837
181824
181731
181617
181562
181519
181506
181376
181329
181326
181320
181290
181279
181154
181149
181124
180894
180706
180590
180589
180564
180363
180292
180185
180110
180108
179730
179713
179703
179681
179662
179579
179536
179440
179317
179185
179047
179034
179013
178969
178945
178789
178667
178663
178433
178356
178304
178234
178211
178174
178124
178007
177955
177923
177923
177896
177836
177788
177690
177495
177489
177353
177223
177127
177117
177053
176858
176741
176738
176722
176680
176661
176499
176473
176466
176242
176217
175982
175870
175852
175580
175496
175304
175138
175132
175129
175097
175062
175061
175007
174949
174855
174785
174771
174749
174716
174405
174212
174110
173992
173732
173641
173611
173441
173370
173179
173030
172995
172830
172738
172683
172643
172498
172494
172445
172415
172299
172230
171586
171549
171450
171429
171325
171305
171243
171052
171016
170911
170911
170492
170480
170381
170368
170351
170333
170177
170154
169963
169953
169940
169884
169755
169748
169737
169575
169509
169493
169386
169375
169352
169329
169250
169186
169180
168938
168919
168755
168677
168636
168634
168285
168212
168043
167990
167981
167767
167618
167531
167499
167213
167159
167114
167103
167069
167028
167026
166986
166919
166896
166718
166661
166480
166364
166348
166331
166279
166266
166198
166050
166043
166002
165824
165727
165712
165699
165639
165572
165349
165009
164989
164951
164927
164846
164746
164457
164370
164330
164316
164315
164177
164094
164078
163786
163633
163400
163336
163115
163079
163029
162956
162936
162830
162830
162254
162004
161898
161895
161720
161552
161490
161390
161318
160746
160321
160252
160237
160176
160174
160125
159980
159870
159582
159493
159432
159420
159383
159352
159319
159170
158720
158669
158524
158510
158231
158127
157721
157709
157669
157644
157514
157437
157031
156939
156867
156830
156763
156678
156592
156531
156406
156059
155912
155677
155668
155662
155614
155595
155502
155492
155456
155354
155314
155263
155245
155213
155139
154975
154907
154861
154763
154745
154719
154694
154672
154643
154580
154565
154477
154410
154385
154223
154167
153797
153729
153647
153632
153353
153149
152957
152933
152924
152744
152442
152424
152400
152332
152184
152141
152084
152049
151987
151923
151877
151852
151635
151577
151567
151465
151050
150986
150804
150780
150574
150509
150303
150191
149916
149640
149545
149354
149117
149106
148927
148801
148767
148520
148495
148464
148323
148280
148211
148189
148147
147856
147721
147509
147379
147164
147073
147019
146976
146959
146756
146703
146694
146688
146617
146397
146367
146011
145971
145680
145336
145312
145298
145242
145171
145137
145122
145112
145088
145030
144888
144793
144612
144494
144330
144306
144228
144121
143929
143841
143788
143689
143353
143242
143202
143189
143081
142837
142673
142398
142382
142327
142327
141920
141731
141456
141398
141209
141121
141108
141069
140998
140897
140893
140846
140835
140745
140658
140594
140291
140268
140251
140211
140056
139927
139916
139894
139863
139658
139654
139604
139433
138871
138821
138637
138572
138451
138342
138293
138211
138033
137716
137650
137494
137396
137389
137296
137029
136997
136952
136765
136756
136701
136627
136621
136455
136113
136019
135987
135857
135725
135546
135540
135476
135369
135165
135048
134893
134763
134467
134452
134335
134319
134093
133994
133976
133950
133941
133857
133851
133687
133509
133480
133432
133408
132991
132846
132683
132499
132403
132363
132319
132317
132130
132069
131910
131646
131606
131506
131025
130837
130774
130752
130689
130368
130307
130244
130226
130073
129863
129778
129695
129641
129382
129351
129302
129246
129168
129138
129059
128955
128948
128911
128805
128703
128667
128555
128510
128344
128148
127662
127641
127442
127193
127132
126885
126724
126600
126514
126417
126365
126268
126221
126076
125768
125359
125287
125179
125153
125102
124950
124900
124877
124838
124676
124640
124439
124347
124319
124150
124091
124083
123961
123779
123700
123672
123544
123507
123469
123304
123238
123034
122987
122874
122830
122785
122647
122637
122530
122429
122228
121870
121865
121670
121518
121438
121333
121202
121175
121159
121057
121021
120960
120912
120802
120801
120773
120756
120748
120692
120665
120662
120623
120386
120156
120146
120008
119731
119708
119704
119701
119676
119651
119456
119287
119286
119249
119234
119140
119106
118998
118927
118831
118665
118450
118405
118386
118342
118168
117938
117926
117873
117873
117825
117781
117676
117253
117236
117178
117097
116986
116913
116907
116889
116817
116650
116611
116298
116108
116057
116020
115975
115924
115726
115660
115660
115652
115605
115600
115587
115576
115548
115203
115079
114770
114361
114322
114317
114282
114213
114181
114058
113973
113839
113535
113375
113191
113180
113078
112882
112827
112634
112623
112309
112295
112259
111982
111918
111880
111836
111766
111709
111702
111626
111512
111485
111472
111389
111259
111139
111017
110718
110680
110400
110387
110384
110065
110018
110004
109944
109728
109681
109483
109436
109322
109138
109113
109052
108990
108585
108570
108547
108299
108267
108163
108044
107729
107607
107500
107484
107407
107402
107335
107306
107294
107217
107089
107064
106676
106674
106460
106343
106267
106196
106029
105850
105828
105614
105537
105485
105423
105338
105192
105189
105147
104945
104923
104916
104728
104473
104444
104432
104398
104268
103907
103794
103698
103664
103511
103478
103310
103130
103045
102952
102895
102770
102704
102580
102319
102196
102145
102067
102043
101977
101683
101628
101533
101491
101451
101325
101220
101098
101046
101014
100890
100873
100700
100669
100657
100600
100343
100139
100085
99948
99835
99831
99703
99699
99694
99646
99579
99373
99108
98963
98916
98869
98838
98382
98372
98223
98125
97956
97927
97898
97834
97618
97440
97405
97365
97245
97206
97035
96999
96705
96575
96570
96501
96414
96285
96278
96120
96058
95854
95792
95671
95647
95646
95615
95615
95545
95237
95182
95171
95070
94815
94796
94600
94590
94550
94436
94406
94333
94210
94164
93914
93861
93839
93809
93741
93676
93662
93503
93444
93354
93323
93272
93244
93174
92951
92846
92731
92628
92609
92369
92349
92278
92224
91986
91872
91655
91591
91566
91442
91377
91376
91357
91299
91033
90799
90694
90480
90050
90047
89803
89601
89467
89356
89257
89186
89164
89111
89044
89038
89005
88768
88498
88404
88366
88267
88241
88027
87880
87858
87771
87612
87540
87525
87416
87372
87343
86400
86353
86230
86132
86109
86032
85991
85761
85756
85649
85585
85584
85526
85524
85429
85413
85376
85373
85340
85321
85251
85167
84879
84870
84810
84653
84519
84513
84477
84435
84209
84154
84112
83995
83907
83844
83505
83454
83387
83316
83193
83057
83050
82842
82437
82273
82267
82183
81911
81898
81895
81876
81781
81728
81623
81547
81537
81516
81423
81338
81187
80806
80564
80347
80255
80220
80086
79718
79460
79333
79276
79167
79036
79019
78933
78874
78697
78694
78633
78485
78450
78354
78311
78243
78156
78040
77720
77583
77547
77308
77187
77107
77023
76880
76681
76668
76303
76299
76241
76182
76057
76025
75923
75914
75858
75627
75585
75581
75254
74932
74883
74833
74806
74651
74591
74532
74372
74168
74162
74149
74148
74140
73877
73870
73862
73786
73741
73666
73639
73624
73588
73406
73312
73255
73096
73067
72913
72912
72798
72797
72675
72612
72265
72187
72140
71913
71738
71689
71251
71223
70980
70962
70888
70823
70793
70751
70735
70558
70547
70506
70471
70181
70107
69993
69818
69704
69393
69370
69213
69189
69169
69085
69067
69045
68951
68925
68860
68857
68751
68746
68692
68352
68310
68223
68053
67656
67395
67268
67076
67068
66942
66918
66817
66746
66601
66366
66328
66224
66146
66140
65786
65758
65689
65523
65448
65281
65182
65064
64988
64979
64924
64805
64674
64670
64661
64635
64628
64497
64473
64394
64378
64360
64221
64139
63894
63868
63657
63586
63515
63384
63327
63300
63213
63178
63149
63147
63136
63043
62965
62900
62629
62573
62522
62399
62274
62271
62205
62054
62037
62035
61629
61486
61431
61376
61352
61350
61315
61109
61105
60979
60900
60784
60525
60277
60218
60211
60198
60092
59722
59704
59692
59690
59637
59410
59262
59223
58904
58857
58775
58677
58597
58333
58179
58015
57985
57957
57954
57855
57805
57776
57607
57583
57341
57284
57198
57079
57059
57008
56925
56897
56862
56829
56750
56571
56497
56495
56293
55897
55886
55825
55749
55676
55674
55492
55362
55230
55000
54693
54473
54454
54437
54407
54370
54293
54207
54172
54136
53848
53714
53698
53484
53464
53300
53196
53094
53079
53011
52870
52838
52803
52762
52693
52372
52313
52306
52305
52213
51942
51936
51774
51741
51685
51666
51661
51647
51353
51257
51138
51093
51056
51043
50892
50792
50589
50577
50312
49995
49924
49824
49810
49708
49704
49631
49611
49443
49010
48965
48701
48319
48260
48244
48239
48097
47899
47842
47814
47485
47472
47448
47433
47188
47156
47053
46935
46865
46861
46856
46764
46762
46302
46249
46218
46135
46046
46042
46034
45975
45910
45726
45476
45307
45302
45214
45207
45079
44771
44511
44378
44356
44134
43888
43779
43765
43214
43112
42873
42802
42735
42436
42367
42367
42243
42196
42114
41943
41913
41829
41801
41794
41776
41765
41725
41613
41612
41561
41545
41175
41009
40849
40657
40646
40607
40555
40427
40276
40268
40064
39760
39710
39450
39301
39254
39179
39132
39021
38996
38980
38829
38752
38699
38619
38617
38489
38437
38279
38194
38056
37780
37755
37416
37270
37253
37230
37153
37093
37024
37006
36792
36604
36297
36261
35758
35605
35425
35076
34790
34703
34499
34316
34209
34196
34176
34135
33865
33638
33562
33480
33389
33331
33189
33129
33060
32924
32810
32777
32695
32652
32618
32564
32542
32329
32302
31748
31682
31555
31386
31312
31264
30965
30780
30737
30357
30218
30121
30057
30010
29792
29525
29473
29451
29281
29227
29072
28620
28535
28515
28395
28364
28140
28029
27861
27793
27754
27615
27551
27336
27281
27211
27065
27048
26898
26875
26835
26758
26744
26736
26527
26486
26459
26289
26256
26220
26165
26133
25959
25882
25820
25694
25679
25671
25398
25211
24977
24843
24808
24794
24378
24287
24224
24202
24174
24169
24146
23925
23795
23512
23491
23130
23081
23079
23022
22867
22795
22697
22687
22627
22559
22310
22271
22226
21876
21857
21843
21836
21822
21643
21583
21417
21361
21114
21090
21089
21064
21062
21051
21016
20810
20738
20631
20518
20354
20313
20306
20167
20086
19939
19823
19820
19750
19607
19485
19473
19349
19123
19016
18988
18899
18667
18648
18623
18585
18572
18568
18560
18275
18221
18158
18157
18134
18109
17857
17854
17799
17752
17715
17691
17091
17072
16987
16866
16770
16732
16467
16356
16249
16139
16013
15870
15800
15730
15663
15573
15571
15552
15545
15545
15514
15229
15167
15164
15057
15029
15023
14984
14903
14489
14404
14194
14114
14101
14057
14051
13987
13944
13757
13711
13663
13340
12887
12865
12740
12632
12590
12525
12487
12341
12321
12280
12166
12148
12118
12028
11927
11867
11654
11605
11569
11567
11508
11461
11224
11108
10981
10949
10899
10883
10881
10786
10746
10694
10658
10634
10366
10359
10328
10284
10143
10132
10093
10065
10016
9876
9874
9858
9842
9841
9813
9785
9769
9569
9557
9506
9467
9320
9235
9144
8971
8895
8864
8514
8476
8312
8040
7972
7866
7736
7730
7705
7634
7627
7610
7380
7317
7241
7091
6842
6760
6734
6681
6640
6591
6488
6400
6359
6296
6032
5945
5921
5702
5694
5581
5545
5370
5348
5333
5279
5189
5159
5011
4958
4936
4912
4902
4737
4669
4611
4294
4242
4198
4125
4067
3954
3900
3832
3788
3778
3716
3688
3687
3493
3237
3074
2915
2891
2790
2769
2613
2594
2565
2526
2464
2364
2170
2167
2063
1876
1823
1760
1705
1531
1455
1370
1365
1257
1166
1122
1030
938
892
801
776
690
641
606
373
278
239
