999958
999957
999832
999772
999616
999426
999350
999229
998897
998763
998685
998632
998596
998552
998530
998453
998449
997812
997696
997555
997421
997391
997327
997322
996985
996976
996877
996835
996629
996604
996463
996417
996289
996230
996174
996149
996144
996131
996078
996053
995926
995910
995828
995718
995488
995337
995209
994841
994645
994576
994435
994395
994363
994320
994300
994223
994134
994036
993875
993739
993584
993523
993244
993065
993041
992883
992817
992750
992630
992603
992508
992349
992330
992210
992054
991946
991911
991862
991845
991819
991778
991580
991536
991504
991498
991426
991383
991344
991283
991191
991114
991049
990985
990842
990757
990743
990730
990678
990580
990579
990448
990441
990403
990387
990217
990212
990123
990115
990037
990013
989988
989976
989806
989730
989560
989528
989382
988849
988821
988516
988495
988492
988369
988362
988267
988179
988066
987938
987824
987768
987734
987697
987681
987576
987441
987435
987381
986979
986975
986940
986915
986790
986708
986508
986496
986449
986252
986168
986098
986057
986040
986028
985989
985821
985724
985590
985434
985254
985051
984998
984984
984864
984484
984153
984077
984074
983918
983844
983646
983305
983251
983217
983120
982847
982807
982702
982479
982427
982422
982421
982063
982054
982053
982023
981868
981339
981217
981211
980961
980933
980911
980758
980347
980330
980302
980224
980207
980057
980050
979951
979647
979647
979490
979308
979029
978987
978760
978752
978726
978435
978382
977890
977520
977426
977287
977249
976850
976833
976773
976724
976649
976569
976468
976451
976378
976164
976120
976087
976005
975925
975817
975723
975683
975654
975560
975547
975397
975297
975272
975214
975098
975084
974744
974606
974594
974445
974424
974397
974216
974046
974038
974000
973918
973834
973491
973381
973288
973232
973222
973135
972885
972843
972731
972710
972638
972630
972628
972506
972415
972303
972281
972255
972231
972083
971795
971736
971731
971729
971699
971468
971216
971162
971077
970992
970926
970769
970606
970597
970561
970524
970308
970303
970009
969944
969863
969756
969519
969495
969398
969276
969198
969055
968742
968649
968536
968367
968187
967981
967922
967909
967897
967863
967848
967532
967414
967404
967380
967323
967316
967239
967032
966954
966804
966373
966335
966269
966194
966156
966129
966006
965922
965897
965889
965867
965852
965773
965754
965723
965462
965325
965291
965113
964986
964744
964710
964664
964506
964417
964262
964166
964128
964101
964100
964099
964092
964062
964013
963909
963827
963816
963812
963732
963726
963707
963654
963506
963400
963388
963343
963237
963219
963213
963109
963081
963007
962809
962794
962758
962646
962522
962217
962010
961907
961906
961889
961818
961736
961709
961708
961676
961466
961457
961311
961146
961114
961016
960943
960846
960578
960516
960497
960463
960428
960220
960137
960072
960008
959969
959695
959617
959566
959538
959525
959493
959353
959271
959250
959238
959233
959232
959051
958984
958975
958856
958822
958799
958724
958723
958720
958677
958386
958349
958147
958127
958108
958045
957953
957814
957285
957241
957235
957160
956496
956067
955890
955792
955757
955708
955701
955559
955486
955439
955354
955313
955209
955080
955003
954900
954858
954405
954358
954283
954278
954250
954201
954156
953920
953824
953711
953654
953646
953554
953554
953487
953403
953384
953375
953235
953097
953014
952837
952830
952752
952695
952661
952585
952568
952562
952525
952385
952368
952177
952170
952128
952127
951946
951435
951214
950891
950524
950513
950159
950108
949904
949818
949778
949763
949677
949544
949477
949381
949332
949234
948961
948823
948774
948753
948600
948543
948493
948027
947981
947883
947416
947309
947270
947267
947247
947226
946939
946812
946671
946669
946532
946411
946086
945816
945786
945675
945626
945457
945214
945071
944976
944971
944908
944856
944741
944474
944325
944261
943911
943716
943669
943650
943627
943518
943491
943355
943252
943020
942944
942841
942775
942749
942526
942517
942490
942357
942292
942002
941962
941753
941542
941521
941499
941319
941215
941117
940979
940853
940820
940405
940328
940308
940180
940088
939813
939751
939683
939604
939587
939549
939522
939476
939432
939377
939354
939151
939119
938971
938968
938827
938824
938807
938753
938690
938687
938583
938524
938508
938488
938294
938269
938202
937946
937828
937614
937584
937492
937413
937371
937258
937042
936974
936907
936871
936821
936693
936645
936611
936484
936418
936389
936380
936289
936092
935868
935748
935510
935174
935151
935122
935066
934981
934749
934707
934658
934657
934568
934425
934201
934155
934034
933857
933818
933788
933659
933636
933486
933484
933426
933159
933133
932572
932524
932182
932007
931992
931979
931934
931685
931585
931551
931469
931185
931154
930768
930718
930614
930567
930431
930165
930147
930037
929957
929790
929765
929472
929420
929413
929338
929225
929128
929058
929050
929048
928986
928919
928916
928597
928587
928393
928200
928118
928099
928085
928079
927925
927896
927729
927700
927651
927507
927493
927430
927346
927288
927124
926989
926883
926791
926747
926526
926462
926439
926207
926188
926086
926067
926065
925996
925985
925957
925803
925751
925704
925444
925357
925269
925236
925189
925083
924928
924788
924619
924586
924522
924463
924410
924368
924362
924289
924238
923916
923799
923709
923703
923527
923435
923386
923161
923057
923009
922889
922704
922489
922315
922266
922160
922095
922094
921914
921516
921462
921380
921233
921206
921185
921174
921055
920934
920893
920873
920666
920153
919976
919755
919725
919645
919569
919557
919384
919336
919304
919294
919230
919180
919030
918913
918860
918598
918498
918494
918482
918429
918424
918379
918372
918280
918070
918059
918016
917910
917873
917758
917718
917696
917636
917630
917585
917579
917452
917347
917307
917283
917257
917089
917019
916919
916905
916832
916830
916792
916569
916487
916464
916391
916384
916313
916193
916013
915932
915860
915837
915809
915757
915730
915639
915629
915329
915114
915086
915025
914896
914750
914548
914442
914434
914423
914312
913878
913804
913684
913420
913298
913254
913107
913005
912921
912619
912582
912579
912563
912303
912262
912130
912046
911990
911888
911887
911766
911735
911725
911711
911372
911334
911289
911263
911256
911210
910948
910841
910779
910670
910660
910550
910549
910539
910475
910463
910447
910296
910260
910058
910026
909799
909781
909779
909751
909575
909556
909533
909496
909471
909332
909301
909213
909170
909160
909079
909029
908946
908885
908871
908826
908695
908647
908580
908534
908520
908520
908432
908403
908363
908305
908174
907954
907953
907343
907259
907232
907175
907038
907029
906896
906889
906886
906817
906801
906466
906415
906413
906364
906223
906067
905754
905726
905685
905660
905525
905491
905434
905312
905215
905196
905195
905134
905073
904953
904881
904643
904591
904590
904534
904359
904352
904133
904084
904076
904048
903954
903870
903855
903736
903732
903701
903569
903205
903082
903027
902885
902753
902711
902686
902561
902467
902358
902246
902239
901912
901895
901820
901660
901634
901593
901561
901549
901519
901473
901407
901347
901289
901218
901103
900919
900844
900819
900806
900702
900494
900347
900336
900263
900167
900150
900128
900003
899876
899826
899823
899759
899744
899639
899154
899119
899113
899064
899053
898847
898743
898739
898737
898696
898488
898401
898325
898300
898154
898106
898068
897707
897456
897405
897387
897205
897095
897072
897064
897059
897016
896950
896912
896862
896711
896658
896467
896391
896261
896179
896173
896132
896072
895961
895799
895791
895306
894965
894809
894806
894756
894694
894623
894617
894464
894347
894147
894107
894030
893997
893971
893818
893627
893619
893361
893135
893067
892582
892297
892202
892196
892133
892129
891880
891687
891523
891425
891409
891366
891222
891155
891025
890794
890728
890704
890703
890691
890632
890529
890470
890323
890245
890208
889700
889460
889199
889025
888882
888791
888720
888716
888609
888476
888418
888392
888366
888334
888290
888276
888142
888128
888118
888096
888034
887780
887640
887552
887393
887306
886970
886930
886804
886735
886696
886677
886649
886649
886553
886536
886519
886472
886304
886298
886167
886008
885895
885741
885572
885569
885353
885271
885132
884941
884750
884675
884670
884555
884232
884017
884002
883900
883711
883686
883309
883086
882777
882619
882525
882514
882405
882322
882302
882201
882029
882028
881998
881978
881950
881904
881728
881508
881503
881414
881386
881324
881055
881034
880983
880959
880952
880768
880728
880369
880351
880338
880188
879784
879738
879651
879263
879189
879088
878698
878459
878346
878220
878060
877985
877878
877870
877714
877513
877347
877276
877172
876878
876757
876756
876705
876685
876416
876167
876164
876143
876063
875863
875753
875648
875448
875318
875297
875197
875088
875029
875011
874779
874723
874720
874645
874618
874573
874284
874267
873832
873492
873326
873254
873136
873102
872957
872929
872801
872629
872628
872589
872552
872525
872448
872371
872336
872236
872106
872011
871537
871218
870935
870863
870799
870698
870574
870257
870209
870206
870147
870145
870067
869842
869614
869547
869441
869418
869401
869313
869226
869132
869089
868983
868771
868652
868643
868529
868429
868138
868005
867807
867650
867467
867317
867111
866948
866880
866854
866670
866555
866502
866396
866337
866298
866231
866207
866196
866138
866120
865986
865866
865755
865643
865424
865178
865118
864906
864898
864696
864481
864476
864413
864361
864342
864327
864326
864206
863989
863793
863719
863521
863519
863386
863266
862948
862909
862882
862771
862747
862685
862636
862609
862397
862289
862150
862121
862071
861941
861939
861890
861874
861724
861638
861628
861563
861417
861270
861119
860895
860673
860575
860514
860324
859954
859852
859680
859654
859616
859182
859069
858947
858938
858908
858833
858819
858730
858708
858610
858552
858320
858292
858175
858115
857826
857822
857527
857468
857286
857138
857095
856981
856612
856542
856429
856277
856227
856090
856019
855849
855804
855770
855770
855768
855766
855617
855443
855440
855351
855283
855166
855003
854831
854807
854540
854398
854316
854149
854068
854067
854018
853927
853849
853849
853726
853667
853507
853498
853288
853276
853259
853224
853223
853168
853110
853084
853046
852973
852945
852726
852516
852270
852228
852187
852136
852068
852036
851924
851922
851812
851782
851694
851489
851442
851391
851382
851289
851256
851240
851181
851130
851046
850901
850891
850850
850685
850597
850549
850411
850379
850266
850154
850151
850076
850047
849980
849929
849761
849738
849727
849639
849561
849396
849243
849224
849212
849211
849207
849204
849138
849117
849056
848938
848843
848727
848685
848674
848562
848416
848370
848319
848235
848090
848079
847939
847920
847864
847857
847811
847728
847671
847515
847348
847332
847111
846905
846902
846858
846838
846673
846620
846487
846249
846242
846217
845994
845720
845602
845490
845477
845466
845413
845404
845180
845179
845045
844938
844831
844821
844698
843907
843888
843762
843722
843692
843367
843310
843243
843239
843027
842849
842820
842804
842691
842667
842632
842475
842292
842222
842209
842177
842158
842092
841991
841963
841804
841687
841572
841429
841367
841069
840960
840880
840709
840671
840639
840592
840567
840567
840534
840532
840455
840324
840005
839834
839745
839656
839569
839476
839406
839214
839167
838994
838979
838943
838941
838931
838855
838758
838756
838673
838666
838653
838592
838572
838493
838394
838158
838096
838096
838072
837659
837531
837461
837421
837382
837344
837333
837227
837063
836943
836917
836911
836615
836530
836382
836317
835834
835807
835805
835795
835560
835558
835471
835462
835398
835318
835293
835154
835020
834937
834890
834888
834822
834722
834661
834446
834284
834193
834134
834114
834052
833993
833668
833589
833499
833367
833283
833184
832971
832886
832856
832849
832844
832765
832709
832646
832640
832586
832561
832420
832306
832145
832139
832121
831871
831815
831763
831657
831485
831370
831253
831138
831102
831087
830995
830660
830637
830472
830468
830296
830199
830148
829879
829875
829771
829686
829595
829566
829553
829383
829371
829358
829318
829307
829295
829191
828731
828674
828588
828528
828342
828255
828103
828084
828081
828033
827788
827744
827710
827663
827462
827406
827381
827346
827235
827077
826906
826906
826896
826731
826586
826531
826402
825868
825788
825647
825631
825576
825516
825472
825195
825115
824896
824842
824545
824484
824344
824251
824176
824163
824114
824053
824006
823988
823855
823821
823521
823511
823506
823392
823293
823264
823126
823056
822970
822855
822849
822848
822736
822681
822653
822391
822191
822106
821622
821600
821534
821393
821258
821107
821064
820910
820866
820819
820710
820707
820486
820481
820279
820180
820028
820012
819817
819756
819630
819596
819451
819439
819413
819219
819120
819093
818868
818734
818676
818582
818465
818415
818211
818191
818084
818069
818046
817962
817918
817588
817449
817399
817307
817147
817048
817017
816929
816887
816880
816869
816864
816765
816519
816260
816221
816193
816073
816055
816010
816008
815953
815855
815791
815773
815689
815579
815565
815562
815527
815274
815205
815174
815152
814315
814246
814074
813885
813742
813741
813715
813550
813540
813413
813235
812763
812667
812585
812534
812451
812410
812337
812159
812155
812090
812016
811687
811620
811547
811542
811484
811356
811342
811290
811187
811076
810755
810742
810625
810312
810096
809990
809984
809886
809771
809756
809689
809294
808949
808924
808522
808234
808211
808186
808134
808072
808070
808046
807895
807854
807769
807755
807704
807686
807544
807227
806930
806869
806692
806685
806643
806612
806495
806470
806382
806362
806212
806165
806082
806069
805920
805660
805612
805482
805307
805213
805154
805141
805052
804885
804667
804548
804540
804534
804304
804071
804007
803884
803778
803573
803449
803391
803250
803093
803079
802923
802769
802701
802649
802635
802606
802527
802514
802294
802058
802033
802024
802019
802000
801930
801815
801781
801778
801447
801364
801281
801029
800891
800850
800699
800636
800636
800577
800555
800509
800264
800249
800147
800064
799856
799775
799627
799612
799597
799393
799238
799106
799066
799017
798989
798881
798817
798649
798489
798480
798334
798232
798203
798201
798149
797890
797710
797558
797394
797385
797266
797235
797130
796895
796702
796699
796625
796621
796615
796531
796304
796235
796155
796131
796031
796015
795967
795901
795385
795275
795197
795075
795050
794975
794963
794871
794684
794638
794424
794372
794343
794332
794168
794049
793971
793958
793894
793870
793869
793811
793787
793695
793609
793584
793277
793245
792877
792620
792595
792410
792371
792277
792014
791882
791825
791821
791818
791768
791714
791649
791635
791568
791507
791486
791431
791219
791148
791137
791113
791097
791081
791074
790905
790888
790747
790710
790707
790666
790564
790537
790507
790474
790346
790326
790291
790258
790146
789964
789905
789740
789712
789676
789671
789604
789518
789228
789051
789024
788954
788952
788878
788679
788227
788149
787972
787815
787807
787761
787481
787480
787430
787307
787279
787257
787002
786957
786940
786933
786899
786837
786814
786708
786475
786467
786267
786140
785995
785741
785648
785597
785561
785551
785547
785385
785364
785323
785311
785299
785188
785031
784670
784643
784624
784574
784272
784247
784244
784091
783918
783776
783759
783668
783549
783528
783495
783488
783428
783422
783401
783371
783365
783204
783003
783000
782886
782820
782684
782571
782430
782194
782182
781844
781657
781559
781064
780987
780933
780930
780927
780779
780719
780716
780651
780334
780280
780247
779736
779711
779334
779270
779229
779176
778928
778873
778867
778746
778705
778651
778485
778469
778335
778190
778055
778052
777814
777747
777672
777657
777542
777482
777020
777017
777014
776868
776816
776557
776551
776542
776518
776489
776316
776282
776152
776003
775915
775808
775795
775743
775713
775671
775582
775243
775086
775062
774877
774821
774664
774465
774460
774435
774433
774345
774252
774233
774140
774140
774096
774087
774078
773980
773977
773932
773839
773753
773722
773529
773412
773358
773289
773279
772887
772542
772523
772506
772350
772321
772240
772052
771989
771877
771652
771622
771597
771584
771580
771567
771552
771549
771530
771515
771498
771430
771386
771157
771157
771123
771076
771051
770946
770920
770903
770903
770877
770767
770549
770218
769913
769893
769867
769706
769696
769645
769373
769335
769167
769065
769060
769022
768940
768924
768746
768604
768445
768399
768368
768226
768210
768191
768139
768118
767905
767821
767768
767741
767459
767410
767331
767263
767141
767005
766913
766873
766783
766774
766672
766584
766566
766270
765881
765717
765668
765649
765621
765601
765489
765477
765256
765201
765171
765099
764844
764783
764661
764642
764128
764102
763943
763903
763849
763766
763754
763744
763614
763612
763334
763327
763297
763182
763127
763040
763026
762709
762634
762631
762558
762515
762422
762366
762351
762290
762250
762054
762032
761790
761744
761555
761549
761462
761291
761047
761016
760911
760897
760882
760612
760520
760467
760361
760327
760270
760212
760129
760071
760033
759884
759840
759758
759743
759673
759478
759465
759437
759183
759170
758952
758861
758718
758491
758427
758379
758246
758242
757983
757881
757875
757818
757786
757778
757718
757711
757542
757539
757496
757368
757330
757086
757073
757010
756979
756814
756779
756745
756708
756327
756311
756311
756198
756082
756067
755979
755748
755739
755724
755696
755634
755575
755459
755302
755260
755244
755089
754799
754757
754709
754689
754639
754546
754433
754244
753921
753494
753417
753391
753384
753366
753310
753232
753202
753117
753084
753050
752957
752906
752870
752621
752446
752401
752318
752259
752080
752076
751953
751887
751801
751721
751565
751561
751498
750957
750916
750915
750699
750467
750453
750398
750260
750230
750148
750103
749759
749512
749470
749453
749337
749337
749234
749215
749210
749115
749022
748877
748793
748777
748769
748554
748530
748520
748383
748304
748245
748154
748091
748068
748065
747988
747743
747716
747567
747423
747413
747386
747303
747277
747135
746764
746761
746519
746243
745957
745905
745768
745669
745666
745650
745620
745581
745546
745420
745397
745389
745351
745155
745019
744971
744915
744888
744797
744550
744534
744461
744416
744404
744386
744320
744310
744204
744049
743830
743663
743495
743399
743111
743069
743058
742916
742836
742697
742515
742509
742279
742203
741998
741982
741755
741733
741728
741712
741563
741310
741290
741238
741089
741046
741019
740899
740811
740710
740577
740325
740314
740228
740206
740152
739979
739863
739802
739587
739510
739426
739228
739217
738452
738368
738317
738153
738117
738076
738005
737979
737882
737738
737630
737605
737486
737486
737426
737200
737178
737132
737110
737103
736913
736784
736762
736565
736561
736462
735930
735890
735873
735445
735400
735365
735308
735285
735200
735118
735016
735006
734991
734957
734677
734653
734652
734372
734278
734077
734064
734014
733928
733921
733920
733883
733789
733585
733423
733252
733148
732865
732833
732749
732732
732664
732554
732400
732247
732189
732074
732027
731774
731333
731047
730935
730857
730842
730548
730517
730515
730411
730257
730168
730031
729813
729740
729578
729504
729478
729449
729260
729224
729204
729117
728970
728919
728882
728867
728865
728820
728646
728642
728513
728489
728386
728057
727905
727723
727719
727452
727345
727322
726975
726845
726841
726402
726380
726371
726328
726201
725810
725641
725599
725581
725236
725154
725131
725112
725112
725103
725057
724878
724861
724824
724763
724660
724535
724463
724307
724246
724239
724120
724057
724050
724046
723990
723900
723545
723470
723411
723206
723134
722980
722934
722905
722843
722831
722655
722618
722577
722410
722384
722377
722156
722092
721759
721741
721724
721680
721167
721077
721062
721060
720885
720884
720729
720665
720529
720426
720326
720313
720215
720084
719925
719904
719679
719647
719479
719413
719398
719365
719359
719350
719304
718993
718919
718753
718663
718663
718492
718490
718484
718462
718383
718305
718276
718257
718257
718223
718114
718069
718060
718012
717961
717839
717735
717505
717417
717377
717295
717289
717041
716913
716895
716640
716578
716491
716487
716352
716227
716216
716211
716061
715815
715805
715767
715731
715718
715707
715668
715657
715604
715377
715192
715054
714905
714891
714801
714791
714729
714725
714627
714551
714424
714295
714281
714231
714221
714044
713861
713682
713296
713251
712815
712807
712682
712526
712429
712350
712289
712222
712207
712102
712085
711961
711597
711542
711508
711475
711371
711345
711320
711260
711244
711137
711119
711113
710766
710695
710600
710519
710453
710362
710317
710243
710198
710191
709862
709661
709626
709551
709415
709361
709359
709129
708986
708986
708926
708814
708733
708705
708567
708506
708433
708396
708191
708159
707999
707797
707758
707754
707704
707644
707457
707434
707314
707263
707102
706853
706843
706819
706702
706593
706521
706256
706179
705909
705538
705431
705149
705026
704898
704846
704740
704585
704568
704487
704435
704098
703751
703713
703608
703361
703272
703244
702979
702944
702916
702678
702580
702505
702312
702053
702022
702001
701971
701809
701583
701580
701488
701463
701420
701347
701259
701072
701043
700902
700756
700735
700730
700180
699933
699897
699788
699787
699539
699215
699181
699147
699104
698923
698889
698699
698695
698409
698327
698155
698123
698122
698040
697802
697565
697521
697450
697266
696968
696926
696877
696640
696413
696173
696123
696107
695960
695943
695872
695844
695719
695706
695412
695270
695251
695069
695054
695053
695026
694997
694977
694974
694632
694607
694519
694511
694478
694472
694461
694419
694369
694286
694195
694190
694175
694092
693847
693679
693661
693565
693336
693115
692904
692811
692612
692576
692565
692378
692371
692335
692193
692127
692097
691610
691584
691572
691563
691554
691518
691444
691424
691384
691367
691298
691180
690952
690900
690790
690694
690663
690659
690637
690548
690387
690375
690358
690076
690037
689991
689828
689734
689163
688849
688780
688770
688721
688457
688300
688279
688260
688247
688234
688100
688032
687906
687854
687837
687773
687714
687698
687495
687238
687231
687086
687082
686825
686819
686618
686439
686412
686147
686055
686020
686008
685968
685957
685854
685842
685840
685614
685447
685407
685396
685148
685145
684842
684607
684446
684385
684188
684055
683866
683803
683605
683516
683511
683422
683285
683205
683177
683134
683114
683095
682999
682715
682711
682681
682670
682538
682248
682081
682010
681787
681653
681634
681580
681528
681418
681359
681232
681198
681169
681145
681017
680992
680878
680874
680833
680672
680599
680427
680166
680059
680019
679945
679395
679379
679360
679204
679183
678998
678627
678580
678573
678506
678460
678457
678440
678358
677910
677838
677831
677795
677677
677663
677600
677538
677317
677087
677075
677035
676877
676380
676159
676101
676048
675995
675912
675741
675739
675725
675707
675680
675637
675634
675541
675527
675435
675268
675118
674952
674455
674442
674370
674279
674242
674185
674149
673931
673904
673892
673842
673586
673461
673419
673377
673057
673035
672930
672820
672817
672806
672730
672671
672610
672558
672495
672490
672467
672271
672045
671999
671998
671982
671654
671619
671612
671600
671556
671502
671268
671226
671097
671079
670950
670647
669975
669960
669840
669739
669660
669452
669159
669138
669132
669113
669027
668839
668791
668705
668681
668652
668554
668537
668527
668493
668492
668474
668470
668390
668348
668321
668143
668127
668044
667935
667908
667883
667704
667571
667186
667174
667107
666990
666762
666638
666385
666041
665997
665933
665929
665878
665834
665766
665661
665432
665390
665380
665348
665204
664839
664672
664641
664550
664497
664328
664273
664246
664049
663845
663684
663641
663530
663473
663405
663399
663326
663282
662968
662887
662676
662371
662355
662164
662087
662000
661868
661837
661820
661391
661283
661192
661070
660977
660972
660879
660730
660614
660584
660460
660450
660433
660386
660034
659878
659760
659727
659683
659636
659626
659571
659535
659531
659438
659361
659345
659229
659174
659143
659088
659008
658952
658884
658883
658863
658740
658729
658689
658599
658585
658305
658251
658071
658035
657946
657509
657509
657502
657485
657392
657387
657366
657105
656923
656786
656717
656709
656619
656611
656461
656395
656193
656177
656029
656006
655914
655847
655814
655719
655708
655684
655652
655630
655618
655434
655404
655383
655326
655286
655249
655174
655127
655033
654968
654766
654483
654482
654472
654342
654304
654035
654031
653987
653855
653824
653811
653539
653473
653377
653349
653346
653344
653343
653334
653261
653088
653075
652979
652945
652917
652909
652812
652487
652254
652084
652074
651841
651800
651717
651655
651611
651540
651538
651494
651379
651233
651189
651174
651127
651015
650990
650950
650949
650865
650768
650442
650303
650163
650112
649833
649827
649661
649558
649537
649407
649387
649338
649295
649290
649264
649236
649189
649168
649137
649097
648944
648409
648027
647776
647712
647375
647361
646921
646782
646715
646674
646592
646512
646200
646025
645937
645929
645854
645826
645689
645500
645498
645487
645270
644978
644943
644898
644769
644702
644685
644482
644338
644126
644125
644001
643705
643556
643278
643018
642995
642957
642774
642773
642736
641962
641946
641812
641693
641645
641582
641560
641304
641133
641040
640802
640780
640758
640750
640600
640518
640514
640433
640364
640315
640231
640140
639896
639852
639651
639631
639583
639570
639550
639539
639100
639087
639002
638963
638897
638827
638807
638761
638729
638686
638565
638560
638417
638415
638341
638225
638223
638069
637831
637482
637352
637184
637138
637119
637013
636981
636963
636851
636842
636799
636788
636583
636480
636212
636087
636082
635899
635691
635417
635371
635311
635121
634974
634940
634931
634885
634876
634863
634852
634477
634462
634397
634324
634141
634060
634026
633947
633743
633635
633602
633570
633439
633346
633226
633012
632939
632858
632739
632542
632528
632459
632367
632316
632144
632105
631997
631931
631761
631668
631489
631395
631376
631324
631173
630936
630833
630777
630758
630651
630439
630367
630333
630299
630011
629989
629610
629472
629379
629340
629325
629082
629027
629024
628975
628886
628852
628805
628667
628658
628541
628523
628488
628051
628043
627822
627712
627481
626927
626852
626708
626450
626129
626119
626111
626102
626048
625960
625815
625751
625741
625698
625615
625364
625354
625298
625182
625162
624994
624947
624887
624608
624386
624359
624325
624213
624078
624029
623834
623547
623515
623501
623456
623428
623405
623288
623223
622999
622943
622929
622817
622789
622684
622656
622627
622626
622190
622159
622086
622046
621962
621943
621892
621858
621760
621727
621272
621241
621206
621177
621156
621107
621098
620797
620561
620554
620385
620316
620028
619964
619912
619765
619575
619575
619428
619373
619284
619256
618981
618807
618803
618642
618521
618477
618256
618044
618037
617913
617889
617681
617517
617506
617428
617174
617160
617059
616957
616920
616838
616810
616394
616306
616191
616094
615988
615966
615953
615845
615772
615739
615643
615613
615359
615250
615027
614835
614794
614727
614677
614586
614527
614439
614436
614342
614246
614219
614139
613881
613781
613718
613660
613578
613490
613462
613460
613445
613440
613232
613172
613047
612994
612835
612816
612715
612651
612607
612593
612567
612121
611874
611745
611656
611591
611527
611518
611500
611481
611259
611074
611019
611014
610835
610795
610694
610657
610620
610559
610272
610241
610207
609962
609942
609923
609501
609178
609164
608913
608814
608727
608515
608489
608390
608279
607916
607711
607501
607457
607409
607398
607241
607153
607091
606967
606961
606923
606827
606717
606673
606407
606193
606128
606028
605981
605964
605669
605559
604911
604790
604634
604577
604490
604345
604330
604263
604088
604026
604002
603779
603482
603466
603419
603399
603179
603077
602955
602868
602515
602357
602338
602192
602170
602091
601910
601875
601865
601757
601734
601715
601507
601506
601366
601345
601194
601070
600804
600730
600628
600627
600614
600573
600448
600348
600279
600128
600005
599925
599478
599398
599238
598753
598655
598586
598268
598171
598148
597967
597876
597821
597806
597781
597714
597710
597457
597384
597349
597312
597172
597122
596888
596544
596443
596398
596186
596169
596168
596118
595980
595739
595567
595500
595444
595399
595383
595250
595076
594933
594733
594614
594223
594055
593920
593802
593756
593675
593334
593254
593158
592978
592947
592946
592925
592878
592876
592855
592637
592442
592435
592333
592209
592183
592086
592067
592025
591820
591712
591624
591450
591293
591267
591217
590990
590944
590785
590712
590585
590554
590514
590349
590348
590306
590168
590059
589827
589693
589632
589626
589600
589429
589373
589353
589337
589239
589117
589074
588853
588848
588827
588616
588615
588525
588458
588353
588318
588051
587946
587939
587789
587761
587662
587474
587256
586991
586949
586872
586805
586415
586375
586262
586090
586075
586066
585889
585743
585730
585597
585330
585063
584945
584909
584821
584706
584662
584500
584279
584232
584205
584109
583966
583948
583943
583924
583919
583841
583718
583659
583588
583414
583262
583198
583088
583041
583016
582819
582655
582620
582575
582537
582507
582503
582429
582385
582361
581822
581806
581772
581673
581666
581648
581303
581018
581016
580971
580944
580939
580926
580926
580829
580714
580677
580669
580525
580488
580454
580451
580365
580161
580123
580076
580058
580055
579886
579795
579751
579733
579608
579475
579343
579221
579212
579134
579029
579017
578894
578881
578765
578373
578330
578213
578146
577985
577589
577518
577435
577319
577245
577203
577201
577148
577058
576943
576754
576724
576698
576579
576475
576445
576359
576332
576292
576277
576201
575882
575880
575750
575720
575590
575582
575371
575238
574996
574674
574544
574416
574138
573907
573873
573812
573485
573340
573277
573014
572980
572943
572918
572911
572829
572812
572804
572555
572480
572455
572436
572359
572357
572285
572111
571838
571666
571378
571239
571031
570932
570918
570881
570638
570230
570084
570057
569515
569481
569266
569152
569089
568947
568636
568533
568526
568522
568469
568357
568310
567988
567904
567825
567810
567680
567474
567458
567398
567293
567223
567030
566894
566871
566833
566726
566671
566525
566462
566327
566277
566277
565953
565837
565664
565365
565241
565193
565118
565111
565100
565079
564773
564765
564737
564595
564585
564555
564406
564312
564247
564221
564198
564122
564104
564042
563975
563974
563749
563741
563728
563619
563523
563441
563017
562998
562950
562928
562731
562704
562504
562429
562403
562347
562226
561997
561965
561943
561920
561839
561599
561352
561260
561209
561122
561044
560961
560945
560881
560851
560797
560782
560781
560658
560584
560333
560047
559800
559640
559630
559620
559568
559550
559511
559465
559450
559430
559302
559278
559212
559142
559097
558948
558867
558833
558743
558734
558574
558500
558352
557989
557933
557883
557672
557553
557500
557353
557257
557103
556747
556714
556572
556527
556343
556181
556125
556112
556092
556080
555743
555721
555720
555710
555686
555597
555562
555554
555417
555368
555135
554800
554796
554705
554549
554525
554471
554460
554332
554132
553830
553698
553659
553547
553441
553440
553269
553162
553102
552799
552673
552617
552610
552599
552496
552463
552350
552165
552153
552044
551934
551898
551624
551596
551585
551515
551502
551039
550915
550899
550721
550695
550658
550619
550588
550581
550533
550480
550416
550185
550004
549980
549910
549823
549802
549401
549112
548940
548893
548752
548596
548555
548535
548275
548119
548068
547942
547908
547788
547781
547562
547476
547328
547141
547123
547042
546684
546546
546540
546462
546378
546261
546025
545874
545856
545384
545273
545265
545164
545085
545065
545014
544490
544483
544402
544384
544179
544119
544066
544020
544016
543899
543877
543840
543806
543404
543288
543280
543277
543174
543003
542984
542901
542893
542567
542564
542508
542126
542064
542028
541885
541809
541766
541577
541554
541526
541386
541335
540983
540673
540649
540408
540363
540362
540330
540326
540309
540032
540012
539839
539718
539539
539422
539325
539265
538975
538936
538922
538900
538887
538811
538741
538593
538490
538472
538397
538335
538254
538164
538048
538027
537971
537809
537614
537539
537394
537359
537298
537150
537145
537125
537074
537032
536991
536890
536867
536809
536785
536568
536490
536369
536136
536112
536009
535944
535805
535643
535457
535309
535234
535209
535190
535156
535071
535049
534940
534736
534715
534699
534629
534547
534503
534494
534479
534277
534123
533942
533927
533723
533659
533521
533469
533462
533444
533412
533340
533275
533216
533186
532723
532715
532617
532596
532373
532140
532107
532063
531953
531886
531711
531693
531653
531637
531427
531378
531329
531203
531177
531004
530764
530580
530554
530384
530335
530259
530177
530087
530015
529976
529858
529606
529588
529497
529446
529378
529008
528971
528939
528849
528849
528677
528516
528207
528150
528035
527969
527913
527909
527889
527837
527829
527811
527805
527746
527684
527653
527611
527605
527585
527429
527297
527239
527209
527203
527196
527177
526949
526847
526720
526610
526371
526309
526004
525919
525805
525804
525792
525655
525653
525645
525436
525425
525217
525192
525179
525113
524938
524871
524458
524263
524224
524207
524158
524050
523458
523324
523213
523147
523025
522770
522731
522668
522594
522415
522399
522248
522247
521761
521709
521518
521481
521295
521291
521039
520916
520853
520807
520702
520696
520582
520374
520236
520181
519782
519504
518635
518459
518456
517907
517824
517752
517714
517545
517376
517372
517233
517108
517063
516980
516889
516849
516649
516624
516526
516458
516391
516351
516261
516172
516133
516118
516075
516059
516027
515969
515948
515867
515860
515685
515561
515501
515412
515234
515064
515054
514812
514750
514728
514723
514708
514595
514462
514352
514297
514257
514250
514142
514029
513981
513908
513638
513569
513316
513144
513051
513006
512981
512904
512749
512715
512669
512662
512553
512481
512364
512350
512287
512212
512115
511993
511980
511901
511651
511571
511481
511458
511095
511083
510950
510915
510903
510848
510678
510674
510434
510393
510386
509933
509794
509650
509517
509488
509164
509147
509043
508863
508808
508796
508778
508722
508609
508599
508404
508304
508288
508273
508211
508103
507919
507912
507866
507795
507758
507487
507402
507176
506723
506121
506070
505840
505698
505698
505697
505657
505516
505388
505309
505100
505066
505013
504937
504620
504618
504347
504265
504148
504142
503630
503493
503392
503329
503318
503216
503089
502894
502859
502848
502768
502619
502551
502491
502409
502334
502167
502057
502020
501954
501930
501553
501449
501211
501036
501021
500940
500937
500816
500506
500368
500354
500268
500250
500222
500025
500014
499983
499942
499852
499821
499594
499552
499530
499518
499473
499459
499413
499359
499126
498947
498771
498724
498637
498551
498410
498358
498039
498001
497949
497909
497853
497798
497691
497639
497632
497589
497459
497454
497435
497290
497193
497100
496948
496867
496802
496766
496694
496498
496447
496362
496352
496008
495981
495822
495665
495569
495358
495353
495327
495300
495185
495011
494885
494689
494668
494642
494633
494573
494481
494450
494421
494409
493939
493847
493838
493837
493612
493557
493533
493517
493345
493280
493243
493229
493186
493128
493077
493021
492938
492809
492721
492721
492514
492475
492422
492207
492065
491961
491825
491801
491766
491599
491550
491519
491505
491309
491232
491215
491205
491181
491026
490905
490857
490851
490702
490547
490525
490438
490360
490185
490129
490087
490073
490065
489946
489896
489753
489689
489518
489418
489292
489227
489183
489118
489019
488942
488915
488860
488691
488576
488570
488319
488146
488124
488053
487999
487766
487735
487548
487540
487534
487515
487509
487499
487172
487152
487123
487112
486992
486966
486730
486677
486404
486401
486337
486291
486196
486167
486147
486081
486004
485999
485912
485804
485635
485481
485455
485383
485342
485252
485064
485043
484926
484875
484760
484574
484533
484524
484477
484276
484198
483995
483971
483873
483781
483772
483752
483747
483632
483510
483367
483077
483076
482881
482806
482737
482716
482537
482352
482167
482017
481796
481796
481771
481631
481531
481497
481461
481443
481436
481358
481330
481213
481058
481050
480996
480938
480909
480846
480698
480694
480591
480437
480242
480228
480017
479995
479879
479816
479762
479728
479501
479484
479241
479233
479216
479204
479001
478969
478957
478835
478486
478471
478454
478347
478331
478304
478287
477996
477814
477483
477467
477408
477349
477346
477227
477227
477183
477141
477120
477080
477029
476936
476685
476602
476582
476508
476476
476416
476082
475949
475916
475861
475723
475473
475330
475231
475204
475122
474782
474739
474615
474582
474470
474287
474240
474007
473988
473957
473933
473926
473812
473364
472991
472984
472981
472751
472519
472338
472294
472171
472124
472058
471712
471702
471584
471536
471498
471497
471462
471304
471300
471236
471224
470911
470866
470772
470769
470739
470555
470545
470389
470239
470215
470061
469929
469828
469823
469813
469638
469573
469377
469311
469156
469117
469066
469063
468892
468881
468795
468732
468291
468252
468098
467959
467885
467715
467695
467510
467504
467478
467232
466970
466901
466834
466833
466809
466658
466587
466511
466453
466417
466376
466203
465867
465660
465605
465478
465367
465346
465310
465257
465197
465191
465070
465069
465054
465000
464956
464574
464286
464243
464145
464070
463924
463922
463680
463680
463674
463614
463613
463598
463555
463537
463447
463341
463335
463268
463248
463081
463025
463008
462679
462370
462292
462137
462083
462082
462029
461944
461906
461854
461745
461558
461237
461182
461070
460989
460979
460958
460909
460854
460775
460724
460680
460574
460422
460153
460065
460017
459917
459862
459850
459849
459596
459533
459361
459294
459278
459101
458963
458812
458797
458792
458760
458734
458713
458700
458669
458567
458376
458323
458313
458111
457951
457813
457781
457772
457626
457584
457574
457433
457398
457252
457182
457005
456535
456514
456364
456332
456269
456240
456144
456103
456101
456090
455915
455845
455739
455626
455378
455165
454802
454531
454458
454408
454300
454142
454100
454056
453880
453831
453668
453625
453588
453505
453463
453436
453375
453315
453016
452915
452792
452469
452204
452200
452150
452133
452121
451925
451842
451823
451806
451578
451317
451281
451268
451174
451157
450958
450808
450748
450635
450597
450359
450359
450294
450234
450169
450123
449868
449829
449827
449484
449396
449363
449224
449196
449139
448999
448825
448824
448818
448769
448713
448629
448435
448297
448254
448246
448089
448081
447976
447941
447837
447465
447333
447326
447281
447192
447023
446988
446988
446921
446819
446375
446353
446262
446257
446241
446112
446090
445979
445817
445714
445665
445558
445490
445400
445310
445266
445227
445151
444997
444990
444942
444919
444909
444902
444854
444705
444656
444616
444614
444505
444255
444222
444156
444079
443893
443792
443775
443757
443752
443622
443532
443307
443081
442971
442955
442949
442903
442900
442751
442664
442560
442427
442385
442316
441999
441960
441852
441653
441641
441604
441521
441393
441279
441105
441079
441006
441006
440909
440656
440576
440536
440525
440330
440281
440279
440130
440124
439961
439872
439818
439760
439689
439560
439252
439250
439236
439191
439135
439125
439121
439058
439014
439012
438939
438829
438828
438778
438716
438590
438571
438566
438321
438281
438189
437847
437786
437409
437068
437020
436992
436758
436724
436717
436436
436303
436213
436204
436177
436150
436075
435970
435843
435801
435730
435710
435701
435647
435569
435533
435476
435417
435403
435089
434926
434875
434807
434683
434674
434598
434481
434271
434244
434016
433988
433963
433726
433497
433344
433132
433086
432946
432906
432893
432877
432766
432714
432695
432633
432505
432443
432176
431972
431198
431153
431143
431095
430944
430832
430829
430820
430781
430751
430592
430475
430436
430433
430406
430391
430354
430283
430258
429933
429662
429634
429517
429488
429369
429288
429256
428976
428943
428893
428825
428795
428701
428593
428513
428386
428382
428335
428277
428149
428110
428025
427789
427720
427718
427512
427393
427382
427139
427138
427071
427007
426862
426774
426714
426548
426517
426347
426313
426191
426145
425859
425857
425650
425547
425057
424731
424703
424618
424537
424500
424493
424469
424422
424417
424299
424259
424160
424062
423594
423509
423430
423303
423229
422947
422900
422888
422880
422856
422799
422798
422707
422575
422470
422449
422134
422110
422070
422061
421941
421932
421854
421614
421530
421520
421496
421074
421041
420861
420713
420699
420681
420662
420538
420457
420325
420313
420160
420156
420081
419828
419739
419712
419697
419600
419522
419418
419406
419325
419174
418983
418844
418836
418747
418648
418488
418270
418207
418159
418083
418049
418025
418018
417905
417695
417570
417554
417390
417312
417192
417174
417045
416736
416685
416669
416667
416597
416458
416328
416270
416200
416159
416029
415996
415893
415729
415581
415554
415433
415154
415148
415010
414916
414645
414555
414477
414379
414127
413970
413946
413912
413877
413545
413407
413367
413276
413226
413080
413041
413029
413002
412778
412630
412570
412532
412337
412263
412251
412214
412115
412114
411711
411695
411669
411414
411383
411377
411269
411184
411104
411042
411022
410992
410702
410377
410295
410284
410204
410135
410122
410096
410037
409958
409863
409782
409771
409761
409717
409628
409524
409425
409421
409411
409079
408611
408533
408341
408221
408220
408216
408214
407863
407756
407542
407520
407236
406959
406897
406810
406758
406757
406708
406587
406544
406396
406209
406144
405953
405946
405792
405701
405475
405448
405420
405301
405110
405062
404915
404860
404775
404750
404684
404560
404337
404273
404136
403841
403799
403630
403612
403416
403413
403177
403030
402860
402656
402645
402616
402508
402433
402391
402342
402265
402242
402198
401857
401767
401719
401564
401539
401526
401337
401123
400939
400746
400726
400651
400626
400608
400578
400355
400316
400266
400260
400140
399904
399858
399848
399817
399810
399711
399711
399706
399548
399486
399423
399418
399232
399024
399016
398938
398930
398881
398785
398729
398676
398657
398653
398593
398578
398431
398299
398278
398010
397742
397708
397651
397427
397204
397183
397053
396955
396758
396718
396711
396581
396262
396088
396083
395921
395886
395776
395735
395648
395419
395399
395354
395272
395168
395078
394990
394870
394751
394736
394578
394409
394331
394218
394163
394100
393887
393884
393779
393646
393584
393579
393540
393535
393230
393123
392896
392871
392871
392827
392687
392550
392527
392452
392335
392300
392207
391985
391969
391969
391756
391715
391689
391574
391568
391415
390992
390982
390884
390729
390662
390646
390542
390427
390303
390212
389911
389855
389618
389541
389453
389328
389221
389190
389179
389080
389072
389035
388908
388741
388696
388636
388554
388534
388513
388513
388406
388278
388227
388210
388176
387948
387939
387886
387653
387617
387524
387495
387427
387398
387396
387163
387145
387141
387048
386981
386893
386828
386799
386667
386535
386158
385971
385897
385878
385784
385701
385628
385601
385552
385496
385347
385205
384778
384598
384319
384286
384183
383738
383719
383685
383659
383539
383282
383088
382997
382910
382898
382772
382733
382616
382542
382521
382469
382446
381548
381389
381370
381032
380868
380862
380851
380813
380672
380632
380516
380502
380426
380359
380259
380039
379735
379720
379595
379421
379357
379328
379017
378890
378681
378679
378374
378197
378143
377924
377764
377757
377709
377650
377596
377595
377398
376875
376759
376615
376417
376402
376393
376355
376346
376333
376294
376279
376168
376005
375884
375830
375797
375791
375772
375722
375644
375565
375332
375312
375247
375185
375043
374996
374819
374751
374672
374514
374514
374283
374198
374146
374112
374094
373993
373957
373859
373839
373573
373545
373517
373306
373190
373096
373090
372981
372904
372824
372800
372496
372481
372460
372372
372325
372297
372183
372111
372059
371972
371949
371931
371803
371737
371591
371589
371515
371268
370960
370881
370595
370506
370476
370281
370228
370206
370139
370127
370099
369789
369540
369495
369418
369410
369282
369269
369252
369114
369097
369051
368990
368425
368316
368298
368235
368140
368134
368011
367818
367699
367691
367389
367329
367278
367143
366828
366699
366681
366430
366301
365938
365887
365856
365687
365681
365591
365285
365139
365096
364885
364781
364707
364415
364402
364391
364332
364314
364294
364286
364155
364150
364101
363747
363731
363709
363650
363542
363346
363286
363200
362887
362816
362784
362709
362658
362620
362563
362318
362317
362088
362013
361976
361848
361828
361781
361749
361657
361570
361467
361464
361149
361105
361057
360947
360824
360814
360528
360325
360268
360247
360227
360172
359884
359841
359841
359832
359543
359520
359455
359362
359339
359336
359246
359143
359052
358819
358578
358537
358514
358483
358480
358472
358318
358264
358195
358194
357881
357875
357871
357533
357445
357430
357303
357213
357116
357105
357028
356801
356778
356737
356627
356339
356021
355883
355790
355520
355468
355328
355287
355178
355173
355093
355040
355006
354614
354421
354389
354381
354143
353842
353778
353377
353260
353206
353198
353123
353120
352717
352597
352570
352565
352544
352533
352450
352430
352279
352250
352238
352146
352020
351902
351888
351884
351846
351774
351680
351397
351138
351112
351060
350806
350621
350604
350524
350434
350365
350307
350250
350186
349816
349807
349584
349477
349454
349430
349155
349071
349000
348827
348788
348437
348430
348335
348279
348203
348138
348119
348078
348011
347979
347977
347909
347792
347623
347585
347428
347395
347363
347351
347175
347138
347016
346966
346819
346788
346694
346632
346499
346447
346386
346343
346342
346314
346304
346215
345952
345881
345873
345868
345853
345827
345788
345784
345757
345693
345562
345548
345369
345159
345086
344915
344857
344531
344373
344120
344046
344020
343520
343438
343374
343303
343260
343249
343054
342942
342768
342725
342681
342646
342548
342547
342510
342380
342342
342186
342128
341941
341934
341893
341717
341690
341489
341432
341335
341225
341198
341122
341060
341003
340780
340702
340430
340368
340350
340322
340288
340187
340119
339753
339649
339606
339552
339533
339399
339300
339254
339202
339086
338852
338742
338692
338676
338572
338484
338471
338241
338047
338047
337988
337761
337756
337534
337461
337452
337388
337314
337165
337088
337013
337009
336963
336954
336923
336774
336688
336527
336385
336294
336250
336182
336008
335972
335891
335818
335493
335441
335243
335099
335086
334955
334814
334715
334599
334488
334201
333951
333684
333622
333589
333486
333456
333341
333121
333049
332988
332938
332721
332676
332526
332428
332263
332216
332187
332118
332117
332069
331748
331650
331552
331411
331279
331193
331079
330968
330749
330704
330676
330538
330348
330250
330169
330041
329878
329645
329601
329582
329457
329421
329410
329381
329340
329334
329163
329121
329070
328995
328903
328890
328799
328642
328319
328245
328045
328009
327949
327896
327821
327733
327484
327390
327219
326962
326817
326740
326701
326615
326610
326605
326418
326353
326332
326086
326010
325994
325849
325775
325723
325614
325544
325430
325402
325216
325139
325130
325054
324932
324825
324783
324679
324672
324634
324627
324404
324215
324147
324129
324128
323788
323672
323547
323512
323471
323442
323440
323426
323185
323112
323102
322989
322545
322528
322512
322490
322391
322267
322256
321725
321606
321514
321386
321082
321070
321056
320876
320820
320801
320783
320763
320696
320564
320543
320460
320450
320388
320078
319907
319724
319707
319685
319678
319563
319556
319415
319194
318921
318811
318799
318795
318739
318723
318581
318575
318506
318409
318385
318093
318067
318005
317826
317789
317631
317629
317621
317598
317282
317080
316943
316808
316559
316440
316389
316385
316140
316037
315993
315919
315874
315782
315781
315630
315563
315513
315407
315198
315060
315047
315032
314877
314848
314821
314737
314729
314674
314668
314581
314541
314523
314365
314300
314290
314219
314129
314045
313919
313894
313838
313638
313592
313520
313449
313177
313033
312948
312863
312837
312719
312652
312609
312518
312284
312115
312066
311908
311801
311683
311539
311501
311342
311287
311185
311051
310856
310839
310789
310716
310618
310523
310294
310190
310179
310151
310043
309923
309914
309836
309835
309796
309750
309721
309709
309655
309654
309586
309547
309444
309236
309204
309106
308988
308760
308731
308699
308684
308426
308352
307890
307753
307690
307466
307390
307341
307208
306678
306623
306587
306552
306499
306479
306462
306363
306338
306322
306274
306120
305756
305579
305524
305495
305463
305458
305342
305250
305169
305048
305035
304998
304985
304961
304656
304559
304399
304354
304247
304188
304093
304021
304006
303905
303884
303836
303793
303693
303649
303614
303481
303474
303415
303215
303186
303151
303133
303120
302995
302839
302709
302670
302513
302475
302432
302332
302237
302173
302010
301905
301771
301638
301607
301574
301557
301477
301423
301302
301215
301206
301193
301140
301127
301006
300757
300627
300608
300442
300137
300134
299972
299804
299756
299667
299471
299439
299232
298608
298498
298335
298280
298247
298154
298126
298103
297885
297656
297262
297082
297011
296933
296837
296715
296669
296573
296570
296548
296477
296466
296450
296213
296096
296071
295899
295864
295580
295566
295550
295544
295282
295271
295052
294966
294936
294918
294892
294736
294485
294443
294317
294034
293807
293793
293547
293455
293361
293272
293194
293192
293164
293123
292941
292930
292892
292747
292743
292604
292469
292365
292320
292265
292045
291810
291780
291685
291546
291340
291137
291113
291032
290975
290862
290654
290639
290558
290530
290385
290380
290367
290280
290265
290190
290158
290125
290056
290015
290007
289944
289872
289842
289817
289771
289693
289661
289561
289490
289216
289075
289022
288938
288836
288789
288784
288238
288173
288143
287748
287547
287496
287462
287462
287449
287290
287283
287247
287129
286871
286865
286464
286461
286374
286299
286225
286206
286162
286137
286128
286119
285979
285949
285852
285836
285803
285753
285716
285701
285670
285654
285197
285144
285122
285020
285011
284953
284757
284703
284660
284622
284450
284425
284418
284358
284262
284249
284226
284159
284005
283991
283881
283871
283835
283346
282962
282930
282844
282780
282742
282469
282457
282389
282388
281882
281590
281536
281369
281251
281217
281149
281046
281002
280998
280928
280808
280779
280681
280559
280457
280360
280234
280213
280157
280003
279947
279831
279700
279577
279449
279367
279194
279143
278905
278779
278770
278610
278544
278543
278310
278244
278181
277814
277738
277717
277618
277565
277331
277259
277243
277102
276981
276914
276873
276801
276794
276683
276640
276283
276141
276098
276069
275994
275893
275741
275597
275557
275542
275492
275408
275394
275270
275135
275116
275065
275028
275017
275002
274725
274666
274561
274528
274524
274466
274165
274108
274044
274019
273999
273709
273500
273499
273406
273188
273145
273041
272983
272959
272900
272883
272775
272550
272531
272455
272324
272196
272195
272168
272152
271987
271966
271831
271806
271228
271094
270865
270638
270599
270360
270296
270249
270222
270217
270161
270110
270059
269945
269602
269426
269256
269252
269195
269179
269175
269112
269107
269033
268961
268886
268854
268828
268703
268663
268383
268020
267982
267961
267810
267760
267731
267459
267412
267226
267088
267078
266983
266926
266919
266897
266796
266626
266570
266511
266503
266489
266487
266309
266132
266080
266023
265987
265809
265791
265668
265653
265633
265576
265441
265417
265385
265347
265276
265042
265035
264968
264910
264892
264884
264879
264741
264702
264620
264555
264472
264136
264127
264087
263906
263860
263820
263783
263738
263620
263406
263402
263328
263301
263268
263209
263193
263189
263011
262967
262921
262825
262502
262324
262278
262212
262194
262165
262110
261938
261858
261770
261581
261474
261361
261176
261144
261111
260982
260822
260706
260626
260275
260198
260103
259977
259954
259840
259807
259670
259653
259446
259436
259130
259050
259029
258953
258819
258624
258535
258163
258126
258058
258040
257917
257786
257766
257646
257559
257475
257453
257355
257342
257341
257333
257261
257212
257102
256711
256704
256584
256484
256477
256467
256275
256259
256109
256107
255945
255632
255550
255389
255370
255093
255067
254871
254852
254836
254741
254658
254611
254570
254554
254552
254298
254247
254246
254235
254115
254115
254113
254039
253840
253672
253576
253432
253351
253348
253306
253265
253234
253006
252988
252946
252886
252705
252677
252651
252026
251874
251726
251663
251150
251078
250859
250817
250720
250532
250419
250396
250390
250301
250275
250193
250136
250064
249666
249638
249625
249553
249490
249422
249240
249076
249039
249033
248922
248870
248628
248478
248466
248461
248457
248423
248282
248247
248197
248132
248028
247889
247828
247715
247565
247312
247265
247239
246961
246763
246580
246444
246284
246197
246027
245984
245879
245797
245790
245758
245736
245637
245613
245348
245305
245252
245075
244974
244889
244755
244644
244562
244505
244128
244056
243981
243846
243632
243586
243557
243503
243447
243431
243378
243348
243250
243246
243202
243125
243006
242737
242580
242538
242508
242417
242403
242251
242245
242179
242169
241996
241956
241693
241614
241528
241435
241423
241367
241261
241192
241179
241006
240818
240456
240341
240264
240218
240132
239947
239926
239913
239878
239672
239588
239495
239464
239367
238851
238838
238755
238698
238535
238275
238234
238045
237980
237707
237495
237254
237041
236975
236967
236960
236921
236880
236717
236656
236417
236356
236224
236106
235896
235614
235579
235573
235064
234792
234717
234526
234479
234379
234239
234234
234220
234200
233843
233586
233338
233268
233176
232922
232795
232591
232536
232446
232443
232325
232248
232243
232216
232185
232067
231988
231948
231929
231721
231679
231618
231544
231523
231458
231421
231208
231195
231144
231030
230991
230935
230860
230772
230709
230585
230358
230343
230325
230234
230075
230067
230048
229983
229932
229919
229753
229556
229485
229460
229160
229118
229049
228982
228930
228914
228812
228777
228644
228560
228416
228412
228114
227679
227473
227467
227442
227327
227294
227127
226969
226801
226797
226726
226698
226591
226288
226264
226204
225838
225821
225658
225598
225521
225482
225455
225444
225291
225266
225243
225081
224888
224653
224357
224275
224274
224266
224246
224036
223989
223866
223710
223581
223532
223522
223521
223310
223159
222999
222896
222811
222781
222760
222698
222695
222668
222639
222599
222448
222357
222335
222302
222192
222036
221773
221701
221620
221571
221467
221460
221418
221367
221359
220895
220708
220604
220542
220341
220020
219914
219737
219681
219305
218985
218825
218522
218440
218400
218392
218281
218270
217961
217854
217766
217664
217360
217324
216896
216835
216791
216445
216169
216016
216014
215983
215936
215932
215571
215476
215011
214884
214486
214288
214247
214074
214021
213878
213575
213493
213466
213463
213363
213275
213039
212927
212876
212620
212595
212592
212366
212051
212025
212022
211796
211130
211118
211103
211021
210972
210718
210594
210237
210152
210124
210082
209962
209716
209655
209613
209554
209544
209453
209399
209375
209304
209064
209064
209048
209014
208827
208796
208778
208726
208696
208647
208621
208555
208536
208513
208415
208400
208229
207757
207694
207683
207562
207519
207509
207504
207445
207261
207215
207130
206979
206893
206762
206757
206566
206562
206426
206380
206287
206260
206247
206037
205886
205725
205704
205672
205628
205571
205506
205493
205429
205378
205366
205154
205077
204991
204853
204825
204774
204723
204594
204550
204532
204528
204443
204435
204395
204305
204205
204183
204038
204016
204012
203650
203645
203547
203486
203394
203357
203290
203082
203038
202594
202557
202259
202248
202121
202042
201954
201695
201640
201582
201341
201026
200928
200874
200788
200575
200484
200464
200349
200062
200011
199995
199779
199731
199434
199410
199244
198981
198790
198748
198581
198398
198270
198220
198074
198025
197981
197841
197618
197557
197527
197243
197105
196978
196857
196705
196635
196312
196187
196178
196134
195982
195754
195657
195514
195491
195421
195240
195106
195080
195043
194740
194717
194647
194634
194585
194544
193945
193767
193697
193689
193431
193291
193211
193205
193188
193186
193080
193020
192841
192776
192659
192543
192540
192194
192068
192062
191587
191302
191175
191162
190619
190466
190441
190403
190374
190367
190097
190028
189928
189897
189751
189595
189568
189222
189215
189158
189154
188989
188977
188967
188833
188803
188734
188568
188500
188479
188382
188369
188304
188300
188204
187851
187833
187702
187542
187498
187173
187118
187040
187018
187014
187002
186980
186910
186821
186684
186530
186454
186328
186246
186146
186120
186107
186019
185968
185867
185731
185573
185540
185358
185349
185162
185092
184914
184891
184821
184679
184655
184650
184644
184567
184514
184151
184032
184017
183930
183888
183873
183645
183481
183299
183112
182963
182874
182839
182738
182730
182614
182509
182469
182385
182284
182276
182173
182142
182022
181804
181714
181705
181396
181266
180903
180690
180612
180420
180171
180151
180091
179835
179485
179251
179153
179139
179054
178764
178659
178657
178589
178407
178405
178306
178283
178279
178272
178174
178151
178142
177936
177926
177873
177855
177665
177659
177657
177619
177575
177516
177477
177420
177331
177283
177047
176668
176630
176585
176372
176274
175913
175891
175816
175668
175321
175238
175120
174967
174947
174911
174865
174811
174738
174692
174679
174572
174443
174420
174398
174210
174176
173954
173904
173619
173503
173499
173459
173382
173164
173150
173119
173077
172950
172843
172810
172809
172719
172608
172364
172188
172172
172013
171987
171977
171634
171590
171374
171223
171170
170999
170910
170859
170754
170568
170355
170309
170294
170258
170246
170197
170190
170173
170020
170012
169842
169677
169561
169491
169478
169342
169294
169273
169208
169035
169021
168999
168877
168665
168587
168497
168328
168312
168245
168203
168191
168119
168104
168077
167988
167962
167875
167873
167695
167640
167620
167546
167516
167458
167428
167375
167160
167070
167070
166955
166927
166873
166732
166655
166614
166472
166448
166144
166114
165872
165776
165732
165654
165564
165548
165468
165297
165227
165152
165048
165004
164938
164833
164758
164715
164700
164544
164529
164502
164481
164357
164354
164278
164254
164193
164069
164045
163993
163914
163815
163791
163781
163779
163579
163565
163426
163272
163188
162806
162781
162685
162663
162598
162500
162355
162184
162135
162106
162014
161830
161618
161571
161413
161197
160892
160810
160808
160527
160486
160470
160325
160078
160046
159841
159755
159581
159551
159321
159196
159087
158872
158829
158744
158685
158612
158580
158559
158334
158309
158246
158106
158103
157930
157926
157828
157659
157652
157568
157522
157490
157470
157260
157041
156939
156776
156767
156729
156622
156510
156298
156204
156181
155962
155673
155575
155568
155312
155311
155223
155152
155060
154991
154977
154874
154700
154490
154457
154429
154391
154317
154297
154273
154112
154061
154000
153981
153867
153686
153640
153471
153329
153307
153244
153223
153208
153156
153119
152706
152682
152542
152514
152212
152209
152145
152070
151958
151902
151825
151719
151713
151680
151673
151638
151536
151530
151499
151483
151366
151156
151099
151057
151025
151021
150761
150731
150566
150547
150452
150390
150371
150216
150186
150056
149993
149914
149631
149577
149536
149521
149451
149427
149424
149419
149248
148912
148872
148816
148791
148648
148344
148231
148217
148196
148077
147919
147912
147829
147729
147282
147215
147177
147116
146831
146813
146775
146732
146662
146645
146633
146364
146256
146188
146137
146086
145985
145973
145842
145814
145810
145766
145610
145546
145401
145260
145194
145081
144945
144882
144863
144811
144759
144690
144646
144532
144452
144179
144098
144026
143988
143965
143900
143759
143590
143536
143531
143008
142971
142883
142791
142733
142621
142477
142314
142292
142215
142176
142131
142124
141976
141854
141844
141767
141742
141682
141649
141328
141327
141254
141169
141083
140937
140828
140778
140752
140733
140607
140494
140348
140008
140003
139940
139908
139889
139783
139145
139093
139020
138875
138721
138659
138642
138616
138552
138426
138352
138191
138171
138167
138078
138070
138009
137906
137856
137780
137775
137726
137719
137603
137546
137267
137162
137124
137053
136923
136920
136837
136832
136604
136501
136465
136168
136105
136065
136007
135988
135880
135741
135671
135583
135438
135297
135165
135113
135061
134951
134935
134625
134502
134302
134256
134242
134023
134003
133982
133815
133798
133693
133631
133320
133264
133129
133095
133092
132976
132622
132601
132538
132508
132488
132327
132310
132259
132172
132103
132084
131928
131900
131829
131768
131647
131597
131593
131575
131422
131398
131367
131306
131279
131129
130883
130816
130675
130668
130146
130142
130113
130018
129609
129541
129367
129360
129358
129232
129216
129188
128841
128751
128642
128565
128553
128328
128271
128226
128054
128026
127803
127767
127650
127559
127450
127350
127335
127232
127194
127150
127090
127031
126955
126637
126405
126337
126131
126014
125781
125780
125745
125738
125643
125614
125577
125049
124951
124948
124945
124597
124588
124573
124573
124533
124461
124394
124288
124280
124227
124201
124124
124122
123997
123938
123913
123878
123677
123628
123610
123511
123477
123414
123374
123358
123352
123280
123148
123081
123065
122991
122850
122828
122754
122525
122509
122480
122435
122365
122271
122140
122085
121806
121336
121283
121122
121059
120963
120791
120507
120130
119851
119296
119166
119043
119031
118887
118539
118394
118275
118264
118235
118166
118122
118119
118111
118095
118023
117940
117926
117859
117651
117588
117383
117310
117234
117166
117149
116923
116852
116851
116405
116399
116267
116199
115973
115970
115819
115667
115488
115464
115354
115085
114981
114830
114771
114203
114006
113883
113868
113858
113683
113673
113654
113465
113186
113051
113012
112993
112988
112965
112880
112869
112816
112779
112591
112540
112522
112481
112451
112434
112414
112405
112405
112192
112129
112110
112025
112024
111841
111743
111656
111596
111544
111433
111404
111232
111106
111041
111018
110766
110738
110679
110604
110471
110304
110124
110112
109980
109770
109485
109270
109152
109127
109077
108757
108724
108625
108503
108417
108225
108174
108170
108066
108019
108002
107913
107912
107894
107803
107600
107317
107226
107101
107080
107021
106886
106736
106640
106637
106575
106545
106441
106396
106368
106227
105950
105928
105918
105770
105644
105562
105421
104998
104997
104847
104710
104545
104331
104197
104181
104166
103909
103879
103657
103495
103477
103327
103127
103061
102984
102950
102942
102888
102858
102810
102730
102703
102628
102547
102475
102436
102385
102348
102021
101846
101803
101537
101453
101349
101340
101201
101028
100729
100687
100617
100494
100449
100401
100190
100166
100162
100118
99967
99890
99827
99609
99537
99437
99411
99087
99076
99051
99026
98918
98858
98474
98447
98426
98294
98259
98165
98140
98072
97997
97891
97818
97792
97749
97729
97694
97205
97199
97122
96992
96984
96753
96655
96548
96496
96462
96412
96366
96344
96121
96055
96042
95956
95822
95793
95788
95661
95554
95436
95415
95067
94895
94840
94831
94653
94476
94028
94006
93991
93954
93945
93924
93919
93861
93854
93834
93779
93685
93525
93340
93289
93185
93055
92909
92824
92545
92372
92313
92301
92276
92270
92070
92059
91876
91854
91560
91398
91279
91279
90809
90749
90585
90508
90497
90332
90258
89831
89795
89578
89525
89515
89424
89358
89265
89184
89035
88981
88873
88832
88523
88400
88333
88317
88209
87915
87859
87637
87611
87503
87454
87436
87398
87250
87245
87160
86764
86377
86339
86312
86274
86090
85865
85805
85741
85687
85614
85601
85579
85488
85290
85131
84970
84820
84657
84497
84239
84093
84056
83646
83588
83457
82973
82870
82558
82521
82479
82435
82259
82255
82252
82241
81971
81956
81930
81836
81829
81663
81648
81625
81621
81591
81429
81208
81106
81081
80972
80960
80929
80717
80574
80442
80336
80022
79826
79804
79799
79789
79757
79569
79535
79326
79204
79142
79114
79036
78797
78791
78784
78634
78562
78538
78532
78508
78483
78282
78272
78227
78022
77952
77865
77786
77782
77777
77734
77676
77395
77050
76928
76802
76701
76677
76608
76590
76432
76333
76289
76269
76197
76137
76115
76023
75821
75735
75717
75341
75227
75105
74961
74643
74476
74468
74440
74394
74128
74118
74099
74092
73918
73910
73905
73751
73675
73638
73635
73365
73339
73152
73067
73059
72999
72892
72880
72835
72775
72687
72441
72246
72104
72073
71993
71921
71856
71228
71031
70871
70806
70802
70763
70480
70440
70359
70173
70070
69984
69956
69900
69727
69715
69692
69511
69496
69230
69226
68990
68818
68693
68682
68383
68326
68318
68283
68247
68045
67984
67976
67862
67745
67677
67428
67410
67342
66903
66821
66652
66438
66242
66084
66003
65983
65909
65882
65878
65830
65798
65797
65713
65697
65209
65121
64965
64576
64562
64182
63912
63911
63818
63796
63792
63638
63570
63412
63328
63309
63304
63214
63091
63082
63064
63050
62978
62932
62899
62616
62593
62592
62540
62430
62258
62204
62129
61924
61612
61515
61489
61251
61183
61156
61129
60886
60689
60618
60566
60503
60457
60402
60270
60149
60066
59911
59738
59559
59508
59376
59241
59141
59085
59018
58723
58689
58413
58085
57638
57638
57534
56905
56898
56814
56697
56595
56517
56494
56313
56097
56074
55768
55660
55618
55525
55252
55164
55146
55100
55098
54898
54801
54671
54611
54583
54371
54289
54157
54074
53629
53535
53518
53292
53276
53254
53121
53092
53040
52906
52893
52839
52627
52550
52473
52321
52285
52183
52104
51943
51801
51774
51771
51538
51326
51102
51074
50821
50732
50611
50593
50450
50278
50272
50254
50150
50105
50056
49942
49730
49697
49690
49686
49637
49598
49597
49574
49535
49444
49362
49350
49104
48935
48768
48662
48323
48290
48205
48012
47836
47582
47574
47569
47501
47467
47377
47352
47283
47140
47127
47013
46905
46804
46763
46741
46454
46365
46274
46214
46116
45945
45886
45772
45672
45536
45475
45235
45092
44917
44807
44773
44773
44704
44406
44331
44211
44162
44159
44091
44045
44015
43926
43865
43820
43751
43704
43274
43168
43153
43127
42985
42448
42422
42390
42381
42278
42270
42224
42186
41894
41584
41411
41235
41231
41211
41166
41026
40995
40792
40778
40480
40255
40225
40058
39917
39913
39837
39835
39781
39773
39719
39380
39282
39232
39201
39034
38884
38826
38775
38729
38455
38399
38386
38303
38133
37977
37956
37799
37794
37699
37425
37277
37259
37172
37160
36876
36873
36864
36848
36727
36538
36329
36300
36071
35979
35706
35700
35662
35608
35534
35421
35406
35394
35361
35042
35031
34876
34678
34661
34659
34636
34625
34599
34580
34548
34531
34458
34343
34205
34157
34141
34013
33973
33960
33951
33836
33808
33636
33584
33583
33559
33518
33434
33399
33299
33235
33226
33158
32994
32969
32846
32838
32724
32486
32447
32444
32247
32229
32106
32010
31726
31662
31562
31393
31384
31266
31228
31010
30864
30713
30189
30117
30079
30041
29907
29861
29675
29595
29509
29274
29270
29220
29156
29146
29041
28908
28713
28691
28387
28291
28161
28033
27436
27288
27238
27153
26965
26940
26922
26746
26638
26425
26371
26312
26242
26141
26091
26051
26015
25931
25842
25736
25692
25370
25188
25031
25025
25016
24889
24802
24629
24285
24052
23702
23655
23637
23563
23490
23473
23426
22950
22858
22838
22657
22621
22563
22493
22367
22335
22293
22283
22256
22239
22215
22142
21698
21501
21457
21347
21114
21074
20884
20828
20768
20670
20634
20573
20562
20559
20515
20508
20321
20116
20102
20014
19981
19630
19615
19612
19542
19507
19477
19423
19402
19296
19284
19254
19055
19015
18922
18894
18871
18824
18634
18332
18280
18014
17902
17791
17723
17713
17522
17479
17358
17324
17302
17224
17182
16847
16740
16436
16282
16141
16074
16039
15990
15953
15906
15879
15783
15736
15687
15305
15301
15286
15007
14904
14899
14758
14630
14594
14585
14434
14264
14194
14122
14011
13952
13701
13697
13644
13592
13411
13345
13270
13243
13219
13161
12975
12911
12906
12771
12679
12524
12478
12394
12152
11966
11945
11845
11825
11643
11477
11468
11445
11386
11173
11148
11003
10868
10825
10814
10806
10800
10784
10725
10707
10440
10237
10049
9978
9820
9431
9373
9226
9168
9127
9109
9060
9019
8920
8839
8737
8667
8580
8563
8542
8509
8491
8415
8404
8373
8320
8259
8190
8182
8109
8028
7960
7853
7758
7713
7534
7490
7434
7400
7334
7140
6879
6853
6782
6754
6585
6522
6436
6360
6309
6094
6044
5904
5882
5504
5464
5368
5334
5267
5116
5072
4926
4735
4726
4553
4544
4364
4346
4239
4192
4144
4059
3997
3776
3773
3636
3449
3336
3171
3025
2881
2821
2738
2539
2373
2207
2131
1947
1841
1805
1689
1682
1653
1630
1560
1465
1460
1419
1391
1374
1370
1342
1211
1052
1005
975
935
838
837
791
724
683
469
448
412
254
96
9
