484846
984339
357244
233985
206586
654541
746436
829324
384959
842157
71763
910120
633458
584252
970924
162133
407252
234716
941876
544094
28708
368589
858611
83759
923637
335771
350711
616782
61594
883624
958743
947192
940733
248466
148373
34457
956687
41152
767965
11046
148505
935758
284522
380443
880242
804691
101704
569868
846793
194635
439476
917930
78882
973926
68255
913941
564894
710572
66961
496344
928434
682251
735531
821190
836090
288254
236805
758318
761382
583388
168565
353981
613138
751931
581169
745585
510324
727999
897868
86518
577071
604418
73244
302687
486020
235745
204349
923458
225960
55969
922030
303792
511600
873341
399064
203151
65320
976653
146671
25942
100740
453332
561201
745829
936110
482342
915020
314623
4670
915828
335324
415909
568392
898934
970450
770448
784014
634739
215408
437642
504662
992944
141040
47913
687319
478067
585605
86313
963277
261234
451193
94117
183340
621981
697653
815794
492976
588741
338207
171544
246547
387816
213982
289454
750168
30746
347385
360401
607813
515152
76701
628800
647150
339148
660861
642071
126571
606049
446228
81511
850539
32226
861062
598382
287330
678891
871012
370424
808862
795083
375886
641617
142071
275533
662131
91813
404325
648737
476212
104439
509548
631980
536359
908730
192178
274793
505848
389647
288305
405690
454377
637212
357575
239951
54265
71877
519786
186097
55331
436426
736762
604460
969789
809661
127215
991767
231681
434334
888369
749889
944041
798293
933063
456186
920499
929931
766055
740731
956676
196069
195819
178739
126121
12829
465829
421743
152696
178751
474569
144612
262613
364862
788233
853724
242385
381104
976062
787771
711596
287277
299137
873070
815227
260031
219482
881647
157413
453702
188304
72182
57863
223467
843167
943039
911288
877951
680520
60020
234534
240431
890242
668152
636959
124070
63950
407376
281324
111295
560936
727725
499479
543461
786329
380442
733070
432202
640362
690110
729952
179776
342451
701135
500132
722871
613649
94100
546361
566740
18486
513364
231783
443754
141081
932960
733348
6807
369359
340090
391667
865022
881074
51169
338535
271516
970237
986554
859334
291465
494586
32349
363336
573645
422930
708856
743359
727261
99396
612964
996496
409201
676785
517122
994399
341955
277203
302161
115337
42469
61006
258512
721226
505919
75871
952650
998208
851493
460209
636675
204103
150929
847310
569213
353730
655426
750898
479783
547067
602032
482107
209379
924706
332074
385533
387827
772274
488462
963187
209855
170097
19749
881744
660741
451798
834328
288435
331101
803844
636563
862840
632808
891573
417141
169131
596181
337906
139249
96983
492943
774206
678340
896637
658439
684755
438483
55968
346201
667588
494368
736893
768797
13441
952744
624728
369677
298105
773277
284786
858318
757210
209659
538071
880029
201716
478153
231763
474967
834491
279471
187397
509092
20715
554542
323019
523457
422982
955327
47325
413161
832057
153292
428406
556064
390173
771973
302636
971356
605336
184673
635937
500816
826148
166194
845010
27670
678696
275170
354892
368760
840770
354831
422655
182811
616486
316993
428651
6920
122080
126724
728951
38872
307509
375463
801056
736764
17256
524239
596622
974310
303448
868216
73859
524312
923206
262794
488492
894343
466101
972564
974938
898987
939434
859431
975882
619366
419411
363537
422560
802126
302852
828021
726643
755737
258524
418116
803521
751268
405958
666586
875907
875808
296539
837687
443036
271705
537061
321048
937131
977124
610815
147953
950527
171109
755224
44234
685482
905595
948118
277171
441582
556552
249687
354789
398805
531744
430162
212535
560349
824141
257628
483578
915343
851004
937927
583729
276848
940041
52901
464560
556561
859042
240874
695119
738945
976666
659887
452811
65763
69196
275091
302395
399578
205098
148732
866986
480480
245857
317883
569173
6262
749163
174926
500546
216310
126960
293118
679419
485892
810841
758313
980198
199715
347892
613850
861442
407396
625981
506900
356672
824504
946639
389294
740923
819495
45863
946008
844566
55322
282000
209723
93873
807954
267121
528447
601927
541947
168879
906726
52200
220187
766848
440021
610765
897829
349838
71923
318301
835370
309955
581802
799291
949423
61239
770123
80906
710233
653108
667278
394494
564613
212386
842550
236896
282484
752404
638803
145566
572067
231085
618913
787916
745209
811184
764238
20923
721050
990692
900185
366004
431705
641568
418774
343506
236170
860792
267342
12793
426357
16388
810691
52854
275046
213897
995985
798325
250337
655879
179503
683993
772402
720223
656853
764732
73571
36446
182456
80067
223431
504682
542577
302492
911924
242823
94459
74775
999694
30791
937627
596958
990845
582284
684826
791186
234496
992059
667694
402756
819675
27647
215415
714381
252716
825079
390181
466315
643228
334589
718966
900216
344945
403604
721053
861160
590271
896941
257214
307807
96318
36374
539926
997836
982455
907840
15736
616038
72089
503467
670002
430370
72552
443248
109198
715342
35477
56747
296052
814221
653224
269315
185709
109104
126809
831703
912386
296109
895551
974918
51843
450942
161888
387035
536483
108184
337063
732948
270465
470854
966131
538637
938690
597154
264076
42446
96025
950768
698928
989997
555496
343063
929612
591137
762496
492733
302086
815397
342661
536510
205431
165701
394221
672008
356854
548297
785383
1493
197263
827963
413080
18502
874579
299541
1472
311641
825417
840652
497339
142279
430722
464051
55588
525693
547018
398606
586324
807732
117818
567924
143176
537455
453611
95199
690464
172881
389
576148
26180
176408
839477
580393
860833
373306
417021
739448
871249
713498
977893
185631
929945
555879
5007
435504
343052
663186
45800
73020
706060
381417
712315
237879
89456
118165
153567
412424
709761
683756
874961
463856
933151
982132
871324
873172
160257
230069
51892
832040
164442
4986
150883
101306
408854
793700
653723
323353
467331
604714
659562
114016
948109
594224
560459
294434
665186
62083
646104
921075
548916
827759
67101
564369
667292
130173
670025
800110
223132
262733
905214
217307
833405
496971
363655
129682
478167
483601
345001
38880
356847
32217
269074
559341
761914
953629
990510
741993
996672
220685
632665
439893
299612
410924
217007
954028
512288
92744
705534
123884
504405
148948
829149
744004
901920
431460
58198
674331
366527
321028
923070
376826
601075
476852
530086
43864
394680
599492
965162
4225
210352
297416
645030
708450
160222
680633
369737
642931
689101
300072
875777
538497
805393
282527
177494
905239
749349
2326
895955
227528
490739
943311
753374
771292
249459
514703
949545
540885
111339
949945
607041
702941
628116
668040
669956
309133
283037
672936
882416
341084
91017
126258
275670
223330
117043
497347
876397
523464
816114
603511
358402
229775
180183
25415
131085
314809
918035
628861
233824
324439
161974
262351
766456
491888
418386
462880
193846
863499
164158
233999
867623
620250
262710
674041
625407
168963
957664
126290
81189
590219
988649
406235
56808
714849
553166
920704
