672635
28521
631243
567019
412832
611278
57606
80107
618958
320075
290650
666765
799616
499192
140506
706245
709837
640428
192624
25964
685451
935578
705115
567353
202973
317080
879878
945614
664160
739963
972742
828079
45678
571487
674544
717581
77197
733827
205461
982465
499384
151889
119068
635284
344455
641146
408186
161146
377917
721728
702416
306784
12590
399885
297696
164955
245387
244929
767789
874687
847244
470089
858607
495377
991352
573546
481328
803220
210132
99998
969670
180095
207782
213397
490925
417360
389860
423068
601280
224314
570686
709211
263636
201658
606661
502904
526386
107464
808758
180250
477486
713640
101671
314120
952872
962399
260877
701167
134879
869443
857896
654594
884653
553772
816012
820924
50211
326215
242892
847873
311553
549001
984708
962978
587730
623871
869827
839424
339170
76356
735123
615111
567005
213965
23655
688156
358918
511966
61729
241682
140304
77407
457597
67925
490909
385289
642013
73897
557264
2491
493489
685581
387985
875881
76354
81209
112221
477555
786204
735239
964998
572436
129558
635054
292558
380337
71167
799464
78108
351633
781095
875702
974809
531564
849735
904634
808682
264668
749902
91457
992906
873584
992329
400867
202882
821728
11949
322563
490440
308506
607300
142130
742130
985723
786610
281584
387925
716121
692323
423250
784639
586557
856340
250367
824972
418030
297466
680276
796393
365736
643538
870888
961443
424556
856070
181801
694507
341105
857849
569509
433512
12728
866032
324197
514745
610301
779228
407412
595398
53257
90440
389885
345921
867108
76443
317266
96255
875368
352523
161929
797293
479090
829983
124161
108592
153265
718558
386434
477085
897248
530265
803330
966546
206800
722770
691844
339631
385566
690376
413403
886324
355525
851232
557133
346681
904012
193969
732819
76804
143392
760556
40188
650762
733564
576423
285360
870981
657220
329540
476114
439918
404082
919618
538303
259096
205031
189024
394420
695721
811363
556201
445580
47669
367824
755745
656358
842232
690937
935306
925221
373488
509784
664083
943313
308181
42380
536990
430810
593398
633577
275437
144637
897522
681194
258280
702144
164175
338305
519629
995095
36410
229775
451892
924777
990875
75312
873662
74668
50068
725421
772378
93036
469527
83797
910259
757355
949921
950373
573049
788323
657495
396388
720587
221543
548987
745356
760958
24679
266123
69026
613389
969810
910134
124199
690973
634454
394044
459495
875051
863875
368737
806446
707092
582925
988941
204250
721664
255728
254083
42380
25132
322670
847420
208888
885011
771252
151904
713116
410361
970907
924448
193038
549524
870218
358322
170605
765399
10360
484650
645945
204252
848911
335026
412095
137389
68204
376934
870829
824750
67459
133646
720004
14827
812064
243257
845611
157114
97160
5490
892767
499149
535102
604514
837640
616214
663521
332546
142567
382743
700914
770042
479788
825029
995764
843035
104804
932248
688300
960054
129808
974002
503944
109015
154001
812777
517212
965857
806015
164915
392519
566535
618200
898925
128372
138788
350357
442248
252669
3512
830104
211472
584169
359424
231170
958682
682646
334257
451298
941130
890930
971344
97544
31870
175331
599921
88695
818395
406791
285962
339704
292914
649109
907251
657675
150926
876322
562364
663673
718876
820608
23850
681477
756024
153601
717264
826625
844368
361497
216839
166332
810487
235169
667850
422041
346312
916344
950832
207547
344053
328324
715526
25052
444907
408918
822280
462589
989411
912044
173372
517816
508424
191376
166380
909745
907264
40349
40894
373931
426970
671777
837617
640310
685650
93470
216886
284166
749507
599851
826665
997920
272618
349944
365226
290221
350546
289966
810333
442097
497442
759093
36858
545045
463231
47951
465233
387680
171807
544545
618590
467588
681644
330130
134276
108949
638032
569292
223722
549524
272419
227168
341999
144298
388655
563910
800523
938544
568796
609858
574147
12331
146301
415457
99080
924565
860277
814115
248813
72854
544007
48371
615620
467666
349562
537745
774868
403036
722981
928144
544376
231048
62300
324347
527895
773533
99319
995603
843771
67241
67835
979700
525904
351343
238376
338198
974203
670012
513439
615086
544789
57560
991405
987252
553347
879383
695864
163584
75571
176719
984964
211534
739829
200355
983331
262368
597619
941118
345271
941570
31503
990492
18213
28457
810968
248770
978968
449205
694248
618382
821551
163798
507740
796073
230020
22922
699953
451352
260570
379908
405816
781298
740578
429737
266293
275244
903850
785203
33626
355024
901283
27512
828443
686668
547981
999557
689902
759335
435201
74340
131425
84238
890331
144190
767895
407693
531330
807321
990688
661977
180757
139073
789876
199306
841587
904773
405004
941477
248487
461785
408030
307863
899566
695321
365875
86399
907303
928877
184102
402018
960343
452743
449147
84546
724693
872969
573593
608072
302744
595524
990565
473566
956635
618972
61245
427865
568618
545031
346318
450708
524301
894900
671507
977432
611982
213832
871338
466551
398823
825795
818068
712120
54285
48705
709065
359596
429523
269085
51062
298079
667069
802352
353877
121770
723490
960695
180774
569510
152060
597139
496975
716219
922512
239529
430413
804758
585780
798505
302550
685049
364674
886572
756109
789932
402008
629943
441377
833745
578952
774621
225219
166485
946275
924352
875202
394754
549277
491191
140292
855922
825501
518796
588835
421278
181668
190684
953953
789589
70935
803873
25482
488904
841130
678093
133797
235010
86571
17612
436566
486708
77736
714220
641427
146414
46143
19929
939137
242026
303488
205441
997290
862787
604480
877910
781853
892611
460989
600818
71459
347033
186537
345044
729369
695785
302613
419336
522223
44350
561851
602725
500412
213723
642088
253104
682875
689391
712516
391327
659622
676774
322751
831735
11437
173916
499674
634326
732051
382700
285839
599437
668902
179751
829727
57381
869529
416097
106038
135107
848639
928869
832508
534310
397734
801928
256250
564684
619726
409499
819239
406516
803525
40570
876623
25663
912160
622017
488095
120816
170071
470046
176335
891346
304446
64130
552620
899705
477916
246706
24513
489248
802730
142842
910049
772082
275753
255360
830292
178532
223072
774070
880540
104703
18289
143337
397410
761659
784407
658615
918722
21127
830271
835549
511600
491686
808767
684718
469189
964851
337975
308960
350570
973765
764675
84481
378016
229101
825242
588999
349993
603356
176070
321092
209558
294562
360192
183928
313966
787857
52775
235201
225208
629056
439453
287661
528102
672299
873598
997104
228254
784696
527230
938225
768613
777428
669790
507582
331370
746236
790475
840608
548077
515864
115283
152074
235914
468801
963140
95019
878438
245795
534755
199075
491253
555518
605190
614610
586341
959367
919375
540939
16426
871467
487685
635943
731495
461235
845904
537014
457718
189314
315089
264209
263764
388156
789340
984331
502124
276865
589843
635910
80638
516951
755872
363937
388460
134886
182030
136335
637025
113436
205829
281411
