298051
981854
769324
105985
826777
665929
116655
278645
301943
857976
975682
143297
176161
938141
998511
848753
546587
928604
713388
954484
92072
766842
547748
148388
978845
298163
954975
239843
463008
732842
261456
828065
492738
32123
553915
792953
556535
827180
587073
723579
200302
502659
828489
577925
160081
806513
719821
317194
585243
68780
936318
168564
441360
206810
500757
12646
212446
732777
611127
595354
360590
22523
848068
511466
600551
375295
36221
883306
940767
796955
769551
216562
546494
873989
161088
859961
102674
61297
187893
334620
89865
752421
997150
878719
359790
277736
896382
914186
944387
697304
85402
554645
778743
145819
179966
728734
629700
135982
316454
249847
91815
109081
480720
635133
362813
778947
293916
319298
105655
467617
247132
506380
132282
940234
635838
224951
453782
992167
912019
969077
972896
516870
220923
623478
850925
133005
305775
447522
976366
784011
747435
203971
424483
794986
709174
231360
929853
4481
768079
786948
701205
960518
229686
710910
276738
377249
170260
630337
980314
610331
756679
549835
186185
65845
566094
877026
366663
880469
505102
115098
827513
438427
660479
302004
913830
492307
696822
872993
831828
248899
997839
185060
441790
689251
219190
2581
295669
998828
137683
285313
153041
150665
306896
538863
394897
790058
740423
318206
629142
749240
2701
565737
137977
98403
34326
877485
143236
276438
19203
326401
204372
539532
43407
990916
170121
769020
523473
24501
748903
291120
103022
261531
403916
396084
292383
560005
368782
184297
307931
333740
380208
938105
409697
825332
250689
412068
169060
819217
375122
342393
341202
355847
319122
336353
311299
87817
809160
31062
745211
574979
625963
838321
153692
258740
727713
981216
93419
413682
950227
761270
998076
506129
181737
46108
19197
489631
25767
77925
146461
42566
993699
252992
433367
897237
952546
121862
858655
6296
414031
382067
832615
331107
368151
209906
659342
817710
47459
877265
793638
293914
953779
959508
721696
105106
249940
180709
501910
516044
580030
882281
582773
592047
388620
324781
950095
928024
709631
494295
584915
678578
161945
407946
46136
339261
1977
554681
231598
211815
376076
655237
405152
44419
444616
581626
934993
360517
902489
266848
556386
182553
598195
167905
600688
792416
31238
484818
511322
540296
522768
712671
472352
703814
110924
10648
2087
905011
898440
534354
439705
464321
249812
333243
779241
434520
127446
743742
861556
657681
329979
640271
154115
597133
193416
209619
233517
9779
288974
50479
972441
153158
525628
293740
598113
188319
400398
101956
968851
215819
690084
287244
37905
995523
82797
766909
845016
10500
313986
590112
662045
501323
852111
546198
162387
613487
514284
637121
4170
584282
950538
591827
297009
195877
838024
670321
386428
11344
175013
598595
287712
212763
927952
995675
369595
548739
975196
555455
459666
343580
572175
445141
103794
316167
582553
717738
314039
607121
409442
787614
239147
922344
441852
53808
210566
267451
642936
641250
520531
688813
191188
455368
624884
402293
436498
906739
151548
108693
386148
945524
594618
195636
959363
903951
829653
897306
519774
344574
110483
804296
133295
521438
784372
305586
508138
498042
334267
155930
103760
655795
966476
25802
64992
424009
784048
690606
624556
364744
762038
62027
316041
688529
836021
712928
221408
864580
890220
717720
801825
185863
895242
863080
836440
636534
212233
827723
522712
791847
651188
63704
509651
91032
547338
419900
452939
893624
574459
150298
8931
203214
482127
989756
144591
673226
219622
696692
32298
646054
246426
724883
346727
184697
664640
872069
237727
611480
630670
350664
969672
165417
465366
584327
234182
551429
129776
230231
874843
325641
868855
199501
84859
598010
948265
480633
840763
395474
847538
757828
558247
228523
853506
139361
874994
64327
161242
665203
932360
680570
698407
188923
103936
804149
209861
499772
151021
645039
40868
797358
665812
286705
298696
327770
376375
959871
558058
511064
763088
72414
774012
737763
127705
710086
35466
742486
899528
295142
606332
390726
397977
204751
791288
493115
654339
341822
329316
845579
797516
298249
613641
77909
825016
43364
361235
718103
931677
59152
21941
329581
831826
691938
771177
176935
323974
689452
251605
616965
712108
755978
264201
43409
571348
890954
538277
779993
605973
545529
298968
214664
897191
514438
733955
282913
59021
852822
458235
833943
416623
902563
998829
456907
938694
288337
683932
82146
987504
61519
440967
441986
722787
602662
645478
701866
188478
307298
763282
677931
770875
261209
430724
845383
277313
285660
228661
908837
336342
750074
150309
33133
555122
194924
779576
223302
983150
989728
410106
127081
804315
673381
758851
724898
279536
314543
25910
696419
178971
148552
58275
753541
823480
1876
233933
431900
14559
235647
222405
994357
956696
965701
924661
983343
978346
618333
538041
323379
858832
906115
306215
733457
673293
393248
87471
38328
873495
111769
636894
31122
307438
26417
500605
168186
542672
51164
14166
398683
590213
644769
237590
351590
360405
68970
694798
718895
610138
696363
662675
973605
1136
756525
218502
101676
274056
425334
677038
808345
406236
452439
655105
769033
320125
297490
681474
415646
133064
471205
575748
668375
724407
591863
910156
702923
674515
381854
715540
564482
10311
893899
204780
87280
786832
722323
37691
540367
930065
233882
208164
911832
679108
769694
765764
57181
469386
997789
845911
177094
236515
44069
227706
893798
121784
896246
285003
14329
678933
961749
877164
504060
966709
400112
858215
470441
142006
817577
264556
778126
959724
647745
501045
21129
42705
550306
270282
663842
510682
814984
794848
551557
924773
19405
795357
895898
576078
954577
858039
865091
91040
724291
251322
514737
299880
696142
55784
198755
420262
740322
680954
672253
617053
894237
96901
208833
333834
522390
22264
769964
364849
134470
964098
691119
513170
475540
869904
918665
404347
501820
616116
79421
525047
487707
695969
476661
47332
642393
48019
884531
5602
273587
31691
703472
324135
656931
937144
750803
325424
53807
456945
560335
63570
188556
650975
942425
355439
355948
325304
57285
723779
77739
888998
263676
384286
451601
64902
302620
311340
899589
680396
124716
218288
749071
230083
514810
976784
735688
45618
156628
529353
404961
612506
748767
229314
181388
97693
811159
296063
602826
811513
85027
992748
770322
682865
736276
42713
368347
476300
774458
486341
967558
218358
388067
847251
60587
188805
752817
221850
926847
694103
980055
577624
577823
15895
870320
740358
680507
9822
432827
201862
613218
64054
453367
74296
664741
727737
748759
795821
214315
316696
697315
215283
492369
641847
599659
599951
642043
559990
822119
127881
440252
87243
405936
825633
437598
240395
860373
61087
787918
644103
931931
281928
628711
869843
76373
400365
634649
686306
132251
198877
70070
238541
531754
176506
191193
667506
615512
146089
60595
649657
589490
441891
954675
177906
937268
631913
77777
196890
113316
724692
610488
200509
738379
290570
996750
620405
968209
