180202
627113
998971
231998
381665
505913
3499
381356
360563
807201
469983
345851
498179
591108
408559
270040
797087
945374
387500
135122
870366
770618
653516
503901
219171
971210
344255
535170
943550
54694
653408
222887
481841
244644
826823
718902
919375
675728
893627
499565
264512
702792
683205
539394
601442
884983
873951
261489
916874
879724
633291
965859
159848
213910
781697
637052
828232
804254
700992
266946
326005
898913
32390
466597
534776
131977
269915
473519
880318
696263
523527
881865
593687
646254
71267
832679
953371
618351
525581
325009
840679
146733
166069
344463
873925
484220
101460
788401
199530
167035
284989
999096
110872
949067
627467
904100
282660
804971
612474
157275
315922
298226
827666
366835
689948
133288
868606
970972
796242
889920
848251
656173
681371
210678
457388
37577
41561
193345
896586
872558
370154
848374
852920
739866
74507
834041
367412
944986
605400
804064
880746
653872
269167
529573
783843
238752
260786
848200
204826
849687
379754
352575
725231
872185
190665
72923
844853
546373
363976
63161
955110
358055
804463
995937
961654
946779
864115
568382
573636
976185
590649
228602
76653
486177
331257
188918
794171
159363
701502
545123
751035
145739
55689
268416
60012
737512
173717
44336
471059
236792
506934
692215
86316
329426
8219
553105
857723
603695
754866
349295
902976
401205
847082
218958
675720
386146
941460
37174
773536
759569
149347
537933
836965
82988
165650
257685
926519
46831
201956
48969
259596
911956
425351
389711
281504
851169
203474
593689
937418
499082
38317
761822
787946
289347
183056
415665
98367
145127
720996
78331
236373
763646
469317
89754
42331
466030
751145
72084
120403
799553
464090
63097
735330
764815
527455
498581
547783
447752
413561
263631
421224
29088
685833
454178
469128
154711
130831
948085
347350
198948
33741
971288
541855
773373
70026
280349
4258
429830
605810
447505
336900
727892
693338
765398
12570
256604
681954
655134
451044
950908
27059
849478
598874
103718
61544
123149
753949
992357
516042
47279
167632
75149
613683
478114
457536
68355
69459
773100
535422
196070
182673
366687
717070
51097
651081
806130
562104
212015
352180
119550
430075
430257
484453
453842
870497
61454
492080
649523
818542
829792
454501
24883
437810
378775
902842
657836
110334
648004
356231
125274
441907
741572
745450
211986
536950
34183
523210
672995
564351
36412
24185
493896
41873
7579
633075
183174
194884
785102
434883
863720
186942
117373
583557
392533
436800
771125
455942
613003
772316
158900
418951
514234
717189
571539
956641
451967
683327
387280
36418
790459
623157
84343
88853
576400
239721
107245
15424
426168
562757
629849
954247
526849
269713
117679
400654
445417
891134
36122
22843
785553
255839
645574
685562
941537
435831
659591
644250
963385
435949
789609
487188
699407
98396
51989
625516
54186
968007
433692
145905
775290
713642
716067
730526
7377
563563
584747
999971
404610
28335
8828
279485
968981
856074
284782
532674
820260
56014
74388
70713
886997
905540
966661
941669
470260
217465
717128
352163
266859
855215
25307
720937
38945
812341
616096
475182
75117
508497
507685
105576
23542
247385
206031
687537
418857
517345
681570
353923
171029
741902
936559
896802
955238
229193
761178
282841
32892
354639
55878
960796
455719
641894
166176
431948
667841
146986
627781
362650
5288
358790
595089
149827
269591
893374
671813
937145
967073
736168
894100
265634
586825
323771
382346
516921
484544
617791
208281
559379
583420
572964
190594
70332
985713
190447
988701
580928
566318
8719
121860
318981
603671
358670
856546
779093
986171
518435
721427
649210
496081
851620
438520
387842
420948
147160
275803
703842
872248
513642
833337
116407
64391
301306
296304
630055
85725
393422
254214
913318
187068
207398
541523
843669
738061
317357
408589
626757
695348
894027
802030
562649
187918
686871
408132
795336
547530
625194
771093
624834
627297
116495
143276
27946
401715
372054
887364
326146
12544
16456
471632
155365
396351
252596
861349
237293
790814
5160
377733
193396
668375
58556
88201
79288
198636
381832
834218
978648
508735
614517
779948
650875
970960
503409
602279
343952
331347
128572
382771
53231
798573
923360
63279
801502
818827
752381
600302
813296
905119
14338
511615
994249
300280
822008
554072
130236
820093
158712
899550
40469
299910
494397
420052
439154
4056
247828
670109
57292
335546
827888
182511
389012
423224
301274
417814
671608
920180
830213
555746
482884
864931
924671
403567
264805
334123
149316
2255
497994
674711
762349
975318
369315
796149
167558
466689
972171
378765
952636
292099
467074
332414
727605
538926
552147
986294
882426
121147
136533
922189
308687
960694
971212
703231
835684
523400
482735
676740
804516
602082
107204
175566
898858
125188
532264
529375
666067
556391
288363
118724
380526
98957
745559
376881
435344
840995
879569
886778
355269
361871
113497
553708
9505
714908
210476
911238
818036
632704
317129
129559
324571
515462
476816
52149
734579
818332
644933
459671
228009
106427
136628
878288
531053
476462
385071
180393
426053
759042
852467
3673
582910
580105
762473
764899
722173
300874
946056
957708
247923
718920
73943
358072
515631
352173
788048
912544
491469
560532
509600
777010
913804
404528
387788
833734
216893
730523
397549
511224
789144
286015
92636
267750
331049
454363
501480
983047
321639
159155
166724
762022
413477
699479
503358
645563
984610
876301
728234
34788
619131
348701
230557
50053
791424
898106
337237
595385
619491
801992
263286
609715
208908
737294
391151
947894
901322
870202
624763
44205
940197
650507
969924
124519
102287
193759
972514
820083
873081
476697
237888
678292
383425
559854
499487
372642
79496
170061
248180
137213
409314
76841
214061
386030
142055
901796
256466
648539
692390
390425
756230
731815
66297
91846
414636
594276
9972
581460
712742
612854
44727
339525
648120
140805
260643
49017
456203
53598
957417
630429
818766
427239
812798
549873
428983
469309
712171
864179
494823
956268
666432
256109
520236
729546
919656
960728
391072
163312
580824
547052
817710
124502
991458
966597
753972
688266
617446
197939
219396
558925
169831
796510
922501
362826
662139
763668
270391
915444
383069
978353
211988
640890
423261
209322
335057
344618
851382
428406
765380
529056
120448
492377
283359
755432
323900
846734
663642
975480
229069
787216
410991
226243
428934
1413
141759
21243
6238
35656
46930
439206
185536
381265
10812
662300
885503
912067
652634
710746
85799
773970
221052
183238
824111
369935
445917
629568
653514
956562
681741
110753
566940
204739
899568
551763
127498
527557
221727
764173
155434
976767
431148
337705
919194
239751
446594
764515
787628
350445
673835
114416
389183
61666
728172
519993
756969
515140
716427
162099
418832
996103
452081
309468
957272
542977
602793
831251
235254
103185
735688
10324
738339
847277
789799
683472
260589
570376
776396
653477
776039
638812
59047
415231
629249
601177
356536
188618
102834
186666
942286
957075
456145
904736
585449
806074
509060
483517
