944667
336008
310360
716741
808233
853927
710979
868526
186813
619999
420086
251090
109131
74491
361597
552879
46443
679431
750662
562678
98591
4575
209781
812922
852528
297202
796692
755636
192117
350425
904168
964080
144821
559950
160735
981080
29092
757194
12837
227995
268490
647615
546901
926970
225409
207727
812428
313455
491229
939047
955546
514106
240998
685660
525138
219209
258880
818720
690753
119491
968556
953217
24571
518897
554663
541183
21456
249737
222896
772583
858014
973721
315175
59984
234432
464589
219409
805617
937892
592733
230392
617566
944123
971861
335727
837213
495689
29314
78580
348969
443164
88374
744494
791683
901977
856185
590101
443823
869106
343948
892272
132114
355955
991258
526138
734054
648508
413054
118430
883735
440137
161707
330146
700285
725421
766012
218016
84343
3614
167257
197934
810976
17385
391618
769375
662449
425926
679419
337955
198579
34566
677076
745929
224031
162601
945172
59237
203091
326348
690754
522253
398003
992319
406223
627901
99802
587765
70179
35930
658172
158100
99714
76820
15066
942957
86427
972900
993504
76805
310125
390261
320350
177810
217623
905823
907041
405313
104058
681614
224558
701492
410636
308481
392922
605449
173692
760878
70985
57237
664381
789955
13569
343793
54258
134984
625322
361962
866292
223969
868196
346524
45699
535343
195973
51033
131078
410837
641518
486530
900352
196247
806088
754424
332690
880543
398752
407533
884711
955098
32413
802836
453311
465151
880026
920759
98011
719728
742500
301030
998338
356025
267217
598989
751151
949365
67579
177503
515416
602191
957464
148207
352282
967974
6263
694237
299910
503946
408153
151661
200450
636707
52458
138931
792541
588914
127771
834154
982067
494894
747101
649061
951545
380496
793659
726685
295782
793707
296788
900520
299071
99698
641332
898635
606141
610910
644431
765990
464988
283303
814361
423822
20354
352751
388996
441720
586506
479422
517975
744592
558893
993000
438760
196969
268365
81099
66998
345167
223773
345525
677349
799033
945135
12578
612438
896283
791643
775330
367075
958295
918729
776665
216244
710483
551964
128737
981185
581222
678075
403338
497124
2795
416445
941505
370393
63032
290737
600014
116502
332713
14983
501431
28609
440661
540062
192066
845266
934371
644778
95960
590535
967413
592833
570757
315710
296705
161987
455772
92978
947137
558948
391480
711956
275777
536216
948445
413253
49430
318809
52092
25326
195309
252632
265301
419197
632193
401150
300343
137980
78694
345629
788771
767567
126979
597112
206095
165642
311453
913963
328966
6829
777677
757176
996460
19517
886484
651632
282335
98496
482501
852987
32826
345108
522080
479300
609203
508012
843967
486787
953956
123048
824426
189096
409191
562960
848965
282017
481242
928430
636137
723656
882690
640197
664015
225388
159243
381297
419432
695803
560493
156956
951499
752329
736107
990170
135238
672383
31029
260707
197141
743714
618158
124074
389809
437887
128008
418398
193791
350065
492490
534076
607529
815502
593459
924815
972170
726260
664825
605318
523459
433259
695146
868144
465643
312759
900340
869526
297763
564477
707264
70900
206599
485967
59384
123926
77888
426646
332201
895564
82486
594459
216196
947017
387683
796786
79679
43358
342403
800451
994265
70414
398695
148342
453626
574733
607785
457851
847992
834970
295482
844851
375158
805942
472279
932862
32295
258944
742426
979170
678064
957550
794605
170260
793836
652650
291737
418407
887241
363462
975228
280846
