406967
756699
365064
633143
285863
955053
384341
499687
522235
628231
780644
129177
327559
997458
125911
13168
137963
893264
939890
294484
301640
864737
722271
504402
547791
699378
764554
164496
548405
940354
203309
357611
419971
812050
597158
199343
126793
571753
287939
839666
53619
417985
915552
587149
225651
914962
446696
42616
170206
928824
681399
506817
321107
74819
65568
660073
578645
799323
749450
258267
683706
757390
134965
833610
458173
316600
157915
288870
241454
296974
384561
695674
399048
315079
722316
519013
373155
468263
395745
915443
703040
832168
642789
284823
931714
192520
829523
327
451644
907946
356812
973236
412581
344745
485144
743589
233448
648768
934090
75503
845016
514575
215682
881171
162113
700363
752268
609652
679386
574533
380774
315187
966678
728725
249119
805097
569177
549027
219291
193216
795592
494033
955315
444974
252153
193096
262137
580943
841930
353374
341593
64158
146189
631841
985755
668433
491041
747267
741892
347918
263580
751266
767388
230093
310244
247538
517771
640139
833053
104905
694045
205159
44412
705094
382117
476766
734138
885343
211581
402462
421157
863366
460331
268680
767440
47160
305503
143495
670891
914786
360537
26568
416237
42160
109799
595989
935981
168051
235276
703058
414737
563565
890364
96210
324125
485052
495876
976854
542637
515105
801287
98276
298686
52717
41315
264257
714342
841287
861683
168075
93604
736348
684077
630581
603538
334435
357930
756127
734199
540044
262854
970513
896441
948420
22877
424020
326959
440487
71926
638637
16853
753091
184188
316983
497881
296901
840423
692764
276114
679299
565818
984623
151504
522469
750821
166377
132750
704368
429898
996159
640644
214769
555869
242076
737817
908802
700196
612800
757814
811708
519774
481716
251126
394361
717696
918569
833273
717380
79130
871661
762712
952480
792920
362953
926898
293874
941477
912121
442469
859915
211818
641352
709081
176278
311988
547016
715318
522267
989172
218411
316917
257773
877344
217666
658004
389942
42934
180623
944867
966365
748256
339464
820284
614545
870259
291883
1360
595701
506769
141624
955740
938600
537455
679888
608186
440559
735153
103848
516499
727554
378097
125738
58610
230000
660255
247720
30516
973807
171330
663165
209436
810052
169501
857602
517763
323211
852333
375978
446636
58532
853710
252987
205173
820730
13436
301225
382698
402033
379191
25425
303412
417452
151745
838415
547951
610360
85953
230460
34777
339608
680138
630535
754277
670381
850933
996015
560880
694338
964138
679194
902539
389554
848702
240021
357430
150710
275254
607721
671598
878671
754410
478678
463646
515148
501829
602735
778993
938361
54761
183313
365319
314660
915311
648257
315269
416205
469452
11617
728263
861417
330639
240911
869169
528787
657286
248283
140515
455440
736001
692258
641482
761085
30190
73547
265043
775895
631075
525790
309115
517287
989435
154044
716290
100040
688855
900479
648319
211094
827078
55791
984012
729397
439935
620637
86113
784507
371787
892128
72318
585275
151424
438185
827906
752687
738919
353733
698073
88513
658111
625904
867603
978102
497051
393360
899023
524279
630694
67925
850518
545150
385159
478506
746948
984794
245471
598744
191392
682782
724655
721784
91981
153964
161367
70803
822746
968537
386617
320408
770932
436797
803388
491768
402299
788122
340333
130210
808177
814119
969599
410070
201999
872504
190643
461480
385394
251083
100051
873171
918322
599985
236888
771576
688724
686678
778347
529266
287765
625264
934088
188566
