164337
823909
225579
538881
553093
456632
145184
539417
155619
754340
330047
143899
581794
734907
766892
622494
244344
911133
580312
449249
988930
951029
474271
928859
932274
667741
41858
278640
960978
400093
662332
607999
917369
590993
42179
384728
850953
239848
668828
985739
317409
921416
549275
779932
719462
646095
238518
742866
182505
415157
738117
452142
823093
712397
860121
865017
894328
2474
857462
859767
788876
968223
69294
864823
585312
461470
331547
29708
727751
353793
236600
134422
904477
800231
590428
324025
73490
581943
210581
478832
18644
514880
386333
424378
343517
512065
863868
70002
467350
697924
361017
699836
29286
402149
857086
118619
693020
372464
909063
413408
671861
474920
243910
771581
78922
332004
550615
468152
961497
773589
641371
468987
164910
923170
683059
810056
215021
891508
701211
135625
781311
105102
60384
551749
100247
488659
643968
492911
574688
570347
264028
704473
534725
174337
37916
456198
456604
390756
244703
766556
515696
146829
708189
227448
142697
912768
508956
621276
748634
305675
451019
531459
797607
264747
977599
579286
157777
428046
222983
554423
915104
823604
119150
274106
328811
605294
764748
919027
862855
50505
673865
751914
143882
651076
545776
900779
419003
911932
425323
965882
862552
265961
327393
246884
477762
836993
22888
343345
550345
774330
846569
563574
25680
993325
219215
958791
267229
184278
531115
95817
869439
710968
31400
808869
991132
984669
90854
578328
619542
903483
470645
833447
410394
347698
686063
618224
382277
760434
744178
802012
916018
962874
553592
829169
819108
637755
541717
706884
786829
942107
661709
118411
370937
143701
275088
736081
915098
40125
101651
512258
220208
539489
27980
103334
527381
902092
899402
919275
565346
22692
997678
615322
311298
945203
829706
261932
165969
712834
900180
350902
747568
384993
270982
842047
589544
651460
269526
98354
494711
163976
348941
956398
451772
124755
694343
614779
474620
83608
161990
391640
121743
323898
92082
849392
244266
672840
153521
319659
851849
568423
322271
25312
713465
91021
479786
977703
955775
795177
945933
365388
232361
685601
851239
783969
264687
217843
90103
138923
403204
901949
968567
169276
840255
171799
304786
436193
92257
41182
130818
798385
883714
360652
402378
481094
311709
332931
397325
178888
548404
750505
482890
677092
978785
326060
477749
691420
539835
715366
219442
700281
649121
236636
555248
675547
894822
451553
355360
810673
489241
166040
63633
433411
76655
341718
912618
78508
222416
854566
166211
635366
861243
584806
184416
9982
747670
777806
366538
795622
712214
357585
738124
480041
915271
974300
78535
267321
93176
8891
865523
492836
548679
251035
689138
346341
310020
598506
871954
774743
730181
157274
485408
784836
580102
876293
699107
970140
236602
713451
841276
784449
385842
462550
288664
101503
598761
330590
757583
482393
228586
446345
63772
945278
507038
173194
189881
949147
612982
472426
939159
757066
906289
587140
516407
982504
850122
90090
2024
889156
254082
932710
208605
493426
616325
885339
259178
719360
841787
523721
656155
17600
407342
808943
672753
22852
398995
626698
119098
916264
919479
304188
165772
554505
418119
219592
299997
772244
807996
845498
750338
644729
754785
971108
308803
872253
799106
754882
675031
818159
825907
599935
9601
277554
126522
188624
8582
468857
473434
115647
335753
842642
750717
434626
105605
729625
289341
290121
138023
533901
284431
456535
852678
816959
813580
879560
757760
508198
741725
50353
834290
618384
