387244
176374
208940
149724
936762
884518
640650
480777
396481
36533
522061
61535
113850
763888
621090
673146
274455
678277
226239
164932
180076
200330
475560
911505
284490
442855
689357
358936
923821
121058
546064
200527
789835
521157
983205
265570
45324
955822
630355
901391
89369
738931
513111
972065
814670
104943
980647
31558
961609
987182
472404
216079
855780
715889
646536
396037
546175
616286
233775
760994
804982
656455
715635
536307
126962
276053
682975
719816
257691
54097
362085
614420
974187
772366
191035
636008
972126
984311
149151
978887
489861
203953
206204
255461
691130
875884
217445
738689
130158
823307
763134
421980
43294
702509
584057
742356
432293
145176
614910
357666
496362
649410
119012
125485
665465
502971
139868
136776
810352
563194
344494
782031
690384
137538
143387
569817
148467
884272
58976
610074
446684
639076
473180
768728
871530
818762
352777
350088
770279
590724
137830
128133
983869
251638
757493
312748
320968
228525
918304
371414
989639
136876
312119
512819
653291
940373
578516
673855
235090
682545
489888
554916
974733
811868
309102
590060
540573
778640
165637
114401
194429
847116
427643
631044
93657
939488
753852
872678
12636
890712
878954
23014
821991
228674
431519
64839
5661
705054
950925
125036
326619
478242
295623
960755
425157
100903
545368
914668
52220
526067
761233
929525
166059
990052
116257
860531
228545
516725
146652
923567
150073
986864
493278
70410
956628
233648
382601
760030
710249
732114
24745
405747
568722
804280
127801
859099
56200
504697
415103
748139
356745
487336
425234
983510
299253
900416
448188
533991
664825
684585
730746
345115
25442
521129
269920
929816
590483
543210
754009
613902
675794
949091
875788
261865
664444
399974
444635
111536
105241
661382
596229
829181
855178
365603
468139
246041
755615
413908
147632
133875
103813
325039
277625
824829
214684
900408
695060
2916
534183
154083
276725
354026
600605
353543
623323
141409
109084
786402
381265
911942
921981
319427
779856
728631
784578
257944
421249
678546
324972
783764
352289
822380
639978
512828
491198
640491
714603
255247
864286
438657
548308
987088
614078
900933
496910
221809
968696
991471
843382
630750
710078
91888
701496
300451
513666
418604
940726
255034
921592
712213
25057
263797
290355
297893
469227
442116
859052
51320
936275
156452
554722
850563
822559
43109
64475
151349
383080
858069
929800
606184
321551
674190
116486
742148
918733
179609
225665
249841
930985
461502
315059
513718
256322
168042
442506
491635
915660
81914
788200
523319
754456
403818
21380
600575
372363
785237
82157
772876
336496
978344
964143
947423
612074
579559
146446
284564
428290
294555
941167
399193
535647
819031
719575
67913
606547
468966
996106
42537
296593
876948
316181
563325
773053
145173
168360
169224
447580
325397
481755
333727
550763
314652
640593
500201
331595
891613
920378
212853
651161
86428
180146
110840
730268
964603
617159
368354
759640
290527
849816
259483
556991
46467
877720
870879
286855
969433
58738
510579
924055
451608
9927
862146
884378
723303
346898
51737
62518
720868
584237
832828
943127
351185
645932
152931
849189
989595
709799
170068
472468
70601
328662
410846
742169
575678
163092
33391
590138
428074
217542
75283
289022
910675
247957
708169
348356
513340
513175
21572
185456
187183
494283
187899
664576
561324
963459
806317
279228
488750
787868
686645
74124
101910
867753
821509
305316
92535
711918
153602
661402
79677
789768
752956
478551
400698
201578
998600
536236
344526
740354
215356
