200998
95451
607423
718221
355020
693437
781192
605599
316720
374894
157642
1281
440919
327200
94118
856701
220234
663637
362567
780948
737319
316562
84675
141879
872721
100066
95579
988191
325959
948611
185501
530313
547666
267250
819881
384146
49624
238414
949520
119786
624206
601067
93656
969592
516683
323894
388316
932298
412855
776704
645776
125367
245666
732649
32738
89812
621553
247658
744253
475343
784627
664894
392231
483947
464338
983150
481418
714904
318628
68536
682256
137390
536097
118875
732711
104518
484399
343234
181988
692149
221658
676618
524292
86182
229535
790194
769613
754387
968359
563742
422035
607584
977041
900040
249366
380500
653416
294980
132617
69300
986420
433645
451181
208830
820140
608305
278876
411583
632969
377015
535330
613905
265653
561384
856262
603445
887650
602785
548134
535753
255928
836659
856000
577830
968358
845205
326157
9304
367130
424551
84423
269435
533195
974243
851596
993262
329843
303010
695323
281463
718363
35337
387578
897907
670350
108558
710266
310904
326319
312298
137874
397577
767399
327901
667049
256757
757302
622489
727728
616780
283883
713868
744619
281663
196846
485517
294863
726739
916347
59234
497991
679617
861993
719596
818513
424430
669608
950768
380485
229570
108426
759042
962422
410215
65016
164112
942641
581792
904773
514632
277218
27331
238367
221479
757142
714517
822753
383455
182491
854144
400582
699108
379332
813811
345017
929556
4937
731862
768648
439361
379979
829033
774070
339356
556404
746808
161967
292607
608637
327613
733078
624854
133001
623378
383739
445163
670319
457169
137896
418638
826837
148490
92826
821085
829111
250272
66189
773365
679367
208576
373552
634229
957679
969407
852664
498156
123698
586703
145233
774943
440176
130782
641390
897976
975240
311884
593089
141709
450648
814726
805575
222924
984159
190212
339835
786625
905412
573147
797546
226116
701936
76799
14630
647170
240662
243737
846676
729062
644306
217089
344097
742115
355311
994009
188049
310048
13059
866373
456504
18305
427381
620554
904449
71119
487135
72194
135723
723075
584462
361785
881620
460532
618150
171944
872750
244122
834723
815500
674126
471102
402554
845729
204387
106048
929437
946432
740035
33732
462942
804498
870241
357499
213483
459888
90075
828361
620535
210073
440304
800920
293370
744015
399439
507961
977038
612046
546698
768242
468474
911274
533673
767720
129356
710020
355547
481770
643423
216232
758472
321239
109373
961222
286914
415662
475613
288715
827929
308720
949197
280156
783181
363700
374507
849007
943582
24199
20685
615494
607168
256445
808321
553800
842923
920473
49454
380797
383438
382228
836185
526565
880227
748557
624132
826486
74142
983950
615088
196657
792575
688695
19972
197216
738823
848650
445382
254382
894727
287506
68741
306978
744595
7600
186137
335738
533910
3139
542723
813408
279615
42035
5422
518283
955673
726299
484183
447669
501497
108305
494088
663220
109392
913683
966911
867064
171040
723535
493934
816544
754188
366862
470556
639033
965256
729727
916073
884755
389103
690652
259502
691650
79987
513851
616579
132462
882542
437235
779034
580183
835928
390185
909320
729130
89490
610294
990436
750072
217630
599734
516488
142425
947250
489712
605109
334492
152289
171549
105811
500137
767289
79255
300949
904502
147244
40863
423483
250530
559462
491403
969521
50033
65469
609866
627285
373605
94599
991637
739734
559221
371461
328821
793015
215533
682492
645355
932211
813729
773092
365759
671419
866255
