998985
998389
997523
995803
995282
995172
995150
994345
993864
993686
991884
991186
988910
988048
987468
986650
983491
983430
981251
979738
978789
978215
978148
977961
977701
977377
976472
975960
975216
974748
974553
973841
973745
973626
973392
973101
971835
971819
971399
970685
966312
965902
965329
965064
964060
961251
960681
960197
959686
958666
957341
956407
956373
956364
955785
955782
954533
953044
949445
949066
948901
946648
946299
945700
944919
941571
941449
941158
939230
938905
938692
933947
932946
932891
932802
930678
928937
928022
927238
926345
925704
924947
924129
923622
923435
923195
923170
922549
922445
921879
921540
920901
916841
916787
913940
913654
913250
913111
912446
909940
909099
908037
906805
906618
906139
904892
904740
904543
904271
903965
903284
902606
900251
899921
897643
896516
896346
895820
893646
891340
890181
890084
888265
887355
887280
887244
885781
885076
884711
883409
883107
883107
882572
882565
882394
880048
879857
879327
876241
874160
870359
869769
869723
868758
865873
865519
865467
864605
864399
862365
862035
861424
860263
859640
857530
857056
855674
855254
852037
850281
849510
849119
847592
845723
844690
841472
835883
833904
833754
833509
832341
832202
829448
828772
828305
827873
827234
826702
826616
824632
823692
823045
822947
822092
819399
815026
814590
813447
813193
813040
812992
812582
811846
810661
809810
809409
808975
806908
806105
803928
802324
797860
797243
796938
796926
796550
795452
794103
792719
792249
792166
791835
789938
788861
788181
786718
786424
786039
785058
783409
782815
782430
782327
781238
780270
780116
779439
779108
777453
776905
776497
775994
775672
775057
774840
772919
772362
771627
771611
770118
769035
769017
766636
765815
763979
763384
762470
762053
761482
760683
760308
759310
756594
756265
755340
754986
754508
753079
752790
751513
751380
751293
750595
750302
749980
748888
748861
748306
748208
747645
747409
746360
746083
746005
742872
740256
739644
739594
738821
737351
737153
736881
734763
734406
733181
732597
732213
732125
730777
729800
729308
727201
727012
726491
726360
724901
723975
722878
722248
721224
719856
719739
718661
717657
713432
713096
712769
712278
711084
710744
709030
708006
707863
705462
705404
705378
703660
702940
702334
700935
697684
697660
693874
693770
693734
693563
692437
690409
688437
687463
686128
685954
685696
685057
684157
683054
682763
682561
682119
679859
679639
677873
677427
677206
675126
675089
674999
673339
671662
668565
668407
666728
666391
665370
664830
664122
663191
662703
662270
662156
661739
661442
660109
657241
656803
655061
654773
653799
650144
649393
649003
645161
644811
644101
643757
641111
639703
639300
638594
636809
636623
636239
636194
635486
634460
634022
632358
632297
630501
627806
625622
624446
622153
621169
620259
620097
620080
619171
618030
617677
617664
617563
614990
613781
612671
612414
611167
610044
609827
609439
608408
608125
607308
607124
606497
606233
603708
603007
602707
602455
601714
599305
596908
595508
595373
593704
592806
591358
590773
588900
587706
587152
585616
584149
582722
581607
580837
579942
579772
579722
579628
578274
575934
574005
572221
570653
568855
565952
564329
563942
563747
561132
560849
559389
558104
556993
556973
556733
555512
554963
554399
552933
552150
551225
550442
550381
550190
549486
548001
546686
546505
545796
545678
542908
542506
542204
541755
541521
541446
539789
539631
539333
537460
536250
535552
534025
533620
531867
531718
530951
529659
528245
526062
523467
523047
522075
520226
520209
520184
519988
519917
519382
519180
518897
517892
517887
517703
517186
516625
515494
515462
515060
512958
512393
511704
511701
509806
508920
508865
507870
507364
507343
507237
506675
505799
500673
500564
498645
498080
497329
496399
493987
493393
492367
491240
490472
490123
490083
487877
487661
487593
485740
483730
483599
483315
482893
482778
480901
480678
479686
477334
477102
475542
473959
473315
473089
471336
466840
466436
465725
464587
463291
462973
461825
460669
459193
456658
456461
455826
455587
453602
453094
450587
449234
446134
444295
439826
439588
439423
438846
437267
437233
437228
434329
434311
434118
433248
431622
430532
430129
429697
428010
427263
424938
424685
423721
423559
421322
420896
419192
418386
417218
415761
413911
413781
412240
410099
410070
407997
407640
406932
405959
402720
402468
402285
402118
401946
401440
400727
396229
396049
395496
395389
392462
391590
389864
387326
386660
386402
385930
382673
381385
381361
381215
380651
380098
379097
377167
374752
373518
372147
370363
370040
368770
368565
365751
364898
363645
360502
360433
359685
355919
351899
350002
348687
348427
347277
345601
344201
343454
341448
341139
340796
340716
339522
336922
336653
334953
334574
334328
332215
330580
329225
329134
329093
329089
326426
326108
325528
325221
322931
319923
319339
317698
314275
311305
310965
310078
309814
307996
307081
306226
305786
304932
303217
302763
301942
301581
300639
296290
294999
293825
293485
293483
293316
293295
293220
291377
289230
287605
286151
286055
285512
285475
285147
284015
282327
281077
279929
278771
278397
278075
278046
277688
277643
276959
276681
276543
276263
275990
273894
273304
273248
272926
272697
267416
266442
265678
263957
263920
261199
260057
257959
255428
254721
254105
253202
252204
251959
251857
249765
249190
249005
248026
247874
246306
243825
239731
238877
236187
233680
232420
231694
231410
231281
230092
229753
228970
226905
226663
226135
225758
224529
223946
222531
219356
219312
218974
218854
218435
216451
215962
215751
213612
213506
213391
212651
211761
210955
210296
209955
209920
209795
209189
208886
207579
207234
205778
203538
203507
203242
199937
199621
199101
198759
197876
197323
195539
195294
192259
192179
191933
191167
190969
189273
188397
187654
185036
184528
180285
179577
178586
175948
171122
169525
168861
167414
165878
163453
161177
160915
160443
159081
159052
158902
155713
154256
154134
154108
153407
153254
152807
152710
152511
151800
150023
148977
148976
148673
147894
147362
147321
147303
146954
145128
144980
143373
142020
141489
140464
138977
138681
138650
137120
135992
135744
134377
134015
132510
129780
128012
127289
124879
124334
124013
123313
122338
121643
121617
121492
120807
120805
120545
120278
119481
119356
117181
116666
114561
114421
114383
112715
110597
108542
103297
103191
102529
102504
101102
99321
96596
94971
90341
88564
88524
88523
87607
85875
84471
84175
83228
82658
82240
82110
82032
81529
81374
80864
80242
78524
77722
77108
75592
73318
73094
72735
72725
71380
69967
67770
67239
66720
65600
64417
63948
62988
62795
61624
61019
60639
58773
57669
57142
56914
56819
55798
55191
55121
53543
53213
52842
50896
49976
49926
48655
48537
46858
44702
42998
42875
41134
40165
39168
37154
36472
36437
36030
33504
32551
32541
32195
31449
27934
26280
25693
25419
23489
22053
21952
20817
20242
20207
20185
19500
18778
18413
17387
14119
13821
10407
9297
7637
6147
5891
4871
3379
1621
1061
656
601
