999838
998826
997861
997578
995064
994907
992111
988513
985514
984638
984214
983263
982076
981338
980513
979434
978296
977657
973852
971873
971313
971218
969441
965600
965466
965178
963490
962165
961391
960609
960353
959707
953312
952482
952328
951510
951052
950673
947187
945767
944965
944825
942173
941474
939826
937383
936853
936274
934692
933596
933207
933169
929978
928832
928186
926810
925582
921516
921006
918309
917914
917009
915923
915204
914961
913016
912682
912502
912138
911882
911556
909337
908236
908007
907248
906109
905639
901638
900350
896975
895714
891246
890490
889771
889043
887910
887317
887133
886536
885940
885708
885607
883820
881511
880903
878122
877114
877061
875496
875306
874977
874925
873995
873848
872530
872506
872124
871607
870618
870513
869557
869190
867096
865561
864438
864424
864203
863221
861314
860867
860695
860239
860041
858594
858097
857743
855097
854553
854517
854371
853881
853029
852982
852556
851884
851184
850407
848315
846522
845301
843186
840921
835702
832881
832589
831427
830881
830006
829213
826379
825855
825217
823641
822810
822757
821496
820776
819840
819750
818250
817435
816224
815574
814945
814481
814477
813976
813690
812561
811373
810499
809934
809214
808777
808421
807643
807013
804688
804320
803252
803031
802688
801978
801905
801723
800633
798958
797933
796955
796797
795906
795775
794778
793027
792240
790802
789240
789097
788322
788026
787913
785003
784950
784710
784646
784466
784267
784029
783814
782440
777718
777305
774216
773546
771477
768450
767894
767726
766173
766168
765943
764184
763195
763161
763140
760014
756567
756244
754625
751529
750947
749943
749519
749331
749315
748864
747911
747851
747234
746163
744505
741230
741162
740369
739037
738961
738225
737648
737231
737111
736612
735983
735347
734856
734089
731830
728082
727944
727611
723490
723381
720282
718931
718279
718079
717922
715827
715225
714277
712834
709475
708308
708198
706763
706547
705700
705670
704561
702784
701919
701369
701178
700577
700362
698920
698785
698093
697109
694502
694463
693867
692877
692634
691105
690247
689260
689026
688415
688052
687238
686549
686235
685760
683191
683048
681687
680461
680389
679402
677003
676470
676306
674224
673373
672123
668965
668606
668211
666808
665566
663242
663101
661894
660799
660571
659357
658858
658258
656297
655561
655287
654952
654558
652814
651904
651651
651480
650738
649927
649675
649289
649193
649039
648943
647958
644716
644084
643971
643940
643448
643158
643062
642086
641870
640825
640807
640667
639643
636332
635544
633629
630390
629937
628881
628339
626913
626272
625287
625097
621838
620690
619937
619685
619141
619045
618687
617016
616737
615581
615332
615005
614555
613270
613228
609903
609855
609736
607761
606546
605114
604692
604455
604277
599865
599248
594649
593551
590575
587176
584923
584847
584830
583023
582446
581025
578266
577456
576592
576176
574352
573754
573644
572252
571974
571593
570150
569087
568419
563725
561249
560292
559653
558134
554370
553846
553695
553258
552459
552218
550866
548985
548274
548203
546844
545545
545264
544703
544654
544390
544162
543755
542961
542609
542366
542041
540344
540328
539205
538326
537733
536712
536304
535593
535229
534687
533850
532537
532345
531997
531218
530853
530726
529480
529299
528587
528442
528305
526985
523959
523484
523051
522570
522059
521048
519266
517470
517296
517086
516360
515658
513271
512370
509517
507407
506250
505913
504847
504180
503950
502686
502478
499548
499267
498748
495371
495087
494876
493951
493037
490741
489283
485022
480701
478608
478401
478360
477319
476713
476140
475905
474902
472599
472232
472140
471614
470230
467020
466283
464737
463428
462667
460572
460471
459816
459624
459616
459183
458754
458291
457758
457556
456926
456517
456372
455442
454573
454185
453913
453609
451837
451812
451373
450860
450336
450019
444717
444137
443026
442753
442268
441854
441813
441784
440173
439449
436097
434283
433276
432687
430222
430141
427592
427193
426676
424658
423793
423331
420353
416060
415127
414740
414294
414156
413716
412713
412117
406464
406141
405992
405659
405654
403040
402059
397402
397368
395672
395398
394837
394675
392990
392954
392954
392708
392361
390146
387979
387409
386691
385969
384955
382864
382192
381580
376237
375322
374901
374763
372784
372059
370228
370151
369041
365882
364088
363985
361231
359271
358765
358331
357967
356870
355900
354985
354478
353506
353465
349222
348619
348421
347733
345405
344862
343908
343098
342391
342051
341493
341369
339677
339588
338353
336923
335167
334480
331917
330768
329992
328952
328294
328030
327727
322327
321949
321548
320764
320515
320209
319228
317291
316434
316269
316074
315833
314787
313202
312711
312175
312039
311558
308525
307531
307153
304868
303266
302604
302335
300618
300281
299477
299276
299036
298699
297900
295344
294379
294199
294107
292398
291205
289165
287979
286823
286744
285882
284444
283976
283217
282819
282727
282019
281867
280516
280317
278917
278615
277440
275615
275151
273460
273236
272580
271590
271262
266725
266671
266435
266112
263906
263778
263629
262889
262489
261443
260898
259809
258423
258374
255897
255050
254275
253179
252994
252773
251154
250425
250158
249781
248730
248172
246975
246243
242939
241838
240965
239907
238873
238842
238838
238545
237264
236859
236506
235713
235190
234475
232604
230397
230391
230049
228139
227961
227017
226853
226336
223974
223069
219619
218318
217662
217233
216742
216213
214393
213930
213065
212950
212746
212523
212224
211466
211276
210664
209695
209686
209293
208165
207547
205126
204160
203899
203257
202813
201583
196411
196326
196296
195594
193320
192423
192241
191542
188878
188640
188212
186777
186152
186047
185607
182768
182752
182735
179108
178243
177001
176856
175956
174881
174147
173712
173195
172961
171875
170040
168058
167767
167485
167456
167085
166675
165198
165012
163875
162078
160460
160074
158842
158778
158672
156375
156286
155822
155220
153222
153218
152286
151115
148810
145806
145044
144727
143780
141188
140779
140375
138400
137868
137566
137216
137081
136216
135186
134589
133093
131893
131415
131008
129862
129014
127987
127395
127042
126379
125394
125115
122767
122142
121527
121217
120968
120703
120451
118796
118045
116987
116375
113646
111822
111192
111129
110810
108867
106863
106482
105919
103643
103495
100659
100454
100195
96408
95979
95347
94011
93717
93296
92564
92519
91032
87812
87095
86930
86268
86106
86042
84250
83858
82565
82062
79729
79267
79127
76146
75962
74456
73891
72383
70926
70240
68839
68165
67899
67868
66217
65304
64863
62329
59655
58964
57409
57096
56159
55870
55323
54360
54278
53721
51259
48480
47412
46499
46150
45072
44610
44366
42407
40515
38933
38535
38500
38464
36648
35457
35317
32928
32861
32751
31381
30252
29516
28713
26941
26583
24717
23373
21409
16571
16472
16314
13852
13505
12648
12287
11306
10230
9662
9537
8913
8822
7953
7465
7352
5928
4728
4655
4015
3322
3298
1715
1532
1490
