998511
997704
996616
996397
996004
995629
993383
990136
989840
988301
987097
986859
986721
986579
985343
979689
979042
978084
976992
975805
975744
975667
975469
974135
973650
969557
969025
968757
967894
967050
965898
965220
964669
963734
962359
961744
960636
960304
960298
959918
957986
956629
954392
954124
953119
951426
951228
950937
949644
948814
948484
947859
947829
947137
941423
940188
939135
937748
936745
936094
935281
932289
931221
930356
930051
929953
928648
928242
927887
926742
925982
923839
921340
921090
920556
920431
920126
920088
919642
918345
917219
916932
916882
916493
916458
916396
915576
910794
909742
909028
907799
905589
904396
903940
903918
902784
902668
900605
900357
899774
899665
899310
899054
896913
896561
896403
895705
894674
894290
893860
889025
888456
887288
886797
886700
885800
885678
885079
883502
883367
883240
880286
879456
879260
878209
878150
875927
874761
874086
873466
872803
872487
872187
871458
871255
869138
867231
865784
865322
864439
864180
861160
860229
859925
859604
859305
858335
858029
855396
854006
846866
846812
844894
844378
844322
843714
843418
842936
842546
840112
839163
839004
837164
835620
834651
834517
834504
833594
832988
830512
830268
830082
829448
829406
828455
828385
827933
827425
826296
825781
824535
822676
822656
821941
821931
820731
819452
818079
817950
817883
817775
817029
817010
816981
816843
813974
813231
812756
811993
811888
811667
811395
811329
811140
811032
809789
807600
803988
802917
801331
800406
800217
800054
798768
797729
795668
794146
793402
793027
792934
791985
791023
790504
790385
788385
786034
785443
785307
785163
782506
782450
780842
780549
778943
778700
778335
778302
777142
776997
776533
773433
772246
770400
769714
768752
767265
766113
762939
761355
758116
757039
755216
754870
753904
753785
753515
752836
750523
748680
746123
746038
745565
743681
743499
739329
736980
735761
735076
734282
733117
733023
732574
730627
728203
726579
726415
724451
723398
723113
722748
720348
720186
720060
718655
718282
717852
715803
715080
714724
712453
712312
711924
707924
707922
706733
705293
705111
705058
705003
704950
704505
703630
702960
701597
701327
700477
698735
697279
696150
695099
695041
692544
689164
688935
688337
686080
685367
684380
683457
682683
680486
680165
679718
679642
679275
678692
677649
676007
675052
674635
673950
673758
672863
672782
670100
669273
668755
668647
666675
666365
666264
664352
664204
662745
662353
660120
659379
657701
655929
655358
655157
653289
652373
648940
648307
646827
645569
644151
643412
642478
640763
638266
637815
637636
636214
635401
634382
633733
633693
632966
632000
631665
628728
627611
626431
625443
624219
622318
622215
622207
621239
621080
620075
619065
617657
615917
615425
615075
613368
613249
612327
611629
611442
610976
609220
609075
608578
608269
608212
607274
606751
606381
605869
602857
602853
602650
601775
600231
599827
598219
596866
595882
595644
595580
595277
593594
593517
592100
591507
591098
590009
589378
586375
584748
584490
583919
582798
582567
578926
577582
575958
575915
575154
574717
574585
574283
574203
572618
571819
571713
567882
566504
566282
566221
565767
565177
563721
563327
562073
560544
560528
560010
559671
559668
559577
558498
556875
555379
555227
554724
554405
553190
552142
551855
551519
550983
550637
550241
549372
549007
547978
547563
546121
545156
544124
543597
542970
542961
542449
540583
539971
538490
536516
536471
533881
530826
530315
528846
528647
528005
526314
526038
525558
525222
524612
523747
523099
519184
517473
516615
515366
515221
514343
511103
508982
508261
505335
503636
502947
502734
500989
500007
499081
498872
497859
496062
495538
495386
493263
492307
491347
490316
490198
485982
481553
480454
480299
479889
478139
477429
477363
476254
475288
474335
474200
471891
470769
470606
469746
469666
469324
468202
466868
465080
465034
463666
462399
461827
461538
459767
459147
459081
457421
456982
455185
454895
454862
454518
454318
452456
452270
451497
450988
450832
450766
450723
450397
449993
449206
449019
448324
447686
447180
445452
443890
442167
440310
438781
438780
437333
436842
435717
434795
434538
431546
428627
428518
422514
422295
422019
419998
419608
416302
414811
412585
412386
410895
407298
406504
406222
405728
403376
403373
403116
402296
401732
401261
400469
400098
397993
397774
396827
396235
395561
393538
392151
391469
390493
390307
390102
387710
387470
384057
383646
382197
381413
380018
378223
377802
377447
375150
374714
373543
373512
373068
373051
371805
371707
371279
370822
370673
369776
367519
366856
366760
365246
364572
364356
362437
362419
361279
360852
360129
359224
357246
355728
354907
354539
352960
352277
352222
350392
350382
348771
348386
347672
347405
345965
345281
341833
338011
337681
337664
337647
336589
335149
335012
334160
334107
333898
332802
331016
330285
328988
328818
328715
328388
326045
322751
322272
322142
321856
320696
320033
319838
318801
314793
313137
312897
312142
310847
310314
309256
308936
306514
304448
304434
304119
299937
296798
293818
293184
292555
287802
285554
282838
282802
282574
282492
280863
280489
280287
280099
279902
278459
278070
276403
274003
271317
270198
269217
268520
266584
264909
261872
261589
261432
259885
257686
251805
251692
251606
250884
249651
248992
248974
248838
248483
248056
247364
247041
245854
242491
238986
238446
237064
237008
234742
234516
233823
233415
233223
230612
229374
228446
226962
225703
223767
223621
223410
222909
222437
222213
219802
219605
212735
210697
210531
210315
207834
207128
206655
206087
205856
205528
205360
205087
204873
204377
203290
202978
202963
202584
200689
200516
200382
199079
198574
197949
196048
195181
192877
192521
192055
190262
189871
188348
187033
186299
184296
182602
179968
179835
178405
178018
178004
177133
176933
175981
174459
173805
173476
172860
169553
167269
166950
165979
164501
163424
162512
161616
160810
155890
155709
154636
153527
153485
152911
152831
152437
151647
151146
149947
148199
147789
147297
146083
146028
145628
145437
145231
145203
143271
139806
139027
138291
136353
136048
133808
133487
133232
132495
131339
130337
129990
129755
129130
128802
127835
127246
126617
124824
124520
124366
123836
122851
122716
121870
121864
121855
121129
120917
119789
118954
116534
115939
114859
111207
110514
110447
110340
109462
109321
106740
104924
104069
103352
103003
102768
100733
99918
98035
96972
96464
95990
95720
93872
90694
89152
89030
88527
87947
84705
84483
84016
83273
81906
81508
81143
80592
80078
79833
77856
77425
76857
76622
75645
75537
72230
70914
68727
68690
68161
67464
66913
66891
66381
66017
64583
63471
62506
60781
59505
59468
59292
56741
55868
54817
52296
49471
49303
49107
48232
48134
47509
47239
45106
43883
42436
41835
41521
39555
38857
35699
35495
35404
35115
33475
32059
30014
29947
29660
28356
28211
26243
26113
25359
24624
24245
24122
23530
22763
22345
21767
21415
19769
17574
15671
15602
15198
12326
8229
6801
6572
6274
6014
4547
4044
3540
1835
