998015
997104
996448
996190
995118
993120
992630
992046
991819
991296
989802
989770
989757
989130
986412
984407
983989
983944
983697
981283
981089
975736
974079
973478
973468
968651
968081
967990
967845
967085
966785
965586
964684
963364
962057
961693
960104
959878
959428
957829
957479
957441
957283
954116
953779
951815
951626
951073
949958
949677
949536
949136
948967
948714
947387
946930
946167
945634
944720
944623
940980
940910
940684
940190
937855
935442
935003
934804
934769
934247
933779
932673
931301
930729
930024
928600
928075
927389
926863
925922
925219
924271
924089
923802
919536
919285
919270
917226
916948
915899
915555
914646
912473
910583
910542
910401
909703
909640
909611
909545
908595
906697
906368
905780
903738
903346
901977
900233
900191
895460
895124
893415
893311
893037
892681
892403
890173
889207
889130
888902
886430
886371
885832
885595
883847
881101
878399
876778
875539
873951
872407
870929
868307
867763
867665
867439
867085
866741
864778
863999
863443
862617
862104
861231
860886
860307
860198
858150
857670
856838
855532
855326
855075
854161
853245
852581
851622
848632
848291
847009
846083
846006
844580
842563
841972
841880
841490
840528
840355
838734
838316
837364
835716
835622
834527
833627
832822
829663
827386
825780
823507
820886
820646
819795
818525
818461
818326
818164
818005
817727
817312
817033
817027
815099
814738
814279
812403
811327
809358
809220
807943
807436
806095
805377
805299
803791
803632
803448
803430
799568
798891
797001
796621
795920
795405
794736
793355
793171
792074
788586
788573
786529
785987
785826
784626
784159
783610
781610
781364
778714
777819
773936
773808
773591
772847
772486
772059
771336
771281
771073
769102
768509
768078
767691
767420
766542
765371
764842
764731
764137
764112
763504
761562
760261
759204
759125
757461
756565
755618
755453
751839
751387
751384
750058
749175
747961
745799
745414
745410
745035
744803
744633
743162
741955
741772
740635
740625
740447
739444
739043
738931
738713
736373
734575
734243
731794
729933
729372
728943
728394
728133
727795
727458
725040
723736
723535
722555
722212
721740
721557
720095
718500
718080
717508
717381
712087
711941
711236
709547
707831
707439
705396
705266
704993
703574
703296
702776
701832
701318
698570
697426
696499
694689
693702
690926
690736
689333
688972
688010
686950
686562
685834
682685
682597
681861
681644
678751
678675
678142
677440
677210
673514
672922
672327
670999
670524
670490
669575
668795
668296
664076
663239
662824
662507
661201
661042
657764
654540
654202
651663
651623
651521
649087
648805
648750
646882
644068
643300
643109
638076
637379
637080
635779
634534
634265
634019
633764
633708
631639
631327
630900
629640
629607
629059
627821
627196
626242
626181
624727
624447
622489
620807
620757
619710
619069
618123
617585
616154
615578
615193
611696
611382
611194
611027
610324
610249
610247
608257
607133
605412
600835
600671
600248
597460
596861
596296
595731
594261
593690
593341
592399
591706
590542
589897
588823
588812
588371
588202
587945
586888
586401
586104
585929
585640
584005
582831
582556
582048
579544
578601
577516
576848
576446
572049
570463
570122
570077
569940
569815
569281
569143
568633
567988
567877
567069
562650
562628
561707
561649
561325
560375
558168
558067
556600
556349
556124
555462
554509
554441
553349
553035
552513
552398
551115
549803
549181
548626
546949
545944
545240
544852
544111
542646
541455
539542
536439
535757
532540
531940
531922
531169
529644
529402
528850
528392
527574
526290
524952
524754
521838
521668
520675
520217
519730
519714
518659
516758
516077
513901
512652
512053
510210
510099
509844
506512
505118
502908
497623
493400
493059
492979
492938
489520
489271
487691
487269
486314
479579
479070
479053
476925
474590
473672
473543
472097
471192
469593
469129
468550
467260
466496
465412
464655
464427
464220
463654
462942
462600
462272
462097
461684
461567
460081
459843
458543
458431
457555
456842
456409
456076
455522
455195
454909
454098
453865
450212
449936
449893
449460
449168
447985
446066
445854
445024
444758
444529
443923
443705
441895
441490
441095
440864
440825
439993
439447
439318
438679
438155
437820
437681
437464
437296
436951
436806
435770
435039
431533
430875
430584
427523
426672
425911
425837
422977
421943
421774
421734
421154
421095
420988
420531
420028
418981
418333
416376
414297
414285
413762
413541
413125
411507
410247
409018
407319
405055
404295
404002
402358
401390
400259
395458
393395
393080
386864
386753
385943
384714
384174
384078
382304
381011
380816
379912
378683
378025
375270
371992
371551
369153
368328
368283
366195
363807
360273
360215
360093
356903
354678
353089
351930
351006
348862
347624
345470
344222
342426
342249
340172
339800
339338
338707
336191
335881
332340
331942
331163
330978
329832
329142
327390
323411
322125
318866
317071
314730
314412
314068
313838
312444
310229
310051
309659
309449
309112
308997
308883
308671
307478
307033
306432
306224
306008
305428
305209
303685
302150
301580
301341
300575
300125
298460
297765
295524
294880
294131
292776
291679
290672
289579
288374
286844
283281
281483
281040
280542
279105
276960
276920
275292
275165
274869
272066
271126
268895
268825
267795
267307
263125
262738
261897
260817
259031
258887
255873
255018
254055
253075
252867
252194
251828
250890
248943
248896
248788
248503
245482
245070
244115
242591
239325
239198
239186
238419
236675
236056
235206
231458
230616
229618
228531
227994
226285
223771
221250
219988
219750
218628
218029
216659
216295
214801
213308
213239
212524
212126
210643
210529
210393
207121
205905
205083
202397
198483
198010
196597
196099
194377
193933
193649
193077
191044
190688
184644
183932
183555
181757
181274
180642
180494
180388
178740
178351
174715
173825
173802
172667
172241
171553
171406
170955
167141
166782
165499
164691
164544
163694
162510
162412
162114
162018
159253
157303
154161
153580
152845
151386
151143
150722
150223
149906
149669
149297
147075
146794
145782
145047
144971
144185
144181
143167
142217
139899
139164
138883
138275
137815
137161
136781
135818
134272
134118
130542
130354
129242
129166
127815
127239
126746
126043
125819
125554
124428
124101
123933
121162
120886
120701
120000
119901
119830
118634
117848
116992
116203
116006
115991
115763
115483
114986
114773
112142
111993
107956
106949
105189
103727
101287
100801
100047
99894
96557
94027
92313
91872
91165
90471
89237
88285
87749
87744
85993
85732
85537
82489
81479
78889
78664
78293
77449
76583
76305
74871
74000
73200
72991
72440
70823
67712
67611
66670
65101
64960
64625
64449
63765
63244
61605
60153
57383
53823
53496
52413
51719
51694
49884
48708
47768
46000
45593
45277
44092
43112
42830
40334
40139
39617
39179
38989
38930
38522
36299
35756
35641
33481
31911
31680
28264
27648
27414
27282
25362
24260
23454
22023
21973
21779
21221
21158
19893
19799
18146
17611
17073
15735
14085
13555
12734
11284
10429
9229
8404
7849
6688
5460
3732
1565
1472
1381
862
704
