999424
999176
998932
998415
996746
995699
994941
994115
992987
992944
992437
992179
991995
991884
989384
988998
988362
987015
986873
986369
983844
981567
980629
980126
976965
976003
973166
973146
971641
969730
968984
968708
967926
964575
964336
963875
963341
961805
961515
960780
960751
960133
956585
955545
955196
955154
954810
954250
953812
953592
953155
952590
950774
949921
946554
946262
944930
939043
938696
938367
937997
937927
937879
936036
934392
933572
931942
931902
931690
930050
929622
928387
927752
927586
927058
926638
926200
925431
925209
924661
924415
924163
923854
922502
920444
919586
919520
919292
918149
916274
914400
913728
912583
912382
912052
908615
908138
907545
907496
905686
904864
904787
904440
903517
901802
900554
900230
899116
898646
895072
894945
891814
891117
890657
890039
889621
888912
885471
884844
884176
884151
882384
881769
881348
880928
877412
876873
876186
875814
874573
873636
872758
871599
870335
869894
868945
868319
868098
866459
864545
863629
861916
861261
860583
860332
858220
857559
857456
856075
856043
855448
855182
854035
849080
848415
847386
847167
846654
845514
844436
843533
841206
841161
837877
837619
836752
835573
834378
833762
833222
832059
832044
831315
830598
830293
830082
829279
826389
825054
823785
822028
815761
815743
815594
815061
814892
813809
813467
813418
811119
810650
808729
807078
805410
804210
804122
804039
803826
801847
801681
800101
798442
797519
796319
794596
792671
790503
786849
786155
785346
784855
783805
783416
783247
781699
780541
780170
779417
779373
779332
777959
777922
777678
776538
775453
774775
774447
773806
772236
771046
769730
769578
769214
769149
766194
764696
764507
764444
764201
763167
758207
757230
756759
755437
755270
755054
752899
752115
750687
749580
749256
747285
746699
746441
745640
745184
743965
743065
741093
740941
740278
738175
736276
735696
734412
734069
733700
732498
731936
731933
731760
729044
728963
728608
728517
727215
726928
726919
726660
726601
726550
726299
724965
724574
724148
724033
720237
719947
716299
711744
711557
711233
711158
711149
710374
707808
707552
705886
703834
702478
702415
702130
699964
698582
698086
697744
694193
693991
693437
692500
692182
691517
691329
688785
687083
686739
684553
684342
684319
682859
682383
680255
680148
679878
679770
678590
675658
673804
672949
672053
671900
670511
670128
668665
668089
667779
667000
665601
665415
665279
664304
662502
661235
660391
658541
656970
656932
655969
655599
653947
653020
652547
652462
649177
646363
644098
643083
642671
642032
641871
640083
639800
639740
639247
637700
636816
634948
634432
631617
631236
631036
630655
630617
630283
630230
628405
626737
626254
626154
623881
623621
622937
616371
614863
614373
612713
611194
608876
606810
605696
605314
604930
603885
602240
600153
600061
599607
598737
598336
598276
597719
596740
596704
596377
594629
593993
591220
589765
589674
589621
588585
587762
587016
586140
584399
583734
583449
582201
581079
580352
580297
579818
578924
577718
577168
575859
574564
574235
570084
569739
569572
566574
566181
565921
564869
564507
564318
559592
558120
556634
553393
552847
552466
552395
551284
550553
549666
547486
546885
545477
545009
543864
541892
540880
538178
536910
534835
531705
530550
530443
529476
529475
528695
528309
525497
524137
522397
522315
522101
521812
521784
520946
519900
519250
517606
516125
515290
514993
512561
510192
510062
509722
509529
508712
506459
505233
504085
503347
503296
503154
503089
502639
502340
501509
501077
497911
496470
496224
496014
494796
493688
492857
492264
492142
490854
490741
490473
489164
488345
486599
486066
484670
484438
484159
484068
483462
483440
482555
482482
480747
479622
478876
476384
475530
474968
474940
471579
470515
470495
468646
466062
464683
464658
464006
463763
463060
462919
462767
462201
459160
458965
458786
458040
457838
456818
456811
455532
455229
454514
454346
454270
452949
452529
452289
449068
448434
447878
447310
446641
443970
443791
442206
441316
440701
440420
440414
439609
435428
433308
432335
431980
431590
430519
429544
427082
426939
425970
424679
424029
423932
421872
421785
421405
421323
418591
417794
417084
411721
411691
410986
407861
405346
403751
403305
401270
400878
400749
399405
397830
395193
390993
390115
388569
385609
384863
384351
382490
382422
381031
380901
380089
379422
379189
378115
376969
376698
376263
376135
375731
371539
370958
370185
369750
369167
368233
365717
365654
365495
364441
364078
363482
361790
361619
361363
361213
361127
360877
359933
356424
355184
354649
352297
350749
350736
350160
350142
347592
346462
344762
342905
340990
340788
340593
339137
337559
336850
336684
336070
334759
334359
334021
333063
331963
331842
329494
329236
328028
327611
327570
327123
327050
323652
323353
322780
322616
322443
320817
320470
318217
317856
317494
317126
316730
315825
315436
315229
314730
314090
311354
310978
310634
310303
309120
308987
306634
305756
304771
302345
302010
301008
299002
298473
295480
295427
294389
290365
288227
287526
287460
287313
286600
286313
286072
286063
285596
285595
285442
284755
284090
283235
282491
280761
280556
280303
280250
279131
279056
278252
275549
274788
274562
274296
272839
272477
268953
266219
265572
264639
263425
262331
261304
259183
258596
257823
257389
257389
257077
254622
253669
253605
253348
250630
250451
248675
248477
243371
243329
243018
242535
241496
239133
238946
238585
238283
238121
237136
235100
231135
230767
230426
229607
229494
229045
228200
226830
224456
224117
223736
221495
221127
219115
217129
216527
216370
215446
215360
215000
213718
212993
212329
209093
208927
206630
206218
204976
204690
204431
204420
203604
203522
202558
201835
200172
199754
199264
199161
199143
198243
198127
197564
197377
197265
194274
193721
193709
190603
190484
189407
186173
185781
183888
183032
182537
181285
180562
179821
179042
178672
178040
174686
174468
174236
173528
173362
173063
171194
170145
169834
169451
169354
167164
167043
166696
166635
165747
164525
163992
163833
162375
162205
159880
157088
154533
153217
152830
152459
149354
147759
147489
147084
144125
143437
143187
142106
142014
139936
134811
134135
133106
132969
132579
128588
128235
127077
127060
124335
124316
120772
119960
119408
118957
118209
117661
117084
115692
114682
112133
109175
109020
108305
108124
107881
106676
106387
105733
103091
102791
100744
98274
97395
92455
89772
89473
88533
88362
88152
87226
86299
85351
84937
84398
83535
81528
81253
80769
79937
79245
78629
78533
78322
77950
76627
76483
76469
76321
73979
72570
71550
70015
68933
68534
68283
68132
67418
65988
65764
64832
61813
58985
58769
58135
57186
57009
56823
56181
54308
53788
51006
50982
50055
48470
48201
47862
47725
46903
45399
43003
42907
42498
42419
40213
39986
38937
38093
37807
35413
33265
31107
29616
27634
26910
26391
23793
22622
21724
21025
20629
20412
20302
18335
16138
14874
10481
8210
7038
6838
6528
6086
5087
4812
4676
4522
4386
3933
3479
2398
2290
603
571
256
